"i","j","loss_ij","idx_diff"
2,1,7.38513099999999,1
3,1,32.019821,2
3,2,24.66551,1
4,1,22.7355,3
4,2,27.154831,2
4,3,9.304421,1
5,1,21.925668,4
5,2,22.800163,3
5,3,10.094153,2
5,4,4.354668,1
6,1,24.3114136,5
6,2,28.7307446,4
6,3,17.2064346,3
6,4,7.9020136,2
6,5,7.1122816,1
7,1,23.77266,6
7,2,27.082471,5
7,3,8.247161,4
7,4,1.05726,3
7,5,4.282308,2
7,6,8.9592736,1
8,1,37.331636,7
8,2,29.946505,6
8,3,5.311815,5
8,4,14.616236,4
8,5,15.405968,3
8,6,22.5182496,2
8,7,13.558976,1
9,1,50.618268,8
9,2,43.233137,7
9,3,18.598447,6
9,4,27.902868,5
9,5,28.6926,4
9,6,35.8048816,3
9,7,26.845608,2
9,8,13.286632,1
10,1,36.119557,9
10,2,32.120874,8
10,3,7.455364,7
10,4,13.404157,6
10,5,14.193889,5
10,6,21.3061706,4
10,7,12.346897,3
10,8,4.621879,2
10,9,14.498711,1
11,1,28.391188,10
11,2,32.810519,9
11,3,8.762709,8
11,4,5.655688,7
11,5,10.010356,6
11,6,8.4437256,5
11,7,5.728048,4
11,8,14.074524,3
11,9,27.361156,2
11,10,12.862445,1
12,1,40.132927,11
12,2,32.747796,10
12,3,8.113106,9
12,4,17.417527,8
12,5,18.207259,7
12,6,25.3195406,6
12,7,16.360267,5
12,8,2.801291,4
12,9,10.485341,3
12,10,6.88887,2
12,11,16.875815,1
13,1,41.328418,12
13,2,33.943287,11
13,3,9.308597,10
13,4,18.613018,9
13,5,19.40275,8
13,6,26.5150316,7
13,7,17.555758,6
13,8,3.996782,5
13,9,9.28985,4
13,10,5.208861,3
13,11,18.071306,2
13,12,1.681509,1
14,1,28.552966,13
14,2,32.972297,12
14,3,8.306787,11
14,4,5.817466,10
14,5,10.172134,9
14,6,9.1972476,8
14,7,5.889826,7
14,8,13.321002,6
14,9,26.607634,5
14,10,12.108923,4
14,11,0.753521999999998,3
14,12,16.122293,2
14,13,17.317784,1
15,1,17.493311,14
15,2,21.912642,13
15,3,14.859232,12
15,4,5.554811,11
15,5,4.765079,10
15,6,6.8181026,9
15,7,6.612071,8
15,8,20.171047,7
15,9,33.457679,6
15,10,18.958968,5
15,11,10.897877,4
15,12,22.972338,3
15,13,24.167829,2
15,14,11.059655,1
16,1,21.286329,15
16,2,21.955402,14
16,3,10.733492,13
16,4,5.199429,12
16,5,0.844761,11
16,6,6.7753426,10
16,7,5.127069,9
16,8,16.045307,8
16,9,29.331939,7
16,10,14.833228,6
16,11,10.855117,5
16,12,18.846598,4
16,13,20.042089,3
16,14,11.016895,2
16,15,4.12574,1
17,1,30.277357,16
17,2,30.198174,15
17,3,5.532664,14
17,4,7.56195699999999,13
17,5,8.35168899999999,12
17,6,15.4639706,11
17,7,6.504697,10
17,8,7.054279,9
17,9,20.340911,8
17,10,5.84220000000001,7
17,11,7.02024499999999,6
17,12,9.85557,5
17,13,11.051061,4
17,14,6.266723,3
17,15,13.116768,2
17,16,8.991028,1
18,1,20.609757,17
18,2,25.029088,16
18,3,13.241978,15
18,4,3.937557,14
18,5,3.147825,13
18,6,3.9644566,12
18,7,4.994817,11
18,8,18.553793,10
18,9,31.840425,9
18,10,17.341714,8
18,11,7.781431,7
18,12,21.355084,6
18,13,22.550575,5
18,14,7.943209,4
18,15,3.116446,3
18,16,3.073686,2
18,17,11.499514,1
19,1,12.987807,18
19,2,10.992424,17
19,3,19.032014,16
19,4,16.162407,15
19,5,11.807739,14
19,6,17.7383206,13
19,7,16.090047,12
19,8,24.343829,11
19,9,37.630461,10
19,10,23.13175,9
19,11,21.818095,8
19,12,27.14512,7
19,13,28.340611,6
19,14,21.979873,5
19,15,10.920218,4
19,16,10.962978,3
19,17,19.20575,2
19,18,14.036664,1
20,1,18.661936,19
20,2,18.329895,18
20,3,13.357885,17
20,4,8.824936,16
20,5,4.470268,15
20,6,10.4008496,14
20,7,8.752576,13
20,8,18.6697,12
20,9,31.956332,11
20,10,17.457621,10
20,11,14.480624,9
20,12,21.470991,8
20,13,22.666482,7
20,14,14.642402,6
20,15,3.582747,5
20,16,3.625507,4
20,17,11.868279,3
20,18,6.699193,2
20,19,7.337471,1
21,1,43.786132,20
21,2,36.401001,19
21,3,11.766311,18
21,4,21.070732,17
21,5,21.860464,16
21,6,28.9727456,15
21,7,20.013472,14
21,8,6.454496,13
21,9,6.832136,12
21,10,9.750075,11
21,11,20.52902,10
21,12,3.653205,9
21,13,4.54271400000001,8
21,14,19.775498,7
21,15,26.625543,6
21,16,22.499803,5
21,17,13.508775,4
21,18,25.008289,3
21,19,30.798325,2
21,20,25.124196,1
22,1,43.455418,21
22,2,46.330533,20
22,3,21.665023,19
22,4,20.740018,18
22,5,23.53037,17
22,6,28.6420316,16
22,7,19.682758,15
22,8,18.831538,14
22,9,18.29447,13
22,10,14.209659,12
22,11,20.198306,11
22,12,21.098529,10
22,13,19.41702,9
22,14,19.444784,8
22,15,26.294829,7
22,16,24.375131,6
22,17,16.132359,5
22,18,24.677575,4
22,19,35.338109,3
22,20,28.000638,2
22,21,23.959734,1
23,1,45.490203,22
23,2,38.364898,21
23,3,13.699388,20
23,4,22.774803,19
23,5,23.564535,18
23,6,30.6768166,17
23,7,21.717543,16
23,8,10.865903,15
23,9,10.328835,14
23,10,9.370646,13
23,11,22.233091,12
23,12,13.132894,11
23,13,11.451385,10
23,14,21.479569,9
23,15,28.329614,8
23,16,24.203874,7
23,17,15.212846,6
23,18,26.71236,5
23,19,32.502396,4
23,20,26.828267,3
23,21,15.994099,2
23,22,7.965635,1
24,1,36.996022,23
24,2,41.415353,22
24,3,16.749843,21
24,4,14.260522,20
24,5,18.61519,19
24,6,21.8990916,18
24,7,14.332882,17
24,8,13.916358,16
24,9,13.90579,15
24,10,9.294479,14
24,11,13.455366,13
24,12,16.183349,12
24,13,14.50184,11
24,14,12.701844,10
24,15,19.551889,9
24,16,19.459951,8
24,17,11.217179,7
24,18,17.934635,6
24,19,30.422929,5
24,20,23.085458,4
24,21,19.044554,3
24,22,6.74294,2
24,23,8.777725,1
25,1,21.4184,24
25,2,25.837731,23
25,3,14.708521,22
25,4,5.4041,21
25,5,4.614368,20
25,6,2.8930136,19
25,7,6.46136,18
25,8,20.020336,17
25,9,33.306968,16
25,10,18.808257,15
25,11,6.972788,14
25,12,22.821627,13
25,13,24.017118,12
25,14,7.134566,11
25,15,3.925089,10
25,16,3.975029,9
25,17,12.966057,8
25,18,1.466543,7
25,19,14.845307,6
25,20,7.507836,5
25,21,26.474832,4
25,22,26.144118,3
25,23,28.178903,2
25,24,19.401178,1
26,1,32.941818,25
26,2,25.556687,24
26,3,5.180497,23
26,4,10.226418,22
26,5,11.01615,21
26,6,18.1284316,20
26,7,9.169158,19
26,8,8.013982,18
26,9,17.67645,17
26,10,12.635861,16
26,11,13.325506,15
26,12,7.191109,14
26,13,8.3866,13
26,14,13.487284,12
26,15,15.781229,11
26,16,11.655489,10
26,17,10.713161,9
26,18,14.163975,8
26,19,19.954011,7
26,20,14.279882,6
26,21,10.844314,5
26,22,26.84552,4
26,23,18.879885,3
26,24,21.93034,2
26,25,15.630518,1
27,1,24.711553,26
27,2,29.130884,25
27,3,13.553874,24
27,4,4.249453,23
27,5,6.330721,22
27,6,3.6525606,21
27,7,5.306713,20
27,8,18.865689,19
27,9,32.152321,18
27,10,17.65361,17
27,11,4.791165,16
27,12,21.66698,15
27,13,22.862471,14
27,14,5.544687,13
27,15,7.218242,12
27,16,7.175482,11
27,17,11.81141,10
27,18,4.101796,9
27,19,18.13846,8
27,20,10.800989,7
27,21,25.320185,6
27,22,24.989471,5
27,23,27.024256,4
27,24,18.246531,3
27,25,3.293153,2
27,26,14.475871,1
28,1,23.534982,27
28,2,27.954313,26
28,3,13.462403,25
28,4,4.157982,24
28,5,5.15415,23
28,6,3.74403160000001,22
28,7,5.21524199999999,21
28,8,18.774218,20
28,9,32.06085,19
28,10,17.562139,18
28,11,4.856206,17
28,12,21.575509,16
28,13,22.771,15
28,14,5.453216,14
28,15,6.041671,13
28,16,5.998911,12
28,17,11.719939,11
28,18,2.925225,10
28,19,16.961889,9
28,20,9.624418,8
28,21,25.228714,7
28,22,24.898,6
28,23,26.932785,5
28,24,18.15506,4
28,25,2.116582,3
28,26,14.3844,2
28,27,1.176571,1
29,1,23.735277,28
29,2,28.154608,27
29,3,10.305398,26
29,4,1.000977,25
29,5,5.354445,24
29,6,6.9010366,23
29,7,2.058237,22
29,8,15.617213,21
29,9,28.903845,20
29,10,14.405134,19
29,11,4.655911,18
29,12,18.418504,17
29,13,19.613995,16
29,14,4.817689,15
29,15,6.241966,14
29,16,6.199206,13
29,17,8.562934,12
29,18,3.12552,11
29,19,17.162184,10
29,20,9.824713,9
29,21,22.071709,8
29,22,21.740995,7
29,23,23.77578,6
29,24,14.998055,5
29,25,4.403123,4
29,26,11.227395,3
29,27,3.248476,2
29,28,3.15700499999999,1
30,1,22.7884978,29
30,2,27.2078288,28
30,3,20.8174188,27
30,4,11.5129978,26
30,5,10.7232658,25
30,6,3.6109842,24
30,7,12.5702578,23
30,8,26.1292338,22
30,9,39.4158658,21
30,10,24.9171548,20
30,11,12.0547098,19
30,12,28.9305248,18
30,13,30.1260158,17
30,14,12.8082318,16
30,15,5.9581868,15
30,16,10.0839268,14
30,17,19.0749548,13
30,18,7.5754408,12
30,19,16.2154048,11
30,20,8.8779338,10
30,21,32.5837298,9
30,22,32.2530158,8
30,23,34.2878008,7
30,24,25.5100758,6
30,25,6.1088978,5
30,26,21.7394158,4
30,27,7.2635448,3
30,28,7.3550158,2
30,29,10.5120208,1
31,1,28.398232,30
31,2,29.233599,29
31,3,4.568089,28
31,4,5.682832,27
31,5,6.472564,26
31,6,13.5848456,25
31,7,4.625572,24
31,8,8.933404,23
31,9,22.220036,22
31,10,7.721325,21
31,11,5.14112,20
31,12,11.734695,19
31,13,12.930186,18
31,14,4.387598,17
31,15,11.237643,16
31,16,7.278197,15
31,17,1.87912499999999,14
31,18,9.620389,13
31,19,18.241175,12
31,20,10.903704,11
31,21,15.3879,10
31,22,17.096934,9
31,23,17.091971,8
31,24,12.181754,7
31,25,11.086932,6
31,26,9.748586,5
31,27,9.932285,4
31,28,9.840814,3
31,29,6.683809,2
31,30,17.1958298,1
32,1,26.548861,31
32,2,30.968192,30
32,3,19.840182,29
32,4,10.535761,28
32,5,9.746029,27
32,6,2.6337474,26
32,7,11.593021,25
32,8,25.151997,24
32,9,38.438629,23
32,10,23.939918,22
32,11,11.077473,21
32,12,27.953288,20
32,13,29.148779,19
32,14,11.830995,18
32,15,9.05555,17
32,16,9.10669,16
32,17,18.097718,15
32,18,6.598204,14
32,19,19.975768,13
32,20,12.638297,12
32,21,31.606493,11
32,22,31.275779,10
32,23,33.310564,9
32,24,24.532839,8
32,25,5.131661,7
32,26,20.762179,6
32,27,6.286308,5
32,28,6.377779,4
32,29,9.53478399999999,3
32,30,3.7603632,2
32,31,16.218593,1
33,1,23.339954,32
33,2,15.954823,31
33,3,10.823733,30
33,4,13.313054,29
33,5,8.958386,28
33,6,14.8889676,27
33,7,13.240694,26
33,8,13.991682,25
33,9,27.278314,24
33,10,18.279097,23
33,11,18.968742,22
33,12,16.792973,21
33,13,17.988464,20
33,14,19.13052,19
33,15,8.070865,18
33,16,8.113625,17
33,17,16.356397,16
33,18,11.187311,15
33,19,10.352147,14
33,20,4.678018,13
33,21,20.446178,12
33,22,32.488756,11
33,23,24.523121,10
33,24,27.573576,9
33,25,11.995954,8
33,26,9.601864,7
33,27,15.289107,6
33,28,14.112536,5
33,29,14.312831,4
33,30,13.3660518,3
33,31,15.391822,2
33,32,17.126415,1
34,1,35.721552,33
34,2,28.336421,32
34,3,3.701731,31
34,4,13.006152,30
34,5,13.795884,29
34,6,20.9081656,28
34,7,11.948892,27
34,8,3.077116,26
34,9,14.896716,25
34,10,7.698995,24
34,11,12.46444,23
34,12,4.411375,22
34,13,5.606866,21
34,14,11.710918,20
34,15,18.560963,19
34,16,14.435223,18
34,17,5.776295,17
34,18,16.943709,16
34,19,22.733745,15
34,20,17.059616,14
34,21,8.06458,13
34,22,21.908654,12
34,23,13.943019,11
34,24,16.993474,10
34,25,18.410252,9
34,26,4.936866,8
34,27,17.255605,7
34,28,17.164134,6
34,29,14.007129,5
34,30,24.5191498,4
34,31,7.32332,3
34,32,23.541913,2
34,33,12.381598,1
35,1,22.440369,34
35,2,26.8597,33
35,3,13.94879,32
35,4,4.644369,31
35,5,4.059537,30
35,6,3.2576446,29
35,7,5.701629,28
35,8,19.260605,27
35,9,32.547237,26
35,10,18.048526,25
35,11,5.950819,24
35,12,22.061896,23
35,13,23.257387,22
35,14,6.112597,21
35,15,4.94705799999999,20
35,16,4.904298,19
35,17,12.206326,18
35,18,1.830612,17
35,19,15.867276,16
35,20,8.52980499999999,15
35,21,25.715101,14
35,22,25.384387,13
35,23,27.419172,12
35,24,18.641447,11
35,25,1.021969,10
35,26,14.870787,9
35,27,2.27118400000001,8
35,28,1.09461300000001,7
35,29,3.643392,6
35,30,6.8686288,5
35,31,10.327201,4
35,32,5.891392,3
35,33,13.017923,2
35,34,17.650521,1
36,1,18.127461,35
36,2,22.46197,34
36,3,13.89236,33
36,4,4.692861,32
36,5,3.798207,31
36,6,6.2687746,30
36,7,5.64519899999999,29
36,8,19.204175,28
36,9,32.490807,27
36,10,17.992096,26
36,11,10.348549,25
36,12,22.005466,24
36,13,23.200957,23
36,14,10.510327,22
36,15,0.966872000000004,21
36,16,3.15886799999999,20
36,17,12.149896,19
36,18,2.567118,18
36,19,11.469546,17
36,20,4.132075,16
36,21,25.658671,15
36,22,25.327957,14
36,23,27.362742,13
36,24,18.953383,12
36,25,3.375761,11
36,26,14.814357,10
36,27,6.668914,9
36,28,5.492343,8
36,29,5.692638,7
36,30,6.9250588,6
36,31,10.270771,5
36,32,8.506222,4
36,33,8.620193,3
36,34,17.594091,2
36,35,4.39772999999999,1
37,1,12.042382,36
37,2,16.461713,35
37,3,22.476003,34
37,4,13.171582,33
37,5,12.38185,32
37,6,12.2690316,31
37,7,14.228842,30
37,8,27.787818,29
37,9,41.07445,28
37,10,26.575739,27
37,11,16.348806,26
37,12,30.589109,25
37,13,31.7846,24
37,14,16.510584,23
37,15,7.616771,22
37,16,11.742511,21
37,17,20.733539,20
37,18,9.234025,19
37,19,5.469289,18
37,20,9.118118,17
37,21,34.242314,16
37,22,33.9116,15
37,23,35.946385,14
37,24,27.16866,13
37,25,9.376018,12
37,26,23.398,11
37,27,12.669171,10
37,28,11.4926,9
37,29,12.170605,8
37,30,10.7461158,7
37,31,18.854414,6
37,32,14.506479,5
37,33,13.796136,4
37,34,26.177734,3
37,35,10.397987,2
37,36,8.58364300000001,1
38,1,16.7025759,37
38,2,21.1219069,36
38,3,30.7322969,35
38,4,21.4278759,34
38,5,20.6381439,33
38,6,13.5258623,32
38,7,22.4851359,31
38,8,36.0441119,30
38,9,49.3307439,29
38,10,34.8320329,28
38,11,21.9695879,27
38,12,38.8454029,26
38,13,40.0408939,25
38,14,22.7231099,24
38,15,15.8730649,23
38,16,19.9988049,22
38,17,28.9898329,21
38,18,17.4903189,20
38,19,11.7002829,19
38,20,17.3744119,18
38,21,42.4986079,17
38,22,42.1678939,16
38,23,44.2026789,15
38,24,35.4249539,14
38,25,16.0237759,13
38,26,31.6542939,12
38,27,17.1784229,11
38,28,17.2698939,10
38,29,20.4268989,9
38,30,9.9148781,8
38,31,27.1107079,7
38,32,10.8921149,6
38,33,22.0524299,5
38,34,34.4340279,4
38,35,16.7835069,3
38,36,16.8399369,2
38,37,8.2562939,1
39,1,38.307618,38
39,2,30.922487,37
39,3,8.940097,36
39,4,15.592218,35
39,5,16.38195,34
39,6,23.4942316,33
39,7,14.534958,32
39,8,11.773582,31
39,9,12.31065,30
39,10,16.395461,29
39,11,17.085106,28
39,12,9.506591,27
39,13,11.1881,26
39,14,17.246884,25
39,15,21.147029,24
39,16,17.021289,23
39,17,14.472761,22
39,18,19.529775,21
39,19,25.319811,20
39,20,19.645682,19
39,21,6.645386,18
39,22,30.60512,17
39,23,22.639485,16
39,24,25.68994,15
39,25,20.996318,14
39,26,5.3658,13
39,27,19.841671,12
39,28,19.7502,11
39,29,16.593195,10
39,30,27.1052158,9
39,31,13.508186,8
39,32,26.127979,7
39,33,14.967664,6
39,34,8.696466,5
39,35,20.236587,4
39,36,20.180157,3
39,37,28.7638,2
39,38,37.0200939,1
40,1,34.803631,39
40,2,35.4183,38
40,3,10.75279,37
40,4,12.088231,36
40,5,12.877963,35
40,6,19.9902446,34
40,7,11.030971,33
40,8,7.919305,32
40,9,15.814637,31
40,10,3.297426,30
40,11,11.546519,29
40,12,10.186296,28
40,13,8.504787,27
40,14,10.792997,26
40,15,17.643042,25
40,16,13.517302,24
40,17,5.220126,23
40,18,16.025788,22
40,19,24.425876,21
40,20,17.088405,20
40,21,13.047501,19
40,22,10.912233,18
40,23,10.686572,17
40,24,5.997053,16
40,25,17.492331,15
40,26,15.933287,14
40,27,16.337684,13
40,28,16.246213,12
40,29,13.089208,11
40,30,23.6012288,10
40,31,6.405399,9
40,32,22.623992,8
40,33,21.576523,7
40,34,10.996421,6
40,35,16.7326,5
40,36,16.67617,4
40,37,25.259813,3
40,38,33.5161069,2
40,39,19.692887,1
41,1,36.231313,40
41,2,32.411118,39
41,3,7.745608,38
41,4,13.515913,37
41,5,14.305645,36
41,6,21.4179266,35
41,7,12.458653,34
41,8,4.912123,33
41,9,14.386955,32
41,10,0.290244,31
41,11,12.974201,30
41,12,7.179114,29
41,13,5.497605,28
41,14,12.220679,27
41,15,19.070724,26
41,16,14.944984,25
41,17,5.95395600000001,24
41,18,17.45347,23
41,19,23.243506,22
41,20,17.569377,21
41,21,10.040319,20
41,22,13.919415,19
41,23,9.25889,18
41,24,9.004235,17
41,25,18.920013,16
41,26,12.926105,15
41,27,17.765366,14
41,28,17.673895,13
41,29,14.51689,12
41,30,25.0289108,11
41,31,7.833081,10
41,32,24.051674,9
41,33,18.569341,8
41,34,7.989239,7
41,35,18.160282,6
41,36,18.103852,5
41,37,26.687495,4
41,38,34.9437889,3
41,39,16.685705,2
41,40,3.007182,1
42,1,25.994432,41
42,2,30.413763,40
42,3,12.979453,39
42,4,3.675032,38
42,5,7.6136,37
42,6,4.2269816,36
42,7,4.732292,35
42,8,18.291268,34
42,9,31.5779,33
42,10,17.079189,32
42,11,4.216744,31
42,12,21.092559,30
42,13,22.28805,29
42,14,4.970266,28
42,15,8.501121,27
42,16,8.458361,26
42,17,11.236989,25
42,18,5.384675,24
42,19,19.421339,23
42,20,12.083868,22
42,21,24.745764,21
42,22,24.41505,20
42,23,26.449835,19
42,24,17.67211,18
42,25,4.576032,17
42,26,13.90145,16
42,27,1.282879,15
42,28,2.45945,14
42,29,2.674055,13
42,30,7.8379658,12
42,31,9.357864,11
42,32,6.860729,10
42,33,16.571986,9
42,34,16.681184,8
42,35,3.55406300000001,7
42,36,7.951793,6
42,37,13.95205,5
42,38,17.7528439,4
42,39,19.26725,3
42,40,15.763263,2
42,41,17.190945,1
43,1,22.476357,42
43,2,21.144274,41
43,3,9.543464,40
43,4,6.010557,39
43,5,1.655889,38
43,6,7.6629706,37
43,7,5.938197,36
43,8,14.855279,35
43,9,28.141911,34
43,10,13.6432,33
43,11,11.666245,32
43,12,17.65657,31
43,13,18.852061,30
43,14,11.828023,29
43,15,5.315768,28
43,16,1.190028,27
43,17,9.0539,26
43,18,3.884814,25
43,19,10.15185,24
43,20,3.814421,23
43,21,21.309775,22
43,22,25.186259,21
43,23,23.013846,20
43,24,20.271079,19
43,25,5.165057,18
43,26,10.465461,17
43,27,7.98661,16
43,28,6.810039,15
43,29,7.010334,14
43,30,11.2739548,13
43,31,8.089325,12
43,32,10.296718,11
43,33,7.302497,10
43,34,13.245195,9
43,35,5.715426,8
43,36,4.34889599999999,7
43,37,12.932539,6
43,38,21.1888329,5
43,39,15.831261,4
43,40,14.274026,3
43,41,13.754956,2
43,42,9.269489,1
44,1,12.656079,43
44,2,5.27094800000001,42
44,3,21.048658,41
44,4,23.537979,40
44,5,19.183311,39
44,6,25.1138926,38
44,7,23.465619,37
44,8,24.675557,36
44,9,37.962189,35
44,10,28.504022,34
44,11,29.193667,33
44,12,27.476848,32
44,13,28.672339,31
44,14,29.355445,30
44,15,18.29579,29
44,16,18.33855,28
44,17,26.581322,27
44,18,21.412236,26
44,19,7.37557199999999,25
44,20,14.713043,24
44,21,31.130053,23
44,22,42.713681,22
44,23,34.748046,21
44,24,37.798501,20
44,25,22.220879,19
44,26,20.285739,18
44,27,25.514032,17
44,28,24.337461,16
44,29,24.537756,15
44,30,23.5909768,14
44,31,25.616747,13
44,32,27.35134,12
44,33,10.683875,11
44,34,23.065473,10
44,35,23.242848,9
44,36,18.845118,8
44,37,12.844861,7
44,38,17.5050549,6
44,39,25.651539,5
44,40,31.801448,4
44,41,28.794266,3
44,42,26.796911,2
44,43,17.527422,1
45,1,22.458704,44
45,2,18.039373,43
45,3,42.704883,42
45,4,45.194204,41
45,5,40.839536,40
45,6,46.7701176,39
45,7,45.121844,38
45,8,45.538368,37
45,9,46.075436,36
45,10,50.160247,35
45,11,50.849892,34
45,12,43.271377,33
45,13,44.952886,32
45,14,51.01167,31
45,15,39.952015,30
45,16,39.994775,29
45,17,48.237547,28
45,18,43.068461,27
45,19,29.031797,26
45,20,36.369268,25
45,21,40.410172,24
45,22,64.369906,23
45,23,56.404271,22
45,24,59.454726,21
45,25,43.877104,20
45,26,37.524386,19
45,27,47.170257,18
45,28,45.993686,17
45,29,46.193981,16
45,30,45.2472018,15
45,31,47.272972,14
45,32,49.007565,13
45,33,31.88115,12
45,34,42.461252,11
45,35,44.899073,10
45,36,40.501343,9
45,37,34.501086,8
45,38,39.1612799,7
45,39,33.764786,6
45,40,53.457673,5
45,41,50.450491,4
45,42,48.453136,3
45,43,39.183647,2
45,44,21.656225,1
46,1,25.174826,45
46,2,17.789695,44
46,3,12.615705,43
46,4,15.105026,42
46,5,10.750358,41
46,6,16.6809396,40
46,7,15.032666,39
46,8,15.44919,38
46,9,25.443442,37
46,10,20.071069,36
46,11,20.760714,35
46,12,14.958101,34
46,13,16.153592,33
46,14,20.922492,32
46,15,9.862837,31
46,16,9.905597,30
46,17,18.148369,29
46,18,12.979283,28
46,19,12.187019,27
46,20,6.51289,26
46,21,18.611306,25
46,22,34.280728,24
46,23,26.315093,23
46,24,29.365548,22
46,25,13.787926,21
46,26,7.766992,20
46,27,17.081079,19
46,28,15.904508,18
46,29,16.104803,17
46,30,15.1580238,16
46,31,17.183794,15
46,32,18.918387,14
46,33,1.83487200000001,13
46,34,12.372074,12
46,35,14.809895,11
46,36,10.412165,10
46,37,15.631008,9
46,38,23.8873019,8
46,39,13.132792,7
46,40,23.368495,6
46,41,20.361313,5
46,42,18.363958,4
46,43,9.094469,3
46,44,12.518747,2
46,45,30.089178,1
47,1,13.233865,46
47,2,5.84873400000001,45
47,3,19.252544,44
47,4,21.741865,43
47,5,17.387197,42
47,6,23.3177786,41
47,7,21.669505,40
47,8,24.097771,39
47,9,37.384403,38
47,10,26.707908,37
47,11,27.397553,36
47,12,26.899062,35
47,13,28.094553,34
47,14,27.559331,33
47,15,16.499676,32
47,16,16.542436,31
47,17,24.785208,30
47,18,19.616122,29
47,19,5.57945799999999,28
47,20,12.916929,27
47,21,30.552267,26
47,22,40.917567,25
47,23,32.951932,24
47,24,36.002387,23
47,25,20.424765,22
47,26,19.707953,21
47,27,23.717918,20
47,28,22.541347,19
47,29,22.741642,18
47,30,21.7948628,17
47,31,23.820633,16
47,32,25.555226,15
47,33,10.106089,14
47,34,22.487687,13
47,35,21.446734,12
47,36,17.049004,11
47,37,11.048747,10
47,38,15.7089409,9
47,39,25.073753,8
47,40,30.005334,7
47,41,26.998152,6
47,42,25.000797,5
47,43,15.731308,4
47,44,1.796114,3
47,45,23.452339,2
47,46,11.940961,1
48,1,14.422036,47
48,2,12.472995,46
48,3,37.107685,45
48,4,37.157536,44
48,5,32.802868,43
48,6,38.7334496,42
48,7,37.085176,41
48,8,42.4195,40
48,9,55.706132,39
48,10,42.123579,38
48,11,42.813224,37
48,12,45.220791,36
48,13,46.416282,35
48,14,42.975002,34
48,15,31.915347,33
48,16,31.958107,32
48,17,40.200879,31
48,18,35.031793,30
48,19,20.995129,29
48,20,28.3326,28
48,21,48.873996,27
48,22,56.333238,26
48,23,50.578067,25
48,24,51.418058,24
48,25,35.840436,23
48,26,38.029682,22
48,27,39.133589,21
48,28,37.957018,20
48,29,38.157313,19
48,30,37.2105338,18
48,31,39.236304,17
48,32,40.970897,16
48,33,28.427818,15
48,34,40.809416,14
48,35,36.862405,13
48,36,32.464675,12
48,37,26.464418,11
48,38,31.1246119,10
48,39,43.395482,9
48,40,45.421005,8
48,41,42.413823,7
48,42,40.416468,6
48,43,31.146979,5
48,44,17.743943,4
48,45,17.129068,3
48,46,30.26269,2
48,47,18.321729,1
49,1,29.253793,48
49,2,24.834462,47
49,3,49.499972,46
49,4,51.989293,45
49,5,47.634625,44
49,6,53.5652066,43
49,7,51.916933,42
49,8,52.585243,41
49,9,65.871875,40
49,10,56.955336,39
49,11,57.644981,38
49,12,55.386534,37
49,13,56.582025,36
49,14,57.806759,35
49,15,46.747104,34
49,16,46.789864,33
49,17,55.032636,32
49,18,49.86355,31
49,19,35.826886,30
49,20,43.164357,29
49,21,59.039739,28
49,22,71.164995,27
49,23,63.19936,26
49,24,66.249815,25
49,25,50.672193,24
49,26,48.195425,23
49,27,53.965346,22
49,28,52.788775,21
49,29,52.98907,20
49,30,52.0422908,19
49,31,54.068061,18
49,32,55.802654,17
49,33,38.676239,16
49,34,50.975159,15
49,35,51.694162,14
49,36,47.296432,13
49,37,41.296175,12
49,38,45.9563689,11
49,39,53.561225,10
49,40,60.252762,9
49,41,57.24558,8
49,42,55.248225,7
49,43,45.978736,6
49,44,28.451314,5
49,45,27.294811,4
49,46,40.428433,3
49,47,30.247428,2
49,48,14.831757,1
50,1,27.416989,49
50,2,22.997658,48
50,3,47.663168,47
50,4,50.152489,46
50,5,45.797821,45
50,6,51.7284026,44
50,7,50.080129,43
50,8,50.496653,42
50,9,51.033721,41
50,10,55.118532,40
50,11,55.808177,39
50,12,48.229662,38
50,13,49.911171,37
50,14,55.969955,36
50,15,44.9103,35
50,16,44.95306,34
50,17,53.195832,33
50,18,48.026746,32
50,19,33.990082,31
50,20,41.327553,30
50,21,45.368457,29
50,22,69.328191,28
50,23,61.362556,27
50,24,64.413011,26
50,25,48.835389,25
50,26,42.482671,24
50,27,52.128542,23
50,28,50.951971,22
50,29,51.152266,21
50,30,50.2054868,20
50,31,52.231257,19
50,32,53.96585,18
50,33,36.839435,17
50,34,47.419537,16
50,35,49.857358,15
50,36,45.459628,14
50,37,39.459371,13
50,38,44.1195649,12
50,39,38.723071,11
50,40,58.415958,10
50,41,55.408776,9
50,42,53.411421,8
50,43,44.141932,7
50,44,26.61451,6
50,45,7.042085,5
50,46,35.047463,4
50,47,28.410624,3
50,48,24.171153,2
50,49,34.336896,1
51,1,17.151113,50
51,2,13.156718,49
51,3,14.868708,48
51,4,13.998113,47
51,5,9.643445,46
51,6,15.5740266,45
51,7,13.925753,44
51,8,20.180523,43
51,9,33.467155,42
51,10,18.968444,41
51,11,19.653801,40
51,12,22.981814,39
51,13,24.177305,38
51,14,19.815579,37
51,15,8.755924,36
51,16,8.798684,35
51,17,17.041456,34
51,18,11.87237,33
51,19,4.163306,32
51,20,5.173177,31
51,21,26.635019,30
51,22,33.173815,29
51,23,28.33909,28
51,24,28.258635,27
51,25,12.681013,26
51,26,15.790705,25
51,27,15.974166,24
51,28,14.797595,23
51,29,14.99789,22
51,30,14.0511108,21
51,31,16.076881,20
51,32,17.811474,19
51,33,6.188841,18
51,34,18.570439,17
51,35,13.702982,16
51,36,9.305252,15
51,37,7.607295,14
51,38,15.8635889,13
51,39,21.156505,12
51,40,22.261582,11
51,41,19.2544,10
51,42,17.257045,9
51,43,7.987556,8
51,44,9.53986599999999,7
51,45,31.196091,6
51,46,8.023713,5
51,47,7.74375199999999,4
51,48,23.159423,3
51,49,37.99118,2
51,50,36.154376,1
52,1,21.8083,51
52,2,14.423169,50
52,3,18.189479,49
52,4,20.6788,48
52,5,16.324132,47
52,6,22.2547136,46
52,7,20.60644,45
52,8,21.022964,44
52,9,28.809968,43
52,10,25.644843,42
52,11,26.334488,41
52,12,18.755973,40
52,13,20.437482,39
52,14,26.496266,38
52,15,15.436611,37
52,16,15.479371,36
52,17,23.722143,35
52,18,18.553057,34
52,19,8.820493,33
52,20,11.853864,32
52,21,21.977832,31
52,22,39.854502,30
52,23,31.888867,29
52,24,34.939322,28
52,25,19.3617,27
52,26,13.008982,26
52,27,22.654853,25
52,28,21.478282,24
52,29,21.678577,23
52,30,20.7317978,22
52,31,22.757568,21
52,32,24.492161,20
52,33,7.36574600000001,19
52,34,17.945848,18
52,35,20.383669,17
52,36,15.985939,16
52,37,12.264482,15
52,38,20.5207759,14
52,39,16.499318,13
52,40,28.942269,12
52,41,25.935087,11
52,42,23.937732,10
52,43,14.668243,9
52,44,9.152221,8
52,45,24.515404,7
52,46,5.57377400000001,6
52,47,8.574435,5
52,48,26.896164,4
52,49,37.061907,3
52,50,29.473689,2
52,51,6.680687,1
53,1,28.999679,52
53,2,28.697252,51
53,3,4.031742,50
53,4,6.284279,49
53,5,7.074011,48
53,6,14.1862926,47
53,7,5.227019,46
53,8,8.331957,45
53,9,21.618589,44
53,10,7.119878,43
53,11,5.742567,42
53,12,11.133248,41
53,13,12.328739,40
53,14,4.989045,39
53,15,11.83909,38
53,16,7.71335,37
53,17,1.500922,36
53,18,10.221836,35
53,19,17.704828,34
53,20,10.367357,33
53,21,14.786453,32
53,22,17.633281,31
53,23,16.490524,30
53,24,12.718101,29
53,25,11.688379,28
53,26,9.212239,27
53,27,10.533732,26
53,28,10.442261,25
53,29,7.285256,24
53,30,17.7972768,23
53,31,0.601446999999999,22
53,32,16.82004,21
53,33,14.855475,20
53,34,6.721873,19
53,35,10.928648,18
53,36,10.872218,17
53,37,19.455861,16
53,38,27.7121549,15
53,39,12.971839,14
53,40,6.721048,13
53,41,7.231634,12
53,42,9.959311,11
53,43,7.552978,10
53,44,25.0804,9
53,45,46.736625,8
53,46,16.647447,7
53,47,23.284286,6
53,48,38.699957,5
53,49,53.531714,4
53,50,51.69491,3
53,51,15.540534,2
53,52,22.221221,1
54,1,22.130511,53
54,2,26.549842,52
54,3,18.777932,51
54,4,9.473511,50
54,5,8.683779,49
54,6,2.1809026,48
54,7,10.530771,47
54,8,24.089747,46
54,9,37.376379,45
54,10,22.877668,44
54,11,10.015223,43
54,12,26.891038,42
54,13,28.086529,41
54,14,10.768745,40
54,15,4.6372,39
54,16,8.04444,38
54,17,17.035468,37
54,18,5.535954,36
54,19,15.557418,35
54,20,8.219947,34
54,21,30.544243,33
54,22,30.213529,32
54,23,32.248314,31
54,24,23.470589,30
54,25,4.069411,29
54,26,19.699929,28
54,27,5.224058,27
54,28,5.315529,26
54,29,8.472534,25
54,30,2.0394868,24
54,31,15.156343,23
54,32,4.41835,22
54,33,12.708065,21
54,34,22.479663,20
54,35,4.829142,19
54,36,4.885572,18
54,37,10.088129,17
54,38,11.9543649,16
54,39,25.065729,15
54,40,21.561742,14
54,41,22.989424,13
54,42,5.798479,12
54,43,9.234468,11
54,44,22.93299,10
54,45,44.589215,9
54,46,14.500037,8
54,47,21.136876,7
54,48,36.552547,6
54,49,51.384304,5
54,50,49.5475,4
54,51,13.393124,3
54,52,20.073811,2
54,53,15.75779,1
55,1,17.19845,54
55,2,9.81331900000001,53
55,3,15.114429,52
55,4,17.60375,51
55,5,13.249082,50
55,6,19.1796636,49
55,7,17.53139,48
55,8,20.133186,47
55,9,33.419818,46
55,10,22.569793,45
55,11,23.259438,44
55,12,22.934477,43
55,13,24.129968,42
55,14,23.421216,41
55,15,12.361561,40
55,16,12.404321,39
55,17,20.647093,38
55,18,15.478007,37
55,19,4.21064300000001,36
55,20,8.778814,35
55,21,26.587682,34
55,22,36.779452,33
55,23,28.813817,32
55,24,31.864272,31
55,25,16.28665,30
55,26,15.743368,29
55,27,19.579803,28
55,28,18.403232,27
55,29,18.603527,26
55,30,17.6567478,25
55,31,19.682518,24
55,32,21.417111,23
55,33,6.14150399999999,22
55,34,18.523102,21
55,35,17.308619,20
55,36,12.910889,19
55,37,7.654632,18
55,38,15.9109259,17
55,39,21.109168,16
55,40,25.867219,15
55,41,22.860037,14
55,42,20.862682,13
55,43,11.593193,12
55,44,5.934229,11
55,45,27.590454,10
55,46,7.976376,9
55,47,4.138115,8
55,48,22.286314,7
55,49,34.385543,6
55,50,32.548739,5
55,51,3.60563699999999,4
55,52,4.60984999999999,3
55,53,19.146171,2
55,54,16.998761,1
56,1,14.442831,55
56,2,7.0577,54
56,3,30.73981,53
56,4,33.229131,52
56,5,28.874463,51
56,6,34.8050446,50
56,7,33.156771,49
56,8,33.573295,48
56,9,36.175437,47
56,10,38.195174,46
56,11,38.884819,45
56,12,31.306304,44
56,13,32.987813,43
56,14,39.046597,42
56,15,27.986942,41
56,16,28.029702,40
56,17,36.272474,39
56,18,31.103388,38
56,19,17.066724,37
56,20,24.404195,36
56,21,29.343301,35
56,22,52.404833,34
56,23,44.439198,33
56,24,47.489653,32
56,25,31.912031,31
56,26,25.559313,30
56,27,35.205184,29
56,28,34.028613,28
56,29,34.228908,27
56,30,33.2821288,26
56,31,35.307899,25
56,32,37.042492,24
56,33,19.916077,23
56,34,30.496179,22
56,35,32.934,21
56,36,28.53627,20
56,37,22.536013,19
56,38,27.1962069,18
56,39,23.864787,17
56,40,41.4926,16
56,41,38.485418,15
56,42,36.488063,14
56,43,27.218574,13
56,44,9.69115200000001,12
56,45,11.965073,11
56,46,18.124105,10
56,47,11.487266,9
56,48,19.530695,8
56,49,29.696438,7
56,50,16.923358,6
56,51,19.231018,5
56,52,12.550331,4
56,53,34.771552,3
56,54,32.624142,2
56,55,15.625381,1
57,1,13.965325,56
57,2,14.883906,55
57,3,18.054496,54
57,4,12.270925,53
57,5,7.960343,52
57,6,13.8468386,51
57,7,12.198565,50
57,8,23.366311,49
57,9,36.652943,48
57,10,22.154232,47
57,11,17.926613,46
57,12,26.167602,45
57,13,27.363093,44
57,14,18.088391,43
57,15,7.028736,42
57,16,7.321004,41
57,17,16.312032,40
57,18,10.145182,39
57,19,3.891482,38
57,20,4.696611,37
57,21,29.820807,36
57,22,31.446627,35
57,23,31.524878,34
57,24,26.531447,33
57,25,10.953825,32
57,26,18.976493,31
57,27,14.246978,30
57,28,13.070407,29
57,29,13.270702,28
57,30,12.3239228,27
57,31,14.432907,26
57,32,16.084286,25
57,33,9.374629,24
57,34,21.756227,23
57,35,11.975794,22
57,36,7.578064,21
57,37,4.421507,20
57,38,12.6778009,19
57,39,24.342293,18
57,40,20.838306,17
57,41,22.265988,16
57,42,15.529857,15
57,43,8.511032,14
57,44,11.267054,13
57,45,32.923279,12
57,46,11.209501,11
57,47,9.47093999999999,10
57,48,24.886611,9
57,49,39.718368,8
57,50,37.881564,7
57,51,3.185788,6
57,52,8.407875,5
57,53,15.034354,4
57,54,11.665936,3
57,55,5.33282499999999,2
57,56,20.958206,1
58,1,4.23566599999999,57
58,2,8.65499700000001,56
58,3,32.500687,55
58,4,23.196266,54
58,5,22.406534,53
58,6,20.0757476,52
58,7,24.253526,51
58,8,37.812502,50
58,9,51.099134,49
58,10,36.600423,48
58,11,24.155522,47
58,12,40.613793,46
58,13,41.809284,45
58,14,24.4915,44
58,15,17.641455,43
58,16,21.767195,42
58,17,30.758223,41
58,18,19.258709,40
58,19,13.468673,39
58,20,19.142802,38
58,21,44.266998,37
58,22,43.936284,36
58,23,45.971069,35
58,24,37.193344,34
58,25,17.792166,33
58,26,33.422684,32
58,27,20.475887,31
58,28,19.299316,30
58,29,22.195289,29
58,30,18.5528318,28
58,31,28.879098,27
58,32,22.313195,26
58,33,23.82082,25
58,34,36.202418,24
58,35,18.551897,23
58,36,18.608327,22
58,37,10.024684,21
58,38,12.4669099,20
58,39,38.788484,19
58,40,35.284497,18
58,41,36.712179,17
58,42,21.758766,16
58,43,22.957223,15
58,44,13.136945,14
58,45,26.69437,13
58,46,25.655692,12
58,47,13.714731,11
58,48,18.657702,10
58,49,33.489459,9
58,50,31.652655,8
58,51,17.631979,7
58,52,22.289166,6
58,53,29.480545,5
58,54,17.894845,4
58,55,17.679316,3
58,56,14.923697,2
58,57,14.446191,1
59,1,14.13303,58
59,2,9.71369899999998,57
59,3,34.379209,56
59,4,36.86853,55
59,5,32.513862,54
59,6,38.4444436,53
59,7,36.79617,52
59,8,37.212694,51
59,9,47.433138,50
59,10,41.834573,49
59,11,42.524218,48
59,12,36.947797,47
59,13,38.143288,46
59,14,42.685996,45
59,15,31.626341,44
59,16,31.669101,43
59,17,39.911873,42
59,18,34.742787,41
59,19,20.706123,40
59,20,28.043594,39
59,21,40.601002,38
59,22,56.044232,37
59,23,48.078597,36
59,24,51.129052,35
59,25,35.55143,34
59,26,29.756688,33
59,27,38.844583,32
59,28,37.668012,31
59,29,37.868307,30
59,30,36.9215278,29
59,31,38.947298,28
59,32,40.681891,27
59,33,23.555476,26
59,34,34.135578,25
59,35,36.573399,24
59,36,32.175669,23
59,37,26.175412,22
59,38,30.8356059,21
59,39,35.122488,20
59,40,45.131999,19
59,41,42.124817,18
59,42,40.127462,17
59,43,30.857973,16
59,44,13.330551,15
59,45,8.85607399999999,14
59,46,21.989696,13
59,47,15.126665,12
59,48,8.27299400000001,11
59,49,18.438737,10
59,50,15.898159,9
59,51,22.870417,8
59,52,18.62317,7
59,53,38.410951,6
59,54,36.263541,5
59,55,19.26478,4
59,56,11.257701,3
59,57,24.597605,2
59,58,18.368696,1
60,1,18.712493,59
60,2,15.630638,58
60,3,13.307328,57
60,4,11.524193,56
60,5,7.169525,55
60,6,13.1001066,54
60,7,11.451833,53
60,8,18.619143,52
60,9,31.905775,51
60,10,17.407064,50
60,11,17.179881,49
60,12,21.420434,48
60,13,22.615925,47
60,14,17.341659,46
60,15,6.282004,45
60,16,6.324764,44
60,17,14.567536,43
60,18,9.39845,42
60,19,5.72468600000001,41
60,20,2.699257,40
60,21,25.073639,39
60,22,30.699895,38
60,23,26.77771,37
60,24,25.784715,36
60,25,10.207093,35
60,26,14.229325,34
60,27,13.500246,33
60,28,12.323675,32
60,29,12.52397,31
60,30,11.5771908,30
60,31,13.602961,29
60,32,15.337554,28
60,33,4.62746099999999,27
60,34,17.009059,26
60,35,11.229062,25
60,36,6.831332,24
60,37,9.168675,23
60,38,17.4249689,22
60,39,19.595125,21
60,40,19.787662,20
60,41,17.51882,19
60,42,14.783125,18
60,43,5.513636,17
60,44,12.013786,16
60,45,33.670011,15
60,46,6.462333,14
60,47,10.217672,13
60,48,25.633343,12
60,49,40.4651,11
60,50,38.628296,10
60,51,2.47392,9
60,52,9.15460700000001,8
60,53,13.066614,7
60,54,10.919204,6
60,55,6.079557,5
60,56,21.704938,4
60,57,4.747168,3
60,58,19.193359,2
60,59,25.344337,1
61,1,16.408029,60
61,2,9.02289800000001,59
61,3,23.588008,58
61,4,26.077329,57
61,5,21.722661,56
61,6,27.6532426,55
61,7,26.004969,54
61,8,26.421493,53
61,9,34.210239,52
61,10,31.043372,51
61,11,31.733017,50
61,12,24.154502,49
61,13,25.836011,48
61,14,31.894795,47
61,15,20.83514,46
61,16,20.8779,45
61,17,29.120672,44
61,18,23.951586,43
61,19,9.914922,42
61,20,17.252393,41
61,21,27.378103,40
61,22,45.253031,39
61,23,37.287396,38
61,24,40.337851,37
61,25,24.760229,36
61,26,18.407511,35
61,27,28.053382,34
61,28,26.876811,33
61,29,27.077106,32
61,30,26.1303268,31
61,31,28.156097,30
61,32,29.89069,29
61,33,12.764275,28
61,34,23.344377,27
61,35,25.782198,26
61,36,21.384468,25
61,37,15.384211,24
61,38,20.0444049,23
61,39,21.899589,22
61,40,34.340798,21
61,41,31.333616,20
61,42,29.336261,19
61,43,20.066772,18
61,44,3.75195,17
61,45,19.116875,16
61,46,10.972303,15
61,47,4.33546400000001,14
61,48,21.495893,13
61,49,31.661636,12
61,50,24.07516,11
61,51,12.079216,10
61,52,5.400271,9
61,53,27.61975,8
61,54,25.47234,7
61,55,8.47357900000001,6
61,56,7.151802,5
61,57,13.806404,4
61,58,16.888895,3
61,59,13.222899,2
61,60,14.553136,1
62,1,28.899436,61
62,2,24.567495,60
62,3,3.120385,59
62,4,6.184036,58
62,5,6.973768,57
62,6,14.0860496,56
62,7,5.126776,55
62,8,8.4322,54
62,9,21.718832,53
62,10,7.553379,52
62,11,8.243024,51
62,12,11.233491,50
62,13,12.428982,49
62,14,8.404802,48
62,15,11.738847,47
62,16,7.613107,46
62,17,5.630679,45
62,18,10.121593,44
62,19,15.911629,43
62,20,10.2375,42
62,21,14.886696,41
62,22,21.763038,40
62,23,16.590767,39
62,24,16.847858,38
62,25,11.588136,37
62,26,5.082482,36
62,27,10.433489,35
62,28,10.342018,34
62,29,7.185013,33
62,30,17.6970338,32
62,31,4.666104,31
62,32,16.719797,30
62,33,10.725718,29
62,34,6.822116,28
62,35,10.828405,27
62,36,10.771975,26
62,37,19.355618,25
62,38,27.6119119,24
62,39,9.408182,23
62,40,10.850805,22
62,41,7.843623,21
62,42,9.859068,20
62,43,6.423079,19
62,44,20.950643,18
62,45,42.606868,17
62,46,12.51769,16
62,47,19.154529,15
62,48,34.5702,14
62,49,49.401957,13
62,50,47.565153,12
62,51,11.748323,11
62,52,18.091464,10
62,53,4.129757,9
62,54,15.657547,8
62,55,15.016414,7
62,56,30.641795,6
62,57,14.934111,5
62,58,29.380302,4
62,59,34.281194,3
62,60,10.186943,2
62,61,23.489993,1
63,1,19.0662,62
63,2,17.736931,61
63,3,12.953621,60
63,4,9.4179,59
63,5,5.063232,58
63,6,10.9938136,57
63,7,9.34554,56
63,8,18.265436,55
63,9,31.552068,54
63,10,17.053357,53
63,11,15.073588,52
63,12,21.066727,51
63,13,22.262218,50
63,14,15.235366,49
63,15,4.175711,48
63,16,4.218471,47
63,17,12.461243,46
63,18,7.292157,45
63,19,6.74450700000001,44
63,20,0.592963999999998,43
63,21,24.719932,42
63,22,28.593602,41
63,23,26.424003,40
63,24,23.678422,39
63,25,8.1008,38
63,26,13.875618,37
63,27,11.393953,36
63,28,10.217382,35
63,29,10.417677,34
63,30,9.4708978,33
63,31,11.496668,32
63,32,13.231261,31
63,33,4.27375399999999,30
63,34,16.655352,29
63,35,9.12276899999999,28
63,36,4.725039,27
63,37,9.522382,26
63,38,17.7786759,25
63,39,19.241418,24
63,40,17.681369,23
63,41,17.165113,22
63,42,12.676832,21
63,43,3.410157,20
63,44,14.120079,19
63,45,35.776304,18
63,46,6.108626,17
63,47,12.323965,16
63,48,27.739636,15
63,49,42.571393,14
63,50,40.734589,13
63,51,4.580213,12
63,52,11.2609,11
63,53,10.960321,10
63,54,8.812911,9
63,55,8.18585,8
63,56,23.811231,7
63,57,5.100875,6
63,58,19.547066,5
63,59,27.45063,4
63,60,2.106293,3
63,61,16.659429,2
63,62,9.833236,1
64,1,8.398575,63
64,2,3.97924399999999,62
64,3,28.644754,61
64,4,31.134075,60
64,5,26.779407,59
64,6,32.7099886,58
64,7,31.061715,57
64,8,33.479261,56
64,9,46.765893,55
64,10,36.100118,54
64,11,36.789763,53
64,12,36.280552,52
64,13,37.476043,51
64,14,36.951541,50
64,15,25.891886,49
64,16,25.934646,48
64,17,34.177418,47
64,18,29.008332,46
64,19,14.971668,45
64,20,22.309139,44
64,21,39.933757,43
64,22,50.309777,42
64,23,42.344142,41
64,24,45.394597,40
64,25,29.816975,39
64,26,29.089443,38
64,27,33.110128,37
64,28,31.933557,36
64,29,32.133852,35
64,30,31.1870728,34
64,31,33.212843,33
64,32,34.947436,32
64,33,19.487579,31
64,34,31.869177,30
64,35,30.838944,29
64,36,26.441214,28
64,37,20.440957,27
64,38,25.1011509,26
64,39,34.455243,25
64,40,39.397544,24
64,41,36.390362,23
64,42,34.393007,22
64,43,25.123518,21
64,44,8.803704,20
64,45,14.060129,19
64,46,21.322451,18
64,47,9.39221,17
64,48,8.94023900000001,16
64,49,20.855218,15
64,50,19.018414,14
64,51,17.135962,13
64,52,17.955925,12
64,53,32.676496,11
64,54,30.529086,10
64,55,13.530325,9
64,56,10.590456,8
64,57,18.86315,7
64,58,12.634241,6
64,59,5.73445499999999,5
64,60,19.609882,4
64,61,12.555654,3
64,62,28.546739,2
64,63,21.716175,1
65,1,12.644397,64
65,2,8.22506599999999,63
65,3,32.890576,62
65,4,35.379897,61
65,5,31.025229,60
65,6,36.9558106,59
65,7,35.307537,58
65,8,35.724061,57
65,9,38.761971,56
65,10,40.34594,55
65,11,41.035585,54
65,12,33.45707,53
65,13,35.138579,52
65,14,41.197363,51
65,15,30.137708,50
65,16,30.180468,49
65,17,38.42324,48
65,18,33.254154,47
65,19,19.21749,46
65,20,26.554961,45
65,21,31.929835,44
65,22,54.555599,43
65,23,46.589964,42
65,24,49.640419,41
65,25,34.062797,40
65,26,27.710079,39
65,27,37.35595,38
65,28,36.179379,37
65,29,36.379674,36
65,30,35.4328948,35
65,31,37.458665,34
65,32,39.193258,33
65,33,22.066843,32
65,34,32.646945,31
65,35,35.084766,30
65,36,30.687036,29
65,37,24.686779,28
65,38,29.3469729,27
65,39,26.451321,26
65,40,43.643366,25
65,41,40.636184,24
65,42,38.638829,23
65,43,29.36934,22
65,44,11.841918,21
65,45,9.814307,20
65,46,20.274871,19
65,47,13.638032,18
65,48,16.944161,17
65,49,27.109904,16
65,50,14.772592,15
65,51,21.381784,14
65,52,14.701097,13
65,53,36.922318,12
65,54,34.774908,11
65,55,17.776147,10
65,56,2.58653399999999,9
65,57,23.108972,8
65,58,16.880063,7
65,59,8.67116699999999,6
65,60,23.855704,5
65,61,9.302568,4
65,62,32.792561,3
65,63,25.961997,2
65,64,8.003922,1
66,1,30.895302,65
66,2,23.510171,64
66,3,13.592281,63
66,4,16.081602,62
66,5,11.726934,61
66,6,17.6575156,60
66,7,16.009242,59
66,8,16.425766,58
66,9,19.722966,57
66,10,21.047645,56
66,11,21.73729,55
66,12,14.158775,54
66,13,15.840284,53
66,14,21.899068,52
66,15,13.734713,51
66,16,10.882173,50
66,17,19.124945,49
66,18,13.955859,48
66,19,17.907495,47
66,20,12.233366,46
66,21,12.89083,45
66,22,35.257304,44
66,23,27.291669,43
66,24,30.342124,42
66,25,14.764502,41
66,26,8.411784,40
66,27,18.057655,39
66,28,16.881084,38
66,29,17.081379,37
66,30,19.6928998,36
66,31,18.16037,35
66,32,19.894963,34
66,33,7.555348,33
66,34,13.34865,32
66,35,15.786471,31
66,36,12.767841,30
66,37,21.351484,29
66,38,29.6077779,28
66,39,7.412316,27
66,40,24.345071,26
66,41,21.337889,25
66,42,19.340534,24
66,43,10.071045,23
66,44,18.239223,22
66,45,29.112602,21
66,46,5.720476,20
66,47,17.661437,19
66,48,35.983166,18
66,49,46.148909,17
66,50,34.070887,16
66,51,13.744189,15
66,52,9.087002,14
66,53,17.624023,13
66,54,17.653413,12
66,55,13.696852,11
66,56,17.147529,10
66,57,16.929977,9
66,58,31.376168,8
66,59,27.710172,7
66,60,12.182809,6
66,61,14.487273,5
66,62,13.494266,4
66,63,11.829102,3
66,64,27.042927,2
66,65,19.298295,1
67,1,11.850082,66
67,2,16.269413,65
67,3,25.502403,64
67,4,16.197982,63
67,5,15.40825,62
67,6,12.4613316,61
67,7,17.255242,60
67,8,30.814218,59
67,9,44.10085,58
67,10,29.602139,57
67,11,16.739694,56
67,12,33.615509,55
67,13,34.811,54
67,14,17.493216,53
67,15,10.643171,52
67,16,14.768911,51
67,17,23.759939,50
67,18,12.260425,49
67,19,6.470389,48
67,20,12.144518,47
67,21,37.268714,46
67,22,36.938,45
67,23,38.972785,44
67,24,30.19506,43
67,25,10.793882,42
67,26,26.4244,41
67,27,12.861471,40
67,28,12.04,39
67,29,15.197005,38
67,30,10.9384158,37
67,31,21.880814,36
67,32,14.698779,35
67,33,16.822536,34
67,34,29.204134,33
67,35,11.553613,32
67,36,11.610043,31
67,37,3.0264,30
67,38,5.2298939,29
67,39,31.7902,28
67,40,28.286213,27
67,41,29.713895,26
67,42,14.14435,25
67,43,15.958939,24
67,44,12.652561,23
67,45,34.308786,22
67,46,18.657408,21
67,47,10.856447,20
67,48,26.272118,19
67,49,41.103875,18
67,50,39.267071,17
67,51,10.633695,16
67,52,15.290882,15
67,53,22.482261,14
67,54,10.280429,13
67,55,10.681032,12
67,56,22.343713,11
67,57,7.447907,10
67,58,7.614416,9
67,59,25.983112,8
67,60,12.195075,7
67,61,15.191911,6
67,62,22.382018,5
67,63,12.548782,4
67,64,20.248657,3
67,65,24.494479,2
67,66,24.377884,1
68,1,15.552718,67
68,2,11.971713,66
68,3,16.467103,65
68,4,15.183118,64
68,5,10.82845,63
68,6,16.7590316,62
68,7,15.110758,61
68,8,21.778918,60
68,9,35.06555,59
68,10,20.566839,58
68,11,20.838806,57
68,12,24.580209,56
68,13,25.7757,55
68,14,21.000584,54
68,15,9.940929,53
68,16,9.983689,52
68,17,18.226461,51
68,18,13.057375,50
68,19,2.56491100000001,49
68,20,6.358182,48
68,21,28.233414,47
68,22,34.35882,46
68,23,29.937485,45
68,24,29.44364,44
68,25,13.866018,43
68,26,17.3891,42
68,27,17.159171,41
68,28,15.9826,40
68,29,16.182895,39
68,30,15.2361158,38
68,31,17.261886,37
68,32,18.996479,36
68,33,7.78723599999999,35
68,34,20.168834,34
68,35,14.887987,33
68,36,10.490257,32
68,37,6.00890000000001,31
68,38,14.2651939,30
68,39,22.7549,29
68,40,23.446587,28
68,41,20.678595,27
68,42,18.44205,26
68,43,9.172561,25
68,44,8.35486099999999,24
68,45,30.011086,23
68,46,9.622108,22
68,47,6.55874699999999,21
68,48,21.974418,20
68,49,36.806175,19
68,50,34.969371,18
68,51,1.59839499999999,17
68,52,6.25558199999999,16
68,53,16.725539,15
68,54,14.578129,14
68,55,2.42063199999999,13
68,56,18.046013,12
68,57,2.912193,11
68,58,16.033584,10
68,59,21.685412,9
68,60,3.658925,8
68,61,10.894211,7
68,62,13.346718,6
68,63,5.765218,5
68,64,15.950957,4
68,65,20.196779,3
68,66,15.342584,2
68,67,9.03530000000001,1
69,1,10.102327,68
69,2,5.68299599999999,67
69,3,30.348506,66
69,4,32.837827,65
69,5,28.483159,64
69,6,34.4137406,63
69,7,32.765467,62
69,8,33.842209,61
69,9,47.128841,60
69,10,37.80387,59
69,11,38.493515,58
69,12,36.6435,57
69,13,37.838991,56
69,14,38.655293,55
69,15,27.595638,54
69,16,27.638398,53
69,17,35.88117,52
69,18,30.712084,51
69,19,16.67542,50
69,20,24.012891,49
69,21,40.296705,48
69,22,52.013529,47
69,23,44.047894,46
69,24,47.098349,45
69,25,31.520727,44
69,26,29.452391,43
69,27,34.81388,42
69,28,33.637309,41
69,29,33.837604,40
69,30,32.8908248,39
69,31,34.916595,38
69,32,36.651188,37
69,33,19.850527,36
69,34,32.232125,35
69,35,32.542696,34
69,36,28.144966,33
69,37,22.144709,32
69,38,26.8049029,31
69,39,34.818191,30
69,40,41.101296,29
69,41,38.094114,28
69,42,36.096759,27
69,43,26.82727,26
69,44,9.29984800000001,25
69,45,12.356377,24
69,46,21.685399,23
69,47,11.095962,22
69,48,8.577291,21
69,49,19.151466,20
69,50,17.314662,19
69,51,18.839714,18
69,52,18.318873,17
69,53,34.380248,16
69,54,32.232838,15
69,55,15.234077,14
69,56,10.953404,13
69,57,20.566902,12
69,58,14.337993,11
69,59,4.03070299999999,10
69,60,21.313634,9
69,61,12.918602,8
69,62,30.250491,7
69,63,23.419927,6
69,64,1.70375200000001,5
69,65,8.36687,4
69,66,27.405875,3
69,67,21.952409,2
69,68,17.654709,1
70,1,13.652858,69
70,2,8.35397300000001,68
70,3,18.366963,67
70,4,18.800858,66
70,5,14.44619,65
70,6,20.3767716,64
70,7,18.728498,63
70,8,23.678778,62
70,9,36.96541,61
70,10,23.766901,60
70,11,24.456546,59
70,12,26.480069,58
70,13,27.67556,57
70,14,24.618324,56
70,15,13.558669,55
70,16,13.601429,54
70,17,21.844201,53
70,18,16.675115,52
70,19,2.638451,51
70,20,9.975922,50
70,21,30.133274,49
70,22,37.97656,48
70,23,31.837345,47
70,24,33.06138,46
70,25,17.483758,45
70,26,19.28896,44
70,27,20.776911,43
70,28,19.60034,42
70,29,19.800635,41
70,30,18.8538558,40
70,31,20.879626,39
70,32,22.614219,38
70,33,9.687096,37
70,34,22.068694,36
70,35,18.505727,35
70,36,14.107997,34
70,37,8.10774,33
70,38,12.7679339,32
70,39,24.65476,31
70,40,27.064327,30
70,41,24.057145,29
70,42,22.05979,28
70,43,12.790301,27
70,44,4.73712099999999,26
70,45,26.393346,25
70,46,11.521968,24
70,47,2.94100699999999,23
70,48,18.740722,22
70,49,33.188435,21
70,50,31.351631,20
70,51,4.802745,19
70,52,8.155442,18
70,53,20.343279,17
70,54,18.195869,16
70,55,3.545592,15
70,56,14.428273,14
70,57,6.529933,13
70,58,14.133724,12
70,59,18.067672,11
70,60,7.276665,10
70,61,7.276471,9
70,62,16.213522,8
70,63,9.382958,7
70,64,12.333217,6
70,65,16.579039,5
70,66,17.242444,4
70,67,7.91544,3
70,68,3.61774,2
70,69,14.036969,1
71,1,9.723293,70
71,2,6.05853800000002,69
71,3,22.296528,68
71,4,21.096293,67
71,5,16.741625,66
71,6,22.6722066,65
71,7,21.023933,64
71,8,27.608343,63
71,9,40.894975,62
71,10,26.396264,61
71,11,26.751981,60
71,12,30.409634,59
71,13,31.605125,58
71,14,26.913759,57
71,15,15.854104,56
71,16,15.896864,55
71,17,24.139636,54
71,18,18.97055,53
71,19,4.93388599999999,52
71,20,12.271357,51
71,21,34.062839,50
71,22,40.271995,49
71,23,35.76691,48
71,24,35.356815,47
71,25,19.779193,46
71,26,23.218525,45
71,27,23.072346,44
71,28,21.895775,43
71,29,22.09607,42
71,30,21.1492908,41
71,31,23.175061,40
71,32,24.909654,39
71,33,13.616661,38
71,34,25.998259,37
71,35,20.801162,36
71,36,16.403432,35
71,37,10.403175,34
71,38,15.0633689,33
71,39,28.584325,32
71,40,29.359762,31
71,41,26.50802,30
71,42,24.355225,29
71,43,15.085736,28
71,44,2.932786,27
71,45,24.097911,26
71,46,15.451533,25
71,47,3.510572,24
71,48,16.061243,23
71,49,30.893,22
71,50,29.056196,21
71,51,7.42781999999999,20
71,52,12.085007,19
71,53,22.638714,18
71,54,20.491304,17
71,55,7.475157,16
71,56,12.132838,15
71,57,8.82536799999999,14
71,58,10.204159,13
71,59,15.772237,12
71,60,9.5721,11
71,61,6.68473599999999,10
71,62,19.176143,9
71,63,11.678393,8
71,64,10.037782,7
71,65,14.283604,6
71,66,21.172009,5
71,67,10.210875,4
71,68,5.91317499999999,3
71,69,11.741534,2
71,70,3.92956499999999,1
72,1,9.85048600000001,71
72,2,5.431155,70
72,3,30.096665,69
72,4,32.585986,68
72,5,28.231318,67
72,6,34.1618996,66
72,7,32.513626,65
72,8,32.93015,64
72,9,45.707582,63
72,10,37.552029,62
72,11,38.241674,61
72,12,35.222241,60
72,13,36.417732,59
72,14,38.403452,58
72,15,27.343797,57
72,16,27.386557,56
72,17,35.629329,55
72,18,30.460243,54
72,19,16.423579,53
72,20,23.76105,52
72,21,38.875446,51
72,22,51.761688,50
72,23,43.796053,49
72,24,46.846508,48
72,25,31.268886,47
72,26,28.031132,46
72,27,34.562039,45
72,28,33.385468,44
72,29,33.585763,43
72,30,32.6389838,42
72,31,34.664754,41
72,32,36.399347,40
72,33,19.272932,39
72,34,30.810866,38
72,35,32.290855,37
72,36,27.893125,36
72,37,21.892868,35
72,38,26.5530619,34
72,39,33.396932,33
72,40,40.849455,32
72,41,37.842273,31
72,42,35.844918,30
72,43,26.575429,29
72,44,9.04800700000001,28
72,45,12.608218,27
72,46,20.26414,26
72,47,10.844121,25
72,48,9.99854999999999,24
72,49,20.164293,23
72,50,17.566503,22
72,51,18.587873,21
72,52,16.897614,20
72,53,34.128407,19
72,54,31.980997,18
72,55,14.982236,17
72,56,9.532145,16
72,57,20.315061,15
72,58,14.086152,14
72,59,4.28254399999998,13
72,60,21.061793,12
72,61,11.497343,11
72,62,29.99865,10
72,63,23.168086,9
72,64,1.45191100000001,8
72,65,6.94561100000001,7
72,66,25.984616,6
72,67,21.700568,5
72,68,17.402868,4
72,69,1.421259,3
72,70,13.785128,2
72,71,11.489693,1
73,1,6.31958999999999,72
73,2,10.738921,71
73,3,28.851911,70
73,4,19.54749,69
73,5,18.757758,68
73,6,17.9918236,67
73,7,20.60475,66
73,8,34.163726,65
73,9,47.450358,64
73,10,32.951647,63
73,11,22.071598,62
73,12,36.965017,61
73,13,38.160508,60
73,14,22.233376,59
73,15,13.992679,58
73,16,18.118419,57
73,17,27.109447,56
73,18,15.609933,55
73,19,9.819897,54
73,20,15.494026,53
73,21,40.618222,52
73,22,40.287508,51
73,23,42.322293,50
73,24,33.544568,49
73,25,15.09881,48
73,26,29.773908,47
73,27,18.391963,46
73,28,17.215392,45
73,29,18.546513,44
73,30,16.4689078,43
73,31,25.230322,42
73,32,20.229271,41
73,33,20.172044,40
73,34,32.553642,39
73,35,16.120779,38
73,36,14.959551,37
73,37,6.375908,36
73,38,10.3829859,35
73,39,35.139708,34
73,40,31.635721,33
73,41,33.063403,32
73,42,19.674842,31
73,43,19.308447,30
73,44,9.48816900000001,29
73,45,28.778294,28
73,46,22.006916,27
73,47,10.065955,26
73,48,20.741626,25
73,49,35.573383,24
73,50,33.736579,23
73,51,13.983203,22
73,52,18.64039,21
73,53,25.831769,20
73,54,15.810921,19
73,55,14.03054,18
73,56,16.813221,17
73,57,10.797415,16
73,58,3.648776,15
73,59,20.45262,14
73,60,15.544583,13
73,61,13.240119,12
73,62,25.731526,11
73,63,15.89829,10
73,64,14.718165,9
73,65,18.963987,8
73,66,27.727392,7
73,67,5.530492,6
73,68,12.384808,5
73,69,16.421917,4
73,70,10.484948,3
73,71,6.55538300000001,2
73,72,16.170076,1
74,1,8.41587099999999,73
74,2,9.63756000000001,72
74,3,23.60395,71
74,4,17.517271,70
74,5,13.509797,69
74,6,19.0931846,68
74,7,17.444911,67
74,8,28.915765,66
74,9,42.202397,65
74,10,27.703686,64
74,11,23.172959,63
74,12,31.717056,62
74,13,32.912547,61
74,14,23.334737,60
74,15,12.275082,59
74,16,12.870458,58
74,17,21.861486,57
74,18,15.391528,56
74,19,4.571936,55
74,20,10.246065,54
74,21,35.370261,53
74,22,36.692973,52
74,23,37.074332,51
74,24,31.777793,50
74,25,16.200171,49
74,26,24.525947,48
74,27,19.493324,47
74,28,18.316753,46
74,29,18.517048,45
74,30,17.5702688,44
74,31,19.982361,43
74,32,21.330632,42
74,33,14.924083,41
74,34,27.305681,40
74,35,17.22214,39
74,36,12.82441,38
74,37,6.824153,37
74,38,11.4843469,36
74,39,29.891747,35
74,40,26.38776,34
74,41,27.815442,33
74,42,20.776203,32
74,43,14.060486,31
74,44,6.02070799999999,30
74,45,27.676933,29
74,46,16.758955,28
74,47,4.817994,27
74,48,19.640265,26
74,49,34.472022,25
74,50,32.635218,24
74,51,8.735242,23
74,52,13.392429,22
74,53,20.583808,21
74,54,16.912282,20
74,55,8.78257900000001,19
74,56,15.71186,18
74,57,5.549454,17
74,58,8.896737,16
74,59,19.351259,15
74,60,10.296622,14
74,61,8.560058,13
74,62,20.483565,12
74,63,10.650329,11
74,64,13.616804,10
74,65,17.862626,9
74,66,22.479431,8
74,67,6.631853,7
74,68,7.13684700000001,6
74,69,15.320556,5
74,70,5.236987,4
74,71,3.57902199999999,3
74,72,15.068715,2
74,73,5.247961,1
75,1,3.354707,74
75,2,5.02192399999999,73
75,3,29.656614,72
75,4,26.090207,71
75,5,21.735539,70
75,6,27.6661206,69
75,7,26.017847,68
75,8,34.968429,67
75,9,48.255061,66
75,10,33.75635,65
75,11,31.745895,64
75,12,37.76972,63
75,13,38.965211,62
75,14,31.907673,61
75,15,20.848018,60
75,16,20.890778,59
75,17,29.13355,58
75,18,23.964464,57
75,19,10.6246,56
75,20,17.265271,55
75,21,41.422925,54
75,22,45.265909,53
75,23,43.126996,52
75,24,40.350729,51
75,25,24.773107,50
75,26,30.578611,49
75,27,28.06626,48
75,28,26.889689,47
75,29,27.089984,46
75,30,26.1432048,45
75,31,28.168975,44
75,32,29.903568,43
75,33,20.976747,42
75,34,33.358345,41
75,35,25.795076,40
75,36,21.397346,39
75,37,15.397089,38
75,38,20.0572829,37
75,39,35.944411,36
75,40,34.353676,35
75,41,33.868106,34
75,42,29.349139,33
75,43,20.11315,32
75,44,10.292872,31
75,45,19.103997,30
75,46,22.811619,29
75,47,10.870658,28
75,48,11.067329,27
75,49,25.899086,26
75,50,24.062282,25
75,51,14.787906,24
75,52,19.445093,23
75,53,27.632628,22
75,54,25.485218,21
75,55,14.835243,20
75,56,12.079624,19
75,57,13.819282,18
75,58,7.590373,17
75,59,10.778323,16
75,60,16.349286,15
75,61,14.044822,14
75,62,26.536229,13
75,63,16.702993,12
75,64,5.043868,11
75,65,9.49309,10
75,66,28.532095,9
75,67,15.204789,8
75,68,13.189511,7
75,69,6.74762,6
75,70,11.289651,5
75,71,7.360086,4
75,72,6.49577900000001,3
75,73,9.67429699999999,2
75,74,8.57293599999999,1
76,1,10.298111,75
76,2,11.09942,74
76,3,35.73411,73
76,4,33.033611,72
76,5,28.678943,71
76,6,34.6095246,70
76,7,32.961251,69
76,8,41.045925,68
76,9,54.332557,67
76,10,39.833846,66
76,11,38.689299,65
76,12,43.847216,64
76,13,45.042707,63
76,14,38.851077,62
76,15,27.791422,61
76,16,27.834182,60
76,17,36.076954,59
76,18,30.907868,58
76,19,16.871204,57
76,20,24.208675,56
76,21,47.500421,55
76,22,52.209313,54
76,23,49.204492,53
76,24,47.294133,52
76,25,31.716511,51
76,26,36.656107,50
76,27,35.009664,49
76,28,33.833093,48
76,29,34.033388,47
76,30,33.0866088,46
76,31,35.112379,45
76,32,36.846972,44
76,33,27.054243,43
76,34,39.435841,42
76,35,32.73848,41
76,36,28.34075,40
76,37,22.340493,39
76,38,27.0006869,38
76,39,42.021907,37
76,40,41.29708,36
76,41,39.945602,35
76,42,36.292543,34
76,43,27.023054,33
76,44,16.370368,32
76,45,15.755493,31
76,46,28.889115,30
76,47,16.948154,29
76,48,4.12392500000001,28
76,49,18.955682,27
76,50,22.797578,26
76,51,20.865402,25
76,52,25.522589,24
76,53,34.576032,23
76,54,32.428622,22
76,55,20.912739,21
76,56,18.15712,20
76,57,20.762686,19
76,58,14.533777,18
76,59,6.89941900000001,17
76,60,22.426782,16
76,61,20.122318,15
76,62,32.613725,14
76,63,23.615711,13
76,64,7.566664,12
76,65,15.570586,11
76,66,34.609591,10
76,67,22.148193,9
76,68,19.267007,8
76,69,7.203716,7
76,70,17.367147,6
76,71,13.437582,5
76,72,8.62497499999999,4
76,73,16.617701,3
76,74,15.51634,2
76,75,6.943404,1
77,1,29.235857,76
77,2,27.164474,75
77,3,51.799164,74
77,4,51.971357,73
77,5,47.616689,72
77,6,53.5472706,71
77,7,51.898997,70
77,8,57.110979,69
77,9,70.397611,68
77,10,56.9374,67
77,11,57.627045,66
77,12,59.91227,65
77,13,61.107761,64
77,14,57.788823,63
77,15,46.729168,62
77,16,46.771928,61
77,17,55.0147,60
77,18,49.845614,59
77,19,35.80895,58
77,20,43.146421,57
77,21,63.565475,56
77,22,71.147059,55
77,23,65.269546,54
77,24,66.231879,53
77,25,50.654257,52
77,26,52.721161,51
77,27,53.94741,50
77,28,52.770839,49
77,29,52.971134,48
77,30,52.0243548,47
77,31,54.050125,46
77,32,55.784718,45
77,33,43.119297,44
77,34,55.500895,43
77,35,51.676226,42
77,36,47.278496,41
77,37,41.278239,40
77,38,45.9384329,39
77,39,58.086961,38
77,40,60.234826,37
77,41,57.227644,36
77,42,55.230289,35
77,43,45.9608,34
77,44,32.435422,33
77,45,31.820547,32
77,46,44.954169,31
77,47,33.013208,30
77,48,14.813821,29
77,49,4.525736,28
77,50,38.862632,27
77,51,37.973244,26
77,52,41.587643,25
77,53,53.513778,24
77,54,51.366368,23
77,55,36.977793,22
77,56,34.222174,21
77,57,39.700432,20
77,58,33.471523,19
77,59,22.964473,18
77,60,40.447164,17
77,61,36.187372,16
77,62,49.384021,15
77,63,42.553457,14
77,64,23.631718,13
77,65,31.63564,12
77,66,50.674645,11
77,67,41.085939,10
77,68,36.788239,9
77,69,23.26877,8
77,70,33.432201,7
77,71,30.875064,6
77,72,24.690029,5
77,73,35.555447,4
77,74,34.454086,3
77,75,25.88115,2
77,76,18.937746,1
78,1,29.352307,77
78,2,24.932976,76
78,3,49.598486,75
78,4,52.087807,74
78,5,47.733139,73
78,6,53.6637206,72
78,7,52.015447,71
78,8,52.431971,70
78,9,52.969039,69
78,10,57.05385,68
78,11,57.743495,67
78,12,50.16498,66
78,13,51.846489,65
78,14,57.905273,64
78,15,46.845618,63
78,16,46.888378,62
78,17,55.13115,61
78,18,49.962064,60
78,19,35.9254,59
78,20,43.262871,58
78,21,47.303775,57
78,22,71.263509,56
78,23,63.297874,55
78,24,66.348329,54
78,25,50.770707,53
78,26,44.417989,52
78,27,54.06386,51
78,28,52.887289,50
78,29,53.087584,49
78,30,52.1408048,48
78,31,54.166575,47
78,32,55.901168,46
78,33,38.774753,45
78,34,49.354855,44
78,35,51.792676,43
78,36,47.394946,42
78,37,41.394689,41
78,38,46.0548829,40
78,39,40.658389,39
78,40,60.351276,38
78,41,57.344094,37
78,42,55.346739,36
78,43,46.07725,35
78,44,28.549828,34
78,45,13.558897,33
78,46,36.982781,32
78,47,30.345942,31
78,48,14.930271,30
78,49,13.735914,29
78,50,20.600982,28
78,51,38.089694,27
78,52,31.409007,26
78,53,53.630228,25
78,54,51.482818,24
78,55,34.484057,23
78,56,18.858676,22
78,57,39.816882,21
78,58,33.587973,20
78,59,15.219277,19
78,60,40.563614,18
78,61,26.010478,17
78,62,49.500471,16
78,63,42.669907,15
78,64,20.953732,14
78,65,16.70791,13
78,66,36.006205,12
78,67,41.202389,11
78,68,36.904689,10
78,69,19.24998,9
78,70,33.286949,8
78,71,30.991514,7
78,72,19.501821,6
78,73,35.671897,5
78,74,34.570536,4
78,75,25.9976,3
78,76,19.054196,2
78,77,18.26165,1
79,1,8.848675,78
79,2,6.93315600000002,77
79,3,23.171146,76
79,4,20.221675,75
79,5,15.867007,74
79,6,21.7975886,73
79,7,20.149315,72
79,8,28.482961,71
79,9,41.769593,70
79,10,27.270882,69
79,11,25.877363,68
79,12,31.284252,67
79,13,32.479743,66
79,14,26.039141,65
79,15,14.979486,64
79,16,15.022246,63
79,17,23.265018,62
79,18,18.095932,61
79,19,4.13913199999999,60
79,20,11.396739,59
79,21,34.937457,58
79,22,39.397377,57
79,23,36.641528,56
79,24,34.482197,55
79,25,18.904575,54
79,26,24.093143,53
79,27,22.197728,52
79,28,21.021157,51
79,29,21.221452,50
79,30,20.2746728,49
79,31,22.300443,48
79,32,24.035036,47
79,33,14.491279,46
79,34,26.872877,45
79,35,19.926544,44
79,36,15.528814,43
79,37,9.52855699999999,42
79,38,14.1887509,41
79,39,29.458943,40
79,40,28.485144,39
79,41,27.382638,38
79,42,23.480607,37
79,43,14.211118,36
79,44,3.807404,35
79,45,24.972529,34
79,46,16.326151,33
79,47,4.38519,32
79,48,16.935861,31
79,49,31.767618,30
79,50,29.930814,29
79,51,8.30243799999999,28
79,52,12.959625,27
79,53,21.764096,26
79,54,19.616686,25
79,55,8.349775,24
79,56,13.007456,23
79,57,7.95074999999999,22
79,58,9.32954100000001,21
79,59,16.646855,20
79,60,9.863818,19
79,61,7.55935399999999,18
79,62,20.050761,17
79,63,10.803775,16
79,64,10.9124,15
79,65,15.158222,14
79,66,22.046627,13
79,67,9.33625699999999,12
79,68,6.704043,11
79,69,12.616152,10
79,70,4.80418299999999,9
79,71,0.874618,8
79,72,12.364311,7
79,73,5.68076500000001,6
79,74,2.70440399999999,5
79,75,6.485468,4
79,76,12.811936,3
79,77,31.749682,2
79,78,31.866132,1
80,1,15.515079,79
80,2,11.095748,78
80,3,35.761258,77
80,4,38.250579,76
80,5,33.895911,75
80,6,39.8264926,74
80,7,38.178219,73
80,8,38.594743,72
80,9,48.936189,71
80,10,43.216622,70
80,11,43.906267,69
80,12,38.450848,68
80,13,39.646339,67
80,14,44.068045,66
80,15,33.00839,65
80,16,33.05115,64
80,17,41.293922,63
80,18,36.124836,62
80,19,22.088172,61
80,20,29.425643,60
80,21,42.104053,59
80,22,57.426281,58
80,23,49.460646,57
80,24,52.511101,56
80,25,36.933479,55
80,26,31.259739,54
80,27,40.226632,53
80,28,39.050061,52
80,29,39.250356,51
80,30,38.3035768,50
80,31,40.329347,49
80,32,42.06394,48
80,33,24.937525,47
80,34,35.517627,46
80,35,37.955448,45
80,36,33.557718,44
80,37,27.557461,43
80,38,32.2176549,42
80,39,36.625539,41
80,40,46.514048,40
80,41,43.506866,39
80,42,41.509511,38
80,43,32.240022,37
80,44,14.7126,36
80,45,10.359125,35
80,46,23.492747,34
80,47,16.508714,33
80,48,6.769943,32
80,49,16.935686,31
80,50,17.40121,30
80,51,24.252466,29
80,52,20.126221,28
80,53,39.793,27
80,54,37.64559,26
80,55,20.646829,25
80,56,12.760752,24
80,57,25.979654,23
80,58,19.750745,22
80,59,1.50305100000001,21
80,60,26.726386,20
80,61,14.72595,19
80,62,35.663243,18
80,63,28.832679,17
80,64,7.11650400000001,16
80,65,10.174218,15
80,66,29.213223,14
80,67,27.365161,13
80,68,23.067461,12
80,69,5.412752,11
80,70,19.449721,10
80,71,17.154286,9
80,72,5.664593,8
80,73,21.834669,7
80,74,20.733308,6
80,75,12.160372,5
80,76,5.396368,4
80,77,21.461422,3
80,78,13.837228,2
80,79,18.028904,1
81,1,15.927918,80
81,2,14.562313,79
81,3,39.197003,78
81,4,38.663418,77
81,5,34.30875,76
81,6,40.2393316,75
81,7,38.591058,74
81,8,44.508818,73
81,9,57.79545,72
81,10,43.629461,71
81,11,44.319106,70
81,12,47.310109,69
81,13,48.5056,68
81,14,44.480884,67
81,15,33.421229,66
81,16,33.463989,65
81,17,41.706761,64
81,18,36.537675,63
81,19,22.501011,62
81,20,29.838482,61
81,21,50.963314,60
81,22,57.83912,59
81,23,52.667385,58
81,24,52.92394,57
81,25,37.346318,56
81,26,40.119,55
81,27,40.639471,54
81,28,39.4629,53
81,29,39.663195,52
81,30,38.7164158,51
81,31,40.742186,50
81,32,42.476779,49
81,33,30.517136,48
81,34,42.898734,47
81,35,38.368287,46
81,36,33.970557,45
81,37,27.9703,44
81,38,32.6304939,43
81,39,45.4848,42
81,40,46.926887,41
81,41,43.919705,40
81,42,41.92235,39
81,43,32.652861,38
81,44,19.833261,37
81,45,19.218386,36
81,46,32.352008,35
81,47,20.411047,34
81,48,2.089318,33
81,49,13.325875,32
81,50,26.260471,31
81,51,24.665305,30
81,52,28.985482,29
81,53,40.205839,28
81,54,38.058429,27
81,55,24.375632,26
81,56,21.620013,25
81,57,26.392493,24
81,58,20.163584,23
81,59,10.362312,22
81,60,27.139225,21
81,61,23.585211,20
81,62,36.076618,19
81,63,29.245518,18
81,64,11.029557,17
81,65,19.033479,16
81,66,38.072484,15
81,67,27.778,14
81,68,23.4803,13
81,69,10.666609,12
81,70,20.83004,11
81,71,17.567125,10
81,72,12.087868,9
81,73,22.247508,8
81,74,21.146147,7
81,75,12.573211,6
81,76,5.62980700000001,5
81,77,13.307939,4
81,78,13.424389,3
81,79,18.441743,2
81,80,8.859261,1
82,1,8.798505,81
82,2,3.32662600000001,80
82,3,23.221316,79
82,4,23.828205,78
82,5,19.473537,77
82,6,25.4041186,76
82,7,23.755845,75
82,8,28.533131,74
82,9,41.819763,73
82,10,28.794248,72
82,11,29.483893,71
82,12,31.334422,70
82,13,32.529913,69
82,14,29.645671,68
82,15,18.586016,67
82,16,18.628776,66
82,17,26.871548,65
82,18,21.702462,64
82,19,7.665798,63
82,20,15.003269,62
82,21,34.987627,61
82,22,43.003907,60
82,23,36.691698,59
82,24,38.088727,58
82,25,22.511105,57
82,26,24.143313,56
82,27,25.804258,55
82,28,24.627687,54
82,29,24.827982,53
82,30,23.8812028,52
82,31,25.906973,51
82,32,27.641566,50
82,33,14.541449,49
82,34,26.923047,48
82,35,23.533074,47
82,36,19.135344,46
82,37,13.135087,45
82,38,17.7952809,44
82,39,29.509113,43
82,40,32.091674,42
82,41,29.084492,41
82,42,27.087137,40
82,43,17.817648,39
82,44,3.857574,38
82,45,21.365999,37
82,46,16.376321,36
82,47,4.43536,35
82,48,13.886369,34
82,49,28.161088,33
82,50,26.324284,32
82,51,9.830092,31
82,52,13.009795,30
82,53,25.370626,29
82,54,23.223216,28
82,55,8.399945,27
82,56,9.400926,26
82,57,11.55728,25
82,58,9.279371,24
82,59,13.040325,23
82,60,12.304012,22
82,61,7.609524,21
82,62,21.240869,20
82,63,14.410305,19
82,64,7.30587,18
82,65,11.551692,17
82,66,22.096797,16
82,67,12.942787,15
82,68,8.645087,14
82,69,9.009622,13
82,70,5.027347,12
82,71,2.73191200000001,11
82,72,8.757781,10
82,73,7.412295,9
82,74,6.310934,8
82,75,6.435298,7
82,76,12.512794,6
82,77,28.577848,5
82,78,28.259602,4
82,79,3.60653000000001,3
82,80,14.422374,2
82,81,15.975687,1
83,1,19.502647,82
83,2,12.754284,81
83,3,12.517174,80
83,4,14.400547,79
83,5,10.045879,78
83,6,15.9764606,77
83,7,14.328187,76
83,8,17.828989,75
83,9,31.115621,74
83,10,19.36659,73
83,11,20.056235,72
83,12,20.63028,71
83,13,21.825771,70
83,14,20.218013,69
83,15,9.158358,68
83,16,9.201118,67
83,17,17.44389,66
83,18,12.274804,65
83,19,6.51484000000001,64
83,20,5.575611,63
83,21,24.283485,62
83,22,33.576249,61
83,23,25.987556,60
83,24,28.661069,59
83,25,13.083447,58
83,26,13.439171,57
83,27,16.3766,56
83,28,15.200029,55
83,29,15.400324,54
83,30,14.4535448,53
83,31,16.479315,52
83,32,18.213908,51
83,33,3.83730699999999,50
83,34,16.218905,49
83,35,14.105416,48
83,36,9.707686,47
83,37,9.95882900000001,46
83,38,18.2151229,45
83,39,18.804971,44
83,40,22.664016,43
83,41,19.656834,42
83,42,17.659479,41
83,43,8.38999,40
83,44,9.137432,39
83,45,30.793657,38
83,46,5.672179,37
83,47,7.341318,36
83,48,24.590511,35
83,49,37.588746,34
83,50,35.751942,33
83,51,2.35153400000001,32
83,52,6.27825300000001,31
83,53,15.942968,30
83,54,13.795558,29
83,55,3.20320299999999,28
83,56,18.828584,27
83,57,5.53732200000001,26
83,58,19.983513,25
83,59,22.467983,24
83,60,2.876354,23
83,61,11.676782,22
83,62,11.813211,21
83,63,4.982647,20
83,64,16.733528,19
83,65,20.97935,18
83,66,11.392655,17
83,67,12.985229,16
83,68,3.949929,15
83,69,18.43728,14
83,70,5.849789,13
83,71,9.779354,12
83,72,18.185439,11
83,73,16.334737,10
83,74,11.086776,9
83,75,17.13944,8
83,76,23.216936,7
83,77,39.28199,6
83,78,37.68726,5
83,79,10.653972,4
83,80,23.850032,3
83,81,26.679829,2
83,82,10.704142,1
84,1,20.805643,83
84,2,15.807588,82
84,3,11.214178,81
84,4,11.347243,80
84,5,6.992575,79
84,6,12.9231566,78
84,7,11.274883,77
84,8,16.525993,76
84,9,29.812625,75
84,10,16.313286,74
84,11,17.002931,73
84,12,19.327284,72
84,13,20.522775,71
84,14,17.164709,70
84,15,6.105054,69
84,16,6.147814,68
84,17,14.390586,67
84,18,9.2215,66
84,19,7.81783600000001,65
84,20,2.522307,64
84,21,22.980489,63
84,22,30.522945,62
84,23,24.68456,61
84,24,25.607765,60
84,25,10.030143,59
84,26,12.136175,58
84,27,13.323296,57
84,28,12.146725,56
84,29,12.34702,55
84,30,11.4002408,54
84,31,13.426011,53
84,32,15.160604,52
84,33,2.534311,51
84,34,14.915909,50
84,35,11.052112,49
84,36,6.654382,48
84,37,11.261825,47
84,38,19.5181189,46
84,39,17.501975,45
84,40,19.610712,44
84,41,16.60353,43
84,42,14.606175,42
84,43,5.336686,41
84,44,12.190736,40
84,45,33.846961,39
84,46,4.369183,38
84,47,10.394622,37
84,48,25.893507,36
84,49,40.64205,35
84,50,38.805246,34
84,51,3.65453,33
84,52,9.331557,32
84,53,12.889664,31
84,54,10.742254,30
84,55,6.25650699999999,29
84,56,21.881888,28
84,57,6.840318,27
84,58,21.286509,26
84,59,25.521287,25
84,60,2.09315,24
84,61,14.730086,23
84,62,8.759907,22
84,63,1.929343,21
84,64,19.786832,20
84,65,24.032654,19
84,66,10.089659,18
84,67,14.288225,17
84,68,5.252925,16
84,69,21.490584,15
84,70,7.453615,14
84,71,11.08235,13
84,72,21.238743,12
84,73,17.637733,11
84,74,12.389772,10
84,75,18.442436,9
84,76,24.519932,8
84,77,40.624114,7
84,78,40.740564,6
84,79,11.956968,5
84,80,26.903336,4
84,81,27.982825,3
84,82,12.480962,2
84,83,3.053304,1
85,1,19.199475,84
85,2,17.036056,83
85,3,12.820346,82
85,4,10.118775,81
85,5,5.764107,80
85,6,11.6946886,79
85,7,10.046415,78
85,8,18.132161,77
85,9,31.418793,76
85,10,16.920082,75
85,11,15.774463,74
85,12,20.933452,73
85,13,22.128943,72
85,14,15.936241,71
85,15,4.876586,70
85,16,4.919346,69
85,17,13.162118,68
85,18,7.993032,67
85,19,6.211668,66
85,20,1.293839,65
85,21,24.586657,64
85,22,29.294477,63
85,23,26.290728,62
85,24,24.379297,61
85,25,8.801675,60
85,26,13.742343,59
85,27,12.094828,58
85,28,10.918257,57
85,29,11.118552,56
85,30,10.1717728,55
85,31,12.197543,54
85,32,13.932136,53
85,33,4.140479,52
85,34,16.522077,51
85,35,9.823644,50
85,36,5.425914,49
85,37,9.655657,48
85,38,17.9119509,47
85,39,19.108143,46
85,40,18.382244,45
85,41,17.031838,44
85,42,13.377707,43
85,43,4.108218,42
85,44,13.419204,41
85,45,35.075429,40
85,46,5.97535100000001,39
85,47,11.62309,38
85,48,27.038761,37
85,49,41.870518,36
85,50,40.033714,35
85,51,3.879338,34
85,52,10.560025,33
85,53,11.661196,32
85,54,9.513786,31
85,55,7.48497499999999,30
85,56,23.110356,29
85,57,5.23415,28
85,58,19.680341,27
85,59,26.749755,26
85,60,1.405418,25
85,61,15.958554,24
85,62,9.699961,23
85,63,0.700875000000005,22
85,64,21.0153,21
85,65,25.261122,20
85,66,11.695827,19
85,67,12.682057,18
85,68,5.064343,17
85,69,22.719052,16
85,70,8.682083,15
85,71,10.977518,14
85,72,22.467211,13
85,73,16.031565,12
85,74,10.783604,11
85,75,16.836268,10
85,76,22.914836,9
85,77,41.852582,8
85,78,41.969032,7
85,79,10.3508,6
85,80,28.131804,5
85,81,28.544643,4
85,82,13.70943,3
85,83,4.281772,2
85,84,1.606168,1
86,1,18.591118,85
86,2,19.814013,84
86,3,13.428703,83
86,4,7.340818,82
86,5,3.33455,81
86,6,8.91673159999999,80
86,7,7.268458,79
86,8,18.740518,78
86,9,32.02715,77
86,10,17.528439,76
86,11,12.996506,75
86,12,21.541809,74
86,13,22.7373,73
86,14,13.158284,72
86,15,2.098629,71
86,16,2.695211,70
86,17,11.686239,69
86,18,5.215075,68
86,19,8.821589,67
86,20,1.484118,66
86,21,25.195014,65
86,22,26.51652,64
86,23,26.899085,63
86,24,21.60134,62
86,25,6.023718,61
86,26,14.3507,60
86,27,9.316871,59
86,28,8.1403,58
86,29,8.340595,57
86,30,7.3938158,56
86,31,9.807114,55
86,32,11.154179,54
86,33,5.972236,53
86,34,17.130434,52
86,35,7.04568699999999,51
86,36,2.647957,50
86,37,9.0473,49
86,38,17.3035939,48
86,39,19.7165,47
86,40,16.212513,46
86,41,17.640195,45
86,42,10.59975,44
86,43,3.885239,43
86,44,16.197161,42
86,45,37.853386,41
86,46,7.764208,40
86,47,14.401047,39
86,48,29.816718,38
86,49,44.648475,37
86,50,42.811671,36
86,51,6.657295,35
86,52,13.337982,34
86,53,10.408561,33
86,54,6.735829,32
86,55,10.262932,31
86,56,25.888313,30
86,57,4.930107,29
86,58,19.071984,28
86,59,29.527712,27
86,60,4.183375,26
86,61,18.736511,25
86,62,10.308318,24
86,63,2.077082,23
86,64,23.793257,22
86,65,28.039079,21
86,66,12.304184,20
86,67,12.0737,19
86,68,7.8423,18
86,69,25.497009,17
86,70,11.46004,16
86,71,13.755475,15
86,72,25.245168,14
86,73,15.423208,13
86,74,10.176453,12
86,75,18.749389,11
86,76,25.692793,10
86,77,44.630539,9
86,78,44.746989,8
86,79,12.880857,7
86,80,30.909761,6
86,81,31.3226,5
86,82,16.487387,4
86,83,7.059729,3
86,84,4.006425,2
86,85,2.777957,1
87,1,19.375436,86
87,2,16.859195,85
87,3,12.644385,84
87,4,10.295636,83
87,5,5.94096800000001,82
87,6,11.8715496,81
87,7,10.223276,80
87,8,17.9562,79
87,9,31.242832,78
87,10,16.744121,77
87,11,15.951324,76
87,12,20.757491,75
87,13,21.952982,74
87,14,16.113102,73
87,15,5.05344700000001,72
87,16,5.09620700000001,71
87,17,13.338979,70
87,18,8.16989300000001,69
87,19,6.387629,68
87,20,1.47070000000001,67
87,21,24.410696,66
87,22,29.471338,65
87,23,26.114767,64
87,24,24.556158,63
87,25,8.97853600000001,62
87,26,13.566382,61
87,27,12.271689,60
87,28,11.095118,59
87,29,11.295413,58
87,30,10.3486338,57
87,31,12.374404,56
87,32,14.108997,55
87,33,3.964518,54
87,34,16.346116,53
87,35,10.000505,52
87,36,5.60277500000001,51
87,37,9.831618,50
87,38,18.0879119,49
87,39,18.932182,48
87,40,18.559105,47
87,41,16.855877,46
87,42,13.554568,45
87,43,4.285079,44
87,44,13.242343,43
87,45,34.898568,42
87,46,5.79939000000001,41
87,47,11.446229,40
87,48,26.8619,39
87,49,41.693657,38
87,50,39.856853,37
87,51,3.70247699999999,36
87,52,10.383164,35
87,53,11.838057,34
87,54,9.69064700000001,33
87,55,7.30811399999999,32
87,56,22.933495,31
87,57,5.410111,30
87,58,19.856302,29
87,59,26.572894,28
87,60,1.22855699999999,27
87,61,15.781693,26
87,62,9.52400000000001,25
87,63,0.877736000000009,24
87,64,20.838439,23
87,65,25.084261,22
87,66,11.519866,21
87,67,12.858018,20
87,68,4.88748199999999,19
87,69,22.542191,18
87,70,8.50522199999999,17
87,71,10.800657,16
87,72,22.29035,15
87,73,16.207526,14
87,74,10.959565,13
87,75,17.012229,12
87,76,23.089725,11
87,77,41.675721,10
87,78,41.792171,9
87,79,10.526761,8
87,80,27.954943,7
87,81,28.367782,6
87,82,13.532569,5
87,83,4.10491099999999,4
87,84,1.43020700000001,3
87,85,0.176861000000004,2
87,86,2.95481800000001,1
88,1,15.0664,87
88,2,10.568031,86
88,3,16.953421,85
88,4,16.5868,84
88,5,12.232132,83
88,6,18.1627136,82
88,7,16.51444,81
88,8,22.265236,80
88,9,35.551868,79
88,10,21.552843,78
88,11,22.242488,77
88,12,25.066527,76
88,13,26.262018,75
88,14,22.404266,74
88,15,11.344611,73
88,16,11.387371,72
88,17,19.630143,71
88,18,14.461057,70
88,19,2.078593,69
88,20,7.761864,68
88,21,28.719732,67
88,22,35.762502,66
88,23,30.423803,65
88,24,30.847322,64
88,25,15.2697,63
88,26,17.875418,62
88,27,18.562853,61
88,28,17.386282,60
88,29,17.586577,59
88,30,16.6397978,58
88,31,18.665568,57
88,32,20.400161,56
88,33,8.273554,55
88,34,20.655152,54
88,35,16.291669,53
88,36,11.893939,52
88,37,5.893682,51
88,38,13.7788759,50
88,39,23.241218,49
88,40,24.850269,48
88,41,21.843087,47
88,42,19.845732,46
88,43,10.576243,45
88,44,6.95117899999999,44
88,45,28.607404,43
88,46,10.108426,42
88,47,5.15506499999999,41
88,48,20.570736,40
88,49,35.402493,39
88,50,33.565689,38
88,51,2.588687,37
88,52,6.7419,36
88,53,18.129221,35
88,54,15.981811,34
88,55,2.13205,33
88,56,16.642331,32
88,57,4.315875,31
88,58,15.547266,30
88,59,20.28173,29
88,60,5.062607,28
88,61,9.490529,27
88,62,13.999464,26
88,63,7.1689,25
88,64,14.547275,24
88,65,18.793097,23
88,66,15.828902,22
88,67,8.548982,21
88,68,1.403682,20
88,69,16.251027,19
88,70,2.214058,18
88,71,5.34310699999999,17
88,72,15.999186,16
88,73,11.89849,15
88,74,6.650529,14
88,75,12.703193,13
88,76,18.780689,12
88,77,35.384557,11
88,78,35.501007,10
88,79,6.21772499999999,9
88,80,21.663779,8
88,81,22.243582,7
88,82,7.241405,6
88,83,4.43624700000001,5
88,84,5.739243,4
88,85,6.468025,3
88,86,9.245982,2
88,87,6.29116399999999,1
89,1,10.774864,88
89,2,13.526967,87
89,3,21.244957,86
89,4,13.627864,85
89,5,11.150804,84
89,6,15.2037776,83
89,7,13.555504,82
89,8,26.556772,81
89,9,39.843404,80
89,10,25.344693,79
89,11,19.283552,78
89,12,29.358063,77
89,13,30.553554,76
89,14,19.44533,75
89,15,8.385675,74
89,16,10.511465,73
89,17,19.502493,72
89,18,11.502121,71
89,19,2.534543,70
89,20,7.887072,69
89,21,33.011268,68
89,22,32.803566,67
89,23,34.715339,66
89,24,27.888386,65
89,25,12.310764,64
89,26,22.166954,63
89,27,15.603917,62
89,28,14.427346,61
89,29,14.627641,60
89,30,13.6808618,59
89,31,17.623368,58
89,32,17.441225,57
89,33,12.56509,56
89,34,24.946688,55
89,35,13.332733,54
89,36,8.935003,53
89,37,2.934746,52
89,38,9.4873399,51
89,39,27.532754,50
89,40,24.028767,49
89,41,25.456449,48
89,42,16.886796,47
89,43,11.701493,46
89,44,9.910115,45
89,45,31.56634,44
89,46,14.399962,43
89,47,8.114001,42
89,48,23.529672,41
89,49,38.361429,40
89,50,36.524625,39
89,51,6.376249,38
89,52,11.033436,37
89,53,18.224815,36
89,54,13.022875,35
89,55,6.423586,34
89,56,19.601267,33
89,57,3.190461,32
89,58,11.25573,31
89,59,23.240666,30
89,60,7.937629,29
89,61,12.449465,28
89,62,18.124572,27
89,63,8.291336,26
89,64,17.506211,25
89,65,21.752033,24
89,66,20.120438,23
89,67,4.257446,22
89,68,4.777854,21
89,69,19.209963,20
89,70,5.172994,19
89,71,7.468429,18
89,72,18.958122,17
89,73,7.606954,16
89,74,3.88940700000001,15
89,75,12.462343,14
89,76,19.405747,13
89,77,38.343493,12
89,78,38.459943,11
89,79,6.593811,10
89,80,24.622715,9
89,81,25.035554,8
89,82,10.200341,7
89,83,8.72778300000001,6
89,84,10.030779,5
89,85,8.424611,4
89,86,7.816254,3
89,87,8.60057199999999,2
89,88,4.291536,1
90,1,19.7399,89
90,2,16.494431,88
90,3,12.279921,87
90,4,10.6604,86
90,5,6.305732,85
90,6,12.2363136,84
90,7,10.58804,83
90,8,17.591736,82
90,9,30.878368,81
90,10,16.379657,80
90,11,16.316088,79
90,12,20.393027,78
90,13,21.588518,77
90,14,16.477866,76
90,15,5.418211,75
90,16,5.460971,74
90,17,13.703743,73
90,18,8.534657,72
90,19,6.752093,71
90,20,1.835464,70
90,21,24.046232,69
90,22,29.836102,68
90,23,25.750303,67
90,24,24.920922,66
90,25,9.3433,65
90,26,13.201918,64
90,27,12.636453,63
90,28,11.459882,62
90,29,11.660177,61
90,30,10.7133978,60
90,31,12.739168,59
90,32,14.473761,58
90,33,3.600054,57
90,34,15.981652,56
90,35,10.365269,55
90,36,5.967539,54
90,37,10.196082,53
90,38,18.4523759,52
90,39,18.567718,51
90,40,18.923869,50
90,41,16.491413,49
90,42,13.919332,48
90,43,4.649843,47
90,44,12.877579,46
90,45,34.533804,45
90,46,5.434926,44
90,47,11.081465,43
90,48,26.497136,42
90,49,41.328893,41
90,50,39.492089,40
90,51,3.337713,39
90,52,10.0184,38
90,53,12.202821,37
90,54,10.055411,36
90,55,6.94334999999999,35
90,56,22.568731,34
90,57,5.774575,33
90,58,20.220766,32
90,59,26.20813,31
90,60,1.027407,30
90,61,15.416929,29
90,62,9.159536,28
90,63,1.24250000000001,27
90,64,20.473675,26
90,65,24.719497,25
90,66,11.155402,24
90,67,13.222482,23
90,68,4.522718,22
90,69,22.177427,21
90,70,8.140458,20
90,71,10.435893,19
90,72,21.925586,18
90,73,16.57199,17
90,74,11.324029,16
90,75,17.376693,15
90,76,23.454189,14
90,77,41.310957,13
90,78,41.427407,12
90,79,10.891225,11
90,80,27.590179,10
90,81,28.003018,9
90,82,13.167805,8
90,83,3.740147,7
90,84,1.065743,6
90,85,0.541625,5
90,86,3.319582,4
90,87,0.364763999999996,3
90,88,5.9264,2
90,89,8.965036,1
91,1,18.609204,90
91,2,11.224073,89
91,3,14.804083,88
91,4,17.293404,87
91,5,12.938736,86
91,6,18.8693176,85
91,7,17.221044,84
91,8,18.722432,83
91,9,32.009064,82
91,10,22.259447,81
91,11,22.949092,80
91,12,21.523723,79
91,13,22.719214,78
91,14,23.11087,77
91,15,12.051215,76
91,16,12.093975,75
91,17,20.336747,74
91,18,15.167661,73
91,19,5.62139700000001,72
91,20,8.468468,71
91,21,25.176928,70
91,22,36.469106,69
91,23,28.503471,68
91,24,31.553926,67
91,25,15.976304,66
91,26,14.332614,65
91,27,19.269457,64
91,28,18.092886,63
91,29,18.293181,62
91,30,17.3464018,61
91,31,19.372172,60
91,32,21.106765,59
91,33,4.73075,58
91,34,17.112348,57
91,35,16.998273,56
91,36,12.600543,55
91,37,9.065386,54
91,38,17.3216799,53
91,39,19.698414,52
91,40,25.556873,51
91,41,22.549691,50
91,42,20.552336,49
91,43,11.282847,48
91,44,6.244575,47
91,45,27.9008,46
91,46,6.565622,45
91,47,5.375339,44
91,48,23.697068,43
91,49,34.695889,42
91,50,32.859085,41
91,51,3.295291,40
91,52,3.38539600000001,39
91,53,18.835825,38
91,54,16.688415,37
91,55,1.410754,36
91,56,15.935727,35
91,57,5.022479,34
91,58,19.09007,33
91,59,19.575126,32
91,60,5.769211,31
91,61,8.78392500000001,30
91,62,14.706068,29
91,63,7.875504,28
91,64,14.756829,27
91,65,18.086493,26
91,66,12.286098,25
91,67,12.091786,24
91,68,3.056486,23
91,69,15.544423,22
91,70,4.956346,21
91,71,8.885911,20
91,72,15.292582,19
91,73,15.441294,18
91,74,10.193333,17
91,75,16.245997,16
91,76,22.323493,15
91,77,38.388547,14
91,78,34.794403,13
91,79,9.760529,12
91,80,20.957175,11
91,81,25.786386,10
91,82,9.810699,9
91,83,2.892857,8
91,84,5.94616099999999,7
91,85,7.17462899999999,6
91,86,9.952586,5
91,87,6.99776799999999,4
91,88,3.542804,3
91,89,7.83434,2
91,90,6.63300399999999,1
92,1,9.65709999999999,91
92,2,9.15863100000001,90
92,3,22.362721,89
92,4,17.9962,88
92,5,13.641532,87
92,6,19.5721136,86
92,7,17.92384,85
92,8,27.674536,84
92,9,40.961168,83
92,10,26.462457,82
92,11,23.651888,81
92,12,30.475827,80
92,13,31.671318,79
92,14,23.813666,78
92,15,12.754011,77
92,16,12.796771,76
92,17,21.039543,75
92,18,15.870457,74
92,19,3.330707,73
92,20,9.171264,72
92,21,34.129032,71
92,22,37.171902,70
92,23,35.833103,69
92,24,32.256722,68
92,25,16.6791,67
92,26,23.284718,66
92,27,19.972253,65
92,28,18.795682,64
92,29,18.995977,63
92,30,18.0491978,62
92,31,20.074968,61
92,32,21.809561,60
92,33,13.682854,59
92,34,26.064452,58
92,35,17.701069,57
92,36,13.303339,56
92,37,7.303082,55
92,38,11.9632759,54
92,39,28.650518,53
92,40,26.259669,52
92,41,26.574213,51
92,42,21.255132,50
92,43,12.819257,49
92,44,5.54177899999999,48
92,45,27.198004,47
92,46,15.517726,46
92,47,3.74566499999999,45
92,48,19.161336,44
92,49,33.993093,43
92,50,32.156289,42
92,51,7.494013,41
92,52,12.1512,40
92,53,19.538621,39
92,54,17.391211,38
92,55,7.54135,37
92,56,15.232931,36
92,57,5.725275,35
92,58,10.137966,34
92,59,18.87233,33
92,60,9.055393,32
92,61,8.081129,31
92,62,19.242336,30
92,63,9.4091,29
92,64,13.137875,28
92,65,17.383697,27
92,66,21.238202,26
92,67,7.110782,25
92,68,5.89561800000001,24
92,69,14.841627,23
92,70,3.995758,22
92,71,3.10009299999999,21
92,72,14.589786,20
92,73,6.48919,19
92,74,1.241229,18
92,75,8.094007,17
92,76,15.037411,16
92,77,33.975157,15
92,78,34.091607,14
92,79,2.22547499999999,13
92,80,20.254379,12
92,81,20.667218,11
92,82,5.832005,10
92,83,9.84554700000001,9
92,84,11.148543,8
92,85,9.542375,7
92,86,10.655382,6
92,87,9.718336,5
92,88,5.4093,4
92,89,4.368336,3
92,90,10.0828,2
92,91,8.952104,1
93,1,3.72968900000001,92
93,2,8.19804199999999,91
93,3,32.832732,90
93,4,26.465189,89
93,5,22.738579,88
93,6,28.0411026,87
93,7,26.392829,86
93,8,38.144547,85
93,9,51.431179,84
93,10,36.932468,83
93,11,32.120877,82
93,12,40.945838,81
93,13,42.141329,80
93,14,32.282655,79
93,15,21.223,78
93,16,22.09924,77
93,17,31.090268,76
93,18,24.339446,75
93,19,13.800718,74
93,20,19.474847,73
93,21,44.599043,72
93,22,45.640891,71
93,23,46.303114,70
93,24,40.725711,69
93,25,25.148089,68
93,26,33.754729,67
93,27,28.441242,66
93,28,27.264671,65
93,29,27.464966,64
93,30,26.5181868,63
93,31,29.211143,62
93,32,30.27855,61
93,33,24.152865,60
93,34,36.534463,59
93,35,26.170058,58
93,36,21.772328,57
93,37,15.772071,56
93,38,20.4322649,55
93,39,39.120529,54
93,40,35.616542,53
93,41,37.044224,52
93,42,29.724121,51
93,43,23.289268,50
93,44,13.46899,49
93,45,18.729015,48
93,46,25.987737,47
93,47,14.046776,46
93,48,10.692347,45
93,49,25.524104,44
93,50,23.6873,43
93,51,17.964024,42
93,52,22.621211,41
93,53,29.81259,40
93,54,25.8602,39
93,55,18.011361,38
93,56,15.255742,37
93,57,14.778236,36
93,58,7.965355,35
93,59,10.403341,34
93,60,19.525404,33
93,61,17.22094,32
93,62,29.712347,31
93,63,19.879111,30
93,64,4.668886,29
93,65,12.669208,28
93,66,31.708213,27
93,67,15.579771,26
93,68,16.365629,25
93,69,6.372638,24
93,70,14.465769,23
93,71,10.536204,22
93,72,6.120797,21
93,73,10.049279,20
93,74,9.228782,19
93,75,3.176118,18
93,76,6.56842199999999,17
93,77,25.506168,16
93,78,25.622618,15
93,79,9.661586,14
93,80,11.78539,13
93,81,12.198229,12
93,82,9.611416,11
93,83,20.315558,10
93,84,21.618554,9
93,85,20.012386,8
93,86,19.404029,7
93,87,20.188347,6
93,88,15.879311,5
93,89,12.837325,4
93,90,20.552811,3
93,91,19.422115,2
93,92,10.470011,1
94,1,41.978975,93
94,2,37.559644,92
94,3,62.225154,91
94,4,64.714475,90
94,5,60.359807,89
94,6,66.2903886,88
94,7,64.642115,87
94,8,65.058639,86
94,9,65.595707,85
94,10,69.680518,84
94,11,70.370163,83
94,12,62.791648,82
94,13,64.473157,81
94,14,70.531941,80
94,15,59.472286,79
94,16,59.515046,78
94,17,67.757818,77
94,18,62.588732,76
94,19,48.552068,75
94,20,55.889539,74
94,21,59.930443,73
94,22,83.890177,72
94,23,75.924542,71
94,24,78.974997,70
94,25,63.397375,69
94,26,57.044657,68
94,27,66.690528,67
94,28,65.513957,66
94,29,65.714252,65
94,30,64.7674728,64
94,31,66.793243,63
94,32,68.527836,62
94,33,51.401421,61
94,34,61.981523,60
94,35,64.419344,59
94,36,60.021614,58
94,37,54.021357,57
94,38,58.6815509,56
94,39,53.285057,55
94,40,72.977944,54
94,41,69.970762,53
94,42,67.973407,52
94,43,58.703918,51
94,44,41.176496,50
94,45,23.853429,49
94,46,49.609449,48
94,47,42.97261,47
94,48,27.556939,46
94,49,12.725182,45
94,50,30.895514,44
94,51,50.716362,43
94,52,44.035675,42
94,53,66.256896,41
94,54,64.109486,40
94,55,47.110725,39
94,56,31.485344,38
94,57,52.44355,37
94,58,46.214641,36
94,59,27.845945,35
94,60,53.190282,34
94,61,38.637146,33
94,62,62.127139,32
94,63,55.296575,31
94,64,33.5804,30
94,65,29.334578,29
94,66,48.632873,28
94,67,53.829057,27
94,68,49.531357,26
94,69,31.876648,25
94,70,45.913617,24
94,71,43.618182,23
94,72,32.128489,22
94,73,48.298565,21
94,74,47.197204,20
94,75,38.624268,19
94,76,31.680864,18
94,77,12.743118,17
94,78,12.626668,16
94,79,44.4928,15
94,80,26.463896,14
94,81,26.051057,13
94,82,40.88627,12
94,83,50.313928,11
94,84,53.367232,10
94,85,54.5957,9
94,86,57.373657,8
94,87,54.418839,7
94,88,48.127675,6
94,89,51.086611,5
94,90,54.054075,4
94,91,47.421071,3
94,92,46.718275,2
94,93,38.249286,1
95,1,20.459357,94
95,2,16.040026,93
95,3,40.705536,92
95,4,43.194857,91
95,5,38.840189,90
95,6,44.7707706,89
95,7,43.122497,88
95,8,43.539021,87
95,9,44.076089,86
95,10,48.1609,85
95,11,48.850545,84
95,12,41.27203,83
95,13,42.953539,82
95,14,49.012323,81
95,15,37.952668,80
95,16,37.995428,79
95,17,46.2382,78
95,18,41.069114,77
95,19,27.03245,76
95,20,34.369921,75
95,21,38.410825,74
95,22,62.370559,73
95,23,54.404924,72
95,24,57.455379,71
95,25,41.877757,70
95,26,35.525039,69
95,27,45.17091,68
95,28,43.994339,67
95,29,44.194634,66
95,30,43.2478548,65
95,31,45.273625,64
95,32,47.008218,63
95,33,29.881803,62
95,34,40.461905,61
95,35,42.899726,60
95,36,38.501996,59
95,37,32.501739,58
95,38,37.1619329,57
95,39,31.765439,56
95,40,51.458326,55
95,41,48.451144,54
95,42,46.453789,53
95,43,37.1843,52
95,44,19.656878,51
95,45,1.999347,50
95,46,28.089831,49
95,47,21.452992,48
95,48,15.129721,47
95,49,25.295464,46
95,50,9.041432,45
95,51,29.196744,44
95,52,22.516057,43
95,53,44.737278,42
95,54,42.589868,41
95,55,25.591107,40
95,56,9.965726,39
95,57,30.923932,38
95,58,24.695023,37
95,59,6.85672699999999,36
95,60,31.670664,35
95,61,17.117528,34
95,62,40.607521,33
95,63,33.776957,32
95,64,12.060782,31
95,65,7.81496,30
95,66,27.113255,29
95,67,32.309439,28
95,68,28.011739,27
95,69,10.35703,26
95,70,24.393999,25
95,71,22.098564,24
95,72,10.608871,23
95,73,26.778947,22
95,74,25.677586,21
95,75,17.10465,20
95,76,13.756146,19
95,77,29.8212,18
95,78,11.55955,17
95,79,22.973182,16
95,80,8.359778,15
95,81,17.219039,14
95,82,19.366652,13
95,83,28.79431,12
95,84,31.847614,11
95,85,33.076082,10
95,86,35.854039,9
95,87,32.899221,8
95,88,26.608057,7
95,89,29.566993,6
95,90,32.534457,5
95,91,25.901453,4
95,92,25.198657,3
95,93,16.729668,2
95,94,21.854082,1
96,1,10.472789,95
96,2,6.053458,94
96,3,30.718968,93
96,4,33.208289,92
96,5,28.853621,91
96,6,34.7842026,90
96,7,33.135929,89
96,8,34.053747,88
96,9,47.340379,87
96,10,38.174332,86
96,11,38.863977,85
96,12,36.855038,84
96,13,38.050529,83
96,14,39.025755,82
96,15,27.9661,81
96,16,28.00886,80
96,17,36.251632,79
96,18,31.082546,78
96,19,17.045882,77
96,20,24.383353,76
96,21,40.508243,75
96,22,52.383991,74
96,23,44.418356,73
96,24,47.468811,72
96,25,31.891189,71
96,26,29.663929,70
96,27,35.184342,69
96,28,34.007771,68
96,29,34.208066,67
96,30,33.2612868,66
96,31,35.287057,65
96,32,37.02165,64
96,33,20.062065,63
96,34,32.443663,62
96,35,32.913158,61
96,36,28.515428,60
96,37,22.515171,59
96,38,27.1753649,58
96,39,35.029729,57
96,40,41.471758,56
96,41,38.464576,55
96,42,36.467221,54
96,43,27.197732,53
96,44,9.67031000000001,52
96,45,11.985915,51
96,46,21.896937,50
96,47,11.466424,49
96,48,8.36575299999999,48
96,49,18.781004,47
96,50,16.9442,46
96,51,19.210176,45
96,52,18.530411,44
96,53,34.75071,43
96,54,32.6033,42
96,55,15.604539,41
96,56,11.164942,40
96,57,20.937364,39
96,58,14.708455,38
96,59,3.66024099999998,37
96,60,21.684096,36
96,61,13.13014,35
96,62,30.620953,34
96,63,23.790389,33
96,64,2.07421400000001,32
96,65,8.57840800000001,31
96,66,27.617413,30
96,67,22.322871,29
96,68,18.025171,28
96,69,0.370462000000003,27
96,70,14.407431,26
96,71,12.111996,25
96,72,1.632797,24
96,73,16.792379,23
96,74,15.691018,22
96,75,7.11808200000001,21
96,76,6.99217799999999,20
96,77,23.057232,19
96,78,18.879518,18
96,79,12.986614,17
96,80,5.04229,16
96,81,10.455071,15
96,82,9.380084,14
96,83,18.807742,13
96,84,21.861046,12
96,85,23.089514,11
96,86,25.867471,10
96,87,22.912653,9
96,88,16.621489,8
96,89,19.580425,7
96,90,22.547889,6
96,91,15.914885,5
96,92,15.212089,4
96,93,6.7431,3
96,94,31.506186,2
96,95,9.98656799999999,1
97,1,10.635672,96
97,2,17.770759,95
97,3,42.405449,94
97,4,33.371172,93
97,5,32.311296,92
97,6,34.9470856,91
97,7,34.158288,90
97,8,47.717264,89
97,9,61.003896,88
97,10,46.505185,87
97,11,39.02686,86
97,12,50.518555,85
97,13,51.714046,84
97,14,39.188638,83
97,15,28.128983,82
97,16,31.671957,81
97,17,40.662985,80
97,18,31.245429,79
97,19,23.373435,78
97,20,29.047564,77
97,21,54.17176,76
97,22,53.841046,75
97,23,55.875831,74
97,24,47.631694,73
97,25,32.054072,72
97,26,43.327446,71
97,27,35.347225,70
97,28,34.170654,69
97,29,34.370949,68
97,30,33.4241698,67
97,31,38.78386,66
97,32,37.184533,65
97,33,33.725582,64
97,34,46.10718,63
97,35,33.076041,62
97,36,28.678311,61
97,37,22.678054,60
97,38,27.3382479,59
97,39,48.693246,58
97,40,45.189259,57
97,41,46.616941,56
97,42,36.630104,55
97,43,32.861985,54
97,44,23.041707,53
97,45,22.426832,52
97,46,35.560454,51
97,47,23.619493,50
97,48,5.29776400000001,49
97,49,18.618121,48
97,50,29.468917,47
97,51,27.536741,46
97,52,32.193928,45
97,53,39.385307,44
97,54,32.766183,43
97,55,27.584078,42
97,56,24.828459,41
97,57,24.350953,40
97,58,14.871338,39
97,59,13.570758,38
97,60,29.098121,37
97,61,26.793657,36
97,62,39.285064,35
97,63,29.451828,34
97,64,14.238003,33
97,65,22.241925,32
97,66,41.28093,31
97,67,22.485754,30
97,68,25.938346,29
97,69,13.875055,28
97,70,24.038486,27
97,71,20.108921,26
97,72,15.296314,25
97,73,16.955262,24
97,74,18.801499,23
97,75,12.748835,22
97,76,6.67133900000001,21
97,77,18.600185,20
97,78,18.716635,19
97,79,19.234303,18
97,80,12.067707,17
97,81,5.29224599999999,16
97,82,19.184133,15
97,83,29.888275,14
97,84,31.191271,13
97,85,29.585103,12
97,86,28.976746,11
97,87,29.761064,10
97,88,25.452028,9
97,89,21.160492,8
97,90,30.125528,7
97,91,28.994832,6
97,92,20.042728,5
97,93,9.57271700000001,4
97,94,31.343303,3
97,95,20.427485,2
97,96,13.663517,1
98,1,10.330482,97
98,2,5.832649,96
98,3,21.689339,95
98,4,21.322182,94
98,5,16.967514,93
98,6,22.8980956,92
98,7,21.249822,91
98,8,27.001154,90
98,9,40.287786,89
98,10,26.288225,88
98,11,26.97787,87
98,12,29.802445,86
98,13,30.997936,85
98,14,27.139648,84
98,15,16.079993,83
98,16,16.122753,82
98,17,24.365525,81
98,18,19.196439,80
98,19,5.159775,79
98,20,12.497246,78
98,21,33.45565,77
98,22,40.497884,76
98,23,35.159721,75
98,24,35.582704,74
98,25,20.005082,73
98,26,22.611336,72
98,27,23.298235,71
98,28,22.121664,70
98,29,22.321959,69
98,30,21.3751798,68
98,31,23.40095,67
98,32,25.135543,66
98,33,13.009472,65
98,34,25.39107,64
98,35,21.027051,63
98,36,16.629321,62
98,37,10.629064,61
98,38,15.2892579,60
98,39,27.977136,59
98,40,29.585651,58
98,41,26.578469,57
98,42,24.581114,56
98,43,15.311625,55
98,44,2.32559700000001,54
98,45,23.872022,53
98,46,14.844344,52
98,47,2.90338300000001,51
98,48,15.835354,50
98,49,30.667111,49
98,50,28.830307,48
98,51,7.32406900000001,47
98,52,11.477818,46
98,53,22.864603,45
98,54,20.717193,44
98,55,6.86796800000001,43
98,56,11.906949,42
98,57,9.051257,41
98,58,10.811348,40
98,59,15.546348,39
98,60,9.79798900000001,38
98,61,6.07754700000001,37
98,62,18.734846,36
98,63,11.904282,35
98,64,9.81189299999999,34
98,65,14.057715,33
98,66,20.56482,32
98,67,10.436764,31
98,68,6.13906400000001,30
98,69,11.515645,29
98,70,3.32237600000001,28
98,71,0.607188999999988,27
98,72,11.263804,26
98,73,7.162572,25
98,74,3.804911,24
98,75,7.96727499999999,23
98,76,14.044771,22
98,77,30.649175,21
98,78,30.765625,20
98,79,1.48180699999999,19
98,80,16.928397,18
98,81,17.507664,17
98,82,2.506023,16
98,83,9.17216500000001,15
98,84,10.475161,14
98,85,11.203407,13
98,86,13.981364,12
98,87,11.026546,11
98,88,4.73591800000001,10
98,89,7.69431800000001,9
98,90,10.661782,8
98,91,8.27872200000001,7
98,92,3.32598200000001,6
98,93,11.143393,5
98,94,43.392293,4
98,95,21.872675,3
98,96,11.886107,2
98,97,20.71611,1
99,1,5.14772099999999,98
99,2,9.56705200000001,97
99,3,30.538742,96
99,4,21.234321,95
99,5,20.444589,94
99,6,19.1636926,93
99,7,22.291581,92
99,8,35.850557,91
99,9,49.137189,90
99,10,34.638478,89
99,11,23.243467,88
99,12,38.651848,87
99,13,39.847339,86
99,14,23.405245,85
99,15,15.67951,84
99,16,19.80525,83
99,17,28.796278,82
99,18,17.296764,81
99,19,11.506728,80
99,20,17.180857,79
99,21,42.305053,78
99,22,41.974339,77
99,23,44.009124,76
99,24,35.231399,75
99,25,16.270679,74
99,26,31.460739,73
99,27,19.563832,72
99,28,18.387261,71
99,29,20.233344,70
99,30,17.6407768,69
99,31,26.917153,68
99,32,21.40114,67
99,33,21.858875,66
99,34,34.240473,65
99,35,17.292648,64
99,36,16.646382,63
99,37,8.062739,62
99,38,11.5548549,61
99,39,36.826539,60
99,40,33.322552,59
99,41,34.750234,58
99,42,20.846711,57
99,43,20.995278,56
99,44,11.175,55
99,45,27.606425,54
99,46,23.693747,53
99,47,11.752786,52
99,48,19.569757,51
99,49,34.401514,50
99,50,32.56471,49
99,51,15.670034,48
99,52,20.327221,47
99,53,27.5186,46
99,54,16.98279,45
99,55,15.717371,44
99,56,15.641352,43
99,57,12.484246,42
99,58,1.961945,41
99,59,19.280751,40
99,60,17.231414,39
99,61,14.92695,38
99,62,27.418357,37
99,63,17.585121,36
99,64,13.546296,35
99,65,17.792118,34
99,66,29.414223,33
99,67,6.702361,32
99,68,14.071639,31
99,69,15.250048,30
99,70,12.171779,29
99,71,8.24221400000001,28
99,72,14.998207,27
99,73,1.686831,26
99,74,6.934792,25
99,75,8.50242799999999,24
99,76,15.445832,23
99,77,34.383578,22
99,78,34.500028,21
99,79,7.36759600000001,20
99,80,20.6628,19
99,81,21.075639,18
99,82,7.317426,17
99,83,18.021568,16
99,84,19.324564,15
99,85,17.718396,14
99,86,17.110039,13
99,87,17.894357,12
99,88,13.585321,11
99,89,9.293785,10
99,90,18.258821,9
99,91,17.128125,8
99,92,8.176021,7
99,93,8.87741,6
99,94,47.126696,5
99,95,25.607078,4
99,96,15.62051,3
99,97,15.783393,2
99,98,8.849403,1
100,1,10.383293,99
100,2,17.768424,98
100,3,42.403114,97
100,4,33.098693,96
100,5,32.308961,95
100,6,32.8617206,94
100,7,34.155953,93
100,8,47.714929,92
100,9,61.001561,91
100,10,46.50285,90
100,11,36.941495,89
100,12,50.51622,88
100,13,51.711711,87
100,14,37.103273,86
100,15,27.543882,85
100,16,31.669622,84
100,17,40.66065,83
100,18,29.161136,82
100,19,23.3711,81
100,20,29.045229,80
100,21,54.169425,79
100,22,53.838711,78
100,23,55.873496,77
100,24,47.095771,76
100,25,29.968707,75
100,26,43.325111,74
100,27,33.26186,73
100,28,32.085289,72
100,29,32.285584,71
100,30,31.3388048,70
100,31,38.781525,69
100,32,35.099168,68
100,33,33.723247,67
100,34,46.104845,66
100,35,30.990676,65
100,36,28.510754,64
100,37,20.592689,63
100,38,25.2528829,62
100,39,48.690911,61
100,40,45.186924,60
100,41,46.614606,59
100,42,34.544739,58
100,43,32.85965,57
100,44,23.039372,56
100,45,22.424497,55
100,46,35.558119,54
100,47,23.617158,53
100,48,5.87172900000001,52
100,49,20.703486,51
100,50,29.466582,50
100,51,27.534406,49
100,52,32.191593,48
100,53,39.382972,47
100,54,30.680818,46
100,55,27.581743,45
100,56,24.826124,44
100,57,24.348618,43
100,58,12.785973,42
100,59,13.568423,41
100,60,29.095786,40
100,61,26.791322,39
100,62,39.282729,38
100,63,29.449493,37
100,64,14.235668,36
100,65,22.23959,35
100,66,41.278595,34
100,67,20.400389,33
100,68,25.936011,32
100,69,13.87272,31
100,70,24.036151,30
100,71,20.106586,29
100,72,15.293979,28
100,73,14.869897,27
100,74,18.799164,26
100,75,12.7465,25
100,76,6.669004,24
100,77,20.68555,23
100,78,20.802,22
100,79,19.231968,21
100,80,12.065372,20
100,81,7.37761100000001,19
100,82,19.181798,18
100,83,29.88594,17
100,84,31.188936,16
100,85,29.582768,15
100,86,28.974411,14
100,87,29.758729,13
100,88,25.449693,12
100,89,21.158157,11
100,90,30.123193,10
100,91,28.992497,9
100,92,20.040393,8
100,93,9.570382,7
100,94,33.428668,6
100,95,20.42515,5
100,96,13.661182,4
100,97,2.08536500000001,3
100,98,20.713775,2
100,99,13.698028,1
101,1,41.228676,100
101,2,36.809345,99
101,3,61.474855,98
101,4,63.964176,97
101,5,59.609508,96
101,6,65.5400896,95
101,7,63.891816,94
101,8,64.30834,93
101,9,69.867192,92
101,10,68.930219,91
101,11,69.619864,90
101,12,62.041349,89
101,13,63.722858,88
101,14,69.781642,87
101,15,58.721987,86
101,16,58.764747,85
101,17,67.007519,84
101,18,61.838433,83
101,19,47.801769,82
101,20,55.13924,81
101,21,63.035056,80
101,22,83.139878,79
101,23,75.174243,78
101,24,78.224698,77
101,25,62.647076,76
101,26,56.294358,75
101,27,65.940229,74
101,28,64.763658,73
101,29,64.963953,72
101,30,64.0171738,71
101,31,66.042944,70
101,32,67.777537,69
101,33,50.651122,68
101,34,61.231224,67
101,35,63.669045,66
101,36,59.271315,65
101,37,53.271058,64
101,38,57.9312519,63
101,39,57.556542,62
101,40,72.227645,61
101,41,69.220463,60
101,42,67.223108,59
101,43,57.953619,58
101,44,40.426197,57
101,45,31.290128,56
101,46,48.85915,55
101,47,42.222311,54
101,48,26.80664,53
101,49,11.974883,52
101,50,38.332213,51
101,51,49.966063,50
101,52,43.285376,49
101,53,65.506597,48
101,54,63.359187,47
101,55,46.360426,46
101,56,33.691755,45
101,57,51.693251,44
101,58,45.464342,43
101,59,27.095646,42
101,60,52.439983,41
101,61,37.886847,40
101,62,61.37684,39
101,63,54.546276,38
101,64,32.830101,37
101,65,31.105221,36
101,66,50.144226,35
101,67,53.078758,34
101,68,48.781058,33
101,69,31.126349,32
101,70,45.163318,31
101,71,42.867883,30
101,72,31.37819,29
101,73,47.548266,28
101,74,46.446905,27
101,75,37.873969,26
101,76,30.930565,25
101,77,11.992819,24
101,78,17.731231,23
101,79,43.742501,22
101,80,25.713597,21
101,81,25.300758,20
101,82,40.135971,19
101,83,49.563629,18
101,84,52.616933,17
101,85,53.845401,16
101,86,56.623358,15
101,87,53.66854,14
101,88,47.377376,13
101,89,50.336312,12
101,90,53.303776,11
101,91,46.670772,10
101,92,45.967976,9
101,93,37.498987,8
101,94,7.43669899999999,7
101,95,29.290781,6
101,96,30.755887,5
101,97,30.593004,4
101,98,42.641994,3
101,99,46.376397,2
101,100,32.678369,1
102,1,27.081361,101
102,2,22.66203,100
102,3,47.32754,99
102,4,49.816861,98
102,5,45.462193,97
102,6,51.3927746,96
102,7,49.744501,95
102,8,50.161025,94
102,9,62.365607,93
102,10,54.782904,92
102,11,55.472549,91
102,12,51.880266,90
102,13,53.075757,89
102,14,55.634327,88
102,15,44.574672,87
102,16,44.617432,86
102,17,52.860204,85
102,18,47.691118,84
102,19,33.654454,83
102,20,40.991925,82
102,21,55.533471,81
102,22,68.992563,80
102,23,61.026928,79
102,24,64.077383,78
102,25,48.499761,77
102,26,44.689157,76
102,27,51.792914,75
102,28,50.616343,74
102,29,50.816638,73
102,30,49.8698588,72
102,31,51.895629,71
102,32,53.630222,70
102,33,36.503807,69
102,34,47.468891,68
102,35,49.52173,67
102,36,45.124,66
102,37,39.123743,65
102,38,43.7839369,64
102,39,50.054957,63
102,40,58.08033,62
102,41,55.073148,61
102,42,53.075793,60
102,43,43.806304,59
102,44,26.278882,58
102,45,23.788543,57
102,46,36.922165,56
102,47,28.074996,55
102,48,12.659325,54
102,49,3.50626799999999,53
102,50,30.830628,52
102,51,35.818748,51
102,52,33.555639,50
102,53,51.359282,49
102,54,49.211872,48
102,55,32.213111,47
102,56,26.19017,46
102,57,37.545936,45
102,58,31.317027,44
102,59,14.932469,43
102,60,38.292668,42
102,61,28.155368,41
102,62,47.229525,40
102,63,40.398961,39
102,64,18.682786,38
102,65,23.603636,37
102,66,42.642641,36
102,67,38.931443,35
102,68,34.633743,34
102,69,16.979034,33
102,70,31.016003,32
102,71,28.720568,31
102,72,17.230875,30
102,73,33.400951,29
102,74,32.29959,28
102,75,23.726654,27
102,76,16.78325,26
102,77,8.032004,25
102,78,10.229646,24
102,79,29.595186,23
102,80,13.429418,22
102,81,11.153443,21
102,82,25.988656,20
102,83,35.416314,19
102,84,38.469618,18
102,85,39.698086,17
102,86,42.476043,16
102,87,39.521225,15
102,88,33.230061,14
102,89,36.188997,13
102,90,39.156461,12
102,91,32.523457,11
102,92,31.820661,10
102,93,23.351672,9
102,94,14.897614,8
102,95,21.789196,7
102,96,16.608572,6
102,97,16.445689,5
102,98,28.494679,4
102,99,32.229082,3
102,100,18.531054,2
102,101,14.147315,1
103,1,14.090157,102
103,2,9.67082599999999,101
103,3,34.336336,100
103,4,36.825657,99
103,5,32.470989,98
103,6,38.4015706,97
103,7,36.753297,96
103,8,39.338879,95
103,9,52.625511,94
103,10,41.7917,93
103,11,42.481345,92
103,12,42.14017,91
103,13,43.335661,90
103,14,42.643123,89
103,15,31.583468,88
103,16,31.626228,87
103,17,39.869,86
103,18,34.699914,85
103,19,20.66325,84
103,20,28.000721,83
103,21,45.793375,82
103,22,56.001359,81
103,23,48.035724,80
103,24,51.086179,79
103,25,35.508557,78
103,26,34.949061,77
103,27,38.80171,76
103,28,37.625139,75
103,29,37.825434,74
103,30,36.8786548,73
103,31,38.904425,72
103,32,40.639018,71
103,33,25.347197,70
103,34,37.728795,69
103,35,36.530526,68
103,36,32.132796,67
103,37,26.132539,66
103,38,30.7927329,65
103,39,40.314861,64
103,40,45.089126,63
103,41,42.081944,62
103,42,40.084589,61
103,43,30.8151,60
103,44,14.663322,59
103,45,14.048447,58
103,46,27.182069,57
103,47,15.241108,56
103,48,3.08062099999999,55
103,49,15.163636,54
103,50,21.090532,53
103,51,22.827544,52
103,52,23.815543,51
103,53,38.368078,50
103,54,36.220668,49
103,55,19.221907,48
103,56,16.450074,47
103,57,24.554732,46
103,58,18.325823,45
103,59,5.19237300000002,44
103,60,25.301464,43
103,61,18.415272,42
103,62,34.238321,41
103,63,27.407757,40
103,64,5.85961800000002,39
103,65,13.86354,38
103,66,32.902545,37
103,67,25.940239,36
103,68,21.642539,35
103,69,5.49667000000001,34
103,70,18.024799,33
103,71,15.729364,32
103,72,6.917929,31
103,73,20.409747,30
103,74,19.308386,29
103,75,10.73545,28
103,76,3.79204600000001,27
103,77,17.7721,26
103,78,15.26215,25
103,79,16.603982,24
103,80,3.68932200000001,23
103,81,5.16993899999999,22
103,82,12.997452,21
103,83,22.42511,20
103,84,25.478414,19
103,85,26.706882,18
103,86,29.484839,17
103,87,26.530021,16
103,88,20.238857,15
103,89,23.197793,14
103,90,26.165257,13
103,91,20.616447,12
103,92,18.829457,11
103,93,10.360468,10
103,94,27.888818,9
103,95,12.0491,8
103,96,5.285132,7
103,97,8.378385,6
103,98,15.503475,5
103,99,19.237878,4
103,100,8.37604999999999,3
103,101,27.138519,2
103,102,12.991204,1
104,1,18.200532,103
104,2,25.585663,102
104,3,50.220353,101
104,4,40.915932,100
104,5,40.1262,99
104,6,35.8459816,98
104,7,41.973192,97
104,8,55.532168,96
104,9,68.8188,95
104,10,54.320089,94
104,11,41.457644,93
104,12,58.333459,92
104,13,59.52895,91
104,14,42.211166,90
104,15,35.361121,89
104,16,39.486861,88
104,17,48.477889,87
104,18,36.978375,86
104,19,31.188339,85
104,20,36.862468,84
104,21,61.986664,83
104,22,61.65595,82
104,23,63.690735,81
104,24,54.91301,80
104,25,35.511832,79
104,26,51.14235,78
104,27,36.666479,77
104,28,36.75795,76
104,29,39.914955,75
104,30,34.3230658,74
104,31,46.598764,73
104,32,38.083429,72
104,33,41.540486,71
104,34,53.922084,70
104,35,36.271563,69
104,36,36.327993,68
104,37,27.74435,67
104,38,28.2371439,66
104,39,56.50815,65
104,40,53.004163,64
104,41,54.431845,63
104,42,37.529,62
104,43,40.676889,61
104,44,30.856611,60
104,45,30.241736,59
104,46,43.375358,58
104,47,31.434397,57
104,48,13.112668,56
104,49,17.719225,55
104,50,37.283821,54
104,51,35.351645,53
104,52,40.008832,52
104,53,47.200211,51
104,54,33.665079,50
104,55,35.398982,49
104,56,32.643363,48
104,57,32.165857,47
104,58,17.719666,46
104,59,21.385662,45
104,60,36.913025,44
104,61,34.608561,43
104,62,47.099968,42
104,63,37.266732,41
104,64,22.052907,40
104,65,30.056829,39
104,66,49.095834,38
104,67,24.71795,37
104,68,33.75325,36
104,69,21.689959,35
104,70,31.85339,34
104,71,27.923825,33
104,72,23.111218,32
104,73,21.368442,31
104,74,26.616403,30
104,75,20.563739,29
104,76,14.486243,28
104,77,17.701289,27
104,78,17.817739,26
104,79,27.049207,25
104,80,19.882611,24
104,81,11.02335,23
104,82,26.999037,22
104,83,37.703179,21
104,84,39.006175,20
104,85,37.400007,19
104,86,36.79165,18
104,87,37.575968,17
104,88,33.266932,16
104,89,28.975396,15
104,90,37.940432,14
104,91,36.809736,13
104,92,27.857632,12
104,93,17.387621,11
104,94,30.444407,10
104,95,28.242389,9
104,96,21.478421,8
104,97,7.81490399999999,7
104,98,28.531014,6
104,99,19.681611,5
104,100,7.81723900000001,4
104,101,29.694108,3
104,102,15.546793,2
104,103,16.193289,1
105,1,16.160443,104
105,2,14.711088,103
105,3,39.345778,102
105,4,38.895943,101
105,5,34.541275,100
105,6,40.4718566,99
105,7,38.823583,98
105,8,44.657593,97
105,9,57.944225,96
105,10,43.861986,95
105,11,44.551631,94
105,12,47.458884,93
105,13,48.654375,92
105,14,44.713409,91
105,15,33.653754,90
105,16,33.696514,89
105,17,41.939286,88
105,18,36.7702,87
105,19,22.733536,86
105,20,30.071007,85
105,21,51.112089,84
105,22,58.071645,83
105,23,52.81616,82
105,24,53.156465,81
105,25,37.578843,80
105,26,40.267775,79
105,27,40.871996,78
105,28,39.695425,77
105,29,39.89572,76
105,30,38.9489408,75
105,31,40.974711,74
105,32,42.709304,73
105,33,30.665911,72
105,34,43.047509,71
105,35,38.600812,70
105,36,34.203082,69
105,37,28.202825,68
105,38,32.8630189,67
105,39,45.633575,66
105,40,47.159412,65
105,41,44.15223,64
105,42,42.154875,63
105,43,32.885386,62
105,44,19.982036,61
105,45,19.367161,60
105,46,32.500783,59
105,47,20.559822,58
105,48,2.238093,57
105,49,13.09335,56
105,50,26.409246,55
105,51,24.89783,54
105,52,29.134257,53
105,53,40.438364,52
105,54,38.290954,51
105,55,24.524407,50
105,56,21.768788,49
105,57,26.625018,48
105,58,20.396109,47
105,59,10.511087,46
105,60,27.37175,45
105,61,23.733986,44
105,62,36.308607,43
105,63,29.478043,42
105,64,11.178332,41
105,65,19.182254,40
105,66,38.221259,39
105,67,28.010525,38
105,68,23.712825,37
105,69,10.815384,36
105,70,20.978815,35
105,71,17.79965,34
105,72,12.236643,33
105,73,22.480033,32
105,74,21.378672,31
105,75,12.805736,30
105,76,5.862332,29
105,77,13.075414,28
105,78,13.191864,27
105,79,18.674268,26
105,80,9.008036,25
105,81,0.232524999999995,24
105,82,16.124462,23
105,83,26.828604,22
105,84,28.1316,21
105,85,28.777168,20
105,86,31.555125,19
105,87,28.600307,18
105,88,22.392357,17
105,89,25.268079,16
105,90,28.235543,15
105,91,25.935161,14
105,92,20.899743,13
105,93,12.430754,12
105,94,25.818532,11
105,95,17.367814,10
105,96,10.603846,9
105,97,5.52477099999999,8
105,98,17.656439,7
105,99,21.308164,6
105,100,7.610136,5
105,101,25.068233,4
105,102,10.920918,3
105,103,5.31871399999999,2
105,104,10.874575,1
106,1,21.364304,105
106,2,16.944973,104
106,3,41.610483,103
106,4,44.099804,102
106,5,39.745136,101
106,6,45.6757176,100
106,7,44.027444,99
106,8,44.443968,98
106,9,47.814064,97
106,10,49.065847,96
106,11,49.755492,95
106,12,42.176977,94
106,13,43.858486,93
106,14,49.91727,92
106,15,38.857615,91
106,16,38.900375,90
106,17,47.143147,89
106,18,41.974061,88
106,19,27.937397,87
106,20,35.274868,86
106,21,40.981928,85
106,22,63.275506,84
106,23,55.309871,83
106,24,58.360326,82
106,25,42.782704,81
106,26,36.429986,80
106,27,46.075857,79
106,28,44.899286,78
106,29,45.099581,77
106,30,44.1528018,76
106,31,46.178572,75
106,32,47.913165,74
106,33,30.78675,73
106,34,41.366852,72
106,35,43.804673,71
106,36,39.406943,70
106,37,33.406686,69
106,38,38.0668799,68
106,39,35.503414,67
106,40,52.363273,66
106,41,49.356091,65
106,42,47.358736,64
106,43,38.089247,63
106,44,20.561825,62
106,45,9.23699999999999,61
106,46,28.994778,60
106,47,22.357939,59
106,48,7.892068,58
106,49,18.057811,57
106,50,16.279085,56
106,51,30.101691,55
106,52,23.421004,54
106,53,45.642225,53
106,54,43.494815,52
106,55,26.496054,51
106,56,11.638627,50
106,57,31.828879,49
106,58,25.59997,48
106,59,7.23127400000001,47
106,60,32.575611,46
106,61,18.022475,45
106,62,41.512468,44
106,63,34.681904,43
106,64,12.965729,42
106,65,9.052093,41
106,66,28.091098,40
106,67,33.214386,39
106,68,28.916686,38
106,69,11.261977,37
106,70,25.298946,36
106,71,23.003511,35
106,72,11.513818,34
106,73,27.683894,33
106,74,26.582533,32
106,75,18.009597,31
106,76,11.066193,30
106,77,22.583547,29
106,78,7.98800300000001,28
106,79,23.878129,27
106,80,5.849225,26
106,81,9.981386,25
106,82,20.271599,24
106,83,29.699257,23
106,84,32.752561,22
106,85,33.981029,21
106,86,36.758986,20
106,87,33.804168,19
106,88,27.513004,18
106,89,30.47194,17
106,90,33.439404,16
106,91,26.8064,15
106,92,26.103604,14
106,93,17.634615,13
106,94,20.614671,12
106,95,7.23765299999999,11
106,96,10.891515,10
106,97,13.189832,9
106,98,22.777622,8
106,99,26.512025,7
106,100,13.187497,6
106,101,22.053128,5
106,102,14.551543,4
106,103,7.274147,3
106,104,21.004736,2
106,105,10.130161,1
107,1,21.895,106
107,2,17.475669,105
107,3,42.141179,104
107,4,44.6305,103
107,5,40.275832,102
107,6,46.2064136,101
107,7,44.55814,100
107,8,44.974664,99
107,9,53.344568,98
107,10,49.596543,97
107,11,50.286188,96
107,12,42.859227,95
107,13,44.389182,94
107,14,50.447966,93
107,15,39.388311,92
107,16,39.431071,91
107,17,47.673843,90
107,18,42.504757,89
107,19,28.468093,88
107,20,35.805564,87
107,21,46.512432,86
107,22,63.806202,85
107,23,55.840567,84
107,24,58.891022,83
107,25,43.3134,82
107,26,36.960682,81
107,27,46.606553,80
107,28,45.429982,79
107,29,45.630277,78
107,30,44.6834978,77
107,31,46.709268,76
107,32,48.443861,75
107,33,31.317446,74
107,34,41.897548,73
107,35,44.335369,72
107,36,39.937639,71
107,37,33.937382,70
107,38,38.5975759,69
107,39,41.033918,68
107,40,52.893969,67
107,41,49.886787,66
107,42,47.889432,65
107,43,38.619943,64
107,44,21.092521,63
107,45,14.767504,62
107,46,29.525474,61
107,47,22.888635,60
107,48,7.472964,59
107,49,12.527307,58
107,50,21.809589,57
107,51,30.632387,56
107,52,24.5346,55
107,53,46.172921,54
107,54,44.025511,53
107,55,27.02675,52
107,56,17.169131,51
107,57,32.359575,50
107,58,26.130666,49
107,59,7.76197000000001,48
107,60,33.106307,47
107,61,19.134329,46
107,62,42.043164,45
107,63,35.2126,44
107,64,13.496425,43
107,65,14.582597,42
107,66,33.621602,41
107,67,33.745082,40
107,68,29.447382,39
107,69,11.792673,38
107,70,25.829642,37
107,71,23.534207,36
107,72,12.044514,35
107,73,28.21459,34
107,74,27.113229,33
107,75,18.540293,32
107,76,11.596889,31
107,77,17.053043,30
107,78,7.457307,29
107,79,24.408825,28
107,80,6.379921,27
107,81,5.967082,26
107,82,20.802295,25
107,83,30.229953,24
107,84,33.283257,23
107,85,34.511725,22
107,86,37.289682,21
107,87,34.334864,20
107,88,28.0437,19
107,89,31.002636,18
107,90,33.9701,17
107,91,27.337096,16
107,92,26.6343,15
107,93,18.165311,14
107,94,20.083975,13
107,95,12.768157,12
107,96,11.422211,11
107,97,11.259328,10
107,98,23.308318,9
107,99,27.042721,8
107,100,13.344693,7
107,101,19.333676,6
107,102,9.021039,5
107,103,7.804843,4
107,104,15.474232,3
107,105,5.73455700000001,2
107,106,5.530504,1
108,1,21.137257,107
108,2,28.104174,106
108,3,52.738864,105
108,4,43.872757,104
108,5,42.644711,103
108,6,45.4486706,102
108,7,44.491703,101
108,8,58.050679,100
108,9,71.337311,99
108,10,56.8386,98
108,11,49.528445,97
108,12,60.85197,96
108,13,62.047461,95
108,14,49.690223,94
108,15,38.630568,93
108,16,42.005372,92
108,17,50.9964,91
108,18,41.747014,90
108,19,33.70685,89
108,20,39.380979,88
108,21,64.505175,87
108,22,64.174461,86
108,23,66.209246,85
108,24,58.133279,84
108,25,42.555657,83
108,26,53.660861,82
108,27,45.84881,81
108,28,44.672239,80
108,29,44.872534,79
108,30,43.9257548,78
108,31,49.117275,77
108,32,47.686118,76
108,33,44.058997,75
108,34,56.440595,74
108,35,43.577626,73
108,36,39.179896,72
108,37,33.179639,71
108,38,37.8398329,70
108,39,59.026661,69
108,40,55.522674,68
108,41,56.950356,67
108,42,47.131689,66
108,43,43.1954,65
108,44,33.375122,64
108,45,32.760247,63
108,46,45.893869,62
108,47,33.952908,61
108,48,15.631179,60
108,49,8.116536,59
108,50,39.802332,58
108,51,37.870156,57
108,52,42.527343,56
108,53,49.718722,55
108,54,43.267768,54
108,55,37.917493,53
108,56,35.161874,52
108,57,34.684368,51
108,58,25.372923,50
108,59,23.904173,49
108,60,39.431536,48
108,61,37.127072,47
108,62,49.618479,46
108,63,39.785243,45
108,64,24.571418,44
108,65,32.57534,43
108,66,51.614345,42
108,67,32.987339,41
108,68,36.271761,40
108,69,24.20847,39
108,70,34.371901,38
108,71,30.442336,37
108,72,25.629729,36
108,73,27.456847,35
108,74,29.134914,34
108,75,23.08225,33
108,76,17.004754,32
108,77,8.0986,31
108,78,19.20135,30
108,79,29.567718,29
108,80,22.401122,28
108,81,13.541861,27
108,82,29.517548,26
108,83,40.22169,25
108,84,41.524686,24
108,85,39.918518,23
108,86,39.310161,22
108,87,40.094479,21
108,88,35.785443,20
108,89,31.493907,19
108,90,40.458943,18
108,91,39.328247,17
108,92,30.376143,16
108,93,19.906132,15
108,94,20.841718,14
108,95,30.7609,13
108,96,23.996932,12
108,97,10.501585,11
108,98,31.049525,10
108,99,26.284978,9
108,100,12.58695,8
108,101,20.091419,7
108,102,8.971704,6
108,103,18.7118,5
108,104,9.602689,4
108,105,13.393086,3
108,106,23.523247,2
108,107,17.992743,1
109,1,19.010775,108
109,2,26.395906,107
109,3,51.030596,106
109,4,41.726175,105
109,5,40.936443,104
109,6,42.9905386,103
109,7,42.783435,102
109,8,56.342411,101
109,9,69.629043,100
109,10,55.130332,99
109,11,47.070313,98
109,12,59.143702,97
109,13,60.339193,96
109,14,47.232091,95
109,15,36.172436,94
109,16,40.297104,93
109,17,49.288132,92
109,18,39.288882,91
109,19,31.998582,90
109,20,37.672711,89
109,21,62.796907,88
109,22,62.466193,87
109,23,64.500978,86
109,24,55.723253,85
109,25,40.097525,84
109,26,51.952593,83
109,27,43.390678,82
109,28,42.214107,81
109,29,42.414402,80
109,30,41.4676228,79
109,31,47.409007,78
109,32,45.227986,77
109,33,42.350729,76
109,34,54.732327,75
109,35,41.119494,74
109,36,37.138236,73
109,37,30.721507,72
109,38,35.3817009,71
109,39,57.318393,70
109,40,53.814406,69
109,41,55.242088,68
109,42,44.673557,67
109,43,41.487132,66
109,44,31.666854,65
109,45,31.051979,64
109,46,44.185601,63
109,47,32.24464,62
109,48,13.922911,61
109,49,10.574668,60
109,50,38.094064,59
109,51,36.161888,58
109,52,40.819075,57
109,53,48.010454,56
109,54,40.809636,55
109,55,36.209225,54
109,56,33.453606,53
109,57,32.9761,52
109,58,22.914791,51
109,59,22.195905,50
109,60,37.723268,49
109,61,35.418804,48
109,62,47.910211,47
109,63,38.076975,46
109,64,22.86315,45
109,65,30.867072,44
109,66,49.906077,43
109,67,30.529207,42
109,68,34.563493,41
109,69,22.500202,40
109,70,32.663633,39
109,71,28.734068,38
109,72,23.921461,37
109,73,24.998715,36
109,74,27.426646,35
109,75,21.373982,34
109,76,15.296486,33
109,77,10.556732,32
109,78,17.493082,31
109,79,27.85945,30
109,80,20.692854,29
109,81,11.833593,28
109,82,27.80928,27
109,83,38.513422,26
109,84,39.816418,25
109,85,38.21025,24
109,86,37.601893,23
109,87,38.386211,22
109,88,34.077175,21
109,89,29.785639,20
109,90,38.750675,19
109,91,37.619979,18
109,92,28.667875,17
109,93,18.197864,16
109,94,23.29985,15
109,95,29.052632,14
109,96,22.288664,13
109,97,8.625147,12
109,98,29.341257,11
109,99,23.826846,10
109,100,10.128818,9
109,101,22.549551,8
109,102,8.40223599999999,7
109,103,17.003532,6
109,104,7.144557,5
109,105,11.684818,4
109,106,21.814979,3
109,107,16.284475,2
109,108,2.45813199999999,1
110,1,35.574143,109
110,2,32.041088,108
110,3,56.675778,107
110,4,58.309643,106
110,5,53.954975,105
110,6,59.8855566,104
110,7,58.237283,103
110,8,61.987593,102
110,9,75.274225,101
110,10,63.275686,100
110,11,63.965331,99
110,12,64.788884,98
110,13,65.984375,97
110,14,64.127109,96
110,15,53.067454,95
110,16,53.110214,94
110,17,61.352986,93
110,18,56.1839,92
110,19,42.147236,91
110,20,49.484707,90
110,21,68.442089,89
110,22,77.485345,88
110,23,70.14616,87
110,24,72.570165,86
110,25,56.992543,85
110,26,57.597775,84
110,27,60.285696,83
110,28,59.109125,82
110,29,59.30942,81
110,30,58.3626408,80
110,31,60.388411,79
110,32,62.123004,78
110,33,47.995911,77
110,34,60.377509,76
110,35,58.014512,75
110,36,53.616782,74
110,37,47.616525,73
110,38,52.2767189,72
110,39,62.963575,71
110,40,66.573112,70
110,41,63.56593,69
110,42,61.568575,68
110,43,52.299086,67
110,44,37.312036,66
110,45,36.697161,65
110,46,49.830783,64
110,47,37.889822,63
110,48,21.152107,62
110,49,9.40235000000001,61
110,50,43.739246,60
110,51,44.31153,59
110,52,46.464257,58
110,53,59.852064,57
110,54,57.704654,56
110,55,41.854407,55
110,56,39.098788,54
110,57,46.038718,53
110,58,39.809809,52
110,59,27.841087,51
110,60,46.78545,50
110,61,41.063986,49
110,62,55.722307,48
110,63,48.891743,47
110,64,28.508332,46
110,65,36.512254,45
110,66,55.551259,44
110,67,47.424225,43
110,68,43.126525,42
110,69,28.145384,41
110,70,39.508785,40
110,71,37.21335,39
110,72,29.566643,38
110,73,41.893733,37
110,74,40.792372,36
110,75,32.219436,35
110,76,25.276032,34
110,77,6.338286,33
110,78,23.138264,32
110,79,38.087968,31
110,80,26.338036,30
110,81,19.646225,29
110,82,34.481438,28
110,83,44.158604,27
110,84,46.9624,26
110,85,48.190868,25
110,86,50.968825,24
110,87,48.014007,23
110,88,41.722843,22
110,89,44.681779,21
110,90,47.649243,20
110,91,43.265161,19
110,92,40.313443,18
110,93,31.844454,17
110,94,12.843732,16
110,95,34.697814,15
110,96,27.933846,14
110,97,24.938471,13
110,98,36.987461,12
110,99,40.721864,11
110,100,27.023836,10
110,101,5.65453299999999,9
110,102,12.908618,8
110,103,22.648714,7
110,104,24.039575,6
110,105,19.4137,5
110,106,27.460161,4
110,107,21.929657,3
110,108,14.436886,2
110,109,16.895018,1
111,1,24.582454,110
111,2,20.163123,109
111,3,44.828633,108
111,4,47.317954,107
111,5,42.963286,106
111,6,48.8938676,105
111,7,47.245594,104
111,8,47.662118,103
111,9,53.115914,102
111,10,52.283997,101
111,11,52.973642,100
111,12,45.395127,99
111,13,47.076636,98
111,14,53.13542,97
111,15,42.075765,96
111,16,42.118525,95
111,17,50.361297,94
111,18,45.192211,93
111,19,31.155547,92
111,20,38.493018,91
111,21,46.283778,90
111,22,66.493656,89
111,23,58.528021,88
111,24,61.578476,87
111,25,46.000854,86
111,26,39.648136,85
111,27,49.294007,84
111,28,48.117436,83
111,29,48.317731,82
111,30,47.3709518,81
111,31,49.396722,80
111,32,51.131315,79
111,33,34.0049,78
111,34,44.585002,77
111,35,47.022823,76
111,36,42.625093,75
111,37,36.624836,74
111,38,41.2850299,73
111,39,40.805264,72
111,40,55.581423,71
111,41,52.574241,70
111,42,50.576886,69
111,43,41.307397,68
111,44,23.779975,67
111,45,14.53885,66
111,46,32.212928,65
111,47,25.576089,64
111,48,10.160418,63
111,49,12.755961,62
111,50,21.580935,61
111,51,33.319841,60
111,52,26.639154,59
111,53,48.860375,58
111,54,46.712965,57
111,55,29.714204,56
111,56,16.940477,55
111,57,35.047029,54
111,58,28.81812,53
111,59,10.449424,52
111,60,35.793761,51
111,61,21.240625,50
111,62,44.730618,49
111,63,37.900054,48
111,64,16.183879,47
111,65,14.353943,46
111,66,33.392948,45
111,67,36.432536,44
111,68,32.134836,43
111,69,14.480127,42
111,70,28.517096,41
111,71,26.221661,40
111,72,14.731968,39
111,73,30.902044,38
111,74,29.800683,37
111,75,21.227747,36
111,76,14.284343,35
111,77,17.281697,34
111,78,4.769853,33
111,79,27.096279,32
111,80,9.067375,31
111,81,8.654536,30
111,82,23.489749,29
111,83,32.917407,28
111,84,35.970711,27
111,85,37.199179,26
111,86,39.977136,25
111,87,37.022318,24
111,88,30.731154,23
111,89,33.69009,22
111,90,36.657554,21
111,91,30.02455,20
111,92,29.321754,19
111,93,20.852765,18
111,94,17.396521,17
111,95,12.539503,16
111,96,14.109665,15
111,97,13.946782,14
111,98,25.995772,13
111,99,29.730175,12
111,100,16.032147,11
111,101,16.751278,10
111,102,9.249693,9
111,103,10.492297,8
111,104,15.702886,7
111,105,8.42201100000001,6
111,106,5.30185000000001,5
111,107,2.687454,4
111,108,18.221397,3
111,109,16.513129,2
111,110,22.158311,1
112,1,10.208675,111
112,2,6.71195600000001,110
112,3,21.811146,109
112,4,20.442875,108
112,5,16.088207,107
112,6,22.0187886,106
112,7,20.370515,105
112,8,27.122961,104
112,9,40.409593,103
112,10,25.910882,102
112,11,26.098563,101
112,12,29.924252,100
112,13,31.119743,99
112,14,26.260341,98
112,15,15.200686,97
112,16,15.243446,96
112,17,23.486218,95
112,18,18.317132,94
112,19,4.280468,93
112,20,11.617939,92
112,21,33.577457,91
112,22,39.618577,90
112,23,35.281528,89
112,24,34.703397,88
112,25,19.125775,87
112,26,22.733143,86
112,27,22.418928,85
112,28,21.242357,84
112,29,21.442652,83
112,30,20.4958728,82
112,31,22.521643,81
112,32,24.256236,80
112,33,13.131279,79
112,34,25.512877,78
112,35,20.147744,77
112,36,15.750014,76
112,37,9.749757,75
112,38,14.4099509,74
112,39,28.098943,73
112,40,28.706344,72
112,41,26.022638,71
112,42,23.701807,70
112,43,14.432318,69
112,44,3.095104,68
112,45,24.751329,67
112,46,14.966151,66
112,47,3.02519,65
112,48,16.714661,64
112,49,31.546418,63
112,50,29.709614,62
112,51,6.942438,61
112,52,11.599625,60
112,53,21.985296,59
112,54,19.837886,58
112,55,6.989775,57
112,56,12.786256,56
112,57,8.17195,55
112,58,10.689541,54
112,59,16.425655,53
112,60,8.918682,52
112,61,6.199354,51
112,62,18.690761,50
112,63,11.024975,49
112,64,10.6912,48
112,65,14.937022,47
112,66,20.686627,46
112,67,9.557457,45
112,68,5.344043,44
112,69,12.394952,43
112,70,3.444183,42
112,71,0.653417999999995,41
112,72,12.143111,40
112,73,7.040765,39
112,74,2.92560399999999,38
112,75,7.845468,37
112,76,13.922964,36
112,77,31.528482,35
112,78,31.644932,34
112,79,1.35999999999999,33
112,80,17.807704,32
112,81,18.220543,31
112,82,3.38533,30
112,83,9.29397200000001,29
112,84,10.596968,28
112,85,10.3241,27
112,86,13.102057,26
112,87,10.147239,25
112,88,4.857725,24
112,89,6.815011,23
112,90,9.782475,22
112,91,8.400529,21
112,92,2.446675,20
112,93,11.021586,19
112,94,44.2716,18
112,95,22.751982,17
112,96,12.765414,16
112,97,20.594303,15
112,98,0.879307000000008,14
112,99,8.727596,13
112,100,20.591968,12
112,101,43.521301,11
112,102,29.373986,10
112,103,16.382782,9
112,104,28.409207,8
112,105,18.453068,7
112,106,23.656929,6
112,107,24.187625,5
112,108,30.927718,4
112,109,29.21945,3
112,110,37.866768,2
112,111,26.875079,1
113,1,17.683093,112
113,2,15.650838,111
113,3,40.285528,110
113,4,40.418593,109
113,5,36.063925,108
113,6,41.9945066,107
113,7,40.346233,106
113,8,45.597343,105
113,9,58.883975,104
113,10,45.384636,103
113,11,46.074281,102
113,12,48.398634,101
113,13,49.594125,100
113,14,46.236059,99
113,15,35.176404,98
113,16,35.219164,97
113,17,43.461936,96
113,18,38.29285,95
113,19,24.256186,94
113,20,31.593657,93
113,21,52.051839,92
113,22,59.594295,91
113,23,53.75591,90
113,24,54.679115,89
113,25,39.101493,88
113,26,41.207525,87
113,27,42.394646,86
113,28,41.218075,85
113,29,41.41837,84
113,30,40.4715908,83
113,31,42.497361,82
113,32,44.231954,81
113,33,31.605661,80
113,34,43.987259,79
113,35,40.123462,78
113,36,35.725732,77
113,37,29.725475,76
113,38,34.3856689,75
113,39,46.573325,74
113,40,48.682062,73
113,41,45.67488,72
113,42,43.677525,71
113,43,34.408036,70
113,44,20.921786,69
113,45,20.306911,68
113,46,33.440533,67
113,47,21.499572,66
113,48,3.261057,65
113,49,11.5707,64
113,50,27.348996,63
113,51,26.42048,62
113,52,30.074007,61
113,53,41.961014,60
113,54,39.813604,59
113,55,25.464157,58
113,56,22.708538,57
113,57,28.147668,56
113,58,21.918759,55
113,59,11.450837,54
113,60,28.8944,53
113,61,24.673736,52
113,62,37.831257,51
113,63,31.000693,50
113,64,12.118082,49
113,65,20.122004,48
113,66,39.161009,47
113,67,29.533175,46
113,68,25.235475,45
113,69,11.755134,44
113,70,21.918565,43
113,71,19.3223,42
113,72,13.176393,41
113,73,24.002683,40
113,74,22.901322,39
113,75,14.328386,38
113,76,7.384982,37
113,77,11.552764,36
113,78,11.669214,35
113,79,20.196918,34
113,80,9.94778599999999,33
113,81,1.755175,32
113,82,17.064212,31
113,83,27.768354,30
113,84,29.07135,29
113,85,30.299818,28
113,86,33.077775,27
113,87,30.122957,26
113,88,23.831793,25
113,89,26.790729,24
113,90,29.758193,23
113,91,26.874911,22
113,92,22.422393,21
113,93,13.953404,20
113,94,24.295882,19
113,95,18.307564,18
113,96,11.543596,17
113,97,7.04742099999999,16
113,98,19.096411,15
113,99,22.830814,14
113,100,9.132786,13
113,101,23.545583,12
113,102,9.398268,11
113,103,6.25846399999998,10
113,104,9.93482500000001,9
113,105,1.52265,8
113,106,11.069911,7
113,107,5.53940699999999,6
113,108,12.453336,5
113,109,10.745068,4
113,110,17.89105,3
113,111,6.89936100000001,2
113,112,19.975718,1
114,1,30.346543,113
114,2,33.479988,112
114,3,58.114678,111
114,4,53.082043,110
114,5,48.727375,109
114,6,54.6579566,108
114,7,53.009683,107
114,8,63.426493,106
114,9,76.713125,105
114,10,62.214414,104
114,11,58.737731,103
114,12,66.227784,102
114,13,67.423275,101
114,14,58.899509,100
114,15,47.839854,99
114,16,47.882614,98
114,17,56.372214,97
114,18,50.9563,96
114,19,39.082664,95
114,20,44.756793,94
114,21,69.880989,93
114,22,72.257745,92
114,23,71.58506,91
114,24,67.342565,90
114,25,51.764943,89
114,26,59.036675,88
114,27,55.058096,87
114,28,53.881525,86
114,29,54.08182,85
114,30,53.1350408,84
114,31,55.160811,83
114,32,56.895404,82
114,33,49.434811,81
114,34,61.816409,80
114,35,52.786912,79
114,36,48.389182,78
114,37,42.388925,77
114,38,47.0491189,76
114,39,64.402475,75
114,40,61.345512,74
114,41,62.32617,73
114,42,56.340975,72
114,43,48.571214,71
114,44,38.750936,70
114,45,38.136061,69
114,46,51.269683,68
114,47,39.328722,67
114,48,21.006993,66
114,49,10.84125,65
114,50,45.178146,64
114,51,43.24597,63
114,52,47.903157,62
114,53,55.094536,61
114,54,52.477054,60
114,55,43.293307,59
114,56,40.537688,58
114,57,40.811118,57
114,58,34.582209,56
114,59,29.279987,55
114,60,44.80735,54
114,61,42.502886,53
114,62,54.994293,52
114,63,45.161057,51
114,64,29.947232,50
114,65,37.951154,49
114,66,56.990159,48
114,67,42.196625,47
114,68,41.647575,46
114,69,29.584284,45
114,70,39.747715,44
114,71,35.81815,43
114,72,31.005543,42
114,73,36.666133,41
114,74,35.564772,40
114,75,28.458064,39
114,76,22.380568,38
114,77,6.315514,37
114,78,24.577164,36
114,79,34.943532,35
114,80,27.776936,34
114,81,18.917675,33
114,82,34.893362,32
114,83,45.597504,31
114,84,46.9005,30
114,85,45.294332,29
114,86,45.741225,28
114,87,45.470293,27
114,88,41.161257,26
114,89,39.454179,25
114,90,45.834757,24
114,91,44.704061,23
114,92,35.751957,22
114,93,26.616854,21
114,94,14.282632,20
114,95,36.136714,19
114,96,29.372746,18
114,97,19.710871,17
114,98,36.425339,16
114,99,35.494264,15
114,100,21.796236,14
114,101,10.882133,13
114,102,14.347518,12
114,103,24.087614,11
114,104,18.811975,10
114,105,18.7689,9
114,106,28.899061,8
114,107,23.368557,7
114,108,9.209286,6
114,109,11.667418,5
114,110,5.2276,4
114,111,23.597211,3
114,112,36.303532,2
114,113,17.82915,1
115,1,33.298679,114
115,2,37.348952,113
115,3,61.983642,112
115,4,56.034179,111
115,5,51.889489,110
115,6,57.6100926,109
115,7,55.961819,108
115,8,67.295457,107
115,9,80.582089,106
115,10,66.083378,105
115,11,61.689867,104
115,12,70.096748,103
115,13,71.292239,102
115,14,61.851645,101
115,15,50.79199,100
115,16,51.25015,99
115,17,60.241178,98
115,18,53.908436,97
115,19,42.951628,96
115,20,48.625757,95
115,21,73.749953,94
115,22,75.209881,93
115,23,75.454024,92
115,24,70.294701,91
115,25,54.717079,90
115,26,62.905639,89
115,27,58.010232,88
115,28,56.833661,87
115,29,57.033956,86
115,30,56.0871768,85
115,31,58.362053,84
115,32,59.84754,83
115,33,53.303775,82
115,34,65.685373,81
115,35,55.739048,80
115,36,51.341318,79
115,37,45.341061,78
115,38,50.0012549,77
115,39,68.271439,76
115,40,64.767452,75
115,41,66.195134,74
115,42,59.293111,73
115,43,52.440178,72
115,44,42.6199,71
115,45,42.005025,70
115,46,55.138647,69
115,47,43.197686,68
115,48,24.875957,67
115,49,14.710214,66
115,50,49.04711,65
115,51,47.114934,64
115,52,51.772121,63
115,53,58.9635,62
115,54,55.42919,61
115,55,47.162271,60
115,56,44.406652,59
115,57,43.929146,58
115,58,37.534345,57
115,59,33.148951,56
115,60,48.676314,55
115,61,46.37185,54
115,62,58.863257,53
115,63,49.030021,52
115,64,33.816196,51
115,65,41.820118,50
115,66,60.859123,49
115,67,45.148761,48
115,68,45.516539,47
115,69,33.453248,46
115,70,43.616679,45
115,71,39.687114,44
115,72,34.874507,43
115,73,39.618269,42
115,74,38.516908,41
115,75,32.327028,40
115,76,26.249532,39
115,77,10.184478,38
115,78,28.446128,37
115,79,38.812496,36
115,80,31.6459,35
115,81,22.786639,34
115,82,38.762326,33
115,83,49.466468,32
115,84,50.769464,31
115,85,49.163296,30
115,86,48.693361,29
115,87,49.339257,28
115,88,45.030221,27
115,89,42.406315,26
115,90,49.703721,25
115,91,48.573025,24
115,92,39.620921,23
115,93,29.56899,22
115,94,18.151596,21
115,95,40.005678,20
115,96,33.24171,19
115,97,22.663007,18
115,98,40.294303,17
115,99,38.4464,16
115,100,24.748372,15
115,101,10.714897,14
115,102,18.216482,13
115,103,27.956578,12
115,104,21.764111,11
115,105,22.637864,10
115,106,32.768025,9
115,107,27.237521,8
115,108,12.161422,7
115,109,14.619554,6
115,110,5.307864,5
115,111,27.466175,4
115,112,40.172496,3
115,113,21.698114,2
115,114,3.86896400000001,1
116,1,45.694318,115
116,2,41.274987,114
116,3,65.940497,113
116,4,68.429818,112
116,5,64.07515,111
116,6,70.0057316,110
116,7,68.357458,109
116,8,68.773982,108
116,9,74.06135,107
116,10,73.395861,106
116,11,74.085506,105
116,12,66.506991,104
116,13,68.1885,103
116,14,74.247284,102
116,15,63.187629,101
116,16,63.230389,100
116,17,71.473161,99
116,18,66.304075,98
116,19,52.267411,97
116,20,59.604882,96
116,21,67.229214,95
116,22,87.60552,94
116,23,79.639885,93
116,24,82.69034,92
116,25,67.112718,91
116,26,60.76,90
116,27,70.405871,89
116,28,69.2293,88
116,29,69.429595,87
116,30,68.4828158,86
116,31,70.508586,85
116,32,72.243179,84
116,33,55.116764,83
116,34,65.696866,82
116,35,68.134687,81
116,36,63.736957,80
116,37,57.7367,79
116,38,62.3968939,78
116,39,61.7507,77
116,40,76.693287,76
116,41,73.686105,75
116,42,71.68875,74
116,43,62.419261,73
116,44,44.891839,72
116,45,35.484286,71
116,46,53.324792,70
116,47,46.687953,69
116,48,31.272282,68
116,49,16.440525,67
116,50,42.526371,66
116,51,54.431705,65
116,52,47.751018,64
116,53,69.972239,63
116,54,67.824829,62
116,55,50.826068,61
116,56,37.885913,60
116,57,56.158893,59
116,58,49.929984,58
116,59,31.561288,57
116,60,56.905625,56
116,61,42.352489,55
116,62,65.842482,54
116,63,59.011918,53
116,64,37.295743,52
116,65,35.299379,51
116,66,54.338384,50
116,67,57.5444,49
116,68,53.2467,48
116,69,35.591991,47
116,70,49.62896,46
116,71,47.333525,45
116,72,35.843832,44
116,73,52.013908,43
116,74,50.912547,42
116,75,42.339611,41
116,76,35.396207,40
116,77,16.458461,39
116,78,21.925389,38
116,79,48.208143,37
116,80,30.179239,36
116,81,29.7664,35
116,82,44.601613,34
116,83,54.029271,33
116,84,57.082575,32
116,85,58.311043,31
116,86,61.089,30
116,87,58.134182,29
116,88,51.843018,28
116,89,54.801954,27
116,90,57.769418,26
116,91,51.136414,25
116,92,50.433618,24
116,93,41.964629,23
116,94,11.630857,22
116,95,33.484939,21
116,96,35.221529,20
116,97,35.058646,19
116,98,47.107636,18
116,99,50.842039,17
116,100,37.144011,16
116,101,4.46564200000002,15
116,102,18.612957,14
116,103,31.604161,13
116,104,34.15975,12
116,105,29.533875,11
116,106,26.247286,10
116,107,23.799318,9
116,108,24.557061,8
116,109,27.015193,7
116,110,10.120175,6
116,111,21.111864,5
116,112,47.986943,4
116,113,28.011225,3
116,114,15.347775,2
116,115,12.395639,1
117,1,41.895068,116
117,2,37.475737,115
117,3,62.141247,114
117,4,64.630568,113
117,5,60.2759,112
117,6,66.2064816,111
117,7,64.558208,110
117,8,64.974732,109
117,9,72.1783,108
117,10,69.596611,107
117,11,70.286256,106
117,12,62.707741,105
117,13,64.38925,104
117,14,70.448034,103
117,15,59.388379,102
117,16,59.431139,101
117,17,67.673911,100
117,18,62.504825,99
117,19,48.468161,98
117,20,55.805632,97
117,21,65.346164,96
117,22,83.80627,95
117,23,75.840635,94
117,24,78.89109,93
117,25,63.313468,92
117,26,56.96075,91
117,27,66.606621,90
117,28,65.43005,89
117,29,65.630345,88
117,30,64.6835658,87
117,31,66.709336,86
117,32,68.443929,85
117,33,51.317514,84
117,34,61.897616,83
117,35,64.335437,82
117,36,59.937707,81
117,37,53.93745,80
117,38,58.5976439,79
117,39,59.86765,78
117,40,72.894037,77
117,41,69.886855,76
117,42,67.8895,75
117,43,58.620011,74
117,44,41.092589,73
117,45,33.601236,72
117,46,49.525542,71
117,47,42.888703,70
117,48,27.473032,69
117,49,12.641275,68
117,50,40.643321,67
117,51,50.632455,66
117,52,43.951768,65
117,53,66.172989,64
117,54,64.025579,63
117,55,47.026818,62
117,56,36.002863,61
117,57,52.359643,60
117,58,46.130734,59
117,59,27.762038,58
117,60,53.106375,57
117,61,38.553239,56
117,62,62.043232,55
117,63,55.212668,54
117,64,33.496493,53
117,65,33.416329,52
117,66,52.455334,51
117,67,53.74515,50
117,68,49.44745,49
117,69,31.792741,48
117,70,45.82971,47
117,71,43.534275,46
117,72,32.044582,45
117,73,48.214658,44
117,74,47.113297,43
117,75,38.540361,42
117,76,31.596957,41
117,77,12.659211,40
117,78,20.042339,39
117,79,44.408893,38
117,80,26.379989,37
117,81,25.96715,36
117,82,40.802363,35
117,83,50.230021,34
117,84,53.283325,33
117,85,54.511793,32
117,86,57.28975,31
117,87,54.334932,30
117,88,48.043768,29
117,89,51.002704,28
117,90,53.970168,27
117,91,47.337164,26
117,92,46.634368,25
117,93,38.165379,24
117,94,9.747807,23
117,95,31.601889,22
117,96,31.422279,21
117,97,31.259396,20
117,98,43.308386,19
117,99,47.042789,18
117,100,33.344761,17
117,101,2.31110800000001,16
117,102,14.813707,15
117,103,27.804911,14
117,104,30.3605,13
117,105,25.734625,12
117,106,24.364236,11
117,107,20.000068,10
117,108,20.757811,9
117,109,23.215943,8
117,110,6.320925,7
117,111,19.062386,6
117,112,44.187693,5
117,113,24.211975,4
117,114,11.548525,3
117,115,8.596389,2
117,116,3.79925000000001,1
118,1,43.046554,117
118,2,38.627223,116
118,3,63.292733,115
118,4,65.782054,114
118,5,61.427386,113
118,6,67.3579676,112
118,7,65.709694,111
118,8,66.126218,110
118,9,72.162914,109
118,10,70.748097,108
118,11,71.437742,107
118,12,63.859227,106
118,13,65.540736,105
118,14,71.59952,104
118,15,60.539865,103
118,16,60.582625,102
118,17,68.825397,101
118,18,63.656311,100
118,19,49.619647,99
118,20,56.957118,98
118,21,65.330778,97
118,22,84.957756,96
118,23,76.992121,95
118,24,80.042576,94
118,25,64.464954,93
118,26,58.112236,92
118,27,67.758107,91
118,28,66.581536,90
118,29,66.781831,89
118,30,65.8350518,88
118,31,67.860822,87
118,32,69.595415,86
118,33,52.469,85
118,34,63.049102,84
118,35,65.486923,83
118,36,61.089193,82
118,37,55.088936,81
118,38,59.7491299,80
118,39,59.852264,79
118,40,74.045523,78
118,41,71.038341,77
118,42,69.040986,76
118,43,59.771497,75
118,44,42.244075,74
118,45,33.58585,73
118,46,50.677028,72
118,47,44.040189,71
118,48,28.624518,70
118,49,13.792761,69
118,50,40.627935,68
118,51,51.783941,67
118,52,45.103254,66
118,53,67.324475,65
118,54,65.177065,64
118,55,48.178304,63
118,56,35.987477,62
118,57,53.511129,61
118,58,47.28222,60
118,59,28.913524,59
118,60,54.257861,58
118,61,39.704725,57
118,62,63.194718,56
118,63,56.364154,55
118,64,34.647979,54
118,65,33.400943,53
118,66,52.439948,52
118,67,54.896636,51
118,68,50.598936,50
118,69,32.944227,49
118,70,46.981196,48
118,71,44.685761,47
118,72,33.196068,46
118,73,49.366144,45
118,74,48.264783,44
118,75,39.691847,43
118,76,32.748443,42
118,77,13.810697,41
118,78,20.026953,40
118,79,45.560379,39
118,80,27.531475,38
118,81,27.118636,37
118,82,41.953849,36
118,83,51.381507,35
118,84,54.434811,34
118,85,55.663279,33
118,86,58.441236,32
118,87,55.486418,31
118,88,49.195254,30
118,89,52.15419,29
118,90,55.121654,28
118,91,48.48865,27
118,92,47.785854,26
118,93,39.316865,25
118,94,9.732421,24
118,95,31.586503,23
118,96,32.573765,22
118,97,32.410882,21
118,98,44.459872,20
118,99,48.194275,19
118,100,34.496247,18
118,101,2.29572200000001,17
118,102,15.965193,16
118,103,28.956397,15
118,104,31.511986,14
118,105,26.886111,13
118,106,24.34885,12
118,107,21.151554,11
118,108,21.909297,10
118,109,24.367429,9
118,110,7.47241100000001,8
118,111,19.047,7
118,112,45.339179,6
118,113,25.363461,5
118,114,12.700011,4
118,115,9.74787500000001,3
118,116,2.647764,2
118,117,1.15148600000001,1
119,1,25.410039,118
119,2,22.126492,117
119,3,46.761182,116
119,4,48.145539,115
119,5,43.790871,114
119,6,49.7214526,113
119,7,48.073179,112
119,8,52.072997,111
119,9,65.359629,110
119,10,53.111582,109
119,11,53.801227,108
119,12,54.874288,107
119,13,56.069779,106
119,14,53.963005,105
119,15,42.90335,104
119,16,42.94611,103
119,17,51.188882,102
119,18,46.019796,101
119,19,31.983132,100
119,20,39.320603,99
119,21,58.527493,98
119,22,67.321241,97
119,23,60.231564,96
119,24,62.406061,95
119,25,46.828439,94
119,26,47.683179,93
119,27,50.121592,92
119,28,48.945021,91
119,29,49.145316,90
119,30,48.1985368,89
119,31,50.224307,88
119,32,51.9589,87
119,33,38.081315,86
119,34,50.462913,85
119,35,47.850408,84
119,36,43.452678,83
119,37,37.452421,82
119,38,42.1126149,81
119,39,53.048979,80
119,40,56.409008,79
119,41,53.401826,78
119,42,51.404471,77
119,43,42.134982,76
119,44,27.39744,75
119,45,26.782565,74
119,46,39.916187,73
119,47,27.975226,72
119,48,10.988003,71
119,49,3.843754,70
119,50,33.82465,69
119,51,34.147426,68
119,52,36.549661,67
119,53,49.68796,66
119,54,47.54055,65
119,55,31.939811,64
119,56,29.184192,63
119,57,35.874614,62
119,58,29.645705,61
119,59,17.926491,60
119,60,36.621346,59
119,61,31.14939,58
119,62,45.558203,57
119,63,38.727639,56
119,64,18.593736,55
119,65,26.597658,54
119,66,45.636663,53
119,67,37.260121,52
119,68,32.962421,51
119,69,18.230788,50
119,70,29.344681,49
119,71,27.049246,48
119,72,19.652047,47
119,73,31.729629,46
119,74,30.628268,45
119,75,22.055332,44
119,76,15.111928,43
119,77,5.037982,42
119,78,13.223668,41
119,79,27.923864,40
119,80,16.42344,39
119,81,9.482121,38
119,82,24.317334,37
119,83,34.244008,36
119,84,36.798296,35
119,85,38.026764,34
119,86,40.804721,33
119,87,37.849903,32
119,88,31.558739,31
119,89,34.517675,30
119,90,37.485139,29
119,91,33.350565,28
119,92,30.149339,27
119,93,21.68035,26
119,94,16.568936,25
119,95,24.783218,24
119,96,18.01925,23
119,97,14.774367,22
119,98,26.823357,21
119,99,30.55776,20
119,100,16.859732,19
119,101,15.818637,18
119,102,2.994022,17
119,103,12.734118,16
119,104,13.875471,15
119,105,9.249596,14
119,106,17.545565,13
119,107,12.015061,12
119,108,5.977682,11
119,109,6.73091399999999,10
119,110,10.164104,9
119,111,12.243715,8
119,112,27.702664,7
119,113,7.726946,6
119,114,11.353496,5
119,115,15.22246,4
119,116,20.284279,3
119,117,16.485029,2
119,118,17.636515,1
120,1,20.059543,119
120,2,17.444388,118
120,3,42.079078,117
120,4,42.795043,116
120,5,38.440375,115
120,6,44.3709566,114
120,7,42.722683,113
120,8,47.390893,112
120,9,60.677525,111
120,10,47.761086,110
120,11,48.450731,109
120,12,50.192184,108
120,13,51.387675,107
120,14,48.612509,106
120,15,37.552854,105
120,16,37.595614,104
120,17,45.838386,103
120,18,40.6693,102
120,19,26.632636,101
120,20,33.970107,100
120,21,53.845389,99
120,22,61.970745,98
120,23,55.54946,97
120,24,57.055565,96
120,25,41.477943,95
120,26,43.001075,94
120,27,44.771096,93
120,28,43.594525,92
120,29,43.79482,91
120,30,42.8480408,90
120,31,44.873811,89
120,32,46.608404,88
120,33,33.399211,87
120,34,45.780809,86
120,35,42.499912,85
120,36,38.102182,84
120,37,32.101925,83
120,38,36.7621189,82
120,39,48.366875,81
120,40,51.058512,80
120,41,48.05133,79
120,42,46.053975,78
120,43,36.784486,77
120,44,22.715336,76
120,45,22.100461,75
120,46,35.234083,74
120,47,23.293122,73
120,48,5.63750700000001,72
120,49,9.19424999999999,71
120,50,29.142546,70
120,51,28.79693,69
120,52,31.867557,68
120,53,44.337464,67
120,54,42.190054,66
120,55,27.257707,65
120,56,24.502088,64
120,57,30.524118,63
120,58,24.295209,62
120,59,13.244387,61
120,60,31.27085,60
120,61,26.467286,59
120,62,40.207707,58
120,63,33.377143,57
120,64,13.911632,56
120,65,21.915554,55
120,66,40.954559,54
120,67,31.909625,53
120,68,27.611925,52
120,69,13.548684,51
120,70,23.994185,50
120,71,21.69875,49
120,72,14.969943,48
120,73,26.379133,47
120,74,25.277772,46
120,75,16.704836,45
120,76,9.76143200000001,44
120,77,9.72008599999999,43
120,78,9.292764,42
120,79,22.573368,41
120,80,11.741336,40
120,81,4.13162500000001,39
120,82,18.966838,38
120,83,29.561904,37
120,84,31.4478,36
120,85,32.676268,35
120,86,35.454225,34
120,87,32.499407,33
120,88,26.208243,32
120,89,29.167179,31
120,90,32.134643,30
120,91,28.668461,29
120,92,24.798843,28
120,93,16.329854,27
120,94,21.919432,26
120,95,20.101114,25
120,96,13.337146,24
120,97,9.423871,23
120,98,21.472861,22
120,99,25.207264,21
120,100,11.509236,20
120,101,21.169133,19
120,102,7.02181799999999,18
120,103,8.052014,17
120,104,8.52497500000001,16
120,105,3.89910000000001,15
120,106,12.863461,14
120,107,7.332957,13
120,108,10.659786,12
120,109,8.951518,11
120,110,15.5146,10
120,111,7.561611,9
120,112,22.352168,8
120,113,2.37645000000001,7
120,114,16.0356,6
120,115,19.904564,5
120,116,25.634775,4
120,117,21.835525,3
120,118,22.987011,2
120,119,5.35049599999999,1
121,1,16.311014,120
121,2,23.696145,119
121,3,48.330835,118
121,4,39.026414,117
121,5,38.236682,116
121,6,33.3740996,115
121,7,40.083674,114
121,8,53.64265,113
121,9,66.929282,112
121,10,52.430571,111
121,11,39.568126,110
121,12,56.443941,109
121,13,57.639432,108
121,14,40.321648,107
121,15,33.471603,106
121,16,37.597343,105
121,17,46.588371,104
121,18,35.088857,103
121,19,29.298821,102
121,20,34.97295,101
121,21,60.097146,100
121,22,59.766432,99
121,23,61.801217,98
121,24,53.023492,97
121,25,33.622314,96
121,26,49.252832,95
121,27,34.776961,94
121,28,34.868432,93
121,29,38.025437,92
121,30,31.8511838,91
121,31,44.709246,90
121,32,35.611547,89
121,33,39.650968,88
121,34,52.032566,87
121,35,34.382045,86
121,36,34.438475,85
121,37,25.854832,84
121,38,25.7652619,83
121,39,54.618632,82
121,40,51.114645,81
121,41,52.542327,80
121,42,35.351382,79
121,43,38.787371,78
121,44,28.967093,77
121,45,28.352218,76
121,46,41.48584,75
121,47,29.544879,74
121,48,11.22315,73
121,49,20.191107,72
121,50,35.394303,71
121,51,33.462127,70
121,52,38.119314,69
121,53,45.310693,68
121,54,31.193197,67
121,55,33.509464,66
121,56,30.753845,65
121,57,30.276339,64
121,58,15.830148,63
121,59,19.496144,62
121,60,35.023507,61
121,61,32.719043,60
121,62,45.21045,59
121,63,35.377214,58
121,64,20.163389,57
121,65,28.167311,56
121,66,47.206316,55
121,67,22.828432,54
121,68,31.863732,53
121,69,19.800441,52
121,70,29.963872,51
121,71,26.034307,50
121,72,21.2217,49
121,73,19.478924,48
121,74,24.726885,47
121,75,18.674221,46
121,76,12.596725,45
121,77,20.173171,44
121,78,20.289621,43
121,79,25.159689,42
121,80,17.993093,41
121,81,9.133832,40
121,82,25.109519,39
121,83,35.813661,38
121,84,37.116657,37
121,85,35.510489,36
121,86,34.902132,35
121,87,35.68645,34
121,88,31.377414,33
121,89,27.085878,32
121,90,36.050914,31
121,91,34.920218,30
121,92,25.968114,29
121,93,15.498103,28
121,94,32.916289,27
121,95,26.352871,26
121,96,19.588903,25
121,97,5.92538599999999,24
121,98,26.641496,23
121,99,17.792093,22
121,100,5.927721,21
121,101,32.16599,20
121,102,18.018675,19
121,103,14.303771,18
121,104,2.471882,17
121,105,8.985057,16
121,106,19.115218,15
121,107,13.584714,14
121,108,12.074571,13
121,109,9.616439,12
121,110,26.511457,11
121,111,15.519768,10
121,112,26.519689,9
121,113,8.620407,8
121,114,21.283857,7
121,115,24.235993,6
121,116,36.631632,5
121,117,32.832382,4
121,118,33.983868,3
121,119,16.347353,2
121,120,10.996857,1
122,1,26.922736,121
122,2,31.224795,120
122,3,55.859485,119
122,4,49.658236,118
122,5,45.765332,117
122,6,51.2341496,116
122,7,49.585876,115
122,8,61.1713,114
122,9,74.457932,113
122,10,59.959221,112
122,11,55.313924,111
122,12,63.972591,110
122,13,65.168082,109
122,14,55.475702,108
122,15,44.416047,107
122,16,45.125993,106
122,17,54.117021,105
122,18,47.532493,104
122,19,36.827471,103
122,20,42.5016,102
122,21,67.625796,101
122,22,68.833938,100
122,23,69.329867,99
122,24,63.918758,98
122,25,48.341136,97
122,26,56.781482,96
122,27,51.634289,95
122,28,50.457718,94
122,29,50.658013,93
122,30,49.7112338,92
122,31,52.237896,91
122,32,53.471597,90
122,33,47.179618,89
122,34,59.561216,88
122,35,49.363105,87
122,36,44.965375,86
122,37,38.965118,85
122,38,43.6253119,84
122,39,62.147282,83
122,40,58.643295,82
122,41,60.070977,81
122,42,52.917168,80
122,43,46.316021,79
122,44,36.495743,78
122,45,35.880868,77
122,46,49.01449,76
122,47,37.073529,75
122,48,18.7518,74
122,49,8.586057,73
122,50,42.922953,72
122,51,40.990777,71
122,52,45.647964,70
122,53,52.839343,69
122,54,49.053247,68
122,55,41.038114,67
122,56,38.282495,66
122,57,37.804989,65
122,58,31.158402,64
122,59,27.024794,63
122,60,42.552157,62
122,61,40.247693,61
122,62,52.7391,60
122,63,42.905864,59
122,64,27.692039,58
122,65,35.695961,57
122,66,54.734966,56
122,67,38.772818,55
122,68,39.392382,54
122,69,27.329091,53
122,70,37.492522,52
122,71,33.562957,51
122,72,28.75035,50
122,73,33.242326,49
122,74,32.255535,48
122,75,26.202871,47
122,76,20.125375,46
122,77,4.060321,45
122,78,22.321971,44
122,79,32.688339,43
122,80,25.521743,42
122,81,16.662482,41
122,82,32.638169,40
122,83,43.342311,39
122,84,44.645307,38
122,85,43.039139,37
122,86,42.430782,36
122,87,43.2151,35
122,88,38.906064,34
122,89,36.030372,33
122,90,43.579564,32
122,91,42.448868,31
122,92,33.496764,30
122,93,23.193047,29
122,94,15.056239,28
122,95,33.881521,27
122,96,27.117553,26
122,97,16.287064,25
122,98,34.170146,24
122,99,32.070457,23
122,100,18.372429,22
122,101,14.30594,21
122,102,12.092325,20
122,103,21.832421,19
122,104,15.388168,18
122,105,16.513707,17
122,106,26.643868,16
122,107,21.113364,15
122,108,5.785479,14
122,109,8.24361099999999,13
122,110,8.651407,12
122,111,21.342018,11
122,112,34.048339,10
122,113,15.573957,9
122,114,3.423807,8
122,115,6.37594300000001,7
122,116,18.771582,6
122,117,14.972332,5
122,118,16.123818,4
122,119,9.098303,3
122,120,13.780407,2
122,121,17.86005,1
123,1,44.976907,122
123,2,40.557576,121
123,3,65.223086,120
123,4,67.712407,119
123,5,63.357739,118
123,6,69.2883206,117
123,7,67.640047,116
123,8,68.056571,115
123,9,71.177561,114
123,10,72.67845,113
123,11,73.368095,112
123,12,65.78958,111
123,13,67.471089,110
123,14,73.529873,109
123,15,62.470218,108
123,16,62.512978,107
123,17,70.75575,106
123,18,65.586664,105
123,19,51.55,104
123,20,58.887471,103
123,21,64.345425,102
123,22,86.888109,101
123,23,78.922474,100
123,24,81.972929,99
123,25,66.395307,98
123,26,60.042589,97
123,27,69.68846,96
123,28,68.511889,95
123,29,68.712184,94
123,30,67.7654048,93
123,31,69.791175,92
123,32,71.525768,91
123,33,54.399353,90
123,34,64.979455,89
123,35,67.417276,88
123,36,63.019546,87
123,37,57.019289,86
123,38,61.6794829,85
123,39,58.866911,84
123,40,75.975876,83
123,41,72.968694,82
123,42,70.971339,81
123,43,61.70185,80
123,44,44.174428,79
123,45,32.600497,78
123,46,52.607381,77
123,47,45.970542,76
123,48,30.554871,75
123,49,15.723114,74
123,50,39.642582,73
123,51,53.714294,72
123,52,47.033607,71
123,53,69.254828,70
123,54,67.107418,69
123,55,50.108657,68
123,56,35.002124,67
123,57,55.441482,66
123,58,49.212573,65
123,59,30.843877,64
123,60,56.188214,63
123,61,41.635078,62
123,62,65.125071,61
123,63,58.294507,60
123,64,36.578332,59
123,65,32.41559,58
123,66,51.630805,57
123,67,56.826989,56
123,68,52.529289,55
123,69,34.87458,54
123,70,48.911549,53
123,71,46.616114,52
123,72,35.126421,51
123,73,51.296497,50
123,74,50.195136,49
123,75,41.6222,48
123,76,34.678796,47
123,77,15.74105,46
123,78,19.0416,45
123,79,47.490732,44
123,80,29.461828,43
123,81,29.048989,42
123,82,43.884202,41
123,83,53.31186,40
123,84,56.365164,39
123,85,57.593632,38
123,86,60.371589,37
123,87,57.416771,36
123,88,51.125607,35
123,89,54.084543,34
123,90,57.052007,33
123,91,50.419003,32
123,92,49.716207,31
123,93,41.247218,30
123,94,8.747068,29
123,95,30.60115,28
123,96,34.504118,27
123,97,34.341235,26
123,98,46.390225,25
123,99,50.124628,24
123,100,36.4266,23
123,101,3.74823100000001,22
123,102,17.895546,21
123,103,30.88675,20
123,104,33.442339,19
123,105,28.816464,18
123,106,23.612603,17
123,107,23.081907,16
123,108,23.83965,15
123,109,26.297782,14
123,110,9.402764,13
123,111,20.394453,12
123,112,47.269532,11
123,113,27.293814,10
123,114,14.630364,9
123,115,11.678228,8
123,116,2.883789,7
123,117,3.081839,6
123,118,1.93035299999999,5
123,119,19.566868,4
123,120,24.917364,3
123,121,35.914221,2
123,122,18.054171,1
124,1,17.4466,123
124,2,13.027269,122
124,3,37.692779,121
124,4,40.1821,120
124,5,35.827432,119
124,6,41.7580136,118
124,7,40.10974,117
124,8,40.526264,116
124,9,45.479168,115
124,10,45.148143,114
124,11,45.837788,113
124,12,38.259273,112
124,13,39.940782,111
124,14,45.999566,110
124,15,34.939911,109
124,16,34.982671,108
124,17,43.225443,107
124,18,38.056357,106
124,19,24.019693,105
124,20,31.357164,104
124,21,38.647032,103
124,22,59.357802,102
124,23,51.392167,101
124,24,54.442622,100
124,25,38.865,99
124,26,32.512282,98
124,27,42.158153,97
124,28,40.981582,96
124,29,41.181877,95
124,30,40.2350978,94
124,31,42.260868,93
124,32,43.995461,92
124,33,26.869046,91
124,34,37.449148,90
124,35,39.886969,89
124,36,35.489239,88
124,37,29.488982,87
124,38,34.1491759,86
124,39,33.168518,85
124,40,48.445569,84
124,41,45.438387,83
124,42,43.441032,82
124,43,34.171543,81
124,44,16.644121,80
124,45,6.902104,79
124,46,25.077074,78
124,47,18.440235,77
124,48,10.226964,76
124,49,20.392707,75
124,50,13.944189,74
124,51,26.183987,73
124,52,19.5033,72
124,53,41.724521,71
124,54,39.577111,70
124,55,22.57835,69
124,56,9.303731,68
124,57,27.911175,67
124,58,21.682266,66
124,59,3.31357000000002,65
124,60,28.657907,64
124,61,14.104771,63
124,62,37.594764,62
124,63,30.7642,61
124,64,9.04802500000001,60
124,65,6.71719700000001,59
124,66,25.756202,58
124,67,29.296682,57
124,68,24.998982,56
124,69,7.344273,55
124,70,21.381242,54
124,71,19.085807,53
124,72,7.596114,52
124,73,23.76619,51
124,74,22.664829,50
124,75,14.091893,49
124,76,8.85338899999999,48
124,77,24.918443,47
124,78,11.905707,46
124,79,19.960425,45
124,80,3.457021,44
124,81,12.316282,43
124,82,16.353895,42
124,83,25.781553,41
124,84,28.834857,40
124,85,30.063325,39
124,86,32.841282,38
124,87,29.886464,37
124,88,23.5953,36
124,89,26.554236,35
124,90,29.5217,34
124,91,22.888696,33
124,92,22.1859,32
124,93,13.716911,31
124,94,24.532375,30
124,95,4.902757,29
124,96,6.973811,28
124,97,15.524728,27
124,98,18.859918,26
124,99,22.594321,25
124,100,15.522393,24
124,101,24.388024,23
124,102,16.886439,22
124,103,7.14634300000001,21
124,104,23.339632,20
124,105,12.465057,19
124,106,3.91770399999999,18
124,107,7.8654,17
124,108,25.858143,16
124,109,24.149875,15
124,110,29.795057,14
124,111,7.636746,13
124,112,19.739225,12
124,113,13.404807,11
124,114,31.233957,10
124,115,35.102921,9
124,116,28.582182,8
124,117,26.699132,7
124,118,26.683746,6
124,119,19.880461,5
124,120,15.198357,4
124,121,21.450114,3
124,122,28.978764,2
124,123,27.530307,1
125,1,20.785182,124
125,2,16.365851,123
125,3,41.031361,122
125,4,43.520682,121
125,5,39.166014,120
125,6,45.0965956,119
125,7,43.448322,118
125,8,43.864846,117
125,9,53.320686,116
125,10,48.486725,115
125,11,49.17637,114
125,12,42.835345,113
125,13,44.030836,112
125,14,49.338148,111
125,15,38.278493,110
125,16,38.321253,109
125,17,46.564025,108
125,18,41.394939,107
125,19,27.358275,106
125,20,34.695746,105
125,21,46.48855,104
125,22,62.696384,103
125,23,54.730749,102
125,24,57.781204,101
125,25,42.203582,100
125,26,35.850864,99
125,27,45.496735,98
125,28,44.320164,97
125,29,44.520459,96
125,30,43.5736798,95
125,31,45.59945,94
125,32,47.334043,93
125,33,30.207628,92
125,34,40.78773,91
125,35,43.225551,90
125,36,38.827821,89
125,37,32.827564,88
125,38,37.4877579,87
125,39,41.010036,86
125,40,51.784151,85
125,41,48.776969,84
125,42,46.779614,83
125,43,37.510125,82
125,44,19.982703,81
125,45,14.743622,80
125,46,28.415656,79
125,47,21.778817,78
125,48,6.36314599999999,77
125,49,12.551189,76
125,50,21.785707,75
125,51,29.522569,74
125,52,24.510718,73
125,53,45.063103,72
125,54,42.915693,71
125,55,25.916932,70
125,56,17.145249,69
125,57,31.249757,68
125,58,25.020848,67
125,59,6.652152,66
125,60,31.996489,65
125,61,19.110447,64
125,62,40.933346,63
125,63,34.102782,62
125,64,12.386607,61
125,65,14.558715,60
125,66,33.59772,59
125,67,32.635264,58
125,68,28.337564,57
125,69,10.682855,56
125,70,24.719824,55
125,71,22.424389,54
125,72,10.934696,53
125,73,27.104772,52
125,74,26.003411,51
125,75,17.430475,50
125,76,10.487071,49
125,77,17.076925,48
125,78,8.56712500000001,47
125,79,23.299007,46
125,80,5.27010299999999,45
125,81,4.85726399999999,44
125,82,19.692477,43
125,83,29.120135,42
125,84,32.173439,41
125,85,33.401907,40
125,86,36.179864,39
125,87,33.225046,38
125,88,26.933882,37
125,89,29.892818,36
125,90,32.860282,35
125,91,26.227278,34
125,92,25.524482,33
125,93,17.055493,32
125,94,21.193793,31
125,95,12.744275,30
125,96,10.312393,29
125,97,10.14951,28
125,98,22.1985,27
125,99,25.932903,26
125,100,12.234875,25
125,101,20.443494,24
125,102,9.044921,23
125,103,6.69502499999999,22
125,104,15.498114,21
125,105,4.624739,20
125,106,5.506622,19
125,107,1.10981800000001,18
125,108,18.016625,17
125,109,16.308357,16
125,110,21.953539,15
125,111,3.79727200000001,14
125,112,23.077807,13
125,113,5.563289,12
125,114,23.392439,11
125,115,27.261403,10
125,116,24.909136,9
125,117,21.109886,8
125,118,22.261372,7
125,119,12.038943,6
125,120,7.35683900000001,5
125,121,13.608596,4
125,122,21.137246,3
125,123,24.191725,2
125,124,7.84151799999999,1
126,1,21.1164,125
126,2,19.416331,124
126,3,44.051021,123
126,4,43.8519,122
126,5,39.497232,121
126,6,45.4278136,120
126,7,43.77954,119
126,8,49.362836,118
126,9,62.649468,117
126,10,48.817943,116
126,11,49.507588,115
126,12,52.164127,114
126,13,53.359618,113
126,14,49.669366,112
126,15,38.609711,111
126,16,38.652471,110
126,17,46.895243,109
126,18,41.726157,108
126,19,27.689493,107
126,20,35.026964,106
126,21,55.817332,105
126,22,63.027602,104
126,23,57.521403,103
126,24,58.112422,102
126,25,42.5348,101
126,26,44.973018,100
126,27,45.827953,99
126,28,44.651382,98
126,29,44.851677,97
126,30,43.9048978,96
126,31,45.930668,95
126,32,47.665261,94
126,33,35.371154,93
126,34,47.752752,92
126,35,43.556769,91
126,36,39.159039,90
126,37,33.158782,89
126,38,37.8189759,88
126,39,50.338818,87
126,40,52.115369,86
126,41,49.108187,85
126,42,47.110832,84
126,43,37.841343,83
126,44,24.687279,82
126,45,24.072404,81
126,46,37.206026,80
126,47,25.265065,79
126,48,6.94333600000001,78
126,49,8.13739299999999,77
126,50,31.114489,76
126,51,29.853787,75
126,52,33.8395,74
126,53,45.394321,73
126,54,43.246911,72
126,55,29.22965,71
126,56,26.474031,70
126,57,31.580975,69
126,58,25.352066,68
126,59,15.21633,67
126,60,32.327707,66
126,61,28.439229,65
126,62,41.264564,64
126,63,34.434,63
126,64,15.883575,62
126,65,23.887497,61
126,66,42.926502,60
126,67,32.966482,59
126,68,28.668782,58
126,69,15.520627,57
126,70,25.684058,56
126,71,22.755607,55
126,72,16.941886,54
126,73,27.43599,53
126,74,26.334629,52
126,75,17.761693,51
126,76,10.818289,50
126,77,8.11945699999999,49
126,78,10.513507,48
126,79,23.630225,47
126,80,13.713279,46
126,81,5.188482,45
126,82,20.829705,44
126,83,31.533847,43
126,84,32.836843,42
126,85,33.733125,41
126,86,36.511082,40
126,87,33.556264,39
126,88,27.2651,38
126,89,30.224036,37
126,90,33.1915,36
126,91,30.640404,35
126,92,25.8557,34
126,93,17.386711,33
126,94,20.862575,32
126,95,22.073057,31
126,96,15.309089,30
126,97,10.480728,29
126,98,22.529718,28
126,99,26.264121,27
126,100,12.566093,26
126,101,20.112276,25
126,102,5.96496099999999,24
126,103,10.023957,23
126,104,9.581832,22
126,105,4.95595700000001,21
126,106,14.835404,20
126,107,9.3049,19
126,108,8.68784299999999,18
126,109,6.979575,17
126,110,14.457743,16
126,111,9.533554,15
126,112,23.409025,14
126,113,3.76549300000001,13
126,114,14.063657,12
126,115,17.932621,11
126,116,24.577918,10
126,117,20.778668,9
126,118,21.930154,8
126,119,4.29363899999999,7
126,120,1.971943,6
126,121,12.053714,5
126,122,11.808464,4
126,123,23.860507,3
126,124,17.1703,2
126,125,9.32878200000001,1
127,1,22.349668,126
127,2,29.734263,125
127,3,54.368953,124
127,4,45.085168,123
127,5,44.2748,122
127,6,46.6610816,121
127,7,46.121792,120
127,8,59.680768,119
127,9,72.9674,118
127,10,58.468689,117
127,11,50.740856,116
127,12,62.482059,115
127,13,63.67755,114
127,14,50.902634,113
127,15,39.842979,112
127,16,43.635461,111
127,17,52.626489,110
127,18,42.959425,109
127,19,35.336939,108
127,20,41.011068,107
127,21,66.135264,106
127,22,65.80455,105
127,23,67.839335,104
127,24,59.34569,103
127,25,43.768068,102
127,26,55.29095,101
127,27,47.061221,100
127,28,45.88465,99
127,29,46.084945,98
127,30,45.1381658,97
127,31,50.747364,96
127,32,48.898529,95
127,33,45.689086,94
127,34,58.070684,93
127,35,44.790037,92
127,36,40.476593,91
127,37,34.39205,90
127,38,39.0522439,89
127,39,60.65675,88
127,40,57.152763,87
127,41,58.580445,86
127,42,48.3441,85
127,43,44.825489,84
127,44,35.005211,83
127,45,34.390336,82
127,46,47.523958,81
127,47,35.582997,80
127,48,17.261268,79
127,49,7.095525,78
127,50,41.432421,77
127,51,39.500245,76
127,52,44.157432,75
127,53,51.348811,74
127,54,44.480179,73
127,55,39.547582,72
127,56,36.791963,71
127,57,36.314457,70
127,58,26.585334,69
127,59,25.534262,68
127,60,41.061625,67
127,61,38.757161,66
127,62,51.248568,65
127,63,41.415332,64
127,64,26.201507,63
127,65,34.205429,62
127,66,53.244434,61
127,67,34.19975,60
127,68,37.90185,59
127,69,25.838559,58
127,70,36.00199,57
127,71,32.072425,56
127,72,27.259818,55
127,73,28.669258,54
127,74,30.765003,53
127,75,24.712339,52
127,76,18.634843,51
127,77,6.886189,50
127,78,20.831439,49
127,79,31.197807,48
127,80,24.031211,47
127,81,15.17195,46
127,82,31.147637,45
127,83,41.851779,44
127,84,43.154775,43
127,85,41.548607,42
127,86,40.94025,41
127,87,41.724568,40
127,88,37.415532,39
127,89,33.123996,38
127,90,42.089032,37
127,91,40.958336,36
127,92,32.006232,35
127,93,21.536221,34
127,94,19.629307,33
127,95,32.390989,32
127,96,25.627021,31
127,97,11.963504,30
127,98,32.679614,29
127,99,27.497389,28
127,100,13.799361,27
127,101,18.879008,26
127,102,10.601793,25
127,103,20.341889,24
127,104,10.8151,23
127,105,15.023175,22
127,106,25.153336,21
127,107,19.622832,20
127,108,1.63008899999999,19
127,109,3.67054299999999,18
127,110,13.224475,17
127,111,19.851486,16
127,112,32.557807,15
127,113,14.083425,14
127,114,7.996875,13
127,115,10.949011,12
127,116,23.34465,11
127,117,19.5454,10
127,118,20.696886,9
127,119,7.607771,8
127,120,12.289875,7
127,121,13.286982,6
127,122,4.573068,5
127,123,22.627239,4
127,124,27.488232,3
127,125,19.646714,2
127,126,10.317932,1
128,1,29.0453695,127
128,2,36.4305005,126
128,3,61.0651905,125
128,4,51.7607695,124
128,5,50.9710375,123
128,6,43.8587559,122
128,7,52.8180295,121
128,8,66.3770055,120
128,9,79.6636375,119
128,10,65.1649265,118
128,11,52.3024815,117
128,12,69.1782965,116
128,13,70.3737875,115
128,14,53.0560035,114
128,15,46.2059585,113
128,16,50.3316985,112
128,17,59.3227265,111
128,18,47.8232125,110
128,19,42.0331765,109
128,20,47.7073055,108
128,21,72.8315015,107
128,22,72.5007875,106
128,23,74.5355725,105
128,24,65.7578475,104
128,25,46.3566695,103
128,26,61.9871875,102
128,27,47.5113165,101
128,28,47.6027875,100
128,29,50.7597925,99
128,30,40.3355283,98
128,31,57.4436015,97
128,32,44.0958915,96
128,33,52.3853235,95
128,34,64.7669215,94
128,35,47.1164005,93
128,36,47.1728305,92
128,37,38.5891875,91
128,38,34.2496064,90
128,39,67.3529875,89
128,40,63.8490005,88
128,41,65.2766825,87
128,42,48.0857375,86
128,43,51.5217265,85
128,44,41.7014485,84
128,45,41.0865735,83
128,46,54.2201955,82
128,47,42.2792345,81
128,48,23.9575055,80
128,49,13.7917625,79
128,50,48.1286585,78
128,51,46.1964825,77
128,52,50.8536695,76
128,53,58.0450485,75
128,54,42.2872585,74
128,55,46.2438195,73
128,56,43.4882005,72
128,57,43.0106945,71
128,58,28.5645035,70
128,59,32.2304995,69
128,60,47.7578625,68
128,61,45.4533985,67
128,62,57.9448055,66
128,63,48.1115695,65
128,64,32.8977445,64
128,65,40.9016665,63
128,66,59.9406715,62
128,67,35.5627875,61
128,68,44.5980875,60
128,69,32.5347965,59
128,70,42.6982275,58
128,71,38.7686625,57
128,72,33.9560555,56
128,73,32.2132795,55
128,74,37.4612405,54
128,75,31.4085765,53
128,76,25.3310805,52
128,77,11.6888265,51
128,78,27.5276765,50
128,79,37.8940445,49
128,80,30.7274485,48
128,81,21.8681875,47
128,82,37.8438745,46
128,83,48.5480165,45
128,84,49.8510125,44
128,85,48.2448445,43
128,86,47.6364875,42
128,87,48.4208055,41
128,88,44.1117695,40
128,89,39.8202335,39
128,90,48.7852695,38
128,91,47.6545735,37
128,92,38.7024695,36
128,93,28.2324585,35
128,94,24.4319445,34
128,95,39.0872265,33
128,96,32.3232585,32
128,97,18.6597415,31
128,98,39.3758515,30
128,99,30.5264485,29
128,100,18.6620765,28
128,101,23.6816455,27
128,102,17.2980305,26
128,103,27.0381265,25
128,104,10.8448375,24
128,105,21.7194125,23
128,106,31.8495735,22
128,107,26.3190695,21
128,108,8.3263265,20
128,109,10.0345945,19
128,110,18.0271125,18
128,111,26.5477235,17
128,112,39.2540445,16
128,113,20.7796625,15
128,114,12.7995125,14
128,115,15.7516485,13
128,116,28.1472875,12
128,117,24.3480375,11
128,118,25.4995235,10
128,119,14.3040085,9
128,120,18.9861125,8
128,121,12.7343555,7
128,122,9.3757055,6
128,123,27.4298765,5
128,124,34.1844695,4
128,125,26.3429515,3
128,126,17.0141695,2
128,127,6.6962375,1
129,1,25.285268,128
129,2,30.586163,127
129,3,55.220853,126
129,4,48.020768,125
129,5,45.1267,124
129,6,49.5966816,123
129,7,47.948408,122
129,8,60.532668,121
129,9,73.8193,120
129,10,59.320589,119
129,11,53.676456,118
129,12,63.333959,117
129,13,64.52945,116
129,14,53.838234,115
129,15,42.778579,114
129,16,44.487361,113
129,17,53.478389,112
129,18,45.895025,111
129,19,36.188839,110
129,20,41.862968,109
129,21,66.987164,108
129,22,67.19647,107
129,23,68.691235,106
129,24,62.28129,105
129,25,46.703668,104
129,26,56.14285,103
129,27,49.996821,102
129,28,48.82025,101
129,29,49.020545,100
129,30,48.0737658,99
129,31,51.599264,98
129,32,51.834129,97
129,33,46.540986,96
129,34,58.922584,95
129,35,47.725637,94
129,36,43.327907,93
129,37,37.32765,92
129,38,41.9878439,91
129,39,61.50865,90
129,40,58.004663,89
129,41,59.432345,88
129,42,51.2797,87
129,43,45.677389,86
129,44,35.857111,85
129,45,35.242236,84
129,46,48.375858,83
129,47,36.434897,82
129,48,18.113168,81
129,49,7.94742500000001,80
129,50,42.284321,79
129,51,40.352145,78
129,52,45.009332,77
129,53,52.200711,76
129,54,47.415779,75
129,55,40.399482,74
129,56,37.643863,73
129,57,37.166357,72
129,58,29.520934,71
129,59,26.386162,70
129,60,41.913525,69
129,61,39.609061,68
129,62,52.100468,67
129,63,42.267232,66
129,64,27.053407,65
129,65,35.057329,64
129,66,54.096334,63
129,67,37.13535,62
129,68,38.75375,61
129,69,26.690459,60
129,70,36.85389,59
129,71,32.924325,58
129,72,28.111718,57
129,73,31.604858,56
129,74,31.616903,55
129,75,25.564239,54
129,76,19.486743,53
129,77,3.950589,52
129,78,21.683339,51
129,79,32.049707,50
129,80,24.883111,49
129,81,16.02385,48
129,82,31.999537,47
129,83,42.703679,46
129,84,44.006675,45
129,85,42.400507,44
129,86,41.79215,43
129,87,42.576468,42
129,88,38.267432,41
129,89,34.392904,40
129,90,42.940932,39
129,91,41.810236,38
129,92,32.858132,37
129,93,22.388121,36
129,94,16.693707,35
129,95,33.242889,34
129,96,26.478921,33
129,97,14.649596,32
129,98,33.531514,31
129,99,30.432989,30
129,100,16.734961,29
129,101,15.943408,28
129,102,11.453693,27
129,103,21.193789,26
129,104,13.7507,25
129,105,15.875075,24
129,106,26.005236,23
129,107,20.474732,22
129,108,4.148011,21
129,109,6.606143,20
129,110,10.288875,19
129,111,20.703386,18
129,112,33.409707,17
129,113,14.935325,16
129,114,5.061275,15
129,115,8.013411,14
129,116,20.40905,13
129,117,16.6098,12
129,118,17.761286,11
129,119,8.459671,10
129,120,13.141775,9
129,121,16.222582,8
129,122,1.637468,7
129,123,19.691639,6
129,124,28.340132,5
129,125,20.498614,4
129,126,11.169832,3
129,127,2.9356,2
129,128,7.7382375,1
130,1,26.864325,129
130,2,34.249456,128
130,3,58.884146,127
130,4,49.579725,126
130,5,48.789993,125
130,6,45.1758886,124
130,7,50.636985,123
130,8,64.195961,122
130,9,77.482593,121
130,10,62.983882,120
130,11,50.121437,119
130,12,66.997252,118
130,13,68.192743,117
130,14,50.874959,116
130,15,44.024914,115
130,16,48.150654,114
130,17,57.141682,113
130,18,45.642168,112
130,19,39.852132,111
130,20,45.526261,110
130,21,70.650457,109
130,22,70.319743,108
130,23,72.354528,107
130,24,63.576803,106
130,25,44.175625,105
130,26,59.806143,104
130,27,45.576028,103
130,28,45.421743,102
130,29,48.578748,101
130,30,43.6529728,100
130,31,55.262557,99
130,32,47.413336,98
130,33,50.204279,97
130,34,62.585877,96
130,35,44.935356,95
130,36,44.991786,94
130,37,36.408143,93
130,38,37.5670509,92
130,39,65.171943,91
130,40,61.667956,90
130,41,63.095638,89
130,42,46.858907,88
130,43,49.340682,87
130,44,39.520404,86
130,45,38.905529,85
130,46,52.039151,84
130,47,40.09819,83
130,48,21.776461,82
130,49,11.610718,81
130,50,45.947614,80
130,51,44.015438,79
130,52,48.672625,78
130,53,55.864004,77
130,54,42.994986,76
130,55,44.062775,75
130,56,41.307156,74
130,57,40.82965,73
130,58,26.383459,72
130,59,30.049455,71
130,60,45.576818,70
130,61,43.272354,69
130,62,55.763761,68
130,63,45.930525,67
130,64,30.7167,66
130,65,38.720622,65
130,66,57.759627,64
130,67,33.381743,63
130,68,42.417043,62
130,69,30.353752,61
130,70,40.517183,60
130,71,36.587618,59
130,72,31.775011,58
130,73,30.032235,57
130,74,35.280196,56
130,75,29.227532,55
130,76,23.150036,54
130,77,8.37138199999999,53
130,78,25.346632,52
130,79,35.713,51
130,80,28.546404,50
130,81,19.687143,49
130,82,35.66283,48
130,83,46.366972,47
130,84,47.669968,46
130,85,46.0638,45
130,86,45.455443,44
130,87,46.239761,43
130,88,41.930725,42
130,89,37.639189,41
130,90,46.604225,40
130,91,45.473529,39
130,92,36.521425,38
130,93,26.051414,37
130,94,21.1145,36
130,95,36.906182,35
130,96,30.142214,34
130,97,16.478697,33
130,98,37.194807,32
130,99,28.345404,31
130,100,16.481032,30
130,101,20.364201,29
130,102,15.116986,28
130,103,24.857082,27
130,104,9.329907,26
130,105,19.538368,25
130,106,29.668529,24
130,107,24.138025,23
130,108,6.145282,22
130,109,7.85355,21
130,110,14.709668,20
130,111,24.366679,19
130,112,37.073,18
130,113,18.598618,17
130,114,9.48206799999999,16
130,115,12.434204,15
130,116,24.829843,14
130,117,21.030593,13
130,118,22.182079,12
130,119,12.122964,11
130,120,16.805068,10
130,121,11.801789,9
130,122,6.05826099999999,8
130,123,24.112432,7
130,124,32.003425,6
130,125,24.161907,5
130,126,14.833125,4
130,127,4.51519300000001,3
130,128,3.31744450000001,2
130,129,4.420793,1
131,1,27.383118,130
131,2,34.768249,129
131,3,59.402939,128
131,4,50.098518,127
131,5,49.308786,126
131,6,46.3607956,125
131,7,51.155778,124
131,8,64.714754,123
131,9,78.001386,122
131,10,63.502675,121
131,11,50.64023,120
131,12,67.516045,119
131,13,68.711536,118
131,14,51.393752,117
131,15,44.543707,116
131,16,48.669447,115
131,17,57.660475,114
131,18,46.160961,113
131,19,40.370925,112
131,20,46.045054,111
131,21,71.16925,110
131,22,70.838536,109
131,23,72.873321,108
131,24,64.095596,107
131,25,44.694418,106
131,26,60.324936,105
131,27,46.760935,104
131,28,45.940536,103
131,29,49.097541,102
131,30,44.8378798,101
131,31,55.78135,100
131,32,48.598243,99
131,33,50.723072,98
131,34,63.10467,97
131,35,45.454149,96
131,36,45.510579,95
131,37,36.926936,94
131,38,38.7519579,93
131,39,65.690736,92
131,40,62.186749,91
131,41,63.614431,90
131,42,48.043814,89
131,43,49.859475,88
131,44,40.039197,87
131,45,39.424322,86
131,46,52.557944,85
131,47,40.616983,84
131,48,22.295254,83
131,49,12.129511,82
131,50,46.466407,81
131,51,44.534231,80
131,52,49.191418,79
131,53,56.382797,78
131,54,44.179893,77
131,55,44.581568,76
131,56,41.825949,75
131,57,41.348443,74
131,58,26.902252,73
131,59,30.568248,72
131,60,46.095611,71
131,61,43.791147,70
131,62,56.282554,69
131,63,46.449318,68
131,64,31.235493,67
131,65,39.239415,66
131,66,58.27842,65
131,67,33.900536,64
131,68,42.935836,63
131,69,30.872545,62
131,70,41.035976,61
131,71,37.106411,60
131,72,32.293804,59
131,73,30.551028,58
131,74,35.798989,57
131,75,29.746325,56
131,76,23.668829,55
131,77,7.603775,54
131,78,25.865425,53
131,79,36.231793,52
131,80,29.065197,51
131,81,20.205936,50
131,82,36.181623,49
131,83,46.885765,48
131,84,48.188761,47
131,85,46.582593,46
131,86,45.974236,45
131,87,46.758554,44
131,88,42.449518,43
131,89,38.157982,42
131,90,47.123018,41
131,91,45.992322,40
131,92,37.040218,39
131,93,26.570207,38
131,94,19.929593,37
131,95,37.424975,36
131,96,30.661007,35
131,97,16.99749,34
131,98,37.7136,33
131,99,28.864197,32
131,100,16.999825,31
131,101,19.179294,30
131,102,15.635779,29
131,103,25.375875,28
131,104,10.514814,27
131,105,20.057161,26
131,106,30.187322,25
131,107,24.656818,24
131,108,6.664075,23
131,109,8.37234299999999,22
131,110,13.524761,21
131,111,24.885472,20
131,112,37.591793,19
131,113,19.117411,18
131,114,8.297161,17
131,115,11.249297,16
131,116,23.644936,15
131,117,19.845686,14
131,118,20.997172,13
131,119,12.641757,12
131,120,17.323861,11
131,121,12.986696,10
131,122,4.873354,9
131,123,22.927525,8
131,124,32.522218,7
131,125,24.6807,6
131,126,15.351918,5
131,127,5.033986,4
131,128,4.5023515,3
131,129,4.18208599999999,2
131,130,1.18490699999999,1
132,1,25.918507,131
132,2,29.388024,130
132,3,54.022714,129
132,4,48.654007,128
132,5,44.299339,127
132,6,50.2299206,126
132,7,48.581647,125
132,8,59.334529,124
132,9,72.621161,123
132,10,58.12245,122
132,11,54.309695,121
132,12,62.13582,120
132,13,63.331311,119
132,14,54.471473,118
132,15,43.411818,117
132,16,43.454578,116
132,17,52.28025,115
132,18,46.528264,114
132,19,34.9907,113
132,20,40.664829,112
132,21,65.789025,111
132,22,67.829709,110
132,23,67.493096,109
132,24,62.914529,108
132,25,47.336907,107
132,26,54.944711,106
132,27,50.63006,105
132,28,49.453489,104
132,29,49.653784,103
132,30,48.7070048,102
132,31,50.732775,101
132,32,52.467368,100
132,33,45.342847,99
132,34,57.724445,98
132,35,48.358876,97
132,36,43.961146,96
132,37,37.960889,95
132,38,42.6210829,94
132,39,60.310511,93
132,40,56.917476,92
132,41,58.234206,91
132,42,51.912939,90
132,43,44.47925,89
132,44,34.658972,88
132,45,34.044097,87
132,46,47.177719,86
132,47,35.236758,85
132,48,16.915029,84
132,49,6.74928600000001,83
132,50,41.086182,82
132,51,39.154006,81
132,52,43.811193,80
132,53,51.002572,79
132,54,48.049018,78
132,55,39.201343,77
132,56,36.445724,76
132,57,36.383082,75
132,58,30.154173,74
132,59,25.188023,73
132,60,40.715386,72
132,61,38.410922,71
132,62,50.902329,70
132,63,41.069093,69
132,64,25.855268,68
132,65,33.85919,67
132,66,52.898195,66
132,67,37.768589,65
132,68,37.555611,64
132,69,25.49232,63
132,70,35.655751,62
132,71,31.726186,61
132,72,26.913579,60
132,73,32.238097,59
132,74,31.136736,58
132,75,24.3661,57
132,76,18.288604,56
132,77,3.31734999999999,55
132,78,20.4852,54
132,79,30.851568,53
132,80,23.684972,52
132,81,14.825711,51
132,82,30.801398,50
132,83,41.50554,49
132,84,42.808536,48
132,85,41.202368,47
132,86,41.313189,46
132,87,41.378329,45
132,88,37.069293,44
132,89,35.026143,43
132,90,41.742793,42
132,91,40.612097,41
132,92,31.659993,40
132,93,22.188818,39
132,94,16.060468,38
132,95,32.04475,37
132,96,25.280782,36
132,97,15.282835,35
132,98,32.333375,34
132,99,31.066228,33
132,100,17.3682,32
132,101,15.310169,31
132,102,10.255554,30
132,103,19.99565,29
132,104,14.383939,28
132,105,14.676936,27
132,106,24.807097,26
132,107,19.276593,25
132,108,4.78125000000001,24
132,109,7.239382,23
132,110,9.655636,22
132,111,19.505247,21
132,112,32.211568,20
132,113,13.737186,19
132,114,4.428036,18
132,115,7.960928,17
132,116,19.775811,16
132,117,15.976561,15
132,118,17.128047,14
132,119,7.261532,13
132,120,11.943636,12
132,121,16.855821,11
132,122,1.83677099999999,10
132,123,19.0584,9
132,124,27.141993,8
132,125,19.300475,7
132,126,9.971693,6
132,127,3.56883900000001,5
132,128,8.37147650000001,4
132,129,1.198139,3
132,130,5.054032,2
132,131,5.38022499999999,1
133,1,20.892943,132
133,2,25.694688,131
133,3,50.329378,130
133,4,43.628443,129
133,5,40.235225,128
133,6,45.2043566,127
133,7,43.556083,126
133,8,55.641193,125
133,9,68.927825,124
133,10,54.429114,123
133,11,49.284131,122
133,12,58.442484,121
133,13,59.637975,120
133,14,49.445909,119
133,15,38.386254,118
133,16,39.595886,117
133,17,48.586914,116
133,18,41.5027,115
133,19,31.297364,114
133,20,36.971493,113
133,21,62.095689,112
133,22,62.804145,111
133,23,63.79976,110
133,24,57.888965,109
133,25,42.311343,108
133,26,51.251375,107
133,27,45.604496,106
133,28,44.427925,105
133,29,44.62822,104
133,30,43.6814408,103
133,31,46.707789,102
133,32,47.441804,101
133,33,41.649511,100
133,34,54.031109,99
133,35,43.333312,98
133,36,38.935582,97
133,37,32.935325,96
133,38,37.5955189,95
133,39,56.617175,94
133,40,53.113188,93
133,41,54.54087,92
133,42,46.887375,91
133,43,40.785914,90
133,44,30.965636,89
133,45,30.350761,88
133,46,43.484383,87
133,47,31.543422,86
133,48,13.221693,85
133,49,8.36085,84
133,50,37.392846,83
133,51,35.46067,82
133,52,40.117857,81
133,53,47.309236,80
133,54,43.023454,79
133,55,35.508007,78
133,56,32.752388,77
133,57,32.274882,76
133,58,25.128609,75
133,59,21.494687,74
133,60,37.02205,73
133,61,34.717586,72
133,62,47.208993,71
133,63,37.375757,70
133,64,22.161932,69
133,65,30.165854,68
133,66,49.204859,67
133,67,32.743025,66
133,68,33.862275,65
133,69,21.798984,64
133,70,31.962415,63
133,71,28.03285,62
133,72,23.220243,61
133,73,27.212533,60
133,74,26.725428,59
133,75,20.672764,58
133,76,14.595268,57
133,77,8.342914,56
133,78,16.791864,55
133,79,27.158232,54
133,80,19.991636,53
133,81,11.132375,52
133,82,27.108062,51
133,83,37.812204,50
133,84,39.1152,49
133,85,37.509032,48
133,86,36.900675,47
133,87,37.684993,46
133,88,33.375957,45
133,89,30.000579,44
133,90,38.049457,43
133,91,36.918761,42
133,92,27.966657,41
133,93,17.496646,40
133,94,21.086032,39
133,95,28.351414,38
133,96,21.587446,37
133,97,10.257271,36
133,98,28.640039,35
133,99,26.040664,34
133,100,12.342636,33
133,101,20.335733,32
133,102,6.562218,31
133,103,16.302314,30
133,104,9.358375,29
133,105,10.9836,28
133,106,21.113761,27
133,107,15.583257,26
133,108,2.409486,25
133,109,2.213818,24
133,110,14.6812,23
133,111,15.811911,22
133,112,28.518232,21
133,113,10.04385,20
133,114,9.4536,19
133,115,12.405736,18
133,116,24.801375,17
133,117,21.002125,16
133,118,22.153611,15
133,119,4.517096,14
133,120,8.25029999999999,13
133,121,11.830257,12
133,122,6.029793,11
133,123,24.083964,10
133,124,23.448657,9
133,125,15.607139,8
133,126,6.27835699999999,7
133,127,4.03957499999999,6
133,128,10.7358125,5
133,129,4.891475,4
133,130,8.554768,3
133,131,9.07356099999999,2
133,132,5.025564,1
134,1,22.258832,133
134,2,29.643963,132
134,3,54.278653,131
134,4,44.974232,130
134,5,44.1845,129
134,6,43.1537816,128
134,7,46.031492,127
134,8,59.590468,126
134,9,72.8771,125
134,10,58.378389,124
134,11,47.233556,123
134,12,62.391759,122
134,13,63.58725,121
134,14,47.395334,120
134,15,39.419421,119
134,16,43.545161,118
134,17,52.536189,117
134,18,41.036675,116
134,19,35.246639,115
134,20,40.920768,114
134,21,66.044964,113
134,22,65.71425,112
134,23,67.749035,111
134,24,58.97131,110
134,25,40.260768,109
134,26,55.20065,108
134,27,43.553921,107
134,28,42.37735,106
134,29,43.973255,105
134,30,41.6308658,104
134,31,50.657064,103
134,32,45.391229,102
134,33,45.598786,101
134,34,57.980384,100
134,35,41.282737,99
134,36,40.386293,98
134,37,31.80265,97
134,38,35.5449439,96
134,39,60.56645,95
134,40,57.062463,94
134,41,58.490145,93
134,42,44.8368,92
134,43,44.735189,91
134,44,34.914911,90
134,45,34.300036,89
134,46,47.433658,88
134,47,35.492697,87
134,48,17.170968,86
134,49,10.411425,85
134,50,41.342121,84
134,51,39.409945,83
134,52,44.067132,82
134,53,51.258511,81
134,54,40.972879,80
134,55,39.457282,79
134,56,36.701663,78
134,57,36.224157,77
134,58,23.078034,76
134,59,25.443962,75
134,60,40.971325,74
134,61,38.666861,73
134,62,51.158268,72
134,63,41.325032,71
134,64,26.111207,70
134,65,34.115129,69
134,66,53.154134,68
134,67,30.69245,67
134,68,37.81155,66
134,69,25.748259,65
134,70,35.91169,64
134,71,31.982125,63
134,72,27.169518,62
134,73,25.426742,61
134,74,30.674703,60
134,75,24.622039,59
134,76,18.544543,58
134,77,10.393489,57
134,78,20.741139,56
134,79,31.107507,55
134,80,23.940911,54
134,81,15.08165,53
134,82,31.057337,52
134,83,41.761479,51
134,84,43.064475,50
134,85,41.458307,49
134,86,40.84995,48
134,87,41.634268,47
134,88,37.325232,46
134,89,33.033696,45
134,90,41.998732,44
134,91,40.868036,43
134,92,31.915932,42
134,93,21.445921,41
134,94,23.136607,40
134,95,32.300689,39
134,96,25.536721,38
134,97,11.873204,37
134,98,32.589314,36
134,99,23.990089,35
134,100,11.875539,34
134,101,22.386308,33
134,102,10.511493,32
134,103,20.251589,31
134,104,7.3078,30
134,105,14.932875,29
134,106,25.063036,28
134,107,19.532532,27
134,108,2.294889,26
134,109,3.248057,25
134,110,16.731775,24
134,111,19.761186,23
134,112,32.467507,22
134,113,13.993125,21
134,114,11.504175,20
134,115,14.456311,19
134,116,26.85195,18
134,117,23.0527,17
134,118,24.204186,16
134,119,7.517471,15
134,120,12.199575,14
134,121,9.779682,13
134,122,8.080368,12
134,123,26.134539,11
134,124,27.397932,10
134,125,19.556414,9
134,126,10.227632,8
134,127,3.5073,7
134,128,6.7865375,6
134,129,6.4429,5
134,130,4.605493,4
134,131,5.12428599999999,3
134,132,7.076139,2
134,133,3.949275,1
135,1,26.356539,134
135,2,33.74167,133
135,3,58.37636,132
135,4,49.071939,131
135,5,48.282207,130
135,6,49.6673746,129
135,7,50.129199,128
135,8,63.688175,127
135,9,76.974807,126
135,10,62.476096,125
135,11,53.747149,124
135,12,66.489466,123
135,13,67.684957,122
135,14,53.908927,121
135,15,43.517128,120
135,16,47.642868,119
135,17,56.633896,118
135,18,45.965718,117
135,19,39.344346,116
135,20,45.018475,115
135,21,70.142671,114
135,22,69.811957,113
135,23,71.846742,112
135,24,63.069017,111
135,25,46.774361,110
135,26,59.298357,109
135,27,50.067514,108
135,28,48.890943,107
135,29,49.091238,106
135,30,48.1444588,105
135,31,54.754771,104
135,32,51.904822,103
135,33,49.696493,102
135,34,62.078091,101
135,35,47.79633,100
135,36,44.484,99
135,37,37.398343,98
135,38,42.0585369,97
135,39,64.664157,96
135,40,61.16017,95
135,41,62.587852,94
135,42,51.350393,93
135,43,48.832896,92
135,44,39.012618,91
135,45,38.397743,90
135,46,51.531365,89
135,47,39.590404,88
135,48,21.268675,87
135,49,11.102932,86
135,50,45.439828,85
135,51,43.507652,84
135,52,48.164839,83
135,53,55.356218,82
135,54,47.486472,81
135,55,43.554989,80
135,56,40.79937,79
135,57,40.321864,78
135,58,29.591627,77
135,59,29.541669,76
135,60,45.069032,75
135,61,42.764568,74
135,62,55.255975,73
135,63,45.422739,72
135,64,30.208914,71
135,65,38.212836,70
135,66,57.251841,69
135,67,37.206043,68
135,68,41.909257,67
135,69,29.845966,66
135,70,40.009397,65
135,71,36.079832,64
135,72,31.267225,63
135,73,31.675551,62
135,74,34.77241,61
135,75,28.719746,60
135,76,22.64225,59
135,77,6.57719600000001,58
135,78,24.838846,57
135,79,35.205214,56
135,80,28.038618,55
135,81,19.179357,54
135,82,35.155044,53
135,83,45.859186,52
135,84,47.162182,51
135,85,45.556014,50
135,86,44.947657,49
135,87,45.731975,48
135,88,41.422939,47
135,89,37.131403,46
135,90,46.096439,45
135,91,44.965743,44
135,92,36.013639,43
135,93,25.543628,42
135,94,16.623014,41
135,95,36.398396,40
135,96,29.634428,39
135,97,15.970911,38
135,98,36.687021,37
135,99,30.503682,36
135,100,16.805654,35
135,101,15.872715,34
135,102,14.6092,33
135,103,24.349296,32
135,104,13.821393,31
135,105,19.030582,30
135,106,29.160743,29
135,107,23.630239,28
135,108,5.637496,27
135,109,7.345764,26
135,110,10.218182,25
135,111,23.858893,24
135,112,36.565214,23
135,113,18.090832,22
135,114,4.99058199999999,21
135,115,7.942718,20
135,116,20.338357,19
135,117,16.539107,18
135,118,17.690593,17
135,119,11.615178,16
135,120,16.297282,15
135,121,16.293275,14
135,122,2.51687500000001,13
135,123,19.620946,12
135,124,31.495639,11
135,125,23.654121,10
135,126,14.325339,9
135,127,4.00740700000001,8
135,128,7.80893050000001,7
135,129,3.155507,6
135,130,4.491486,5
135,131,3.30657900000001,4
135,132,4.353646,3
135,133,8.046982,2
135,134,6.51359300000001,1
136,1,30.282575,135
136,2,37.667706,134
136,3,62.302396,133
136,4,52.997975,132
136,5,52.208243,131
136,6,50.0949386,130
136,7,54.055235,129
136,8,67.614211,128
136,9,80.900843,127
136,10,66.402132,126
136,11,54.174713,125
136,12,70.415502,124
136,13,71.610993,123
136,14,54.336491,122
136,15,47.443164,121
136,16,51.568904,120
136,17,60.559932,119
136,18,49.060418,118
136,19,43.270382,117
136,20,48.944511,116
136,21,74.068707,115
136,22,73.737993,114
136,23,75.772778,113
136,24,66.995053,112
136,25,47.593875,111
136,26,63.224393,110
136,27,50.495078,109
136,28,49.318507,108
136,29,51.996998,107
136,30,48.5720228,106
136,31,58.680807,105
136,32,52.332386,104
136,33,53.622529,103
136,34,66.004127,102
136,35,48.353606,101
136,36,48.410036,100
136,37,39.826393,99
136,38,42.4861009,98
136,39,68.590193,97
136,40,65.086206,96
136,41,66.513888,95
136,42,51.777957,94
136,43,52.758932,93
136,44,42.938654,92
136,45,42.323779,91
136,46,55.457401,90
136,47,43.51644,89
136,48,25.194711,88
136,49,15.028968,87
136,50,49.365864,86
136,51,47.433688,85
136,52,52.090875,84
136,53,59.282254,83
136,54,47.914036,82
136,55,47.481025,81
136,56,44.725406,80
136,57,44.2479,79
136,58,30.019191,78
136,59,33.467705,77
136,60,48.995068,76
136,61,46.690604,75
136,62,59.182011,74
136,63,49.348775,73
136,64,34.13495,72
136,65,42.138872,71
136,66,61.177877,70
136,67,37.633607,69
136,68,45.835293,68
136,69,33.772002,67
136,70,43.935433,66
136,71,40.005868,65
136,72,35.193261,64
136,73,33.450485,63
136,74,38.698446,62
136,75,32.645782,61
136,76,26.568286,60
136,77,10.503232,59
136,78,28.764882,58
136,79,39.13125,57
136,80,31.964654,56
136,81,23.105393,55
136,82,39.08108,54
136,83,49.785222,53
136,84,51.088218,52
136,85,49.48205,51
136,86,48.873693,50
136,87,49.658011,49
136,88,45.348975,48
136,89,41.057439,47
136,90,50.022475,46
136,91,48.891779,45
136,92,39.939675,44
136,93,29.469664,43
136,94,18.47035,42
136,95,40.324432,41
136,96,33.560464,40
136,97,19.896947,39
136,98,40.613057,38
136,99,31.763654,37
136,100,19.899282,36
136,101,15.445151,35
136,102,18.535236,34
136,103,28.275332,33
136,104,14.248957,32
136,105,22.956618,31
136,106,33.086779,30
136,107,27.556275,29
136,108,9.563532,28
136,109,11.2718,27
136,110,9.79061799999999,26
136,111,27.784929,25
136,112,40.49125,24
136,113,22.016868,23
136,114,4.56301799999999,22
136,115,7.515154,21
136,116,19.910793,20
136,117,16.111543,19
136,118,17.263029,18
136,119,15.541214,17
136,120,20.223318,16
136,121,16.720839,15
136,122,6.44291100000001,14
136,123,19.193382,13
136,124,35.421675,12
136,125,27.580157,11
136,126,18.251375,10
136,127,7.93344300000001,9
136,128,8.23649450000001,8
136,129,7.081543,7
136,130,4.91905,6
136,131,3.73414300000001,5
136,132,8.279682,4
136,133,11.973018,3
136,134,8.023743,2
136,135,3.926036,1
137,1,34.068436,136
137,2,29.649105,135
137,3,54.314615,134
137,4,56.803936,133
137,5,52.449268,132
137,6,58.3798496,131
137,7,56.731576,130
137,8,57.1481,129
137,9,69.021032,128
137,10,61.769979,127
137,11,62.459624,126
137,12,58.535691,125
137,13,59.731182,124
137,14,62.621402,123
137,15,51.561747,122
137,16,51.604507,121
137,17,59.847279,120
137,18,54.678193,119
137,19,40.641529,118
137,20,47.979,117
137,21,62.188896,116
137,22,75.979638,115
137,23,68.014003,114
137,24,71.064458,113
137,25,55.486836,112
137,26,51.344582,111
137,27,58.779989,110
137,28,57.603418,109
137,29,57.803713,108
137,30,56.8569338,107
137,31,58.882704,106
137,32,60.617297,105
137,33,43.490882,104
137,34,54.124316,103
137,35,56.508805,102
137,36,52.111075,101
137,37,46.110818,100
137,38,50.7710119,99
137,39,56.710382,98
137,40,65.067405,97
137,41,62.060223,96
137,42,60.062868,95
137,43,50.793379,94
137,44,33.265957,93
137,45,30.443968,92
137,46,43.57759,91
137,47,35.062071,90
137,48,19.6464,89
137,49,4.81464300000001,88
137,50,37.486053,87
137,51,42.805823,86
137,52,40.211064,85
137,53,58.346357,84
137,54,56.198947,83
137,55,39.200186,82
137,56,32.845595,81
137,57,44.533011,80
137,58,38.304102,79
137,59,21.587894,78
137,60,45.279743,77
137,61,34.810793,76
137,62,54.2166,75
137,63,47.386036,74
137,64,25.669861,73
137,65,30.259061,72
137,66,49.298066,71
137,67,45.918518,70
137,68,41.620818,69
137,69,23.966109,68
137,70,38.003078,67
137,71,35.707643,66
137,72,24.21795,65
137,73,40.388026,64
137,74,39.286665,63
137,75,30.713729,62
137,76,23.770325,61
137,77,4.83257900000001,60
137,78,16.885071,59
137,79,36.582261,58
137,80,20.084843,57
137,81,18.140518,56
137,82,32.975731,55
137,83,42.403389,54
137,84,45.456693,53
137,85,46.685161,52
137,86,49.463118,51
137,87,46.5083,50
137,88,40.217136,49
137,89,43.176072,48
137,90,46.143536,47
137,91,39.510532,46
137,92,38.807736,45
137,93,30.338747,44
137,94,7.910539,43
137,95,28.444621,42
137,96,23.595647,41
137,97,23.432764,40
137,98,35.481754,39
137,99,39.216157,38
137,100,25.518129,37
137,101,7.16023999999998,36
137,102,6.98707500000001,35
137,103,19.978279,34
137,104,22.533868,33
137,105,17.907993,32
137,106,21.206968,31
137,107,15.676464,30
137,108,12.931179,29
137,109,15.389311,28
137,110,6.25319299999999,27
137,111,15.905118,26
137,112,36.361061,25
137,113,16.385343,24
137,114,7.69209299999999,23
137,115,11.561057,22
137,116,11.625882,21
137,117,7.82663199999999,20
137,118,8.978118,19
137,119,8.65839700000001,18
137,120,14.008893,17
137,121,25.00575,16
137,122,7.14570000000001,15
137,123,10.908471,14
137,124,23.541864,13
137,125,15.700346,12
137,126,12.952036,11
137,127,11.718768,10
137,128,16.5214055,9
137,129,8.78316800000001,8
137,130,13.203961,7
137,131,12.019054,6
137,132,8.14992900000001,5
137,133,13.175493,4
137,134,15.226068,3
137,135,8.712475,2
137,136,11.879811,1
138,1,27.280032,137
138,2,29.164999,136
138,3,53.799689,135
138,4,50.015532,134
138,5,45.660864,133
138,6,51.5914456,132
138,7,49.943172,131
138,8,59.111504,130
138,9,72.398136,129
138,10,57.899425,128
138,11,55.67122,127
138,12,61.912795,126
138,13,63.108286,125
138,14,55.832998,124
138,15,44.773343,123
138,16,44.816103,122
138,17,53.058875,121
138,18,47.889789,120
138,19,34.767675,119
138,20,41.190596,118
138,21,65.566,117
138,22,69.191234,116
138,23,67.270071,115
138,24,64.276054,114
138,25,48.698432,113
138,26,54.721686,112
138,27,51.991585,111
138,28,50.815014,110
138,29,51.015309,109
138,30,50.0685298,108
138,31,52.0943,107
138,32,53.828893,106
138,33,45.119822,105
138,34,57.50142,104
138,35,49.720401,103
138,36,45.322671,102
138,37,39.322414,101
138,38,43.9826079,100
138,39,60.087486,99
138,40,58.279001,98
138,41,58.011181,97
138,42,53.274464,96
138,43,44.256225,95
138,44,34.435947,94
138,45,33.821072,93
138,46,46.954694,92
138,47,35.013733,91
138,48,16.692004,90
138,49,6.52626100000001,89
138,50,40.863157,88
138,51,38.930981,87
138,52,43.588168,86
138,53,51.557953,85
138,54,49.410543,84
138,55,38.978318,83
138,56,36.222699,82
138,57,37.744607,81
138,58,31.515698,80
138,59,24.964998,79
138,60,40.492361,78
138,61,38.187897,77
138,62,50.679304,76
138,63,40.846068,75
138,64,25.632243,74
138,65,33.636165,73
138,66,52.67517,72
138,67,39.130114,71
138,68,37.332586,70
138,69,25.269295,69
138,70,35.432726,68
138,71,31.503161,67
138,72,26.690554,66
138,73,33.599622,65
138,74,32.498261,64
138,75,24.143075,63
138,76,18.065579,62
138,77,2.00052500000001,61
138,78,20.262175,60
138,79,30.628543,59
138,80,23.461947,58
138,81,14.602686,57
138,82,30.578373,56
138,83,41.282515,55
138,84,42.585511,54
138,85,40.979343,53
138,86,42.674714,52
138,87,41.155304,51
138,88,36.846268,50
138,89,36.387668,49
138,90,41.519768,48
138,91,40.389072,47
138,92,32.019332,46
138,93,23.550343,45
138,94,14.698943,44
138,95,31.821725,43
138,96,25.057757,42
138,97,16.64436,41
138,98,32.11035,40
138,99,32.427753,39
138,100,18.729725,38
138,101,13.948644,37
138,102,10.032529,36
138,103,19.772625,35
138,104,15.745464,34
138,105,14.453911,33
138,106,24.584072,32
138,107,19.053568,31
138,108,6.14277500000001,30
138,109,8.600907,29
138,110,8.294111,28
138,111,19.282222,27
138,112,31.988543,26
138,113,13.514161,25
138,114,4.31498899999999,24
138,115,8.183953,23
138,116,18.414286,22
138,117,14.615036,21
138,118,15.766522,20
138,119,7.038507,19
138,120,11.720611,18
138,121,18.217346,17
138,122,2.05979599999999,16
138,123,17.696875,15
138,124,26.918968,14
138,125,19.07745,13
138,126,9.748668,12
138,127,4.93036400000001,11
138,128,9.73300150000001,10
138,129,1.994764,9
138,130,6.415557,8
138,131,5.60324999999999,7
138,132,1.361525,6
138,133,6.387089,5
138,134,8.43766400000001,4
138,135,4.576671,3
138,136,8.502707,2
138,137,6.78840400000001,1
139,1,25.567161,138
139,2,32.952292,137
139,3,57.586982,136
139,4,48.282561,135
139,5,47.492829,134
139,6,42.8793526,133
139,7,49.339821,132
139,8,62.898797,131
139,9,76.185429,130
139,10,61.686718,129
139,11,48.824273,128
139,12,65.700088,127
139,13,66.895579,126
139,14,49.577795,125
139,15,42.72775,124
139,16,46.85349,123
139,17,55.844518,122
139,18,44.345004,121
139,19,38.554968,120
139,20,44.229097,119
139,21,69.353293,118
139,22,69.022579,117
139,23,71.057364,116
139,24,62.279639,115
139,25,42.878461,114
139,26,58.508979,113
139,27,44.033108,112
139,28,44.124579,111
139,29,47.281584,110
139,30,41.3564368,109
139,31,53.965393,108
139,32,45.1168,107
139,33,48.907115,106
139,34,61.288713,105
139,35,43.638192,104
139,36,43.694622,103
139,37,35.110979,102
139,38,35.2705149,101
139,39,63.874779,100
139,40,60.370792,99
139,41,61.798474,98
139,42,44.607529,97
139,43,48.043518,96
139,44,38.22324,95
139,45,37.608365,94
139,46,50.741987,93
139,47,38.801026,92
139,48,20.479297,91
139,49,10.685854,90
139,50,44.65045,89
139,51,42.718274,88
139,52,47.375461,87
139,53,54.56684,86
139,54,40.69845,85
139,55,42.765611,84
139,56,40.009992,83
139,57,39.532486,82
139,58,25.086295,81
139,59,28.752291,80
139,60,44.279654,79
139,61,41.97519,78
139,62,54.466597,77
139,63,44.633361,76
139,64,29.419536,75
139,65,37.423458,74
139,66,56.462463,73
139,67,32.084579,72
139,68,41.119879,71
139,69,29.056588,70
139,70,39.220019,69
139,71,35.290454,68
139,72,30.477847,67
139,73,28.735071,66
139,74,33.983032,65
139,75,27.930368,64
139,76,21.852872,63
139,77,10.667918,62
139,78,24.049468,61
139,79,34.415836,60
139,80,27.24924,59
139,81,18.389979,58
139,82,34.365666,57
139,83,45.069808,56
139,84,46.372804,55
139,85,44.766636,54
139,86,44.158279,53
139,87,44.942597,52
139,88,40.633561,51
139,89,36.342025,50
139,90,45.307061,49
139,91,44.176365,48
139,92,35.224261,47
139,93,24.75425,46
139,94,23.411036,45
139,95,35.609018,44
139,96,28.84505,43
139,97,15.181533,42
139,98,35.897643,41
139,99,27.04824,40
139,100,15.183868,39
139,101,22.660737,38
139,102,13.819822,37
139,103,23.559918,36
139,104,7.36662900000001,35
139,105,18.241204,34
139,106,28.371365,33
139,107,22.840861,32
139,108,4.84811800000001,31
139,109,6.556386,30
139,110,17.006204,29
139,111,23.069515,28
139,112,35.775836,27
139,113,17.301454,26
139,114,11.778604,25
139,115,14.73074,24
139,116,27.126379,23
139,117,23.327129,22
139,118,24.478615,21
139,119,10.8258,20
139,120,15.507904,19
139,121,9.50525300000001,18
139,122,8.35479699999999,17
139,123,26.408968,16
139,124,30.706261,15
139,125,22.864743,14
139,126,13.535961,13
139,127,3.78172899999999,12
139,128,3.47820849999999,11
139,129,6.71732899999999,10
139,130,2.29653599999999,9
139,131,3.48144299999999,8
139,132,7.35056799999999,7
139,133,7.25760400000001,6
139,134,3.30832900000001,5
139,135,6.788022,4
139,136,7.215586,3
139,137,15.500497,2
139,138,8.712093,1
140,1,27.186561,139
140,2,34.571692,138
140,3,59.206382,137
140,4,49.901961,136
140,5,49.112229,135
140,6,46.7499526,134
140,7,50.959221,133
140,8,64.518197,132
140,9,77.804829,131
140,10,63.306118,130
140,11,50.829727,129
140,12,67.319488,128
140,13,68.514979,127
140,14,51.197195,126
140,15,44.34715,125
140,16,48.47289,124
140,17,57.463918,123
140,18,45.964404,122
140,19,40.174368,121
140,20,45.848497,120
140,21,70.972693,119
140,22,70.641979,118
140,23,72.676764,117
140,24,63.899039,116
140,25,44.497861,115
140,26,60.128379,114
140,27,47.150092,113
140,28,45.973521,112
140,29,48.900984,111
140,30,45.2270368,110
140,31,55.584793,109
140,32,48.9874,108
140,33,50.526515,107
140,34,62.908113,106
140,35,45.257592,105
140,36,45.314022,104
140,37,36.730379,103
140,38,39.1411149,102
140,39,65.494179,101
140,40,61.990192,100
140,41,63.417874,99
140,42,48.432971,98
140,43,49.662918,97
140,44,39.84264,96
140,45,39.227765,95
140,46,52.361387,94
140,47,40.420426,93
140,48,22.098697,92
140,49,11.932954,91
140,50,46.26985,90
140,51,44.337674,89
140,52,48.994861,88
140,53,56.18624,87
140,54,44.56905,86
140,55,44.385011,85
140,56,41.629392,84
140,57,41.151886,83
140,58,26.705695,82
140,59,30.371691,81
140,60,45.899054,80
140,61,43.59459,79
140,62,56.085997,78
140,63,46.252761,77
140,64,31.038936,76
140,65,39.042858,75
140,66,58.081863,74
140,67,34.288621,73
140,68,42.739279,72
140,69,30.675988,71
140,70,40.839419,70
140,71,36.909854,69
140,72,32.097247,68
140,73,30.354471,67
140,74,35.602432,66
140,75,29.549768,65
140,76,23.472272,64
140,77,7.40721800000001,63
140,78,25.668868,62
140,79,36.035236,61
140,80,28.86864,60
140,81,20.009379,59
140,82,35.985066,58
140,83,46.689208,57
140,84,47.992204,56
140,85,46.386036,55
140,86,45.777679,54
140,87,46.561997,53
140,88,42.252961,52
140,89,37.961425,51
140,90,46.926461,50
140,91,45.795765,49
140,92,36.843661,48
140,93,26.37365,47
140,94,19.540436,46
140,95,37.228418,45
140,96,30.46445,44
140,97,16.800933,43
140,98,37.517043,42
140,99,28.66764,41
140,100,16.803268,40
140,101,18.790137,39
140,102,15.439222,38
140,103,25.179318,37
140,104,10.903971,36
140,105,19.860604,35
140,106,29.990765,34
140,107,24.460261,33
140,108,6.46751800000001,32
140,109,8.175786,31
140,110,13.135604,30
140,111,24.688915,29
140,112,37.395236,28
140,113,18.920854,27
140,114,7.90800399999999,26
140,115,10.86014,25
140,116,23.255779,24
140,117,19.456529,23
140,118,20.608015,22
140,119,12.4452,21
140,120,17.127304,20
140,121,13.375853,19
140,122,4.48419699999999,18
140,123,22.538368,17
140,124,32.325661,16
140,125,24.484143,15
140,126,15.155361,14
140,127,4.83742900000001,13
140,128,4.89150850000001,12
140,129,3.985529,11
140,130,1.574064,10
140,131,0.38915700000001,9
140,132,5.183668,8
140,133,8.877004,7
140,134,4.927729,6
140,135,2.917422,5
140,136,3.344986,4
140,137,11.629897,3
140,138,5.406693,2
140,139,3.8706,1
141,1,33.918832,140
141,2,41.303963,139
141,3,65.938653,138
141,4,56.634232,137
141,5,55.8445,136
141,6,52.8975816,135
141,7,57.691492,134
141,8,71.250468,133
141,9,84.5371,132
141,10,70.038389,131
141,11,57.175944,130
141,12,74.051759,129
141,13,75.24725,128
141,14,57.929466,127
141,15,51.079421,126
141,16,55.205161,125
141,17,64.196189,124
141,18,52.696675,123
141,19,46.906639,122
141,20,52.580768,121
141,21,77.704964,120
141,22,77.37425,119
141,23,79.409035,118
141,24,70.63131,117
141,25,51.230132,116
141,26,66.86065,115
141,27,53.297721,114
141,28,52.47625,113
141,29,55.633255,112
141,30,51.3746658,111
141,31,62.317064,110
141,32,55.135029,109
141,33,57.258786,108
141,34,69.640384,107
141,35,51.989863,106
141,36,52.046293,105
141,37,43.46265,104
141,38,45.2887439,103
141,39,72.22645,102
141,40,68.722463,101
141,41,70.150145,100
141,42,54.5806,99
141,43,56.395189,98
141,44,46.574911,97
141,45,45.960036,96
141,46,59.093658,95
141,47,47.152697,94
141,48,28.830968,93
141,49,18.665225,92
141,50,53.002121,91
141,51,51.069945,90
141,52,55.727132,89
141,53,62.918511,88
141,54,50.716679,87
141,55,51.117282,86
141,56,48.361663,85
141,57,47.884157,84
141,58,33.437966,83
141,59,37.103962,82
141,60,52.631325,81
141,61,50.326861,80
141,62,62.818268,79
141,63,52.985032,78
141,64,37.771207,77
141,65,45.775129,76
141,66,64.814134,75
141,67,40.43625,74
141,68,49.47155,73
141,69,37.408259,72
141,70,47.57169,71
141,71,43.642125,70
141,72,38.829518,69
141,73,37.086742,68
141,74,42.334703,67
141,75,36.282039,66
141,76,30.204543,65
141,77,14.139489,64
141,78,32.401139,63
141,79,42.767507,62
141,80,35.600911,61
141,81,26.74165,60
141,82,42.717337,59
141,83,53.421479,58
141,84,54.724475,57
141,85,53.118307,56
141,86,52.50995,55
141,87,53.294268,54
141,88,48.985232,53
141,89,44.693696,52
141,90,53.658732,51
141,91,52.528036,50
141,92,43.575932,49
141,93,33.105921,48
141,94,22.106607,47
141,95,43.960689,46
141,96,37.196721,45
141,97,23.533204,44
141,98,44.249314,43
141,99,35.399911,42
141,100,23.535539,41
141,101,14.669908,40
141,102,22.171493,39
141,103,31.911589,38
141,104,17.0516,37
141,105,26.592875,36
141,106,36.723036,35
141,107,31.192532,34
141,108,13.199789,33
141,109,14.908057,32
141,110,9.262875,31
141,111,31.421186,30
141,112,44.127507,29
141,113,25.653125,28
141,114,7.823975,27
141,115,4.71251100000001,26
141,116,17.10815,25
141,117,13.3089,24
141,118,14.460386,23
141,119,19.177471,22
141,120,23.859575,21
141,121,19.523482,20
141,122,10.079168,19
141,123,16.390739,18
141,124,39.057932,17
141,125,31.216414,16
141,126,21.887632,15
141,127,11.5697,14
141,128,11.0391375,13
141,129,10.7178,12
141,130,7.72169299999999,11
141,131,6.536786,10
141,132,11.915939,9
141,133,15.609275,8
141,134,11.66,7
141,135,7.562293,6
141,136,3.636257,5
141,137,15.516068,4
141,138,12.138964,3
141,139,10.018229,2
141,140,6.73227099999999,1
142,1,32.464596,141
142,2,39.849727,140
142,3,64.484417,139
142,4,55.179996,138
142,5,54.390264,137
142,6,55.1093176,136
142,7,56.237256,135
142,8,69.796232,134
142,9,83.082864,133
142,10,68.584153,132
142,11,59.189092,131
142,12,72.597523,130
142,13,73.793014,129
142,14,59.35087,128
142,15,49.625185,127
142,16,53.750925,126
142,17,62.741953,125
142,18,51.407661,124
142,19,45.452403,123
142,20,51.126532,122
142,21,76.250728,121
142,22,75.920014,120
142,23,77.954799,119
142,24,69.177074,118
142,25,52.216304,117
142,26,65.406414,116
142,27,55.509457,115
142,28,54.332886,114
142,29,54.533181,113
142,30,53.5864018,112
142,31,60.862828,111
142,32,57.346765,110
142,33,55.80455,109
142,34,68.186148,108
142,35,53.238273,107
142,36,50.592057,106
142,37,42.840286,105
142,38,47.5004799,104
142,39,70.772214,103
142,40,67.268227,102
142,41,68.695909,101
142,42,56.792336,100
142,43,54.940953,99
142,44,45.120675,98
142,45,44.5058,97
142,46,57.639422,96
142,47,45.698461,95
142,48,27.376732,94
142,49,17.210989,93
142,50,51.547885,92
142,51,49.615709,91
142,52,54.272896,90
142,53,61.464275,89
142,54,52.928415,88
142,55,49.663046,87
142,56,46.907427,86
142,57,46.429921,85
142,58,35.03357,84
142,59,35.649726,83
142,60,51.177089,82
142,61,48.872625,81
142,62,61.364032,80
142,63,51.530796,79
142,64,36.316971,78
142,65,44.320893,77
142,66,63.359898,76
142,67,42.647986,75
142,68,48.017314,74
142,69,35.954023,73
142,70,46.117454,72
142,71,42.187889,71
142,72,37.375282,70
142,73,37.117494,69
142,74,40.880467,68
142,75,34.827803,67
142,76,28.750307,66
142,77,12.685253,65
142,78,30.946903,64
142,79,41.313271,63
142,80,34.146675,62
142,81,25.287414,61
142,82,41.263101,60
142,83,51.967243,59
142,84,53.270239,58
142,85,51.664071,57
142,86,51.055714,56
142,87,51.840032,55
142,88,47.530996,54
142,89,43.23946,53
142,90,52.204496,52
142,91,51.0738,51
142,92,42.121696,50
142,93,31.651685,49
142,94,20.652371,48
142,95,42.506453,47
142,96,35.742485,46
142,97,22.078968,45
142,98,42.795078,44
142,99,35.945625,43
142,100,22.247597,42
142,101,13.215672,41
142,102,20.717257,40
142,103,30.457353,39
142,104,19.263336,38
142,105,25.138639,37
142,106,35.2688,36
142,107,29.738296,35
142,108,11.745553,34
142,109,13.453821,33
142,110,7.808639,32
142,111,29.96695,31
142,112,42.673271,30
142,113,24.198889,29
142,114,6.36973900000001,28
142,115,2.500775,27
142,116,14.896414,26
142,117,11.097164,25
142,118,12.24865,24
142,119,17.723235,23
142,120,22.405339,22
142,121,21.735218,21
142,122,8.62493200000001,20
142,123,14.179003,19
142,124,37.603696,18
142,125,29.762178,17
142,126,20.433396,16
142,127,10.115464,15
142,128,13.2508735,14
142,129,9.263564,13
142,130,9.933429,12
142,131,8.74852200000001,11
142,132,10.461703,10
142,133,14.155039,9
142,134,11.955536,8
142,135,6.108057,7
142,136,5.014379,6
142,137,14.061832,5
142,138,10.684728,4
142,139,12.229965,3
142,140,8.359365,2
142,141,2.21173600000001,1
143,1,38.918182,142
143,2,36.468249,141
143,3,61.102939,140
143,4,61.653682,139
143,5,57.299014,138
143,6,63.2295956,137
143,7,61.581322,136
143,8,66.414754,135
143,9,79.701386,134
143,10,66.619725,133
143,11,67.30937,132
143,12,69.216045,131
143,13,70.411536,130
143,14,67.471148,129
143,15,56.411493,128
143,16,56.454253,127
143,17,64.697025,126
143,18,59.527939,125
143,19,45.491275,124
143,20,52.828746,123
143,21,72.86925,122
143,22,80.829384,121
143,23,74.573321,120
143,24,75.914204,119
143,25,60.336582,118
143,26,62.024936,117
143,27,63.629735,116
143,28,62.453164,115
143,29,62.653459,114
143,30,61.7066798,113
143,31,63.73245,112
143,32,65.467043,111
143,33,52.423072,110
143,34,64.80467,109
143,35,61.358551,108
143,36,56.960821,107
143,37,50.960564,106
143,38,55.6207579,105
143,39,67.390736,104
143,40,69.917151,103
143,41,66.909969,102
143,42,64.912614,101
143,43,55.643125,100
143,44,41.739197,99
143,45,41.124322,98
143,46,54.257944,97
143,47,42.316983,96
143,48,24.496146,95
143,49,13.829511,94
143,50,48.166407,93
143,51,47.655569,92
143,52,50.891418,91
143,53,63.196103,90
143,54,61.048693,89
143,55,46.281568,88
143,56,43.525949,87
143,57,49.382757,86
143,58,43.153848,85
143,59,32.268248,84
143,60,50.129489,83
143,61,45.491147,82
143,62,59.066346,81
143,63,52.235782,80
143,64,32.935493,79
143,65,40.939415,78
143,66,59.97842,77
143,67,50.768264,76
143,68,46.470564,75
143,69,32.572545,74
143,70,42.852824,73
143,71,40.557389,72
143,72,33.993804,71
143,73,45.237772,70
143,74,44.136411,69
143,75,35.563475,68
143,76,28.620071,67
143,77,9.68232500000001,66
143,78,27.565425,65
143,79,41.432007,64
143,80,30.765197,63
143,81,22.990264,62
143,82,37.881623,61
143,83,48.585765,60
143,84,50.306439,59
143,85,51.534907,58
143,86,54.312864,57
143,87,51.358046,56
143,88,45.066882,55
143,89,48.025818,54
143,90,50.993282,53
143,91,47.692322,52
143,92,43.657482,51
143,93,35.188493,50
143,94,17.270893,49
143,95,39.124975,48
143,96,32.361007,47
143,97,28.28251,46
143,98,40.3315,45
143,99,44.065903,44
143,100,30.367875,43
143,101,9.83419400000001,42
143,102,17.335779,41
143,103,27.075875,40
143,104,27.383614,39
143,105,22.757739,38
143,106,31.887322,37
143,107,26.356818,36
143,108,17.780925,35
143,109,20.239057,34
143,110,4.427161,33
143,111,26.585472,32
143,112,41.210807,31
143,113,21.235089,30
143,114,8.571639,29
143,115,5.619503,28
143,116,6.77613600000001,27
143,117,7.523086,26
143,118,7.538472,25
143,119,14.341757,24
143,120,19.023861,23
143,121,29.855496,22
143,122,11.995446,21
143,123,8.523825,20
143,124,34.222218,19
143,125,26.3807,18
143,126,17.801782,17
143,127,16.568514,16
143,128,21.3711515,15
143,129,13.632914,14
143,130,18.053707,13
143,131,16.8688,12
143,132,12.999675,11
143,133,18.025239,10
143,134,20.075814,9
143,135,13.562221,8
143,136,13.134657,7
143,137,10.680354,6
143,138,11.63815,5
143,139,20.350243,4
143,140,16.479643,3
143,141,10.332014,2
143,142,8.120278,1
144,1,39.303482,143
144,2,40.438049,142
144,3,65.072739,141
144,4,62.038982,140
144,5,57.684314,139
144,6,63.6148956,138
144,7,61.966622,137
144,8,70.384554,136
144,9,83.671186,135
144,10,69.172475,134
144,11,67.69467,133
144,12,73.185845,132
144,13,74.381336,131
144,14,67.856448,130
144,15,56.796793,129
144,16,56.839553,128
144,17,65.082325,127
144,18,59.913239,126
144,19,46.040725,125
144,20,53.214046,124
144,21,76.83905,123
144,22,81.214684,122
144,23,78.543121,121
144,24,76.299504,120
144,25,60.721882,119
144,26,65.994736,118
144,27,64.015035,117
144,28,62.838464,116
144,29,63.038759,115
144,30,62.0919798,114
144,31,64.11775,113
144,32,65.852343,112
144,33,56.392872,111
144,34,68.77447,110
144,35,61.743851,109
144,36,57.346121,108
144,37,51.345864,107
144,38,56.0060579,106
144,39,71.360536,105
144,40,70.302451,104
144,41,69.284231,103
144,42,65.297914,102
144,43,56.028425,101
144,44,45.708997,100
144,45,45.094122,99
144,46,58.227744,98
144,47,46.286783,97
144,48,27.965054,96
144,49,17.799311,95
144,50,52.136207,94
144,51,50.204031,93
144,52,54.861218,92
144,53,63.581403,91
144,54,61.433993,90
144,55,50.251368,89
144,56,47.495749,88
144,57,49.768057,87
144,58,43.539148,86
144,59,36.238048,85
144,60,51.765411,84
144,61,49.460947,83
144,62,61.952354,82
144,63,52.621082,81
144,64,36.905293,80
144,65,44.909215,79
144,66,63.94822,78
144,67,51.153564,77
144,68,48.605636,76
144,69,36.542345,75
144,70,46.705776,74
144,71,42.776211,73
144,72,37.963604,72
144,73,45.623072,71
144,74,44.521711,70
144,75,35.948775,69
144,76,29.338629,68
144,77,13.273575,67
144,78,31.535225,66
144,79,41.901593,65
144,80,34.734997,64
144,81,25.875736,63
144,82,41.851423,62
144,83,52.555565,61
144,84,53.858561,60
144,85,52.252393,59
144,86,54.698164,58
144,87,52.428354,57
144,88,48.119318,56
144,89,48.411118,55
144,90,52.792818,54
144,91,51.662122,53
144,92,44.042782,52
144,93,35.573793,51
144,94,21.240693,50
144,95,43.094775,49
144,96,36.330807,48
144,97,28.66781,47
144,98,43.3834,46
144,99,44.451203,45
144,100,30.753175,44
144,101,13.803994,43
144,102,21.305579,42
144,103,31.045675,41
144,104,27.768914,40
144,105,25.726961,39
144,106,35.857122,38
144,107,30.326618,37
144,108,18.166225,36
144,109,20.624357,35
144,110,8.39696100000001,34
144,111,30.555272,33
144,112,43.261593,32
144,113,24.787211,31
144,114,8.95693900000001,30
144,115,6.004803,29
144,116,9.609836,28
144,117,11.492886,27
144,118,11.508272,26
144,119,18.311557,25
144,120,22.993661,24
144,121,30.240796,23
144,122,12.380746,22
144,123,12.493625,21
144,124,38.192018,20
144,125,30.3505,19
144,126,21.021718,18
144,127,16.953814,17
144,128,21.7564515,16
144,129,14.018214,15
144,130,18.439007,14
144,131,17.2541,13
144,132,13.384975,12
144,133,18.410539,11
144,134,20.461114,10
144,135,13.947521,9
144,136,13.519957,8
144,137,14.650154,7
144,138,12.02345,6
144,139,20.735543,5
144,140,16.864943,4
144,141,10.717314,3
144,142,8.505578,2
144,143,3.9698,1
145,1,38.203821,144
145,2,45.588952,143
145,3,70.223642,142
145,4,60.919221,141
145,5,60.129489,140
145,6,61.6826926,139
145,7,61.976481,138
145,8,75.535457,137
145,9,88.822089,136
145,10,74.323378,135
145,11,65.762467,134
145,12,78.336748,133
145,13,79.532239,132
145,14,65.924245,131
145,15,55.36441,130
145,16,59.49015,129
145,17,68.481178,128
145,18,57.981036,127
145,19,51.191628,126
145,20,56.865757,125
145,21,81.989953,124
145,22,81.659239,123
145,23,83.694024,122
145,24,74.916299,121
145,25,58.789679,120
145,26,71.145639,119
145,27,62.082832,118
145,28,60.906261,117
145,29,61.106556,116
145,30,60.1597768,115
145,31,66.602053,114
145,32,63.92014,113
145,33,61.543775,112
145,34,73.925373,111
145,35,59.811648,110
145,36,56.331282,109
145,37,49.413661,108
145,38,54.0738549,107
145,39,76.511439,106
145,40,73.007452,105
145,41,74.435134,104
145,42,63.365711,103
145,43,60.680178,102
145,44,50.8599,101
145,45,50.245025,100
145,46,63.378647,99
145,47,51.437686,98
145,48,33.115957,97
145,49,22.950214,96
145,50,57.28711,95
145,51,55.354934,94
145,52,60.012121,93
145,53,67.2035,92
145,54,59.50179,91
145,55,55.402271,90
145,56,52.646652,89
145,57,52.169146,88
145,58,41.606945,87
145,59,41.388951,86
145,60,56.916314,85
145,61,54.61185,84
145,62,67.103257,83
145,63,57.270021,82
145,64,42.056196,81
145,65,50.060118,80
145,66,69.099123,79
145,67,49.221361,78
145,68,53.756539,77
145,69,41.693248,76
145,70,51.856679,75
145,71,47.927114,74
145,72,43.114507,73
145,73,43.690869,72
145,74,46.619692,71
145,75,40.567028,70
145,76,34.489532,69
145,77,18.424478,68
145,78,36.686128,67
145,79,47.052496,66
145,80,39.8859,65
145,81,31.026639,64
145,82,47.002326,63
145,83,57.706468,62
145,84,59.009464,61
145,85,57.403296,60
145,86,56.794939,59
145,87,57.579257,58
145,88,53.270221,57
145,89,48.978685,56
145,90,57.943721,55
145,91,56.813025,54
145,92,47.860921,53
145,93,37.39091,52
145,94,26.391596,51
145,95,48.245678,50
145,96,41.48171,49
145,97,27.818193,48
145,98,48.534303,47
145,99,42.519,46
145,100,28.820972,45
145,101,18.954897,44
145,102,26.456482,43
145,103,36.196578,42
145,104,25.836711,41
145,105,30.877864,40
145,106,41.008025,39
145,107,35.477521,38
145,108,17.484778,37
145,109,19.193046,36
145,110,13.547864,35
145,111,35.706175,34
145,112,48.412496,33
145,113,29.938114,32
145,114,12.108964,31
145,115,8.24,30
145,116,14.760739,29
145,117,16.643789,28
145,118,16.659175,27
145,119,23.46246,26
145,120,28.144564,25
145,121,28.308593,24
145,122,14.364157,23
145,123,17.644528,22
145,124,43.342921,21
145,125,35.501403,20
145,126,26.172621,19
145,127,15.854689,18
145,128,19.8242485,17
145,129,15.002789,16
145,130,16.506804,15
145,131,15.321897,14
145,132,16.200928,13
145,133,19.894264,12
145,134,18.528911,11
145,135,12.015318,10
145,136,11.587754,9
145,137,19.801057,8
145,138,16.423953,7
145,139,18.80334,6
145,140,14.93274,5
145,141,8.78511100000001,4
145,142,6.573375,3
145,143,9.120703,2
145,144,5.15090299999999,1
146,1,46.285582,145
146,2,48.418449,144
146,3,73.053139,143
146,4,69.021082,142
146,5,64.666414,141
146,6,70.5969956,140
146,7,68.948722,139
146,8,78.364954,138
146,9,91.651586,137
146,10,77.152875,136
146,11,74.67677,135
146,12,81.166245,134
146,13,82.361736,133
146,14,74.838548,132
146,15,63.778893,131
146,16,63.821653,130
146,17,72.064425,129
146,18,66.895339,128
146,19,54.021125,127
146,20,60.196146,126
146,21,84.81945,125
146,22,88.196784,124
146,23,86.523521,123
146,24,83.281604,122
146,25,67.703982,121
146,26,73.975136,120
146,27,70.997135,119
146,28,69.820564,118
146,29,70.020859,117
146,30,69.0740798,116
146,31,71.09985,115
146,32,72.834443,114
146,33,64.373272,113
146,34,76.75487,112
146,35,68.725951,111
146,36,64.328221,110
146,37,58.327964,109
146,38,62.9881579,108
146,39,79.340936,107
146,40,77.284551,106
146,41,77.264631,105
146,42,72.280014,104
146,43,63.509675,103
146,44,53.689397,102
146,45,53.074522,101
146,46,66.208144,100
146,47,54.267183,99
146,48,35.945454,98
146,49,25.779711,97
146,50,60.116607,96
146,51,58.184431,95
146,52,62.841618,94
146,53,70.563503,93
146,54,68.416093,92
146,55,58.231768,91
146,56,55.476149,90
146,57,56.750157,89
146,58,50.521248,88
146,59,44.218448,87
146,60,59.745811,86
146,61,57.441347,85
146,62,69.932754,84
146,63,60.099518,83
146,64,44.885693,82
146,65,52.889615,81
146,66,71.92862,80
146,67,58.135664,79
146,68,56.586036,78
146,69,44.522745,77
146,70,54.686176,76
146,71,50.756611,75
146,72,45.944004,74
146,73,52.605172,73
146,74,51.503811,72
146,75,43.396525,71
146,76,37.319029,70
146,77,21.253975,69
146,78,39.515625,68
146,79,49.881993,67
146,80,42.715397,66
146,81,33.856136,65
146,82,49.831823,64
146,83,60.535965,63
146,84,61.838961,62
146,85,60.232793,61
146,86,61.680264,60
146,87,60.408754,59
146,88,56.099718,58
146,89,55.393218,57
146,90,60.773218,56
146,91,59.642522,55
146,92,51.024882,54
146,93,42.555893,53
146,94,29.221093,52
146,95,51.075175,51
146,96,44.311207,50
146,97,35.64991,49
146,98,51.3638,48
146,99,51.433303,47
146,100,37.735275,46
146,101,21.784394,45
146,102,29.285979,44
146,103,39.026075,43
146,104,34.751014,42
146,105,33.707361,41
146,106,43.837522,40
146,107,38.307018,39
146,108,25.148325,38
146,109,27.606457,37
146,110,16.377361,36
146,111,38.535672,35
146,112,51.241993,34
146,113,32.767611,33
146,114,15.939039,32
146,115,12.986903,31
146,116,17.590236,30
146,117,19.473286,29
146,118,19.488672,28
146,119,26.291957,27
146,120,30.974061,26
146,121,37.222896,25
146,122,19.362846,24
146,123,20.474025,23
146,124,46.172418,22
146,125,38.3309,21
146,126,29.002118,20
146,127,23.935914,19
146,128,28.7385515,18
146,129,21.000314,17
146,130,25.421107,16
146,131,24.2362,15
146,132,20.367075,14
146,133,25.392639,13
146,134,27.443214,12
146,135,20.929621,11
146,136,20.502057,10
146,137,22.630554,9
146,138,19.25345,8
146,139,27.717643,7
146,140,23.847043,6
146,141,17.699414,5
146,142,15.487678,4
146,143,11.9502,3
146,144,7.9804,2
146,145,8.914303,1
147,1,46.383061,146
147,2,43.01697,145
147,3,67.65166,144
147,4,69.118561,143
147,5,64.763893,142
147,6,70.6944746,141
147,7,69.046201,140
147,8,72.963475,139
147,9,86.250107,138
147,10,74.084604,137
147,11,74.774249,136
147,12,75.764766,135
147,13,76.960257,134
147,14,74.936027,133
147,15,63.876372,132
147,16,63.919132,131
147,17,72.161904,130
147,18,66.992818,129
147,19,52.956154,128
147,20,60.293625,127
147,21,79.417971,126
147,22,88.294263,125
147,23,81.122042,124
147,24,83.379083,123
147,25,67.801461,122
147,26,68.573657,121
147,27,71.094614,120
147,28,69.918043,119
147,29,70.118338,118
147,30,69.1715588,117
147,31,71.197329,116
147,32,72.931922,115
147,33,58.971793,114
147,34,71.353391,113
147,35,68.82343,112
147,36,64.4257,111
147,37,58.425443,110
147,38,63.0856369,109
147,39,73.939457,108
147,40,77.38203,107
147,41,74.374848,106
147,42,72.377493,105
147,43,63.108004,104
147,44,48.287918,103
147,45,47.673043,102
147,46,60.806665,101
147,47,48.865704,100
147,48,31.961025,99
147,49,20.378232,98
147,50,54.715128,97
147,51,55.120448,96
147,52,57.440139,95
147,53,70.660982,94
147,54,68.513572,93
147,55,52.830289,92
147,56,50.07467,91
147,57,56.847636,90
147,58,50.618727,89
147,59,38.816969,88
147,60,57.594368,87
147,61,52.039868,86
147,62,66.531225,85
147,63,59.700661,84
147,64,39.484214,83
147,65,47.488136,82
147,66,66.527141,81
147,67,58.233143,80
147,68,53.935443,79
147,69,39.121266,78
147,70,50.317703,77
147,71,48.022268,76
147,72,40.542525,75
147,73,52.702651,74
147,74,51.60129,73
147,75,43.028354,72
147,76,36.08495,71
147,77,17.147204,70
147,78,34.114146,69
147,79,48.896886,68
147,80,37.313918,67
147,81,30.455143,66
147,82,45.290356,65
147,83,55.134486,64
147,84,57.771318,63
147,85,58.999786,62
147,86,61.777743,61
147,87,58.822925,60
147,88,52.531761,59
147,89,55.490697,58
147,90,58.458161,57
147,91,54.241043,56
147,92,51.122361,55
147,93,42.653372,54
147,94,23.819614,53
147,95,45.673696,52
147,96,38.909728,51
147,97,35.747389,50
147,98,47.796379,49
147,99,51.530782,48
147,100,37.832754,47
147,101,16.382915,46
147,102,23.8845,45
147,103,33.624596,44
147,104,34.848493,43
147,105,30.222618,42
147,106,38.436043,41
147,107,32.905539,40
147,108,25.245804,39
147,109,27.703936,38
147,110,10.975882,37
147,111,33.134193,36
147,112,48.675686,35
147,113,28.699968,34
147,114,16.036518,33
147,115,13.084382,32
147,116,12.188757,31
147,117,14.071807,30
147,118,14.087193,29
147,119,20.973022,28
147,120,26.323518,27
147,121,37.320375,26
147,122,19.460325,25
147,123,15.072546,24
147,124,40.770939,23
147,125,32.929421,22
147,126,25.266661,21
147,127,24.033393,20
147,128,28.8360305,19
147,129,21.097793,18
147,130,25.518586,17
147,131,24.333679,16
147,132,20.464554,15
147,133,25.490118,14
147,134,27.540693,13
147,135,21.0271,12
147,136,20.599536,11
147,137,17.229075,10
147,138,19.103029,9
147,139,27.815122,8
147,140,23.944522,7
147,141,17.796893,6
147,142,15.585157,5
147,143,7.464879,4
147,144,7.07957899999999,3
147,145,9.011782,2
147,146,5.401479,1
148,1,41.979382,147
148,2,40.031949,146
148,3,64.666639,145
148,4,64.714882,144
148,5,60.360214,143
148,6,66.2907956,142
148,7,64.642522,141
148,8,69.978454,140
148,9,83.265086,139
148,10,69.680925,138
148,11,70.37057,137
148,12,72.779745,136
148,13,73.975236,135
148,14,70.532348,134
148,15,59.472693,133
148,16,59.515453,132
148,17,67.758225,131
148,18,62.589139,130
148,19,48.552475,129
148,20,55.889946,128
148,21,76.43295,127
148,22,83.890584,126
148,23,78.137021,125
148,24,78.975404,124
148,25,63.397782,123
148,26,65.588636,122
148,27,66.690935,121
148,28,65.514364,120
148,29,65.714659,119
148,30,64.7678798,118
148,31,66.79365,117
148,32,68.528243,116
148,33,55.986772,115
148,34,68.36837,114
148,35,64.419751,113
148,36,60.022021,112
148,37,54.021764,111
148,38,58.6819579,110
148,39,70.954436,109
148,40,72.978351,108
148,41,69.971169,107
148,42,67.973814,106
148,43,58.704325,105
148,44,45.302897,104
148,45,44.688022,103
148,46,57.821644,102
148,47,45.880683,101
148,48,27.558954,100
148,49,17.393211,99
148,50,51.730107,98
148,51,50.716769,97
148,52,54.455118,96
148,53,66.257303,95
148,54,64.109893,94
148,55,49.845268,93
148,56,47.089649,92
148,57,52.443957,91
148,58,46.215048,90
148,59,35.831948,89
148,60,53.190689,88
148,61,49.054847,87
148,62,62.127546,86
148,63,55.296982,85
148,64,36.499193,84
148,65,44.503115,83
148,66,63.54212,82
148,67,53.829464,81
148,68,49.531764,80
148,69,36.136245,79
148,70,46.299676,78
148,71,43.618589,77
148,72,37.557504,76
148,73,48.298972,75
148,74,47.197611,74
148,75,38.624675,73
148,76,31.681271,72
148,77,12.867475,71
148,78,31.129125,70
148,79,44.493207,69
148,80,34.328897,68
148,81,26.051464,67
148,82,41.445323,66
148,83,52.149465,65
148,84,53.452461,64
148,85,54.596107,63
148,86,57.374064,62
148,87,54.419246,61
148,88,48.128082,60
148,89,51.087018,59
148,90,54.054482,58
148,91,51.256022,57
148,92,46.718682,56
148,93,38.249693,55
148,94,20.834593,54
148,95,42.688675,53
148,96,35.924707,52
148,97,31.34371,51
148,98,43.3927,50
148,99,47.127103,49
148,100,33.429075,48
148,101,13.397894,47
148,102,20.899479,46
148,103,30.639575,45
148,104,30.444814,44
148,105,25.818939,43
148,106,35.451022,42
148,107,29.920518,41
148,108,20.842125,40
148,109,23.300257,39
148,110,7.990861,38
148,111,30.149172,37
148,112,44.272007,36
148,113,24.381111,35
148,114,11.632839,34
148,115,8.680703,33
148,116,9.203736,32
148,117,11.086786,31
148,118,11.102172,30
148,119,17.905457,29
148,120,22.587561,28
148,121,32.916696,27
148,122,15.056646,26
148,123,12.087525,25
148,124,37.785918,24
148,125,29.9444,23
148,126,20.862982,22
148,127,19.629714,21
148,128,24.4323515,20
148,129,16.694114,19
148,130,21.114907,18
148,131,19.93,17
148,132,16.060875,16
148,133,21.086439,15
148,134,23.137014,14
148,135,16.623421,13
148,136,16.195857,12
148,137,14.244054,11
148,138,14.69935,10
148,139,23.411443,9
148,140,19.540843,8
148,141,13.393214,7
148,142,11.181478,6
148,143,3.5637,5
148,144,2.6759,4
148,145,5.557003,3
148,146,8.3865,2
148,147,4.403679,1
149,1,41.372714,148
149,2,41.589917,147
149,3,66.224607,146
149,4,64.108214,145
149,5,59.753546,144
149,6,65.6841276,143
149,7,64.035854,142
149,8,71.536422,141
149,9,84.823054,140
149,10,70.324343,139
149,11,69.763902,138
149,12,74.337713,137
149,13,75.533204,136
149,14,69.92568,135
149,15,58.866025,134
149,16,58.908785,133
149,17,67.151557,132
149,18,61.982471,131
149,19,47.945807,130
149,20,55.283278,129
149,21,77.990918,128
149,22,83.283916,127
149,23,79.694989,126
149,24,78.368736,125
149,25,62.791114,124
149,26,67.146604,123
149,27,66.084267,122
149,28,64.907696,121
149,29,65.107991,120
149,30,64.1612118,119
149,31,66.186982,118
149,32,67.921575,117
149,33,57.54474,116
149,34,69.926338,115
149,35,63.813083,114
149,36,59.415353,113
149,37,53.415096,112
149,38,58.0752899,111
149,39,72.512404,110
149,40,72.371683,109
149,41,70.436099,108
149,42,67.367146,107
149,43,58.097657,106
149,44,46.860865,105
149,45,46.24599,104
149,46,59.379612,103
149,47,47.438651,102
149,48,29.116922,101
149,49,18.951179,100
149,50,53.288075,99
149,51,51.355899,98
149,52,56.013086,97
149,53,65.650635,96
149,54,63.503225,95
149,55,51.403236,94
149,56,48.647617,93
149,57,51.837289,92
149,58,45.60838,91
149,59,37.389916,90
149,60,52.917279,89
149,61,50.612815,88
149,62,63.104222,87
149,63,54.690314,86
149,64,38.057161,85
149,65,46.061083,84
149,66,65.100088,83
149,67,53.222796,82
149,68,49.757504,81
149,69,37.694213,80
149,70,47.857644,79
149,71,43.928079,78
149,72,39.115472,77
149,73,47.692304,76
149,74,46.590943,75
149,75,38.018007,74
149,76,31.074603,73
149,77,14.425443,72
149,78,32.687093,71
149,79,43.886539,70
149,80,35.886865,69
149,81,27.027604,68
149,82,43.003291,67
149,83,53.707433,66
149,84,55.010429,65
149,85,53.989439,64
149,86,56.767396,63
149,87,53.812578,62
149,88,49.271186,61
149,89,50.48035,60
149,90,53.944686,59
149,91,52.81399,58
149,92,46.112014,57
149,93,37.643025,56
149,94,22.392561,55
149,95,44.246643,54
149,96,37.482675,53
149,97,30.737042,52
149,98,44.535268,51
149,99,46.520435,50
149,100,32.822407,49
149,101,14.955862,48
149,102,22.457447,47
149,103,32.197543,46
149,104,29.838146,45
149,105,26.878829,44
149,106,37.00899,43
149,107,31.478486,42
149,108,20.235457,41
149,109,22.693589,40
149,110,9.54882900000001,39
149,111,31.70714,38
149,112,44.413461,37
149,113,25.939079,36
149,114,11.026171,35
149,115,8.07403500000001,34
149,116,10.761704,33
149,117,12.644754,32
149,118,12.66014,31
149,119,19.463425,30
149,120,24.145529,29
149,121,32.310028,28
149,122,14.449978,27
149,123,13.645493,26
149,124,39.343886,25
149,125,31.502368,24
149,126,22.173586,23
149,127,19.023046,22
149,128,23.8256835,21
149,129,16.087446,20
149,130,20.508239,19
149,131,19.323332,18
149,132,15.454207,17
149,133,20.479771,16
149,134,22.530346,15
149,135,16.016753,14
149,136,15.589189,13
149,137,15.802022,12
149,138,14.092682,11
149,139,22.804775,10
149,140,18.934175,9
149,141,12.786546,8
149,142,10.57481,7
149,143,5.12166800000001,6
149,144,2.069232,5
149,145,4.00143500000001,4
149,146,6.82853199999999,3
149,147,5.01034699999999,2
149,148,1.55796800000001,1
150,1,48.077857,149
150,2,55.462988,148
150,3,80.097678,147
150,4,70.793257,146
150,5,70.003525,145
150,6,68.4736566,144
150,7,71.850517,143
150,8,85.409493,142
150,9,98.696125,141
150,10,84.197414,140
150,11,72.553431,139
150,12,88.210784,138
150,13,89.406275,137
150,14,72.715209,136
150,15,65.238446,135
150,16,69.364186,134
150,17,78.355214,133
150,18,66.8557,132
150,19,61.065664,131
150,20,66.739793,130
150,21,91.863989,129
150,22,91.533275,128
150,23,93.56806,127
150,24,84.790335,126
150,25,65.580643,125
150,26,81.019675,124
150,27,68.873796,123
150,28,67.697225,122
150,29,69.79228,121
150,30,66.9507408,120
150,31,76.476089,119
150,32,70.711104,118
150,33,71.417811,117
150,34,83.799409,116
150,35,66.602612,115
150,36,66.205318,114
150,37,57.621675,113
150,38,60.8648189,112
150,39,86.385475,111
150,40,82.881488,110
150,41,84.30917,109
150,42,70.156675,108
150,43,70.554214,107
150,44,60.733936,106
150,45,60.119061,105
150,46,73.252683,104
150,47,61.311722,103
150,48,42.989993,102
150,49,32.82425,101
150,50,67.161146,100
150,51,65.22897,99
150,52,69.886157,98
150,53,77.077536,97
150,54,66.292754,96
150,55,65.276307,95
150,56,62.520688,94
150,57,62.043182,93
150,58,48.397909,92
150,59,51.262987,91
150,60,66.79035,90
150,61,64.485886,89
150,62,76.977293,88
150,63,67.144057,87
150,64,51.930232,86
150,65,59.934154,85
150,66,78.973159,84
150,67,56.012325,83
150,68,63.630575,82
150,69,51.567284,81
150,70,61.730715,80
150,71,57.80115,79
150,72,52.988543,78
150,73,51.245767,77
150,74,56.493728,76
150,75,50.441064,75
150,76,44.363568,74
150,77,28.298514,73
150,78,46.560164,72
150,79,56.926532,71
150,80,49.759936,70
150,81,40.900675,69
150,82,56.876362,68
150,83,67.580504,67
150,84,68.8835,66
150,85,67.277332,65
150,86,66.668975,64
150,87,67.453293,63
150,88,63.144257,62
150,89,58.852721,61
150,90,67.817757,60
150,91,66.687061,59
150,92,57.734957,58
150,93,47.264946,57
150,94,36.265632,56
150,95,58.119714,55
150,96,51.355746,54
150,97,37.692229,53
150,98,58.408339,52
150,99,49.558936,51
150,100,37.694564,50
150,101,28.828933,49
150,102,36.330518,48
150,103,46.070614,47
150,104,32.627675,46
150,105,40.7519,45
150,106,50.882061,44
150,107,45.351557,43
150,108,27.358814,42
150,109,29.067082,41
150,110,23.4219,40
150,111,45.580211,39
150,112,58.286532,38
150,113,39.81215,37
150,114,21.983,36
150,115,18.114036,35
150,116,24.634775,34
150,117,26.517825,33
150,118,26.533211,32
150,119,33.336496,31
150,120,38.0186,30
150,121,35.099557,29
150,122,24.238193,28
150,123,27.518564,27
150,124,53.216957,26
150,125,45.375439,25
150,126,36.046657,24
150,127,25.728725,23
150,128,26.6152125,22
150,129,24.876825,21
150,130,23.297768,20
150,131,22.112861,19
150,132,26.074964,18
150,133,29.7683,17
150,134,25.819025,16
150,135,21.721318,15
150,136,18.378718,14
150,137,29.675093,13
150,138,26.297989,12
150,139,25.594304,11
150,140,21.723704,10
150,141,15.576075,9
150,142,15.613261,8
150,143,18.994739,7
150,144,15.024939,6
150,145,9.874036,5
150,146,7.044539,4
150,147,12.446018,3
150,148,15.431039,2
150,149,13.873071,1
151,1,57.554539,150
151,2,64.93967,149
151,3,89.57436,148
151,4,80.269939,147
151,5,79.480207,146
151,6,75.2842746,145
151,7,81.327199,144
151,8,94.886175,143
151,9,108.172807,142
151,10,93.674096,141
151,11,80.811651,140
151,12,97.687466,139
151,13,98.882957,138
151,14,81.565173,137
151,15,74.715128,136
151,16,78.840868,135
151,17,87.831896,134
151,18,76.332382,133
151,19,70.542346,132
151,20,76.216475,131
151,21,101.340671,130
151,22,101.009957,129
151,23,103.044742,128
151,24,94.267017,127
151,25,74.865839,126
151,26,90.496357,125
151,27,76.020486,124
151,28,76.111957,123
151,29,79.268962,122
151,30,73.7613588,121
151,31,85.952771,120
151,32,77.521722,119
151,33,80.894493,118
151,34,93.276091,117
151,35,75.62557,116
151,36,75.682,115
151,37,67.098357,114
151,38,67.6754369,113
151,39,95.862157,112
151,40,92.35817,111
151,41,93.785852,110
151,42,76.967293,109
151,43,80.030896,108
151,44,70.210618,107
151,45,69.595743,106
151,46,82.729365,105
151,47,70.788404,104
151,48,52.466675,103
151,49,42.300932,102
151,50,76.637828,101
151,51,74.705652,100
151,52,79.362839,99
151,53,86.554218,98
151,54,73.103372,97
151,55,74.752989,96
151,56,71.99737,95
151,57,71.519864,94
151,58,57.073673,93
151,59,60.739669,92
151,60,76.267032,91
151,61,73.962568,90
151,62,86.453975,89
151,63,76.620739,88
151,64,61.406914,87
151,65,69.410836,86
151,66,88.449841,85
151,67,64.071957,84
151,68,73.107257,83
151,69,61.043966,82
151,70,71.207397,81
151,71,67.277832,80
151,72,62.465225,79
151,73,60.722449,78
151,74,65.97041,77
151,75,59.917746,76
151,76,53.84025,75
151,77,37.775196,74
151,78,56.036846,73
151,79,66.403214,72
151,80,59.236618,71
151,81,50.377357,70
151,82,66.353044,69
151,83,77.057186,68
151,84,78.360182,67
151,85,76.754014,66
151,86,76.145657,65
151,87,76.929975,64
151,88,72.620939,63
151,89,68.329403,62
151,90,77.294439,61
151,91,76.163743,60
151,92,67.211639,59
151,93,56.741628,58
151,94,45.742314,57
151,95,67.596396,56
151,96,60.832428,55
151,97,47.168911,54
151,98,67.885021,53
151,99,59.035618,52
151,100,47.171246,51
151,101,38.305615,50
151,102,45.8072,49
151,103,55.547296,48
151,104,39.438293,47
151,105,50.228582,46
151,106,60.358743,45
151,107,54.828239,44
151,108,36.835496,43
151,109,38.543764,42
151,110,32.898582,41
151,111,55.056893,40
151,112,67.763214,39
151,113,49.288832,38
151,114,31.459682,37
151,115,27.590718,36
151,116,34.111457,35
151,117,35.994507,34
151,118,36.009893,33
151,119,42.813178,32
151,120,47.495282,31
151,121,41.910175,30
151,122,33.714875,29
151,123,36.995246,28
151,124,62.693639,27
151,125,54.852121,26
151,126,45.523339,25
151,127,35.205407,24
151,128,33.4258305,23
151,129,34.353507,22
151,130,30.690214,21
151,131,30.171421,20
151,132,35.551646,19
151,133,39.244982,18
151,134,35.295707,17
151,135,31.198,16
151,136,27.271964,15
151,137,39.151775,14
151,138,35.774671,13
151,139,32.404922,12
151,140,30.367978,11
151,141,23.635707,10
151,142,25.089943,9
151,143,28.471421,8
151,144,24.501621,7
151,145,19.350718,6
151,146,16.521221,5
151,147,21.9227,4
151,148,24.907721,3
151,149,23.349753,2
151,150,9.47668200000001,1
152,1,56.726582,151
152,2,57.861149,150
152,3,82.495839,149
152,4,79.462082,148
152,5,75.107414,147
152,6,81.0379956,146
152,7,79.389722,145
152,8,87.807654,144
152,9,101.094286,143
152,10,86.595575,142
152,11,85.11777,141
152,12,90.608945,140
152,13,91.804436,139
152,14,85.279548,138
152,15,74.219893,137
152,16,74.262653,136
152,17,82.505425,135
152,18,77.336339,134
152,19,63.463825,133
152,20,70.637146,132
152,21,94.26215,131
152,22,98.637784,130
152,23,95.966221,129
152,24,93.722604,128
152,25,78.144982,127
152,26,83.417836,126
152,27,81.438135,125
152,28,80.261564,124
152,29,80.461859,123
152,30,79.5150798,122
152,31,81.54085,121
152,32,83.275443,120
152,33,73.815972,119
152,34,86.19757,118
152,35,79.166951,117
152,36,74.769221,116
152,37,68.768964,115
152,38,73.4291579,114
152,39,88.783636,113
152,40,87.725551,112
152,41,86.707331,111
152,42,82.721014,110
152,43,73.451525,109
152,44,63.132097,108
152,45,62.517222,107
152,46,75.650844,106
152,47,63.709883,105
152,48,45.388154,104
152,49,35.222411,103
152,50,69.559307,102
152,51,67.627131,101
152,52,72.284318,100
152,53,81.004503,99
152,54,78.857093,98
152,55,67.674468,97
152,56,64.918849,96
152,57,67.191157,95
152,58,60.962248,94
152,59,53.661148,93
152,60,69.188511,92
152,61,66.884047,91
152,62,79.375454,90
152,63,70.044182,89
152,64,54.328393,88
152,65,62.332315,87
152,66,81.37132,86
152,67,68.576664,85
152,68,66.028736,84
152,69,53.965445,83
152,70,64.128876,82
152,71,60.199311,81
152,72,55.386704,80
152,73,63.046172,79
152,74,61.944811,78
152,75,53.371875,77
152,76,46.761729,76
152,77,30.696675,75
152,78,48.958325,74
152,79,59.324693,73
152,80,52.158097,72
152,81,43.298836,71
152,82,59.274523,70
152,83,69.978665,69
152,84,71.281661,68
152,85,69.675493,67
152,86,72.121264,66
152,87,69.851454,65
152,88,65.542418,64
152,89,65.834218,63
152,90,70.215918,62
152,91,69.085222,61
152,92,61.465882,60
152,93,52.996893,59
152,94,38.663793,58
152,95,60.517875,57
152,96,53.753907,56
152,97,46.09091,55
152,98,60.8065,54
152,99,61.874303,53
152,100,48.176275,52
152,101,31.227094,51
152,102,38.728679,50
152,103,48.468775,49
152,104,45.192014,48
152,105,43.150061,47
152,106,53.280222,46
152,107,47.749718,45
152,108,35.589325,44
152,109,38.047457,43
152,110,25.820061,42
152,111,47.978372,41
152,112,60.684693,40
152,113,42.210311,39
152,114,26.380039,38
152,115,23.427903,37
152,116,27.032936,36
152,117,28.915986,35
152,118,28.931372,34
152,119,35.734657,33
152,120,40.416761,32
152,121,47.663896,31
152,122,29.803846,30
152,123,29.916725,29
152,124,55.615118,28
152,125,47.7736,27
152,126,38.444818,26
152,127,34.376914,25
152,128,39.1795515,24
152,129,31.441314,23
152,130,35.862107,22
152,131,34.6772,21
152,132,30.808075,20
152,133,35.833639,19
152,134,37.884214,18
152,135,31.370621,17
152,136,30.943057,16
152,137,32.073254,15
152,138,29.44655,14
152,139,38.158643,13
152,140,34.288043,12
152,141,28.140414,11
152,142,25.928678,10
152,143,21.3929,9
152,144,17.4231,8
152,145,19.355303,7
152,146,10.441,6
152,147,14.844179,5
152,148,17.8292,4
152,149,16.271232,3
152,150,12.564339,2
152,151,7.07852100000001,1
153,1,50.880897,152
153,2,46.461566,151
153,3,71.127076,150
153,4,73.616397,149
153,5,69.261729,148
153,6,75.1923106,147
153,7,73.544037,146
153,8,73.960561,145
153,9,83.832471,144
153,10,78.58244,143
153,11,79.272085,142
153,12,73.34713,141
153,13,74.542621,140
153,14,79.433863,139
153,15,68.374208,138
153,16,68.416968,137
153,17,76.65974,136
153,18,71.490654,135
153,19,57.45399,134
153,20,64.791461,133
153,21,77.000335,132
153,22,92.792099,131
153,23,84.826464,130
153,24,87.876919,129
153,25,72.299297,128
153,26,66.156021,127
153,27,75.59245,126
153,28,74.415879,125
153,29,74.616174,124
153,30,73.6693948,123
153,31,75.695165,122
153,32,77.429758,121
153,33,60.303343,120
153,34,70.883445,119
153,35,73.321266,118
153,36,68.923536,117
153,37,62.923279,116
153,38,67.5834729,115
153,39,71.521821,114
153,40,81.879866,113
153,41,78.872684,112
153,42,76.875329,111
153,43,67.60584,110
153,44,50.078418,109
153,45,45.255407,108
153,46,58.511371,107
153,47,51.874532,106
153,48,36.458861,105
153,49,21.627104,104
153,50,52.297492,103
153,51,59.618284,102
153,52,55.022503,101
153,53,75.158818,100
153,54,73.011408,99
153,55,56.012647,98
153,56,47.657034,97
153,57,61.345472,96
153,58,55.116563,95
153,59,36.747867,94
153,60,62.092204,93
153,61,49.622232,92
153,62,71.029061,91
153,63,64.198497,90
153,64,42.482322,89
153,65,45.0705,88
153,66,64.109505,87
153,67,62.730979,86
153,68,58.433279,85
153,69,40.77857,84
153,70,54.815539,83
153,71,52.520104,82
153,72,41.030411,81
153,73,57.200487,80
153,74,56.099126,79
153,75,47.52619,78
153,76,40.582786,77
153,77,21.64504,76
153,78,31.69651,75
153,79,53.394722,74
153,80,35.365818,73
153,81,34.952979,72
153,82,49.788192,71
153,83,59.21585,70
153,84,62.269154,69
153,85,63.497622,68
153,86,66.275579,67
153,87,63.320761,66
153,88,57.029597,65
153,89,59.988533,64
153,90,62.955997,63
153,91,56.322993,62
153,92,55.620197,61
153,93,47.151208,60
153,94,21.401978,59
153,95,43.25606,58
153,96,40.408108,57
153,97,40.245225,56
153,98,52.294215,55
153,99,56.028618,54
153,100,42.33059,53
153,101,13.965279,52
153,102,23.799536,51
153,103,36.79074,50
153,104,39.346329,49
153,105,34.720454,48
153,106,36.018407,47
153,107,30.487903,46
153,108,29.74364,45
153,109,32.201772,44
153,110,15.306754,43
153,111,30.716557,42
153,112,53.173522,41
153,113,33.197804,40
153,114,20.534354,39
153,115,17.582218,38
153,116,9.77112099999999,37
153,117,11.654171,36
153,118,11.669557,35
153,119,25.470858,34
153,120,30.821354,33
153,121,41.818211,32
153,122,23.958161,31
153,123,12.65491,30
153,124,38.353303,29
153,125,30.511785,28
153,126,29.764497,27
153,127,28.531229,26
153,128,33.3338665,25
153,129,25.595629,24
153,130,30.016422,23
153,131,28.831515,22
153,132,24.96239,21
153,133,29.987954,20
153,134,32.038529,19
153,135,25.524936,18
153,136,25.097372,17
153,137,16.812461,16
153,138,23.600865,15
153,139,32.312958,14
153,140,28.442358,13
153,141,22.294729,12
153,142,20.082993,11
153,143,11.962715,10
153,144,11.577415,9
153,145,13.509618,8
153,146,7.81911500000001,7
153,147,4.497836,6
153,148,8.90151499999999,5
153,149,9.50818299999999,4
153,150,14.863654,3
153,151,24.340336,2
153,152,17.261815,1
154,1,39.735425,153
154,2,35.316094,152
154,3,59.981604,151
154,4,62.470925,150
154,5,58.116257,149
154,6,64.0468386,148
154,7,62.398565,147
154,8,64.648611,146
154,9,77.935243,145
154,10,67.436968,144
154,11,68.126613,143
154,12,67.449902,142
154,13,68.645393,141
154,14,68.288391,140
154,15,57.228736,139
154,16,57.271496,138
154,17,65.514268,137
154,18,60.345182,136
154,19,46.308518,135
154,20,53.645989,134
154,21,71.103107,133
154,22,81.646627,132
154,23,73.680992,131
154,24,76.731447,130
154,25,61.153825,129
154,26,60.258793,128
154,27,64.446978,127
154,28,63.270407,126
154,29,63.470702,125
154,30,62.5239228,124
154,31,64.549693,123
154,32,66.284286,122
154,33,50.656929,121
154,34,63.038527,120
154,35,62.175794,119
154,36,57.778064,118
154,37,51.777807,117
154,38,56.4380009,116
154,39,65.624593,115
154,40,70.734394,114
154,41,67.727212,113
154,42,65.729857,112
154,43,56.460368,111
154,44,39.973054,110
154,45,39.358179,109
154,46,52.491801,108
154,47,40.72906,107
154,48,25.313389,106
154,49,12.063368,105
154,50,46.400264,104
154,51,48.472812,103
154,52,49.125275,102
154,53,64.013346,101
154,54,61.865936,100
154,55,44.867175,99
154,56,41.759806,98
154,57,50.2,97
154,58,43.971091,96
154,59,30.502105,95
154,60,50.946732,94
154,61,43.725004,93
154,62,59.883589,92
154,63,53.053025,91
154,64,31.33685,90
154,65,39.173272,89
154,66,58.212277,88
154,67,51.585507,87
154,68,47.287807,86
154,69,30.806402,85
154,70,43.670067,84
154,71,41.374632,83
154,72,32.227661,82
154,73,46.055015,81
154,74,44.953654,80
154,75,36.380718,79
154,76,29.437314,78
154,77,10.499568,77
154,78,25.799282,76
154,79,42.24925,75
154,80,28.999054,74
154,81,23.807507,73
154,82,38.64272,72
154,83,48.070378,71
154,84,51.123682,70
154,85,52.35215,69
154,86,55.130107,68
154,87,52.175289,67
154,88,45.884125,66
154,89,48.843061,65
154,90,51.810525,64
154,91,45.926179,63
154,92,44.474725,62
154,93,36.005736,61
154,94,15.50475,60
154,95,37.358832,59
154,96,30.594864,58
154,97,29.099753,57
154,98,41.148743,56
154,99,44.883146,55
154,100,31.185118,54
154,101,8.06805100000001,53
154,102,15.569636,52
154,103,25.645268,51
154,104,28.200857,50
154,105,23.574982,49
154,106,30.121179,48
154,107,24.590675,47
154,108,18.598168,46
154,109,21.0563,45
154,110,4.16128200000001,44
154,111,24.819329,43
154,112,42.02805,42
154,113,22.052332,41
154,114,9.38888200000001,40
154,115,6.436746,39
154,116,5.958893,38
154,117,5.756943,37
154,118,5.772329,36
154,119,14.325386,35
154,120,19.675882,34
154,121,30.672739,33
154,122,12.812689,32
154,123,6.757682,31
154,124,32.456075,30
154,125,24.614557,29
154,126,18.619025,28
154,127,17.385757,27
154,128,22.1883945,26
154,129,14.450157,25
154,130,18.87095,24
154,131,17.686043,23
154,132,13.816918,22
154,133,18.842482,21
154,134,20.893057,20
154,135,14.379464,19
154,136,13.9519,18
154,137,8.914211,17
154,138,12.455393,16
154,139,21.167486,15
154,140,17.296886,14
154,141,11.149257,13
154,142,8.937521,12
154,143,1.766143,11
154,144,5.735943,10
154,145,10.886846,9
154,146,13.716343,8
154,147,8.314864,7
154,148,5.329843,6
154,149,6.887811,5
154,150,20.760882,4
154,151,30.237564,3
154,152,23.159043,2
154,153,11.145472,1
155,1,37.160018,154
155,2,44.545149,153
155,3,69.179839,152
155,4,59.875418,151
155,5,59.085686,150
155,6,56.4726956,149
155,7,60.932678,148
155,8,74.491654,147
155,9,87.778286,146
155,10,73.279575,145
155,11,60.55247,144
155,12,77.292945,143
155,13,78.488436,142
155,14,61.170652,141
155,15,54.320607,140
155,16,58.446347,139
155,17,67.437375,138
155,18,55.937861,137
155,19,50.147825,136
155,20,55.821954,135
155,21,80.94615,134
155,22,80.615436,133
155,23,82.650221,132
155,24,73.872496,131
155,25,54.471318,130
155,26,70.101836,129
155,27,56.872835,128
155,28,55.717436,127
155,29,58.874441,126
155,30,54.9497798,125
155,31,65.55825,124
155,32,58.710143,123
155,33,60.499972,122
155,34,72.88157,121
155,35,55.231049,120
155,36,55.287479,119
155,37,46.703836,118
155,38,48.8638579,117
155,39,75.467636,116
155,40,71.963649,115
155,41,73.391331,114
155,42,58.155714,113
155,43,59.636375,112
155,44,49.816097,111
155,45,49.201222,110
155,46,62.334844,109
155,47,50.393883,108
155,48,32.072154,107
155,49,21.906411,106
155,50,56.243307,105
155,51,54.311131,104
155,52,58.968318,103
155,53,66.159697,102
155,54,54.291793,101
155,55,54.358468,100
155,56,51.602849,99
155,57,51.125343,98
155,58,36.679152,97
155,59,40.345148,96
155,60,55.872511,95
155,61,53.568047,94
155,62,66.059454,93
155,63,56.226218,92
155,64,41.012393,91
155,65,49.016315,90
155,66,68.05532,89
155,67,44.011364,88
155,68,52.712736,87
155,69,40.649445,86
155,70,50.812876,85
155,71,46.883311,84
155,72,42.070704,83
155,73,40.327928,82
155,74,45.575889,81
155,75,39.523225,80
155,76,33.445729,79
155,77,17.380675,78
155,78,35.642325,77
155,79,46.008693,76
155,80,38.842097,75
155,81,29.982836,74
155,82,45.958523,73
155,83,56.662665,72
155,84,57.965661,71
155,85,56.359493,70
155,86,55.751136,69
155,87,56.535454,68
155,88,52.226418,67
155,89,47.934882,66
155,90,56.899918,65
155,91,55.769222,64
155,92,46.817118,63
155,93,36.347107,62
155,94,25.347793,61
155,95,47.201875,60
155,96,40.437907,59
155,97,26.77439,58
155,98,47.4905,57
155,99,38.641097,56
155,100,26.776725,55
155,101,17.911094,54
155,102,25.412679,53
155,103,35.152775,52
155,104,20.626714,51
155,105,29.834061,50
155,106,39.964222,49
155,107,34.433718,48
155,108,16.440975,47
155,109,18.149243,46
155,110,12.504061,45
155,111,34.662372,44
155,112,47.368693,43
155,113,28.894311,42
155,114,11.065161,41
155,115,7.19619699999999,40
155,116,13.716936,39
155,117,15.599986,38
155,118,15.615372,37
155,119,22.418657,36
155,120,27.100761,35
155,121,23.098596,34
155,122,13.320354,33
155,123,16.600725,32
155,124,42.299118,31
155,125,34.4576,30
155,126,25.128818,29
155,127,14.810886,28
155,128,14.6142515,27
155,129,13.958986,26
155,130,11.296807,25
155,131,10.1119,24
155,132,15.157125,23
155,133,18.850461,22
155,134,14.901186,21
155,135,10.803479,20
155,136,6.877443,19
155,137,18.757254,18
155,138,15.38015,17
155,139,13.593343,16
155,140,9.97345699999999,15
155,141,3.575114,14
155,142,4.695422,13
155,143,8.07689999999999,12
155,144,7.14220000000001,11
155,145,5.209997,10
155,146,14.1243,9
155,147,14.221779,8
155,148,9.8181,7
155,149,9.21143200000001,6
155,150,12.000961,5
155,151,20.394521,4
155,152,24.5653,3
155,153,18.719615,2
155,154,9.84304299999999,1
156,1,39.434368,155
156,2,46.819499,154
156,3,71.454189,153
156,4,62.149768,152
156,5,61.360036,151
156,6,60.8307456,150
156,7,63.207028,149
156,8,76.766004,148
156,9,90.052636,147
156,10,75.553925,146
156,11,64.91052,145
156,12,79.567295,144
156,13,80.762786,143
156,14,65.072298,142
156,15,56.594957,141
156,16,60.720697,140
156,17,69.711725,139
156,18,58.212211,138
156,19,52.422175,137
156,20,58.096304,136
156,21,83.2205,135
156,22,82.889786,134
156,23,84.924571,133
156,24,76.146846,132
156,25,57.937732,131
156,26,72.376186,130
156,27,61.230885,129
156,28,60.054314,128
156,29,61.148791,127
156,30,59.3078298,126
156,31,67.8326,125
156,32,63.068193,124
156,33,62.774322,123
156,34,75.15592,122
156,35,58.959701,121
156,36,57.561829,120
156,37,48.978186,119
156,38,53.2219079,118
156,39,77.741986,117
156,40,74.237999,116
156,41,75.665681,115
156,42,62.513764,114
156,43,61.910725,113
156,44,52.090447,112
156,45,51.475572,111
156,46,64.609194,110
156,47,52.668233,109
156,48,34.346504,108
156,49,24.180761,107
156,50,58.517657,106
156,51,56.585481,105
156,52,61.242668,104
156,53,68.434047,103
156,54,58.649843,102
156,55,56.632818,101
156,56,53.877199,100
156,57,53.399693,99
156,58,40.754998,98
156,59,42.619498,97
156,60,58.146861,96
156,61,55.842397,95
156,62,68.333804,94
156,63,58.500568,93
156,64,43.286743,92
156,65,51.290665,91
156,66,70.32967,90
156,67,48.369414,89
156,68,54.987086,88
156,69,42.923795,87
156,70,53.087226,86
156,71,49.157661,85
156,72,44.345054,84
156,73,42.838922,83
156,74,47.850239,82
156,75,41.797575,81
156,76,35.720079,80
156,77,19.655025,79
156,78,37.916675,78
156,79,48.283043,77
156,80,41.116447,76
156,81,32.257186,75
156,82,48.232873,74
156,83,58.937015,73
156,84,60.240011,72
156,85,58.633843,71
156,86,58.025486,70
156,87,58.809804,69
156,88,54.500768,68
156,89,50.209232,67
156,90,59.174268,66
156,91,58.043572,65
156,92,49.091468,64
156,93,38.621457,63
156,94,27.622143,62
156,95,49.476225,61
156,96,42.712257,60
156,97,29.04874,59
156,98,49.76485,58
156,99,41.667053,57
156,100,29.051075,56
156,101,20.185444,55
156,102,27.687029,54
156,103,37.427125,53
156,104,24.984764,52
156,105,32.108411,51
156,106,42.238572,50
156,107,36.708068,49
156,108,18.715325,48
156,109,20.423593,47
156,110,14.778411,46
156,111,36.936722,45
156,112,49.643043,44
156,113,31.168661,43
156,114,13.339511,42
156,115,9.47054699999999,41
156,116,15.991286,40
156,117,17.874336,39
156,118,17.889722,38
156,119,24.693007,37
156,120,29.375111,36
156,121,27.456646,35
156,122,15.594704,34
156,123,18.875075,33
156,124,44.573468,32
156,125,36.73195,31
156,126,27.403168,30
156,127,17.085236,29
156,128,18.9723015,28
156,129,16.233336,27
156,130,15.654857,26
156,131,14.46995,25
156,132,17.431475,24
156,133,21.124811,23
156,134,17.676964,22
156,135,13.077829,21
156,136,10.735807,20
156,137,21.031604,19
156,138,17.6545,18
156,139,17.951393,17
156,140,14.080793,16
156,141,7.933164,15
156,142,6.96977199999999,14
156,143,10.35125,13
156,144,6.38144999999999,12
156,145,1.230547,11
156,146,9.76625,10
156,147,9.863729,9
156,148,6.78754999999999,8
156,149,5.22958199999999,7
156,150,8.643489,6
156,151,18.120171,5
156,152,20.20725,4
156,153,14.361565,3
156,154,12.117393,2
156,155,4.35805,1
157,1,41.3178,156
157,2,48.702931,155
157,3,73.337621,154
157,4,64.0332,153
157,5,63.243468,152
157,6,60.4635136,151
157,7,65.09046,150
157,8,78.649436,149
157,9,91.936068,148
157,10,77.437357,147
157,11,64.574912,146
157,12,81.450727,145
157,13,82.646218,144
157,14,65.328434,143
157,15,58.478389,142
157,16,62.604129,141
157,17,71.595157,140
157,18,60.095643,139
157,19,54.305607,138
157,20,59.979736,137
157,21,85.103932,136
157,22,84.773218,135
157,23,86.808003,134
157,24,78.030278,133
157,25,58.6291,132
157,26,74.259618,131
157,27,60.863653,130
157,28,59.875218,129
157,29,63.032223,128
157,30,58.9405978,127
157,31,69.716032,126
157,32,62.700961,125
157,33,64.657754,124
157,34,77.039352,123
157,35,59.388831,122
157,36,59.445261,121
157,37,50.861618,120
157,38,52.8546759,119
157,39,79.625418,118
157,40,76.121431,117
157,41,77.549113,116
157,42,62.146532,115
157,43,63.794157,114
157,44,53.973879,113
157,45,53.359004,112
157,46,66.492626,111
157,47,54.551665,110
157,48,36.229936,109
157,49,26.064193,108
157,50,60.401089,107
157,51,58.468913,106
157,52,63.1261,105
157,53,70.317479,104
157,54,58.282611,103
157,55,58.51625,102
157,56,55.760631,101
157,57,55.283125,100
157,58,40.836934,99
157,59,44.50293,98
157,60,60.030293,97
157,61,57.725829,96
157,62,70.217236,95
157,63,60.384,94
157,64,45.170175,93
157,65,53.174097,92
157,66,72.213102,91
157,67,48.002182,90
157,68,56.870518,89
157,69,44.807227,88
157,70,54.970658,87
157,71,51.041093,86
157,72,46.228486,85
157,73,44.48571,84
157,74,49.733671,83
157,75,43.681007,82
157,76,37.603511,81
157,77,21.538457,80
157,78,39.800107,79
157,79,50.166475,78
157,80,42.999879,77
157,81,34.140618,76
157,82,50.116305,75
157,83,60.820447,74
157,84,62.123443,73
157,85,60.517275,72
157,86,59.908918,71
157,87,60.693236,70
157,88,56.3842,69
157,89,52.092664,68
157,90,61.0577,67
157,91,59.927004,66
157,92,50.9749,65
157,93,40.504889,64
157,94,29.505575,63
157,95,51.359657,62
157,96,44.595689,61
157,97,30.932172,60
157,98,51.648282,59
157,99,42.798879,58
157,100,30.934507,57
157,101,22.068876,56
157,102,29.570461,55
157,103,39.310557,54
157,104,24.617532,53
157,105,33.991843,52
157,106,44.122004,51
157,107,38.5915,50
157,108,20.598757,49
157,109,22.307025,48
157,110,16.661843,47
157,111,38.820154,46
157,112,51.526475,45
157,113,33.052093,44
157,114,15.222943,43
157,115,11.353979,42
157,116,17.874718,41
157,117,19.757768,40
157,118,19.773154,39
157,119,26.576439,38
157,120,31.258543,37
157,121,27.089414,36
157,122,17.478136,35
157,123,20.758507,34
157,124,46.4569,33
157,125,38.615382,32
157,126,29.2866,31
157,127,18.968668,30
157,128,18.6050695,29
157,129,18.116768,28
157,130,15.287625,27
157,131,14.102718,26
157,132,19.314907,25
157,133,23.008243,24
157,134,19.058968,23
157,135,14.961261,22
157,136,11.035225,21
157,137,22.915036,20
157,138,19.537932,19
157,139,17.584161,18
157,140,14.131239,17
157,141,7.56593200000001,16
157,142,8.853204,15
157,143,12.234682,14
157,144,8.26488199999999,13
157,145,3.113979,12
157,146,10.133482,11
157,147,10.230961,10
157,148,8.670982,9
157,149,7.11301399999999,8
157,150,8.010143,7
157,151,16.236739,6
157,152,20.574482,5
157,153,14.728797,4
157,154,14.000825,3
157,155,4.157782,2
157,156,1.883432,1
158,1,45.682004,157
158,2,49.400627,156
158,3,74.035317,155
158,4,68.417504,154
158,5,64.062836,153
158,6,69.9934176,152
158,7,68.345144,151
158,8,79.347132,150
158,9,92.633764,149
158,10,78.135053,148
158,11,74.073192,147
158,12,82.148423,146
158,13,83.343914,145
158,14,74.23497,144
158,15,63.175315,143
158,16,63.301825,142
158,17,72.292853,141
158,18,66.291761,140
158,19,55.003303,139
158,20,60.677432,138
158,21,85.801628,137
158,22,87.593206,136
158,23,87.505699,135
158,24,82.678026,134
158,25,67.100404,133
158,26,74.957314,132
158,27,70.393557,131
158,28,69.216986,130
158,29,69.417281,129
158,30,68.4705018,128
158,31,70.496272,127
158,32,72.230865,126
158,33,65.35545,125
158,34,77.737048,124
158,35,68.122373,123
158,36,63.724643,122
158,37,57.724386,121
158,38,62.3845799,120
158,39,80.323114,119
158,40,76.819127,118
158,41,78.246809,117
158,42,71.676436,116
158,43,64.491853,115
158,44,54.671575,114
158,45,54.0567,113
158,46,67.190322,112
158,47,55.249361,111
158,48,36.927632,110
158,49,26.761889,109
158,50,61.098785,108
158,51,59.166609,107
158,52,63.823796,106
158,53,71.015175,105
158,54,67.812515,104
158,55,59.213946,103
158,56,56.458327,102
158,57,56.146579,101
158,58,49.91767,100
158,59,45.200626,99
158,60,60.727989,98
158,61,58.423525,97
158,62,70.914932,96
158,63,61.081696,95
158,64,45.867871,94
158,65,53.871793,93
158,66,72.910798,92
158,67,57.532086,91
158,68,57.568214,90
158,69,45.504923,89
158,70,55.668354,88
158,71,51.738789,87
158,72,46.926182,86
158,73,52.001594,85
158,74,50.900233,84
158,75,44.378703,83
158,76,38.301207,82
158,77,22.236153,81
158,78,40.497803,80
158,79,50.864171,79
158,80,43.697575,78
158,81,34.838314,77
158,82,50.814001,76
158,83,61.518143,75
158,84,62.821139,74
158,85,61.214971,73
158,86,61.076686,72
158,87,61.390932,71
158,88,57.081896,70
158,89,54.78964,69
158,90,61.755396,68
158,91,60.6247,67
158,92,51.672596,66
158,93,41.952315,65
158,94,30.203271,64
158,95,52.057353,63
158,96,45.293385,62
158,97,35.046332,61
158,98,52.345978,60
158,99,50.829725,59
158,100,37.131697,58
158,101,22.766572,57
158,102,30.268157,56
158,103,40.008253,55
158,104,34.147436,54
158,105,34.689539,53
158,106,44.8197,52
158,107,39.289196,51
158,108,24.544747,50
158,109,27.002879,49
158,110,17.359539,48
158,111,39.51785,47
158,112,52.224171,46
158,113,33.749789,45
158,114,15.920639,44
158,115,12.383325,43
158,116,18.572414,42
158,117,20.455464,41
158,118,20.47085,40
158,119,27.274135,39
158,120,31.956239,38
158,121,36.619318,37
158,122,18.759268,36
158,123,21.456203,35
158,124,47.154596,34
158,125,39.313078,33
158,126,29.984296,32
158,127,23.332336,31
158,128,28.1349735,30
158,129,20.396736,29
158,130,24.817529,28
158,131,23.632622,27
158,132,20.012603,26
158,133,24.789061,25
158,134,26.839636,24
158,135,20.326043,23
158,136,19.898479,22
158,137,23.612732,21
158,138,20.235628,20
158,139,27.114065,19
158,140,23.243465,18
158,141,17.095836,17
158,142,14.8841,16
158,143,12.932378,15
158,144,8.96257799999999,14
158,145,8.31072499999999,13
158,146,0.982177999999996,12
158,147,6.383657,11
158,148,9.36867799999999,10
158,149,7.81070999999999,9
158,150,6.062361,8
158,151,15.539043,7
158,152,11.044578,6
158,153,8.801293,5
158,154,14.698521,4
158,155,13.520722,3
158,156,9.162672,2
158,157,9.529904,1
159,1,56.131243,158
159,2,63.516374,157
159,3,88.151064,156
159,4,78.846643,155
159,5,78.056911,154
159,6,77.2763706,153
159,7,79.903903,152
159,8,93.462879,151
159,9,106.749511,150
159,10,92.2508,149
159,11,81.356145,148
159,12,96.26417,147
159,13,97.459661,146
159,14,81.517923,145
159,15,73.291832,144
159,16,77.417572,143
159,17,86.4086,142
159,18,74.909086,141
159,19,69.11905,140
159,20,74.793179,139
159,21,99.917375,138
159,22,99.586661,137
159,23,101.621446,136
159,24,92.843721,135
159,25,74.383357,134
159,26,89.073061,133
159,27,77.67651,132
159,28,76.499939,131
159,29,77.845666,130
159,30,75.7534548,129
159,31,84.529475,128
159,32,79.513818,127
159,33,79.471197,126
159,34,91.852795,125
159,35,75.405326,124
159,36,74.258704,123
159,37,65.675061,122
159,38,69.6675329,121
159,39,94.438861,120
159,40,90.934874,119
159,41,92.362556,118
159,42,78.959389,117
159,43,78.6076,116
159,44,68.787322,115
159,45,68.172447,114
159,46,81.306069,113
159,47,69.365108,112
159,48,51.043379,111
159,49,40.877636,110
159,50,75.214532,109
159,51,73.282356,108
159,52,77.939543,107
159,53,85.130922,106
159,54,75.095468,105
159,55,73.329693,104
159,56,70.574074,103
159,57,70.096568,102
159,58,57.200623,101
159,59,59.316373,100
159,60,74.843736,99
159,61,72.539272,98
159,62,85.030679,97
159,63,75.197443,96
159,64,59.983618,95
159,65,67.98754,94
159,66,87.026545,93
159,67,64.815039,92
159,68,71.683961,91
159,69,59.62067,90
159,70,69.784101,89
159,71,65.854536,88
159,72,61.041929,87
159,73,59.299153,86
159,74,64.547114,85
159,75,58.49445,84
159,76,52.416954,83
159,77,36.3519,82
159,78,54.61355,81
159,79,64.979918,80
159,80,57.813322,79
159,81,48.954061,78
159,82,64.929748,77
159,83,75.63389,76
159,84,76.936886,75
159,85,75.330718,74
159,86,74.722361,73
159,87,75.506679,72
159,88,71.197643,71
159,89,66.906107,70
159,90,75.871143,69
159,91,74.740447,68
159,92,65.788343,67
159,93,55.318332,66
159,94,44.319018,65
159,95,66.1731,64
159,96,59.409132,63
159,97,45.745615,62
159,98,66.461725,61
159,99,58.112678,60
159,100,45.74795,59
159,101,36.882319,58
159,102,44.383904,57
159,103,54.124,56
159,104,41.430389,55
159,105,48.805286,54
159,106,58.935447,53
159,107,53.404943,52
159,108,35.4122,51
159,109,37.120468,50
159,110,31.475286,49
159,111,53.633597,48
159,112,66.339918,47
159,113,47.865536,46
159,114,30.036386,45
159,115,26.167422,44
159,116,32.688161,43
159,117,34.571211,42
159,118,34.586597,41
159,119,41.389882,40
159,120,46.071986,39
159,121,43.902271,38
159,122,32.291579,37
159,123,35.57195,36
159,124,61.270343,35
159,125,53.428825,34
159,126,44.100043,33
159,127,33.782111,32
159,128,35.4179265,31
159,129,32.930211,30
159,130,32.100482,29
159,131,30.915575,28
159,132,34.12835,27
159,133,37.821686,26
159,134,34.122589,25
159,135,29.774704,24
159,136,27.181432,23
159,137,37.728479,22
159,138,34.351375,21
159,139,34.397018,20
159,140,30.526418,19
159,141,24.378789,18
159,142,23.666647,17
159,143,27.048125,16
159,144,23.078325,15
159,145,17.927422,14
159,146,15.097925,13
159,147,20.499404,12
159,148,23.484425,11
159,149,21.926457,10
159,150,8.80271400000001,9
159,151,1.992096,8
159,152,5.65522500000001,7
159,153,22.91704,6
159,154,28.814268,5
159,155,20.803675,4
159,156,16.696875,3
159,157,16.812857,2
159,158,14.115747,1
160,1,59.800821,159
160,2,67.185952,158
160,3,91.820642,157
160,4,82.516221,156
160,5,81.726489,155
160,6,82.6967926,154
160,7,83.573481,153
160,8,97.132457,152
160,9,110.419089,151
160,10,95.920378,150
160,11,86.776567,149
160,12,99.933748,148
160,13,101.129239,147
160,14,86.938345,146
160,15,76.96141,145
160,16,81.08715,144
160,17,90.078178,143
160,18,78.995136,142
160,19,72.788628,141
160,20,78.462757,140
160,21,103.586953,139
160,22,103.256239,138
160,23,105.291024,137
160,24,96.513299,136
160,25,79.803779,135
160,26,92.742639,134
160,27,83.096932,133
160,28,81.920361,132
160,29,82.120656,131
160,30,81.1738768,130
160,31,88.199053,129
160,32,84.93424,128
160,33,83.140775,127
160,34,95.522373,126
160,35,80.825748,125
160,36,77.928282,124
160,37,70.427761,123
160,38,75.0879549,122
160,39,98.108439,121
160,40,94.604452,120
160,41,96.032134,119
160,42,84.379811,118
160,43,82.277178,117
160,44,72.4569,116
160,45,71.842025,115
160,46,84.975647,114
160,47,73.034686,113
160,48,54.712957,112
160,49,44.547214,111
160,50,78.88411,110
160,51,76.951934,109
160,52,81.609121,108
160,53,88.8005,107
160,54,80.51589,106
160,55,76.999271,105
160,56,74.243652,104
160,57,73.766146,103
160,58,62.621045,102
160,59,62.985951,101
160,60,78.513314,100
160,61,76.20885,99
160,62,88.700257,98
160,63,78.867021,97
160,64,63.653196,96
160,65,71.657118,95
160,66,90.696123,94
160,67,70.235461,93
160,68,75.353539,92
160,69,63.290248,91
160,70,73.453679,90
160,71,69.524114,89
160,72,64.711507,88
160,73,64.704969,87
160,74,68.216692,86
160,75,62.164028,85
160,76,56.086532,84
160,77,40.021478,83
160,78,58.283128,82
160,79,68.649496,81
160,80,61.4829,80
160,81,52.623639,79
160,82,68.599326,78
160,83,79.303468,77
160,84,80.606464,76
160,85,79.000296,75
160,86,78.391939,74
160,87,79.176257,73
160,88,74.867221,72
160,89,70.575685,71
160,90,79.540721,70
160,91,78.410025,69
160,92,69.457921,68
160,93,58.98791,67
160,94,47.988596,66
160,95,69.842678,65
160,96,63.07871,64
160,97,49.415193,63
160,98,70.131303,62
160,99,63.5331,61
160,100,49.835072,60
160,101,40.551897,59
160,102,48.053482,58
160,103,57.793578,57
160,104,46.850811,56
160,105,52.474864,55
160,106,62.605025,54
160,107,57.074521,53
160,108,39.081778,52
160,109,40.790046,51
160,110,35.144864,50
160,111,57.303175,49
160,112,70.009496,48
160,113,51.535114,47
160,114,33.705964,46
160,115,29.837,45
160,116,36.357739,44
160,117,38.240789,43
160,118,38.256175,42
160,119,45.05946,41
160,120,49.741564,40
160,121,49.322693,39
160,122,35.961157,38
160,123,39.241528,37
160,124,64.939921,36
160,125,57.098403,35
160,126,47.769621,34
160,127,37.451689,33
160,128,40.8383485,32
160,129,36.599789,31
160,130,37.520904,30
160,131,36.335997,29
160,132,37.797928,28
160,133,41.491264,27
160,134,39.543011,26
160,135,33.444282,25
160,136,32.601854,24
160,137,41.398057,23
160,138,38.020953,22
160,139,39.81744,21
160,140,35.94684,20
160,141,29.799211,19
160,142,27.587475,18
160,143,30.717703,17
160,144,26.747903,16
160,145,21.597,15
160,146,18.767503,14
160,147,24.168982,13
160,148,27.154003,12
160,149,25.596035,11
160,150,14.223136,10
160,151,7.412518,9
160,152,9.32480300000001,8
160,153,26.586618,7
160,154,32.483846,6
160,155,26.224097,5
160,156,21.866047,4
160,157,22.233279,3
160,158,17.785325,2
160,159,5.420422,1
161,1,52.282814,160
161,2,59.667945,159
161,3,84.302635,158
161,4,74.998214,157
161,5,74.208482,156
161,6,73.9286996,155
161,7,76.055474,154
161,8,89.61445,153
161,9,102.901082,152
161,10,88.402371,151
161,11,78.008474,150
161,12,92.415741,149
161,13,93.611232,148
161,14,78.170252,147
161,15,69.443403,146
161,16,73.569143,145
161,17,82.560171,144
161,18,71.060657,143
161,19,65.270621,142
161,20,70.94475,141
161,21,96.068946,140
161,22,95.738232,139
161,23,97.773017,138
161,24,88.995292,137
161,25,71.035686,136
161,26,85.224632,135
161,27,74.328839,134
161,28,73.152268,133
161,29,73.997237,132
161,30,72.4057838,131
161,31,80.681046,130
161,32,76.166147,129
161,33,75.622768,128
161,34,88.004366,127
161,35,72.057655,126
161,36,70.410275,125
161,37,61.826632,124
161,38,66.3198619,123
161,39,90.590432,122
161,40,87.086445,121
161,41,88.514127,120
161,42,75.611718,119
161,43,74.759171,118
161,44,64.938893,117
161,45,64.324018,116
161,46,77.45764,115
161,47,65.516679,114
161,48,47.19495,113
161,49,37.029207,112
161,50,71.366103,111
161,51,69.433927,110
161,52,74.091114,109
161,53,81.282493,108
161,54,71.747797,107
161,55,69.481264,106
161,56,66.725645,105
161,57,66.248139,104
161,58,53.852952,103
161,59,55.467944,102
161,60,70.995307,101
161,61,68.690843,100
161,62,81.18225,99
161,63,71.349014,98
161,64,56.135189,97
161,65,64.139111,96
161,66,83.178116,95
161,67,61.467368,94
161,68,67.835532,93
161,69,55.772241,92
161,70,65.935672,91
161,71,62.006107,90
161,72,57.1935,89
161,73,55.936876,88
161,74,60.698685,87
161,75,54.646021,86
161,76,48.568525,85
161,77,32.503471,84
161,78,50.765121,83
161,79,61.131489,82
161,80,53.964893,81
161,81,45.105632,80
161,82,61.081319,79
161,83,71.785461,78
161,84,73.088457,77
161,85,71.482289,76
161,86,70.873932,75
161,87,71.65825,74
161,88,67.349214,73
161,89,63.057678,72
161,90,72.022714,71
161,91,70.892018,70
161,92,61.939914,69
161,93,51.469903,68
161,94,40.470589,67
161,95,62.324671,66
161,96,55.560703,65
161,97,41.897186,64
161,98,62.613296,63
161,99,54.765007,62
161,100,41.899521,61
161,101,33.03389,60
161,102,40.535475,59
161,103,50.275571,58
161,104,38.082718,57
161,105,44.956857,56
161,106,55.087018,55
161,107,49.556514,54
161,108,31.563771,53
161,109,33.272039,52
161,110,27.626857,51
161,111,49.785168,50
161,112,62.491489,49
161,113,44.017107,48
161,114,26.187957,47
161,115,22.318993,46
161,116,28.839732,45
161,117,30.722782,44
161,118,30.738168,43
161,119,37.541453,42
161,120,42.223557,41
161,121,40.5546,40
161,122,28.44315,39
161,123,31.723521,38
161,124,57.421914,37
161,125,49.580396,36
161,126,40.251614,35
161,127,29.933682,34
161,128,32.0702555,33
161,129,29.081782,32
161,130,28.752811,31
161,131,27.567904,30
161,132,30.279921,29
161,133,33.973257,28
161,134,30.774918,27
161,135,25.926275,26
161,136,23.833761,25
161,137,33.88005,24
161,138,30.502946,23
161,139,31.049347,22
161,140,27.178747,21
161,141,21.031118,20
161,142,19.818218,19
161,143,23.199696,18
161,144,19.229896,17
161,145,14.078993,16
161,146,11.249496,15
161,147,16.650975,14
161,148,19.635996,13
161,149,18.078028,12
161,150,5.455043,11
161,151,5.27172500000001,10
161,152,7.109296,9
161,153,19.068611,8
161,154,24.965839,7
161,155,17.456004,6
161,156,13.097954,5
161,157,13.465186,4
161,158,10.267318,3
161,159,3.84842900000001,2
161,160,8.76809300000001,1
162,1,47.536882,161
162,2,54.922013,160
162,3,79.556703,159
162,4,70.252282,158
162,5,69.46255,157
162,6,71.0984316,156
162,7,71.309542,155
162,8,84.868518,154
162,9,98.15515,153
162,10,83.656439,152
162,11,75.178206,151
162,12,87.669809,150
162,13,88.8653,149
162,14,75.339984,148
162,15,64.697471,147
162,16,68.823211,146
162,17,77.814239,145
162,18,67.396775,144
162,19,60.524689,143
162,20,66.198818,142
162,21,91.323014,141
162,22,90.9923,140
162,23,93.027085,139
162,24,84.24936,138
162,25,68.205418,137
162,26,80.4787,136
162,27,71.498571,135
162,28,70.322,134
162,29,70.522295,133
162,30,69.5755158,132
162,31,75.935114,131
162,32,73.335879,130
162,33,70.876836,129
162,34,83.258434,128
162,35,69.227387,127
162,36,65.664343,126
162,37,58.8294,125
162,38,63.4895939,124
162,39,85.8445,123
162,40,82.340513,122
162,41,83.768195,121
162,42,72.78145,120
162,43,70.013239,119
162,44,60.192961,118
162,45,59.578086,117
162,46,72.711708,116
162,47,60.770747,115
162,48,42.449018,114
162,49,32.283275,113
162,50,66.620171,112
162,51,64.687995,111
162,52,69.345182,110
162,53,76.536561,109
162,54,68.917529,108
162,55,64.735332,107
162,56,61.979713,106
162,57,61.502207,105
162,58,51.022684,104
162,59,50.722012,103
162,60,66.249375,102
162,61,63.944911,101
162,62,76.436318,100
162,63,66.603082,99
162,64,51.389257,98
162,65,59.393179,97
162,66,78.432184,96
162,67,58.6371,95
162,68,63.0896,94
162,69,51.026309,93
162,70,61.18974,92
162,71,57.260175,91
162,72,52.447568,90
162,73,53.106608,89
162,74,55.952753,88
162,75,49.900089,87
162,76,43.822593,86
162,77,27.757539,85
162,78,46.019189,84
162,79,56.385557,83
162,80,49.218961,82
162,81,40.3597,81
162,82,56.335387,80
162,83,67.039529,79
162,84,68.342525,78
162,85,66.736357,77
162,86,66.128,76
162,87,66.912318,75
162,88,62.603282,74
162,89,58.311746,73
162,90,67.276782,72
162,91,66.146086,71
162,92,57.193982,70
162,93,46.723971,69
162,94,35.724657,68
162,95,57.578739,67
162,96,50.814771,66
162,97,37.151254,65
162,98,57.867364,64
162,99,51.934739,63
162,100,38.236711,62
162,101,28.287958,61
162,102,35.789543,60
162,103,45.529639,59
162,104,35.25245,58
162,105,40.210925,57
162,106,50.341086,56
162,107,44.810582,55
162,108,26.817839,54
162,109,28.526107,53
162,110,22.880925,52
162,111,45.039236,51
162,112,57.745557,50
162,113,39.271175,49
162,114,21.442025,48
162,115,17.573061,47
162,116,24.0938,46
162,117,25.97685,45
162,118,25.992236,44
162,119,32.795521,43
162,120,37.477625,42
162,121,37.724332,41
162,122,23.697218,40
162,123,26.977589,39
162,124,52.675982,38
162,125,44.834464,37
162,126,35.505682,36
162,127,25.18775,35
162,128,29.2399875,34
162,129,24.33585,33
162,130,25.922543,32
162,131,24.737636,31
162,132,25.533989,30
162,133,29.227325,29
162,134,27.94465,28
162,135,21.431057,27
162,136,21.003493,26
162,137,29.134118,25
162,138,25.757014,24
162,139,28.219079,23
162,140,24.348479,22
162,141,18.20085,21
162,142,15.989114,20
162,143,18.453764,19
162,144,14.483964,18
162,145,9.41573900000001,17
162,146,6.50356400000001,16
162,147,11.905043,15
162,148,14.890064,14
162,149,13.332096,13
162,150,2.62477500000001,12
162,151,10.017657,11
162,152,9.93956399999998,10
162,153,14.322679,9
162,154,20.219907,8
162,155,14.625736,7
162,156,10.267686,6
162,157,10.634918,5
162,158,5.52138600000002,4
162,159,8.59436099999999,3
162,160,12.263939,2
162,161,4.74593199999998,1
163,1,42.164107,162
163,2,49.131024,161
163,3,73.765714,160
163,4,64.899607,159
163,5,63.671561,158
163,6,66.4755206,157
163,7,65.518553,156
163,8,79.077529,155
163,9,92.364161,154
163,10,77.86545,153
163,11,70.555295,152
163,12,81.87882,151
163,13,83.074311,150
163,14,70.717073,149
163,15,59.657418,148
163,16,63.032222,147
163,17,72.02325,146
163,18,62.773864,145
163,19,54.7337,144
163,20,60.407829,143
163,21,85.532025,142
163,22,85.201311,141
163,23,87.236096,140
163,24,79.160129,139
163,25,63.582507,138
163,26,74.687711,137
163,27,66.87566,136
163,28,65.699089,135
163,29,65.899384,134
163,30,64.9526048,133
163,31,70.144125,132
163,32,68.712968,131
163,33,65.085847,130
163,34,77.467445,129
163,35,64.604476,128
163,36,60.206746,127
163,37,54.206489,126
163,38,58.8666829,125
163,39,80.053511,124
163,40,76.549524,123
163,41,77.977206,122
163,42,68.158539,121
163,43,64.22225,120
163,44,54.401972,119
163,45,53.787097,118
163,46,66.920719,117
163,47,54.979758,116
163,48,36.658029,115
163,49,26.492286,114
163,50,60.829182,113
163,51,58.897006,112
163,52,63.554193,111
163,53,70.745572,110
163,54,64.294618,109
163,55,58.944343,108
163,56,56.188724,107
163,57,55.711218,106
163,58,46.399773,105
163,59,44.931023,104
163,60,60.458386,103
163,61,58.153922,102
163,62,70.645329,101
163,63,60.812093,100
163,64,45.598268,99
163,65,53.60219,98
163,66,72.641195,97
163,67,54.014189,96
163,68,57.298611,95
163,69,45.23532,94
163,70,55.398751,93
163,71,51.469186,92
163,72,46.656579,91
163,73,48.483697,90
163,74,50.161764,89
163,75,44.1091,88
163,76,38.031604,87
163,77,21.96655,86
163,78,40.2282,85
163,79,50.594568,84
163,80,43.427972,83
163,81,34.568711,82
163,82,50.544398,81
163,83,61.24854,80
163,84,62.551536,79
163,85,60.945368,78
163,86,60.337011,77
163,87,61.121329,76
163,88,56.812293,75
163,89,52.520757,74
163,90,61.485793,73
163,91,60.355097,72
163,92,51.402993,71
163,93,40.932982,70
163,94,29.933668,69
163,95,51.78775,68
163,96,45.023782,67
163,97,31.528435,66
163,98,52.076375,65
163,99,47.311828,64
163,100,33.6138,63
163,101,22.496969,62
163,102,29.998554,61
163,103,39.73865,60
163,104,30.629539,59
163,105,34.419936,58
163,106,44.550097,57
163,107,39.019593,56
163,108,21.02685,55
163,109,23.484982,54
163,110,17.089936,53
163,111,39.248247,52
163,112,51.954568,51
163,113,33.480186,50
163,114,15.651036,49
163,115,11.782072,48
163,116,18.302811,47
163,117,20.185861,46
163,118,20.201247,45
163,119,27.004532,44
163,120,31.686636,43
163,121,33.101421,42
163,122,17.906229,41
163,123,21.1866,40
163,124,46.884993,39
163,125,39.043475,38
163,126,29.714693,37
163,127,19.814439,36
163,128,24.6170765,35
163,129,18.544861,34
163,130,21.299632,33
163,131,20.114725,32
163,132,19.743,31
163,133,23.436336,30
163,134,23.321739,29
163,135,16.808146,28
163,136,16.380582,27
163,137,23.343129,26
163,138,19.966025,25
163,139,23.596168,24
163,140,19.725568,23
163,141,13.577939,22
163,142,11.366203,21
163,143,12.662775,20
163,144,8.69297500000001,19
163,145,4.79282800000001,18
163,146,4.12147499999999,17
163,147,6.11405400000001,16
163,148,9.09907500000001,15
163,149,7.54110700000001,14
163,150,6.33196399999999,13
163,151,15.808646,12
163,152,14.562475,11
163,153,8.71678999999999,10
163,154,14.428918,9
163,155,10.002825,8
163,156,5.64477500000002,7
163,157,6.01200700000001,6
163,158,3.51789699999998,5
163,159,14.38535,4
163,160,18.054928,3
163,161,10.536921,2
163,162,5.790989,1
164,1,45.412918,163
164,2,40.993587,162
164,3,65.659097,161
164,4,68.148418,160
164,5,63.79375,159
164,6,69.7243316,158
164,7,68.076058,157
164,8,68.492582,156
164,9,76.61405,155
164,10,73.114461,154
164,11,73.804106,153
164,12,66.225591,152
164,13,67.9071,151
164,14,73.965884,150
164,15,62.906229,149
164,16,62.948989,148
164,17,71.191761,147
164,18,66.022675,146
164,19,51.986011,145
164,20,59.323482,144
164,21,69.781914,143
164,22,87.32412,142
164,23,79.358485,141
164,24,82.40894,140
164,25,66.831318,139
164,26,60.4786,138
164,27,70.124471,137
164,28,68.9479,136
164,29,69.148195,135
164,30,68.2014158,134
164,31,70.227186,133
164,32,71.961779,132
164,33,54.835364,131
164,34,65.415466,130
164,35,67.853287,129
164,36,63.455557,128
164,37,57.4553,127
164,38,62.1154939,126
164,39,64.3034,125
164,40,76.411887,124
164,41,73.404705,123
164,42,71.40735,122
164,43,62.137861,121
164,44,44.610439,120
164,45,38.036986,119
164,46,53.043392,118
164,47,46.406553,117
164,48,30.990882,116
164,49,16.159125,115
164,50,45.079071,114
164,51,54.150305,113
164,52,47.804082,112
164,53,69.690839,111
164,54,67.543429,110
164,55,50.544668,109
164,56,40.438613,108
164,57,55.877493,107
164,58,49.648584,106
164,59,31.279888,105
164,60,56.624225,104
164,61,42.403811,103
164,62,65.561082,102
164,63,58.730518,101
164,64,37.014343,100
164,65,37.852079,99
164,66,56.891084,98
164,67,57.263,97
164,68,52.9653,96
164,69,35.310591,95
164,70,49.34756,94
164,71,47.052125,93
164,72,35.562432,92
164,73,51.732508,91
164,74,50.631147,90
164,75,42.058211,89
164,76,35.114807,88
164,77,16.177061,87
164,78,24.478089,86
164,79,47.926743,85
164,80,29.897839,84
164,81,29.485,83
164,82,44.320213,82
164,83,53.747871,81
164,84,56.801175,80
164,85,58.029643,79
164,86,60.8076,78
164,87,57.852782,77
164,88,51.561618,76
164,89,54.520554,75
164,90,57.488018,74
164,91,50.855014,73
164,92,50.152218,72
164,93,41.683229,71
164,94,14.183557,70
164,95,36.037639,69
164,96,34.940129,68
164,97,34.777246,67
164,98,46.826236,66
164,99,50.560639,65
164,100,36.862611,64
164,101,6.74685800000001,63
164,102,18.331557,62
164,103,31.322761,61
164,104,33.87835,60
164,105,29.252475,59
164,106,28.799986,58
164,107,23.517918,57
164,108,24.275661,56
164,109,26.733793,55
164,110,9.83877500000001,54
164,111,23.498136,53
164,112,47.705543,52
164,113,27.729825,51
164,114,15.066375,50
164,115,12.114239,49
164,116,2.55270000000001,48
164,117,4.43575,47
164,118,4.45113600000001,46
164,119,20.002879,45
164,120,25.353375,44
164,121,36.350232,43
164,122,18.490182,42
164,123,5.43648900000001,41
164,124,31.134882,40
164,125,24.627736,39
164,126,24.296518,38
164,127,23.06325,37
164,128,27.8658875,36
164,129,20.12765,35
164,130,24.548443,34
164,131,23.363536,33
164,132,19.494411,32
164,133,24.519975,31
164,134,26.57055,30
164,135,20.056957,29
164,136,19.629393,28
164,137,11.344482,27
164,138,18.132886,26
164,139,26.844979,25
164,140,22.974379,24
164,141,16.82675,23
164,142,14.615014,22
164,143,6.494736,21
164,144,7.057136,20
164,145,12.208039,19
164,146,15.037536,18
164,147,9.63605699999999,17
164,148,6.651036,16
164,149,8.209004,15
164,150,22.082075,14
164,151,31.558757,13
164,152,24.480236,12
164,153,7.21842099999999,11
164,154,5.677493,10
164,155,13.251636,9
164,156,13.438586,8
164,157,15.322018,7
164,158,16.019714,6
164,159,30.135461,5
164,160,33.805039,4
164,161,26.287032,3
164,162,21.5411,2
164,163,15.750111,1
165,1,41.480229,164
165,2,37.060898,163
165,3,61.726408,162
165,4,64.215729,161
165,5,59.861061,160
165,6,65.7916426,159
165,7,64.143369,158
165,8,64.559893,157
165,9,77.514339,156
165,10,69.181772,155
165,11,69.871417,154
165,12,67.028998,153
165,13,68.224489,152
165,14,70.033195,151
165,15,58.97354,150
165,16,59.0163,149
165,17,67.259072,148
165,18,62.089986,147
165,19,48.053322,146
165,20,55.390793,145
165,21,70.682203,144
165,22,83.391431,143
165,23,75.425796,142
165,24,78.476251,141
165,25,62.898629,140
165,26,59.837889,139
165,27,66.191782,138
165,28,65.015211,137
165,29,65.215506,136
165,30,64.2687268,135
165,31,66.294497,134
165,32,68.02909,133
165,33,50.902675,132
165,34,62.617623,131
165,35,63.920598,130
165,36,59.522868,129
165,37,53.522611,128
165,38,58.1828049,127
165,39,65.203689,126
165,40,72.479198,125
165,41,69.472016,124
165,42,67.474661,123
165,43,58.205172,122
165,44,40.67775,121
165,45,38.937275,120
165,46,52.070897,119
165,47,42.473864,118
165,48,27.058193,117
165,49,12.226436,116
165,50,45.97936,115
165,51,50.217616,114
165,52,48.704371,113
165,53,65.75815,112
165,54,63.61074,111
165,55,46.611979,110
165,56,41.338902,109
165,57,51.944804,108
165,58,45.715895,107
165,59,30.081201,106
165,60,52.691536,105
165,61,43.3041,104
165,62,61.628393,103
165,63,54.797829,102
165,64,33.081654,101
165,65,38.752368,100
165,66,57.791373,99
165,67,53.330311,98
165,68,49.032611,97
165,69,31.377902,96
165,70,45.414871,95
165,71,43.119436,94
165,72,31.806757,93
165,73,47.799819,92
165,74,46.698458,91
165,75,38.125522,90
165,76,31.182118,89
165,77,12.244372,88
165,78,25.378378,87
165,79,43.994054,86
165,80,28.57815,85
165,81,25.552311,84
165,82,40.387524,83
165,83,49.815182,82
165,84,52.868486,81
165,85,54.096954,80
165,86,56.874911,79
165,87,53.920093,78
165,88,47.628929,77
165,89,50.587865,76
165,90,53.555329,75
165,91,46.922325,74
165,92,46.219529,73
165,93,37.75054,72
165,94,15.083846,71
165,95,36.937928,70
165,96,31.00744,69
165,97,30.844557,68
165,98,42.893547,67
165,99,46.62795,66
165,100,32.929922,65
165,101,7.64714700000001,64
165,102,15.148732,63
165,103,27.390072,62
165,104,29.945661,61
165,105,25.319786,60
165,106,29.700275,59
165,107,24.169771,58
165,108,20.342972,57
165,109,22.801104,56
165,110,5.90608600000001,55
165,111,24.398425,54
165,112,43.772854,53
165,113,23.797136,52
165,114,11.133686,51
165,115,8.18155,50
165,116,4.214089,49
165,117,5.336039,48
165,118,5.351425,47
165,119,16.07019,46
165,120,21.420686,45
165,121,32.417543,44
165,122,14.557493,43
165,123,6.336778,42
165,124,32.035171,41
165,125,24.193653,40
165,126,20.363829,39
165,127,19.130561,38
165,128,23.9331985,37
165,129,16.194961,36
165,130,20.615754,35
165,131,19.430847,34
165,132,15.561722,33
165,133,20.587286,32
165,134,22.637861,31
165,135,16.124268,30
165,136,15.696704,29
165,137,8.49330699999999,28
165,138,14.200197,27
165,139,22.91229,26
165,140,19.04169,25
165,141,12.894061,24
165,142,10.682325,23
165,143,2.562047,22
165,144,6.156847,21
165,145,11.30775,20
165,146,14.137247,19
165,147,8.735768,18
165,148,5.750747,17
165,149,7.30871500000001,16
165,150,21.181786,15
165,151,30.658468,14
165,152,23.579947,13
165,153,9.400668,12
165,154,1.744804,11
165,155,10.263947,10
165,156,12.538297,9
165,157,14.421729,8
165,158,15.119425,7
165,159,29.235172,6
165,160,32.90475,5
165,161,25.386743,4
165,162,20.640811,3
165,163,14.849822,2
165,164,3.932689,1
166,1,34.119572,165
166,2,40.504259,164
166,3,65.138949,163
166,4,56.855072,162
166,5,55.044796,161
166,6,58.4309856,160
166,7,56.891788,159
166,8,70.450764,158
166,9,83.737396,157
166,10,69.238685,156
166,11,62.51076,155
166,12,73.252055,154
166,13,74.447546,153
166,14,62.672538,152
166,15,51.612883,151
166,16,54.405457,150
166,17,63.396485,149
166,18,54.729329,148
166,19,46.106935,147
166,20,51.781064,146
166,21,76.90526,145
166,22,76.574546,144
166,23,78.609331,143
166,24,71.115594,142
166,25,55.537972,141
166,26,66.060946,140
166,27,58.831125,139
166,28,57.654554,138
166,29,57.854849,137
166,30,56.9080698,136
166,31,61.51736,135
166,32,60.668433,134
166,33,56.459082,133
166,34,68.84068,132
166,35,56.559941,131
166,36,52.162211,130
166,37,46.161954,129
166,38,50.8221479,128
166,39,71.426746,127
166,40,67.922759,126
166,41,69.350441,125
166,42,60.114004,124
166,43,55.595485,123
166,44,45.775207,122
166,45,45.160332,121
166,46,58.293954,120
166,47,46.352993,119
166,48,28.031264,118
166,49,17.865521,117
166,50,52.202417,116
166,51,50.270241,115
166,52,54.927428,114
166,53,62.118807,113
166,54,56.250083,112
166,55,50.317578,111
166,56,47.561959,110
166,57,47.084453,109
166,58,38.355238,108
166,59,36.304258,107
166,60,51.831621,106
166,61,49.527157,105
166,62,62.018564,104
166,63,52.185328,103
166,64,36.971503,102
166,65,44.975425,101
166,66,64.01443,100
166,67,45.969654,99
166,68,48.671846,98
166,69,36.608555,97
166,70,46.771986,96
166,71,42.842421,95
166,72,38.029814,94
166,73,40.439162,93
166,74,41.534999,92
166,75,35.482335,91
166,76,29.404839,90
166,77,13.339785,89
166,78,31.601435,88
166,79,41.967803,87
166,80,34.801207,86
166,81,25.941946,85
166,82,41.917633,84
166,83,52.621775,83
166,84,53.924771,82
166,85,52.318603,81
166,86,51.710246,80
166,87,52.494564,79
166,88,48.185528,78
166,89,43.893992,77
166,90,52.859028,76
166,91,51.728332,75
166,92,42.776228,74
166,93,32.306217,73
166,94,21.306903,72
166,95,43.160985,71
166,96,36.397017,70
166,97,23.4839,69
166,98,43.44961,68
166,99,39.267293,67
166,100,25.569265,66
166,101,13.870204,65
166,102,21.371789,64
166,103,31.111885,63
166,104,22.585004,62
166,105,25.793171,61
166,106,35.923332,60
166,107,30.392828,59
166,108,12.982315,58
166,109,15.440447,57
166,110,8.463171,56
166,111,30.621482,55
166,112,43.327803,54
166,113,24.853421,53
166,114,7.024271,52
166,115,3.15530699999999,51
166,116,11.574746,50
166,117,11.559096,49
166,118,11.574482,48
166,119,18.377767,47
166,120,23.059871,46
166,121,25.056886,45
166,122,9.279464,44
166,123,12.559835,43
166,124,38.258228,42
166,125,30.41671,41
166,126,21.087928,40
166,127,11.769904,39
166,128,16.5725415,38
166,129,9.918096,37
166,130,13.255097,36
166,131,12.07019,35
166,132,11.116235,34
166,133,14.809571,33
166,134,15.277204,32
166,135,8.76361099999999,31
166,136,8.33604699999999,30
166,137,14.716364,29
166,138,11.33926,28
166,139,15.551633,27
166,140,11.681033,26
166,141,5.533404,25
166,142,3.32166799999999,24
166,143,4.79861000000001,23
166,144,5.18391000000001,22
166,145,5.08469300000001,21
166,146,12.16601,20
166,147,12.263489,19
166,148,7.85981000000001,18
166,149,7.25314200000001,17
166,150,14.958729,16
166,151,24.435411,15
166,152,22.60701,14
166,153,16.761325,13
166,154,5.80215299999999,12
166,155,4.04089,11
166,156,6.31524,10
166,157,8.198672,9
166,158,11.562432,8
166,159,23.012115,7
166,160,26.681693,6
166,161,19.163686,5
166,162,14.417754,4
166,163,8.62676500000002,3
166,164,11.293346,2
166,165,7.36065700000001,1
167,1,37.841825,166
167,2,39.059606,165
167,3,63.694296,164
167,4,60.577325,163
167,5,56.222657,162
167,6,62.1532386,161
167,7,60.504965,160
167,8,69.006111,159
167,9,82.292743,158
167,10,67.794032,157
167,11,66.233013,156
167,12,71.807402,155
167,13,73.002893,154
167,14,66.394791,153
167,15,55.335136,152
167,16,55.377896,151
167,17,63.620668,150
167,18,58.451582,149
167,19,44.662282,148
167,20,51.752389,147
167,21,75.460607,146
167,22,79.753027,145
167,23,77.164678,144
167,24,74.837847,143
167,25,59.260225,142
167,26,64.616293,141
167,27,62.553378,140
167,28,61.376807,139
167,29,61.577102,138
167,30,60.6303228,137
167,31,62.656093,136
167,32,64.390686,135
167,33,55.014429,134
167,34,67.396027,133
167,35,60.282194,132
167,36,55.884464,131
167,37,49.884207,130
167,38,54.5444009,129
167,39,69.982093,128
167,40,68.840794,127
167,41,67.905788,126
167,42,63.836257,125
167,43,54.566768,124
167,44,44.330554,123
167,45,43.715679,122
167,46,56.849301,121
167,47,44.90834,120
167,48,26.586611,119
167,49,16.420868,118
167,50,50.757764,117
167,51,48.825588,116
167,52,53.482775,115
167,53,62.119746,114
167,54,59.972336,113
167,55,48.872925,112
167,56,46.117306,111
167,57,48.3064,110
167,58,42.077491,109
167,59,34.859605,108
167,60,50.386968,107
167,61,48.082504,106
167,62,60.573911,105
167,63,51.159425,104
167,64,35.52685,103
167,65,43.530772,102
167,66,62.569777,101
167,67,49.691907,100
167,68,47.227193,99
167,69,35.163902,98
167,70,45.327333,97
167,71,41.397768,96
167,72,36.585161,95
167,73,44.161415,94
167,74,43.060054,93
167,75,34.487118,92
167,76,27.960186,91
167,77,11.895132,90
167,78,30.156782,89
167,79,40.52315,88
167,80,33.356554,87
167,81,24.497293,86
167,82,40.47298,85
167,83,51.177122,84
167,84,52.480118,83
167,85,50.87395,82
167,86,53.236507,81
167,87,51.049911,80
167,88,46.740875,79
167,89,46.949461,78
167,90,51.414375,77
167,91,50.283679,76
167,92,42.581125,75
167,93,34.112136,74
167,94,19.86225,73
167,95,41.716332,72
167,96,34.952364,71
167,97,27.206153,70
167,98,42.004957,69
167,99,42.989546,68
167,100,29.291518,67
167,101,12.425551,66
167,102,19.927136,65
167,103,29.667232,64
167,104,26.307257,63
167,105,24.348518,62
167,106,34.478679,61
167,107,28.948175,60
167,108,16.704568,59
167,109,19.1627,58
167,110,7.01851800000001,57
167,111,29.176829,56
167,112,41.88315,55
167,113,23.408768,54
167,114,7.49528200000001,53
167,115,4.543146,52
167,116,8.231393,51
167,117,10.114443,50
167,118,10.129829,49
167,119,16.933114,48
167,120,21.615218,47
167,121,28.779139,46
167,122,10.919089,45
167,123,11.115182,44
167,124,36.813575,43
167,125,28.972057,42
167,126,19.643275,41
167,127,15.492157,40
167,128,20.2947945,39
167,129,12.556557,38
167,130,16.97735,37
167,131,15.792443,36
167,132,11.923318,35
167,133,16.948882,34
167,134,18.999457,33
167,135,12.485864,32
167,136,12.0583,31
167,137,13.271711,30
167,138,10.561793,29
167,139,19.273886,28
167,140,15.403286,27
167,141,9.25565700000001,26
167,142,7.043921,25
167,143,2.591357,24
167,144,1.461657,23
167,145,6.52934599999999,22
167,146,9.35884299999999,21
167,147,8.54123599999999,20
167,148,4.137557,19
167,149,3.530889,18
167,150,16.403382,17
167,151,25.880064,16
167,152,18.884757,15
167,153,13.039072,14
167,154,4.3575,13
167,155,5.68054300000001,12
167,156,7.75989299999999,11
167,157,9.64332499999999,10
167,158,10.341021,9
167,159,24.456768,8
167,160,28.126346,7
167,161,20.608339,6
167,162,15.862407,5
167,163,10.071418,4
167,164,7.571093,3
167,165,4.77840400000001,2
167,166,3.72225300000001,1
168,1,36.680639,167
168,2,44.06577,166
168,3,68.70046,165
168,4,59.396039,164
168,5,58.606307,163
168,6,58.6581746,162
168,7,60.453299,161
168,8,74.012275,160
168,9,87.298907,159
168,10,72.800196,158
168,11,62.737949,157
168,12,76.813566,156
168,13,78.009057,155
168,14,62.899727,154
168,15,53.841228,153
168,16,57.966968,152
168,17,66.957996,151
168,18,55.458482,150
168,19,49.668446,149
168,20,55.342575,148
168,21,80.466771,147
168,22,80.136057,146
168,23,82.170842,145
168,24,73.393117,144
168,25,55.765161,143
168,26,69.622457,142
168,27,59.058314,141
168,28,57.881743,140
168,29,58.395062,139
168,30,57.1352588,138
168,31,65.078871,137
168,32,60.895622,136
168,33,60.020593,135
168,34,72.402191,134
168,35,56.78713,133
168,36,54.8081,132
168,37,46.389143,131
168,38,51.0493369,130
168,39,74.988257,129
168,40,71.48427,128
168,41,72.911952,127
168,42,60.341193,126
168,43,59.156996,125
168,44,49.336718,124
168,45,48.721843,123
168,46,61.855465,122
168,47,49.914504,121
168,48,31.592775,120
168,49,21.427032,119
168,50,55.763928,118
168,51,53.831752,117
168,52,58.488939,116
168,53,65.680318,115
168,54,56.477272,114
168,55,53.879089,113
168,56,51.12347,112
168,57,50.645964,111
168,58,38.582427,110
168,59,39.865769,109
168,60,55.393132,108
168,61,53.088668,107
168,62,65.580075,106
168,63,55.746839,105
168,64,40.533014,104
168,65,48.536936,103
168,66,67.575941,102
168,67,46.196843,101
168,68,52.233357,100
168,69,40.170066,99
168,70,50.333497,98
168,71,46.403932,97
168,72,41.591325,96
168,73,40.666351,95
168,74,45.09651,94
168,75,39.043846,93
168,76,32.96635,92
168,77,16.901296,91
168,78,35.162946,90
168,79,45.529314,89
168,80,38.362718,88
168,81,29.503457,87
168,82,45.479144,86
168,83,56.183286,85
168,84,57.486282,84
168,85,55.880114,83
168,86,55.271757,82
168,87,56.056075,81
168,88,51.747039,80
168,89,47.455503,79
168,90,56.420539,78
168,91,55.289843,77
168,92,46.337739,76
168,93,35.867728,75
168,94,24.868414,74
168,95,46.722496,73
168,96,39.958528,72
168,97,26.295011,71
168,98,47.011121,70
168,99,39.494482,69
168,100,26.297346,68
168,101,17.431715,67
168,102,24.9333,66
168,103,34.673396,65
168,104,22.812193,64
168,105,29.354682,63
168,106,39.484843,62
168,107,33.954339,61
168,108,15.961596,60
168,109,17.669864,59
168,110,12.024682,58
168,111,34.182993,57
168,112,46.889314,56
168,113,28.414932,55
168,114,10.585782,54
168,115,6.716818,53
168,116,13.237557,52
168,117,15.120607,51
168,118,15.135993,50
168,119,21.939278,49
168,120,26.621382,48
168,121,25.284075,47
168,122,12.840975,46
168,123,16.121346,45
168,124,41.819739,44
168,125,33.978221,43
168,126,24.649439,42
168,127,14.331507,41
168,128,16.7997305,40
168,129,13.479607,39
168,130,13.482286,38
168,131,12.297379,37
168,132,14.677746,36
168,133,18.371082,35
168,134,15.504393,34
168,135,10.3241,33
168,136,8.56323599999999,32
168,137,18.277875,31
168,138,14.900771,30
168,139,15.778822,29
168,140,11.908222,28
168,141,5.760593,27
168,142,4.216043,26
168,143,7.597521,25
168,144,4.95672100000001,24
168,145,3.02451800000001,23
168,146,11.938821,22
168,147,12.0363,21
168,148,7.63262100000001,20
168,149,7.02595300000001,19
168,150,11.397218,18
168,151,20.8739,17
168,152,22.379821,16
168,153,16.534136,15
168,154,9.36366399999999,14
168,155,2.185479,13
168,156,2.753729,12
168,157,4.637161,11
168,158,11.335243,10
168,159,19.450604,9
168,160,24.038618,8
168,161,15.602175,7
168,162,12.440257,6
168,163,7.81734600000002,5
168,164,11.066157,4
168,165,9.784568,3
168,166,3.561511,2
168,167,5.00616399999999,1
169,1,44.798896,168
169,2,52.184027,167
169,3,76.818717,166
169,4,67.514296,165
169,5,66.724564,164
169,6,63.6112176,163
169,7,68.571556,162
169,8,82.130532,161
169,9,95.417164,160
169,10,80.918453,159
169,11,68.056008,158
169,12,84.931823,157
169,13,86.127314,156
169,14,68.80953,155
169,15,61.959485,154
169,16,66.085225,153
169,17,75.076253,152
169,18,63.576739,151
169,19,57.786703,150
169,20,63.460832,149
169,21,88.585028,148
169,22,88.254314,147
169,23,90.289099,146
169,24,81.511374,145
169,25,62.110196,144
169,26,77.740714,143
169,27,64.011357,142
169,28,63.356314,141
169,29,66.513319,140
169,30,62.0883018,139
169,31,73.197128,138
169,32,65.848665,137
169,33,68.13885,136
169,34,80.520448,135
169,35,62.869927,134
169,36,62.926357,133
169,37,54.342714,132
169,38,56.0023799,131
169,39,83.106514,130
169,40,79.602527,129
169,41,81.030209,128
169,42,65.294236,127
169,43,67.275253,126
169,44,57.454975,125
169,45,56.8401,124
169,46,69.973722,123
169,47,58.032761,122
169,48,39.711032,121
169,49,29.545289,120
169,50,63.882185,119
169,51,61.950009,118
169,52,66.607196,117
169,53,73.798575,116
169,54,61.430315,115
169,55,61.997346,114
169,56,59.241727,113
169,57,58.764221,112
169,58,44.31803,111
169,59,47.984026,110
169,60,63.511389,109
169,61,61.206925,108
169,62,73.698332,107
169,63,63.865096,106
169,64,48.651271,105
169,65,56.655193,104
169,66,75.694198,103
169,67,51.316314,102
169,68,60.351614,101
169,69,48.288323,100
169,70,58.451754,99
169,71,54.522189,98
169,72,49.709582,97
169,73,47.966806,96
169,74,53.214767,95
169,75,47.162103,94
169,76,41.084607,93
169,77,25.019553,92
169,78,43.281203,91
169,79,53.647571,90
169,80,46.480975,89
169,81,37.621714,88
169,82,53.597401,87
169,83,64.301543,86
169,84,65.604539,85
169,85,63.998371,84
169,86,63.390014,83
169,87,64.174332,82
169,88,59.865296,81
169,89,55.57376,80
169,90,64.538796,79
169,91,63.4081,78
169,92,54.455996,77
169,93,43.985985,76
169,94,32.986671,75
169,95,54.840753,74
169,96,48.076785,73
169,97,34.413268,72
169,98,55.129378,71
169,99,46.279975,70
169,100,34.415603,69
169,101,25.549972,68
169,102,33.051557,67
169,103,42.791653,66
169,104,27.765236,65
169,105,37.472939,64
169,106,47.6031,63
169,107,42.072596,62
169,108,24.079853,61
169,109,25.788121,60
169,110,20.142939,59
169,111,42.30125,58
169,112,55.007571,57
169,113,36.533189,56
169,114,18.704039,55
169,115,14.835075,54
169,116,21.355814,53
169,117,23.238864,52
169,118,23.25425,51
169,119,30.057535,50
169,120,34.739639,49
169,121,30.237118,48
169,122,20.959232,47
169,123,24.239603,46
169,124,49.937996,45
169,125,42.096478,44
169,126,32.767696,43
169,127,22.449764,42
169,128,21.7527735,41
169,129,21.597864,40
169,130,18.435329,39
169,131,17.415778,38
169,132,22.796003,37
169,133,26.489339,36
169,134,22.540064,35
169,135,18.442357,34
169,136,14.516321,33
169,137,26.396132,32
169,138,23.019028,31
169,139,20.731865,30
169,140,17.612335,29
169,141,10.880064,28
169,142,12.3343,27
169,143,15.715778,26
169,144,11.745978,25
169,145,6.59507500000001,24
169,146,6.98577799999999,23
169,147,9.16705700000001,22
169,148,12.152078,21
169,149,10.59411,20
169,150,4.86243899999999,19
169,151,12.755643,18
169,152,17.426778,17
169,153,11.584693,16
169,154,17.481921,15
169,155,7.63887800000001,14
169,156,5.36452800000002,13
169,157,3.48109600000001,12
169,158,6.38219999999998,11
169,159,13.665153,10
169,160,19.085575,9
169,161,10.317482,8
169,162,7.487214,7
169,163,3.053003,6
169,164,18.803114,5
169,165,17.902825,4
169,166,11.679768,3
169,167,13.124421,2
169,168,8.11825700000001,1
170,1,46.249032,169
170,2,53.634163,168
170,3,78.268853,167
170,4,68.964432,166
170,5,68.1747,165
170,6,62.7286816,164
170,7,70.021692,163
170,8,83.580668,162
170,9,96.8673,161
170,10,82.368589,160
170,11,69.506144,159
170,12,86.381959,158
170,13,87.57745,157
170,14,70.259666,156
170,15,63.409621,155
170,16,67.535361,154
170,17,76.526389,153
170,18,65.026875,152
170,19,59.236839,151
170,20,64.910968,150
170,21,90.035164,149
170,22,89.70445,148
170,23,91.739235,147
170,24,82.96151,146
170,25,63.560332,145
170,26,79.19085,144
170,27,64.714979,143
170,28,64.80645,142
170,29,67.963455,141
170,30,61.2057658,140
170,31,74.647264,139
170,32,64.966129,138
170,33,69.588986,137
170,34,81.970584,136
170,35,64.320063,135
170,36,64.376493,134
170,37,55.79285,133
170,38,55.1198439,132
170,39,84.55665,131
170,40,81.052663,130
170,41,82.480345,129
170,42,65.2894,128
170,43,68.725389,127
170,44,58.905111,126
170,45,58.290236,125
170,46,71.423858,124
170,47,59.482897,123
170,48,41.161168,122
170,49,30.995425,121
170,50,65.332321,120
170,51,63.400145,119
170,52,68.057332,118
170,53,75.248711,117
170,54,60.547779,116
170,55,63.447482,115
170,56,60.691863,114
170,57,60.214357,113
170,58,45.768166,112
170,59,49.434162,111
170,60,64.961525,110
170,61,62.657061,109
170,62,75.148468,108
170,63,65.315232,107
170,64,50.101407,106
170,65,58.105329,105
170,66,77.144334,104
170,67,52.76645,103
170,68,61.80175,102
170,69,49.738459,101
170,70,59.90189,100
170,71,55.972325,99
170,72,51.159718,98
170,73,49.416942,97
170,74,54.664903,96
170,75,48.612239,95
170,76,42.534743,94
170,77,26.469689,93
170,78,44.731339,92
170,79,55.097707,91
170,80,47.931111,90
170,81,39.07185,89
170,82,55.047537,88
170,83,65.751679,87
170,84,67.054675,86
170,85,65.448507,85
170,86,64.84015,84
170,87,65.624468,83
170,88,61.315432,82
170,89,57.023896,81
170,90,65.988932,80
170,91,64.858236,79
170,92,55.906132,78
170,93,45.436121,77
170,94,34.436807,76
170,95,56.290889,75
170,96,49.526921,74
170,97,35.863404,73
170,98,56.579514,72
170,99,47.730111,71
170,100,35.865739,70
170,101,27.000108,69
170,102,34.501693,68
170,103,44.241789,67
170,104,28.0485,66
170,105,38.923075,65
170,106,49.053236,64
170,107,43.522732,63
170,108,25.529989,62
170,109,27.238257,61
170,110,21.593075,60
170,111,43.751386,59
170,112,56.457707,58
170,113,37.983325,57
170,114,20.154175,56
170,115,16.285211,55
170,116,22.80595,54
170,117,24.689,53
170,118,24.704386,52
170,119,31.507671,51
170,120,36.189775,50
170,121,29.938018,49
170,122,22.409368,48
170,123,25.689739,47
170,124,51.388132,46
170,125,43.546614,45
170,126,34.217832,44
170,127,23.8999,43
170,128,20.8702375,42
170,129,23.048,41
170,130,19.384707,40
170,131,18.865914,39
170,132,24.246139,38
170,133,27.939475,37
170,134,23.9902,36
170,135,19.892493,35
170,136,15.966457,34
170,137,27.846268,33
170,138,24.469164,32
170,139,20.681871,31
170,140,19.062471,30
170,141,12.3302,29
170,142,13.784436,28
170,143,17.165914,27
170,144,13.196114,26
170,145,8.04521100000001,25
170,146,7.86831399999999,24
170,147,10.617193,23
170,148,13.602214,22
170,149,12.044246,21
170,150,5.74497499999999,20
170,151,12.555593,19
170,152,18.309314,18
170,153,13.034829,17
170,154,18.932057,16
170,155,9.08901400000001,15
170,156,6.81466400000002,14
170,157,4.93123200000001,13
170,158,7.26473599999998,12
170,159,14.547689,11
170,160,19.968111,10
170,161,11.200018,9
170,162,8.36975,8
170,163,4.503139,7
170,164,20.25325,6
170,165,19.352961,5
170,166,13.129904,4
170,167,14.574557,3
170,168,9.56839300000001,2
170,169,1.450136,1
171,1,35.091207,170
171,2,42.476338,169
171,3,67.111028,168
171,4,57.806607,167
171,5,57.016875,166
171,6,58.7365066,165
171,7,58.863867,164
171,8,72.422843,163
171,9,85.709475,162
171,10,71.210764,161
171,11,62.816281,160
171,12,75.224134,159
171,13,76.419625,158
171,14,62.978059,157
171,15,52.251796,156
171,16,56.377536,155
171,17,65.368564,154
171,18,55.03485,153
171,19,48.079014,152
171,20,53.753143,151
171,21,78.877339,150
171,22,78.546625,149
171,23,80.58141,148
171,24,71.803685,147
171,25,55.843493,146
171,26,68.033025,145
171,27,59.136646,144
171,28,57.960075,143
171,29,58.16037,142
171,30,57.2135908,141
171,31,63.489439,140
171,32,60.973954,139
171,33,58.431161,138
171,34,70.812759,137
171,35,56.865462,136
171,36,53.218668,135
171,37,46.467475,134
171,38,51.1276689,133
171,39,73.398825,132
171,40,69.894838,131
171,41,71.32252,130
171,42,60.419525,129
171,43,57.567564,128
171,44,47.747286,127
171,45,47.132411,126
171,46,60.266033,125
171,47,48.325072,124
171,48,30.003343,123
171,49,19.8376,122
171,50,54.174496,121
171,51,52.24232,120
171,52,56.899507,119
171,53,64.090886,118
171,54,56.555604,117
171,55,52.289657,116
171,56,49.534038,115
171,57,49.056532,114
171,58,38.660759,113
171,59,38.276337,112
171,60,53.8037,111
171,61,51.499236,110
171,62,63.990643,109
171,63,54.157407,108
171,64,38.943582,107
171,65,46.947504,106
171,66,65.986509,105
171,67,46.275175,104
171,68,50.643925,103
171,69,38.580634,102
171,70,48.744065,101
171,71,44.8145,100
171,72,40.001893,99
171,73,40.744683,98
171,74,43.507078,97
171,75,37.454414,96
171,76,31.376918,95
171,77,15.311864,94
171,78,33.573514,93
171,79,43.939882,92
171,80,36.773286,91
171,81,27.914025,90
171,82,43.889712,89
171,83,54.593854,88
171,84,55.89685,87
171,85,54.290682,86
171,86,53.682325,85
171,87,54.466643,84
171,88,50.157607,83
171,89,45.866071,82
171,90,54.831107,81
171,91,53.700411,80
171,92,44.748307,79
171,93,34.278296,78
171,94,23.278982,77
171,95,45.133064,76
171,96,38.369096,75
171,97,24.705579,74
171,98,45.421689,73
171,99,39.572814,72
171,100,25.874786,71
171,101,15.842283,70
171,102,23.343868,69
171,103,33.083964,68
171,104,22.890525,67
171,105,27.76525,66
171,106,37.895411,65
171,107,32.364907,64
171,108,14.372164,63
171,109,16.080432,62
171,110,10.43525,61
171,111,32.593561,60
171,112,45.299882,59
171,113,26.8255,58
171,114,8.99635000000001,57
171,115,5.127386,56
171,116,11.648125,55
171,117,13.531175,54
171,118,13.546561,53
171,119,20.349846,52
171,120,25.03195,51
171,121,25.362407,50
171,122,11.251543,49
171,123,14.531914,48
171,124,40.230307,47
171,125,32.388789,46
171,126,23.060007,45
171,127,12.742075,44
171,128,16.8780625,43
171,129,11.890175,42
171,130,13.560618,41
171,131,12.375711,40
171,132,13.088314,39
171,133,16.78165,38
171,134,15.582725,37
171,135,9.069132,36
171,136,8.641568,35
171,137,16.688443,34
171,138,13.311339,33
171,139,15.857154,32
171,140,11.986554,31
171,141,5.83892500000001,30
171,142,3.627189,29
171,143,6.008089,28
171,144,4.878389,27
171,145,3.11261399999999,26
171,146,11.860489,25
171,147,11.957968,24
171,148,7.554289,23
171,149,6.947621,22
171,150,12.98665,21
171,151,22.463332,20
171,152,22.301489,19
171,153,16.455804,18
171,154,7.774232,17
171,155,2.26381100000001,16
171,156,4.34316099999999,15
171,157,6.22659299999999,14
171,158,11.256911,13
171,159,21.040036,12
171,160,24.709614,11
171,161,17.191607,10
171,162,12.445675,9
171,163,7.73901400000001,8
171,164,10.987825,7
171,165,8.19513600000001,6
171,166,1.97207900000001,5
171,167,3.416732,4
171,168,1.58943199999999,3
171,169,9.70768900000001,2
171,170,11.157825,1
172,1,41.811943,171
172,2,47.779488,170
172,3,72.414178,169
172,4,64.547443,168
172,5,62.320025,167
172,6,66.1233566,166
172,7,64.475083,165
172,8,77.725993,164
172,9,91.012625,163
172,10,76.513914,162
172,11,70.203131,161
172,12,80.527284,160
172,13,81.722775,159
172,14,70.364909,158
172,15,59.305254,157
172,16,61.680686,156
172,17,70.671714,155
172,18,62.4217,154
172,19,53.382164,153
172,20,59.056293,152
172,21,84.180489,151
172,22,83.849775,150
172,23,85.88456,149
172,24,78.807965,148
172,25,63.230343,147
172,26,73.336175,146
172,27,66.523496,145
172,28,65.346925,144
172,29,65.54722,143
172,30,64.6004408,142
172,31,68.792589,141
172,32,68.360804,140
172,33,63.734311,139
172,34,76.115909,138
172,35,64.252312,137
172,36,59.854582,136
172,37,53.854325,135
172,38,58.5145189,134
172,39,78.701975,133
172,40,75.197988,132
172,41,76.62567,131
172,42,67.806375,130
172,43,62.870714,129
172,44,53.050436,128
172,45,52.435561,127
172,46,65.569183,126
172,47,53.628222,125
172,48,35.306493,124
172,49,25.14075,123
172,50,59.477646,122
172,51,57.54547,121
172,52,62.202657,120
172,53,69.394036,119
172,54,63.942454,118
172,55,57.592807,117
172,56,54.837188,116
172,57,54.359682,115
172,58,46.047609,114
172,59,43.579487,113
172,60,59.10685,112
172,61,56.802386,111
172,62,69.293793,110
172,63,59.460557,109
172,64,44.246732,108
172,65,52.250654,107
172,66,71.289659,106
172,67,53.662025,105
172,68,55.947075,104
172,69,43.883784,103
172,70,54.047215,102
172,71,50.11765,101
172,72,45.305043,100
172,73,48.131533,99
172,74,48.810228,98
172,75,42.757564,97
172,76,36.680068,96
172,77,20.615014,95
172,78,38.876664,94
172,79,49.243032,93
172,80,42.076436,92
172,81,33.217175,91
172,82,49.192862,90
172,83,59.897004,89
172,84,61.2,88
172,85,59.593832,87
172,86,58.985475,86
172,87,59.769793,85
172,88,55.460757,84
172,89,51.169221,83
172,90,60.134257,82
172,91,59.003561,81
172,92,50.051457,80
172,93,39.581446,79
172,94,28.582132,78
172,95,50.436214,77
172,96,43.672246,76
172,97,31.176271,75
172,98,50.724839,74
172,99,46.959664,73
172,100,33.261636,72
172,101,21.145433,71
172,102,28.647018,70
172,103,38.387114,69
172,104,30.277375,68
172,105,33.0684,67
172,106,43.198561,66
172,107,37.668057,65
172,108,20.674686,64
172,109,23.132818,63
172,110,15.7384,62
172,111,37.896711,61
172,112,50.603032,60
172,113,32.12865,59
172,114,14.2995,58
172,115,10.430536,57
172,116,16.951275,56
172,117,18.834325,55
172,118,18.849711,54
172,119,25.652996,53
172,120,30.3351,52
172,121,32.749257,51
172,122,16.554693,50
172,123,19.835064,49
172,124,45.533457,48
172,125,37.691939,47
172,126,28.363157,46
172,127,19.462275,45
172,128,24.2649125,44
172,129,17.193325,43
172,130,20.947468,42
172,131,19.762561,41
172,132,18.391464,40
172,133,22.0848,39
172,134,22.969575,38
172,135,16.455982,37
172,136,16.028418,36
172,137,21.991593,35
172,138,18.614489,34
172,139,23.244004,33
172,140,19.373404,32
172,141,13.225775,31
172,142,11.014039,30
172,143,11.311239,29
172,144,7.34143899999999,28
172,145,4.440664,27
172,146,4.473639,26
172,147,4.762518,25
172,148,7.747539,24
172,149,6.18957099999999,23
172,150,7.6835,22
172,151,17.160182,21
172,152,14.914639,20
172,153,9.068954,19
172,154,13.077382,18
172,155,9.650661,17
172,156,5.292611,16
172,157,5.659843,15
172,158,3.87006099999999,14
172,159,15.736886,13
172,160,19.406464,12
172,161,11.888457,11
172,162,7.14252500000002,10
172,163,1.35153600000002,9
172,164,14.398575,8
172,165,13.498286,7
172,166,7.69237100000001,6
172,167,8.71988199999999,5
172,168,7.46518200000001,4
172,169,4.40453900000001,3
172,170,5.85467500000001,2
172,171,7.38685,1
173,1,50.322272,172
173,2,56.124059,171
173,3,80.758749,170
173,4,73.057772,169
173,5,70.664596,168
173,6,74.6336856,167
173,7,72.985412,166
173,8,86.070564,165
173,9,99.357196,164
173,10,84.858485,163
173,11,78.71346,162
173,12,88.871855,161
173,13,90.067346,160
173,14,78.875238,159
173,15,67.815583,158
173,16,70.025257,157
173,17,79.016285,156
173,18,70.932029,155
173,19,61.726735,154
173,20,67.400864,153
173,21,92.52506,152
173,22,92.233474,151
173,23,94.229131,150
173,24,87.318294,149
173,25,71.740672,148
173,26,81.680746,147
173,27,75.033825,146
173,28,73.857254,145
173,29,74.057549,144
173,30,73.1107698,143
173,31,77.13716,142
173,32,76.871133,141
173,33,72.078882,140
173,34,84.46048,139
173,35,72.762641,138
173,36,68.364911,137
173,37,62.364654,136
173,38,67.0248479,135
173,39,87.046546,134
173,40,83.542559,133
173,41,84.970241,132
173,42,76.316704,131
173,43,71.215285,130
173,44,61.395007,129
173,45,60.780132,128
173,46,73.913754,127
173,47,61.972793,126
173,48,43.651064,125
173,49,33.485321,124
173,50,67.822217,123
173,51,65.890041,122
173,52,70.547228,121
173,53,77.738607,120
173,54,72.452783,119
173,55,65.937378,118
173,56,63.181759,117
173,57,62.704253,116
173,58,54.557938,115
173,59,51.924058,114
173,60,67.451421,113
173,61,65.146957,112
173,62,77.638364,111
173,63,67.805128,110
173,64,52.591303,109
173,65,60.595225,108
173,66,79.63423,107
173,67,62.172354,106
173,68,64.291646,105
173,69,52.228355,104
173,70,62.391786,103
173,71,58.462221,102
173,72,53.649614,101
173,73,56.641862,100
173,74,57.154799,99
173,75,51.102135,98
173,76,45.024639,97
173,77,28.959585,96
173,78,47.221235,95
173,79,57.587603,94
173,80,50.421007,93
173,81,41.561746,92
173,82,57.537433,91
173,83,68.241575,90
173,84,69.544571,89
173,85,67.938403,88
173,86,67.330046,87
173,87,68.114364,86
173,88,63.805328,85
173,89,59.513792,84
173,90,68.478828,83
173,91,67.348132,82
173,92,58.396028,81
173,93,47.926017,80
173,94,36.926703,79
173,95,58.780785,78
173,96,52.016817,77
173,97,39.6866,76
173,98,59.06941,75
173,99,55.469993,74
173,100,41.771965,73
173,101,29.490004,72
173,102,36.991589,71
173,103,46.731685,70
173,104,38.787704,69
173,105,41.412971,68
173,106,51.543132,67
173,107,46.012628,66
173,108,29.185015,65
173,109,31.643147,64
173,110,24.082971,63
173,111,46.241282,62
173,112,58.947603,61
173,113,40.473221,60
173,114,22.644071,59
173,115,18.775107,58
173,116,25.295846,57
173,117,27.178896,56
173,118,27.194282,55
173,119,33.997567,54
173,120,38.679671,53
173,121,41.259586,52
173,122,24.899264,51
173,123,28.179635,50
173,124,53.878028,49
173,125,46.03651,48
173,126,36.707728,47
173,127,27.972604,46
173,128,32.7752415,45
173,129,25.537896,44
173,130,29.457797,43
173,131,28.27289,42
173,132,26.736035,41
173,133,30.429371,40
173,134,31.479904,39
173,135,24.966311,38
173,136,24.538747,37
173,137,30.336164,36
173,138,26.95906,35
173,139,31.754333,34
173,140,27.883733,33
173,141,21.736104,32
173,142,19.524368,31
173,143,19.65581,30
173,144,15.68601,29
173,145,12.950993,28
173,146,7.70561000000001,27
173,147,13.107089,26
173,148,16.09211,25
173,149,14.534142,24
173,150,6.16002900000001,23
173,151,8.815611,22
173,152,6.40430999999999,21
173,153,15.524725,20
173,154,21.421953,19
173,155,18.16099,18
173,156,13.80294,17
173,157,14.170172,16
173,158,6.72343200000001,15
173,159,7.392315,14
173,160,11.061893,13
173,161,3.54388599999999,12
173,162,3.535254,11
173,163,8.158165,10
173,164,22.743146,9
173,165,21.842857,8
173,166,16.2027,7
173,167,17.064453,6
173,168,15.975511,5
173,169,11.022468,4
173,170,11.905004,3
173,171,15.897179,2
173,172,8.51032900000001,1
174,1,54.781186,173
174,2,51.666345,172
174,3,76.301035,171
174,4,77.516686,170
174,5,73.162018,169
174,6,79.0925996,168
174,7,77.444326,167
174,8,81.61285,166
174,9,94.899482,165
174,10,82.482729,164
174,11,83.172374,163
174,12,84.414141,162
174,13,85.609632,161
174,14,83.334152,160
174,15,72.274497,159
174,16,72.317257,158
174,17,80.560029,157
174,18,75.390943,156
174,19,61.354279,155
174,20,68.69175,154
174,21,88.067346,153
174,22,96.692388,152
174,23,89.771417,151
174,24,91.777208,150
174,25,76.199586,149
174,26,77.223032,148
174,27,79.492739,147
174,28,78.316168,146
174,29,78.516463,145
174,30,77.5696838,144
174,31,79.595454,143
174,32,81.330047,142
174,33,67.621168,141
174,34,80.002766,140
174,35,77.221555,139
174,36,72.823825,138
174,37,66.823568,137
174,38,71.4837619,136
174,39,82.588832,135
174,40,85.780155,134
174,41,82.772973,133
174,42,80.775618,132
174,43,71.506129,131
174,44,56.937293,130
174,45,56.322418,129
174,46,69.45604,128
174,47,57.515079,127
174,48,40.35915,126
174,49,29.027607,125
174,50,63.364503,124
174,51,63.518573,123
174,52,66.089514,122
174,53,79.059107,121
174,54,76.911697,120
174,55,61.479664,119
174,56,58.724045,118
174,57,65.245761,117
174,58,59.016852,116
174,59,47.466344,115
174,60,65.992493,114
174,61,60.689243,113
174,62,74.92935,112
174,63,68.098786,111
174,64,48.133589,110
174,65,56.137511,109
174,66,75.176516,108
174,67,66.631268,107
174,68,62.333568,106
174,69,47.770641,105
174,70,58.715828,104
174,71,56.420393,103
174,72,49.1919,102
174,73,61.100776,101
174,74,59.999415,100
174,75,51.426479,99
174,76,44.483075,98
174,77,25.545329,97
174,78,42.763521,96
174,79,57.295011,95
174,80,45.963293,94
174,81,38.853268,93
174,82,53.688481,92
174,83,63.783861,91
174,84,66.169443,90
174,85,67.397911,89
174,86,70.175868,88
174,87,67.22105,87
174,88,60.929886,86
174,89,63.888822,85
174,90,66.856286,84
174,91,62.890418,83
174,92,59.520486,82
174,93,51.051497,81
174,94,32.468989,80
174,95,54.323071,79
174,96,47.559103,78
174,97,44.145514,77
174,98,56.194504,76
174,99,59.928907,75
174,100,46.230879,74
174,101,25.03229,73
174,102,32.533875,72
174,103,42.273971,71
174,104,43.246618,70
174,105,38.620743,69
174,106,47.085418,68
174,107,41.554914,67
174,108,33.643929,66
174,109,36.102061,65
174,110,19.625257,64
174,111,41.783568,63
174,112,57.073811,62
174,113,37.098093,61
174,114,24.434643,60
174,115,21.482507,59
174,116,20.838132,58
174,117,22.721182,57
174,118,22.736568,56
174,119,29.539853,55
174,120,34.721643,54
174,121,45.7185,53
174,122,27.85845,52
174,123,23.721921,51
174,124,49.420314,50
174,125,41.578796,49
174,126,33.664786,48
174,127,32.431518,47
174,128,37.2341555,46
174,129,29.495918,45
174,130,33.916711,44
174,131,32.731804,43
174,132,28.862679,42
174,133,33.888243,41
174,134,35.938818,40
174,135,29.425225,39
174,136,28.997661,38
174,137,25.87845,37
174,138,27.501154,36
174,139,36.213247,35
174,140,32.342647,34
174,141,26.195018,33
174,142,23.983282,32
174,143,15.863004,31
174,144,15.477704,30
174,145,17.409907,29
174,146,8.49560400000001,28
174,147,8.64937500000001,27
174,148,12.801804,26
174,149,13.408472,25
174,150,10.618943,24
174,151,13.273325,23
174,152,6.19480399999999,22
174,153,11.067011,21
174,154,16.964239,20
174,155,22.619904,19
174,156,18.261854,18
174,157,18.629086,17
174,158,9.09918200000001,16
174,159,11.850029,15
174,160,15.519607,14
174,161,8.00159999999999,13
174,162,7.99416799999999,12
174,163,12.617079,11
174,164,18.285432,10
174,165,17.385143,9
174,166,20.661614,8
174,167,16.939361,7
174,168,20.434425,6
174,169,15.481382,5
174,170,16.363918,4
174,171,20.356093,3
174,172,12.969243,2
174,173,4.458914,1
175,1,48.069493,174
175,2,47.203038,173
175,3,71.837728,172
175,4,70.804993,171
175,5,66.450325,170
175,6,72.3809066,169
175,7,70.732633,168
175,8,77.149543,167
175,9,90.436175,166
175,10,75.937464,165
175,11,76.460681,164
175,12,79.950834,163
175,13,81.146325,162
175,14,76.622459,161
175,15,65.562804,160
175,16,65.605564,159
175,17,73.848336,158
175,18,68.67925,157
175,19,54.642586,156
175,20,61.980057,155
175,21,83.604039,154
175,22,89.980695,153
175,23,85.30811,152
175,24,85.065515,151
175,25,69.487893,150
175,26,72.759725,149
175,27,72.781046,148
175,28,71.604475,147
175,29,71.80477,146
175,30,70.8579908,145
175,31,72.883761,144
175,32,74.618354,143
175,33,63.157861,142
175,34,75.539459,141
175,35,70.509862,140
175,36,66.112132,139
175,37,60.111875,138
175,38,64.7720689,137
175,39,78.125525,136
175,40,79.068462,135
175,41,76.06128,134
175,42,74.063925,133
175,43,64.794436,132
175,44,52.473986,131
175,45,51.859111,130
175,46,64.992733,129
175,47,53.051772,128
175,48,34.730043,127
175,49,24.5643,126
175,50,58.901196,125
175,51,56.96902,124
175,52,61.626207,123
175,53,72.347414,122
175,54,70.200004,121
175,55,57.016357,120
175,56,54.260738,119
175,57,58.534068,118
175,58,52.305159,117
175,59,43.003037,116
175,60,59.2808,115
175,61,56.225936,114
175,62,68.717343,113
175,63,61.387093,112
175,64,43.670282,111
175,65,51.674204,110
175,66,70.713209,109
175,67,59.919575,108
175,68,55.621875,107
175,69,43.307334,106
175,70,53.470765,105
175,71,49.7087,104
175,72,44.728593,103
175,73,54.389083,102
175,74,53.287722,101
175,75,44.714786,100
175,76,37.771382,99
175,77,20.038564,98
175,78,38.300214,97
175,79,50.583318,96
175,80,41.499986,95
175,81,32.640725,94
175,82,48.616412,93
175,83,59.320554,92
175,84,60.62355,91
175,85,60.686218,90
175,86,63.464175,89
175,87,60.509357,88
175,88,54.884307,87
175,89,57.177129,86
175,90,60.144593,85
175,91,58.427111,84
175,92,52.808793,83
175,93,44.339804,82
175,94,28.005682,81
175,95,49.859764,80
175,96,43.095796,79
175,97,37.433821,78
175,98,50.148389,77
175,99,53.217214,76
175,100,39.519186,75
175,101,20.568983,74
175,102,28.070568,73
175,103,37.810664,72
175,104,36.534925,71
175,105,32.49195,70
175,106,42.622111,69
175,107,37.091607,68
175,108,26.932236,67
175,109,29.390368,66
175,110,15.16195,65
175,111,37.320261,64
175,112,50.362118,63
175,113,31.5522,62
175,114,17.72295,61
175,115,14.770814,60
175,116,16.374825,59
175,117,18.257875,58
175,118,18.273261,57
175,119,25.076546,56
175,120,29.75865,55
175,121,39.006807,54
175,122,21.146757,53
175,123,19.258614,52
175,124,44.957007,51
175,125,37.115489,50
175,126,27.786707,49
175,127,25.719825,48
175,128,30.5224625,47
175,129,22.784225,46
175,130,27.205018,45
175,131,26.020111,44
175,132,22.150986,43
175,133,27.17655,42
175,134,29.227125,41
175,135,22.713532,40
175,136,22.285968,39
175,137,21.415143,38
175,138,20.789461,37
175,139,29.501554,36
175,140,25.630954,35
175,141,19.483325,34
175,142,17.271589,33
175,143,10.734789,32
175,144,8.76601099999999,31
175,145,10.698214,30
175,146,1.78391099999999,29
175,147,4.18606799999999,28
175,148,7.17108899999999,27
175,149,6.69677899999999,26
175,150,8.25995000000001,25
175,151,17.736632,24
175,152,10.658111,23
175,153,6.603704,22
175,154,12.500932,21
175,155,15.908211,20
175,156,11.550161,19
175,157,11.917393,18
175,158,2.387489,17
175,159,16.313336,16
175,160,19.982914,15
175,161,12.464907,14
175,162,7.71897500000002,13
175,163,5.90538599999998,12
175,164,13.822125,11
175,165,12.921836,10
175,166,13.949921,9
175,167,10.227668,8
175,168,13.722732,7
175,169,8.76968899999998,6
175,170,9.65222499999998,5
175,171,13.6444,4
175,172,6.25754999999999,3
175,173,8.92102100000001,2
175,174,6.71169300000001,1
176,1,45.244575,175
176,2,46.046956,174
176,3,70.681646,173
176,4,67.980075,172
176,5,63.625407,171
176,6,69.5559886,170
176,7,67.907715,169
176,8,75.993461,168
176,9,89.280093,167
176,10,74.781382,166
176,11,73.635763,165
176,12,78.794752,164
176,13,79.990243,163
176,14,73.797541,162
176,15,62.737886,161
176,16,62.780646,160
176,17,71.023418,159
176,18,65.854332,158
176,19,51.817668,157
176,20,59.155139,156
176,21,82.447957,155
176,22,87.155777,154
176,23,84.152028,153
176,24,82.240597,152
176,25,66.662975,151
176,26,71.603643,150
176,27,69.956128,149
176,28,68.779557,148
176,29,68.979852,147
176,30,68.0330728,146
176,31,70.058843,145
176,32,71.793436,144
176,33,62.001779,143
176,34,74.383377,142
176,35,67.684944,141
176,36,63.287214,140
176,37,57.286957,139
176,38,61.9471509,138
176,39,76.969443,137
176,40,76.243544,136
176,41,74.893138,135
176,42,71.239007,134
176,43,61.969518,133
176,44,51.317904,132
176,45,50.703029,131
176,46,63.836651,130
176,47,51.89569,129
176,48,33.573961,128
176,49,23.408218,127
176,50,57.745114,126
176,51,55.812938,125
176,52,60.470125,124
176,53,69.522496,123
176,54,67.375086,122
176,55,55.860275,121
176,56,53.104656,120
176,57,55.70915,119
176,58,49.480241,118
176,59,41.846955,117
176,60,57.374318,116
176,61,55.069854,115
176,62,67.561261,114
176,63,58.562175,113
176,64,42.5142,112
176,65,50.518122,111
176,66,69.557127,110
176,67,57.094657,109
176,68,54.214543,108
176,69,42.151252,107
176,70,52.314683,106
176,71,48.385118,105
176,72,43.572511,104
176,73,51.564165,103
176,74,50.462804,102
176,75,41.889868,101
176,76,34.947536,100
176,77,18.882482,99
176,78,37.144132,98
176,79,47.7584,97
176,80,40.343904,96
176,81,31.484643,95
176,82,47.46033,94
176,83,58.164472,93
176,84,59.467468,92
176,85,57.8613,91
176,86,60.639257,90
176,87,58.037261,89
176,88,53.728225,88
176,89,54.352211,87
176,90,58.401725,86
176,91,57.271029,85
176,92,49.983875,84
176,93,41.514886,83
176,94,26.8496,82
176,95,48.703682,81
176,96,41.939714,80
176,97,34.608903,79
176,98,48.992307,78
176,99,50.392296,77
176,100,36.694268,76
176,101,19.412901,75
176,102,26.914486,74
176,103,36.654582,73
176,104,33.710007,72
176,105,31.335868,71
176,106,41.466029,70
176,107,35.935525,69
176,108,24.107318,68
176,109,26.56545,67
176,110,14.005868,66
176,111,36.164179,65
176,112,48.8705,64
176,113,30.396118,63
176,114,14.898032,62
176,115,11.945896,61
176,116,15.218743,60
176,117,17.101793,59
176,118,17.117179,58
176,119,23.920464,57
176,120,28.602568,56
176,121,36.181889,55
176,122,18.321839,54
176,123,18.102532,53
176,124,43.800925,52
176,125,35.959407,51
176,126,26.630625,50
176,127,22.894907,49
176,128,27.6975445,48
176,129,19.959307,47
176,130,24.3801,46
176,131,23.195193,45
176,132,19.326068,44
176,133,24.351632,43
176,134,26.402207,42
176,135,19.888614,41
176,136,19.46105,40
176,137,20.259061,39
176,138,17.964543,38
176,139,26.676636,37
176,140,22.806036,36
176,141,16.658407,35
176,142,14.446671,34
176,143,9.57870699999999,33
176,144,5.94109299999999,32
176,145,7.87329599999999,31
176,146,2.371493,30
176,147,3.029986,29
176,148,6.01500699999999,28
176,149,4.45703899999999,27
176,150,9.416032,26
176,151,18.892714,25
176,152,11.814193,24
176,153,5.636322,23
176,154,11.34485,22
176,155,13.083293,21
176,156,8.725243,20
176,157,9.092475,19
176,158,3.353671,18
176,159,17.469418,17
176,160,21.138996,16
176,161,13.620989,15
176,162,8.87505700000002,14
176,163,3.08406800000002,13
176,164,12.666043,12
176,165,11.765754,11
176,166,11.125003,10
176,167,7.40274999999999,9
176,168,10.897814,8
176,169,6.13707100000001,7
176,170,7.58720700000002,6
176,171,10.819482,5
176,172,3.43263199999999,4
176,173,10.077103,3
176,174,9.53661100000001,2
176,175,2.824918,1
177,1,45.5167509,176
177,2,52.9018819,175
177,3,77.5365719,174
177,4,68.2321509,173
177,5,67.4424189,172
177,6,60.9958627,171
177,7,69.2894109,170
177,8,82.8483869,169
177,9,96.1350189,168
177,10,81.6363079,167
177,11,68.7738629,166
177,12,85.6496779,165
177,13,86.8451689,164
177,14,69.5273849,163
177,15,62.6773399,162
177,16,66.8030799,161
177,17,75.7941079,160
177,18,64.2945939,159
177,19,58.5045579,158
177,20,64.1786869,157
177,21,89.3028829,156
177,22,88.9721689,155
177,23,91.0069539,154
177,24,82.2292289,153
177,25,62.8280509,152
177,26,78.4585689,151
177,27,63.9826979,150
177,28,64.0741689,149
177,29,67.2311739,148
177,30,59.4729469,147
177,31,73.9149829,146
177,32,63.2333101,145
177,33,68.8567049,144
177,34,81.2383029,143
177,35,63.5877819,142
177,36,63.6442119,141
177,37,55.0605689,140
177,38,53.387025,139
177,39,83.8243689,138
177,40,80.3203819,137
177,41,81.7480639,136
177,42,64.5571189,135
177,43,67.9931079,134
177,44,58.1728299,133
177,45,57.5579549,132
177,46,70.6915769,131
177,47,58.7506159,130
177,48,40.4288869,129
177,49,30.2631439,128
177,50,64.6000399,127
177,51,62.6678639,126
177,52,67.3250509,125
177,53,74.5164299,124
177,54,58.8149601,123
177,55,62.7152009,122
177,56,59.9595819,121
177,57,59.4820759,120
177,58,45.0358849,119
177,59,48.7018809,118
177,60,64.2292439,117
177,61,61.9247799,116
177,62,74.4161869,115
177,63,64.5829509,114
177,64,49.3691259,113
177,65,57.3730479,112
177,66,76.4120529,111
177,67,52.0341689,110
177,68,61.0694689,109
177,69,49.0061779,108
177,70,59.1696089,107
177,71,55.2400439,106
177,72,50.4274369,105
177,73,48.6846609,104
177,74,53.9326219,103
177,75,47.8799579,102
177,76,41.8024619,101
177,77,25.7374079,100
177,78,43.9990579,99
177,79,54.3654259,98
177,80,47.1988299,97
177,81,38.3395689,96
177,82,54.3152559,95
177,83,65.0193979,94
177,84,66.3223939,93
177,85,64.7162259,92
177,86,64.1078689,91
177,87,64.8921869,90
177,88,60.5831509,89
177,89,56.2916149,88
177,90,65.2566509,87
177,91,64.1259549,86
177,92,55.1738509,85
177,93,44.7038399,84
177,94,33.7045259,83
177,95,55.5586079,82
177,96,48.7946399,81
177,97,35.1311229,80
177,98,55.8472329,79
177,99,46.9978299,78
177,100,35.1334579,77
177,101,26.2678269,76
177,102,33.7694119,75
177,103,43.5095079,74
177,104,27.3162189,73
177,105,38.1907939,72
177,106,48.3209549,71
177,107,42.7904509,70
177,108,24.7977079,69
177,109,26.5059759,68
177,110,20.8607939,67
177,111,43.0191049,66
177,112,55.7254259,65
177,113,37.2510439,64
177,114,19.4218939,63
177,115,15.5529299,62
177,116,22.0736689,61
177,117,23.9567189,60
177,118,23.9721049,59
177,119,30.7753899,58
177,120,35.4574939,57
177,121,29.2057369,56
177,122,21.6770869,55
177,123,24.9574579,54
177,124,50.6558509,53
177,125,42.8143329,52
177,126,33.4855509,51
177,127,23.1676189,50
177,128,19.1374186,49
177,129,22.3157189,48
177,130,18.6524259,47
177,131,18.1336329,46
177,132,23.5138579,45
177,133,27.2071939,44
177,134,23.2579189,43
177,135,19.1602119,42
177,136,15.2341759,41
177,137,27.1139869,40
177,138,23.7368829,39
177,139,19.9495899,38
177,140,18.3301899,37
177,141,11.5979189,36
177,142,13.0521549,35
177,143,16.4336329,34
177,144,12.4638329,33
177,145,7.3129299,32
177,146,9.6011329,31
177,147,9.8849119,30
177,148,12.8699329,29
177,149,11.3119649,28
177,150,7.4777939,27
177,151,14.2884119,26
177,152,20.0421329,25
177,153,14.1964479,24
177,154,18.1997759,23
177,155,8.3567329,22
177,156,6.08238290000001,21
177,157,4.1989509,20
177,158,8.9975549,19
177,159,16.2805079,18
177,160,21.7009299,17
177,161,12.9328369,16
177,162,10.1025689,15
177,163,5.47965790000001,14
177,164,19.5209689,13
177,165,18.6206799,12
177,166,12.3976229,11
177,167,13.8422759,10
177,168,8.8361119,9
177,169,2.61535490000001,8
177,170,1.73281890000001,7
177,171,10.4255439,6
177,172,5.1274939,5
177,173,13.6378229,4
177,174,18.0967369,3
177,175,11.3850439,2
177,176,8.5601259,1
178,1,44.548336,177
178,2,51.933467,176
178,3,76.568157,175
178,4,67.263736,174
178,5,66.474004,173
178,6,61.7767776,172
178,7,68.320996,171
178,8,81.879972,170
178,9,95.166604,169
178,10,80.667893,168
178,11,67.805448,167
178,12,84.681263,166
178,13,85.876754,165
178,14,68.55897,164
178,15,61.708925,163
178,16,65.834665,162
178,17,74.825693,161
178,18,63.326179,160
178,19,57.536143,159
178,20,63.210272,158
178,21,88.334468,157
178,22,88.003754,156
178,23,90.038539,155
178,24,81.260814,154
178,25,61.859636,153
178,26,77.490154,152
178,27,63.014283,151
178,28,63.105754,150
178,29,66.262759,149
178,30,60.2538618,148
178,31,72.946568,147
178,32,64.014225,146
178,33,67.88829,145
178,34,80.269888,144
178,35,62.619367,143
178,36,62.675797,142
178,37,54.092154,141
178,38,54.1679399,140
178,39,82.855954,139
178,40,79.351967,138
178,41,80.779649,137
178,42,63.588704,136
178,43,67.024693,135
178,44,57.204415,134
178,45,56.58954,133
178,46,69.723162,132
178,47,57.782201,131
178,48,39.460472,130
178,49,29.294729,129
178,50,63.631625,128
178,51,61.699449,127
178,52,66.356636,126
178,53,73.548015,125
178,54,59.595875,124
178,55,61.746786,123
178,56,58.991167,122
178,57,58.513661,121
178,58,44.06747,120
178,59,47.733466,119
178,60,63.260829,118
178,61,60.956365,117
178,62,73.447772,116
178,63,63.614536,115
178,64,48.400711,114
178,65,56.404633,113
178,66,75.443638,112
178,67,51.065754,111
178,68,60.101054,110
178,69,48.037763,109
178,70,58.201194,108
178,71,54.271629,107
178,72,49.459022,106
178,73,47.716246,105
178,74,52.964207,104
178,75,46.911543,103
178,76,40.834047,102
178,77,24.768993,101
178,78,43.030643,100
178,79,53.397011,99
178,80,46.230415,98
178,81,37.371154,97
178,82,53.346841,96
178,83,64.050983,95
178,84,65.353979,94
178,85,63.747811,93
178,86,63.139454,92
178,87,63.923772,91
178,88,59.614736,90
178,89,55.3232,89
178,90,64.288236,88
178,91,63.15754,87
178,92,54.205436,86
178,93,43.735425,85
178,94,32.736111,84
178,95,54.590193,83
178,96,47.826225,82
178,97,34.162708,81
178,98,54.878818,80
178,99,46.029415,79
178,100,34.165043,78
178,101,25.299412,77
178,102,32.800997,76
178,103,42.541093,75
178,104,26.347804,74
178,105,37.222379,73
178,106,47.35254,72
178,107,41.822036,71
178,108,23.829293,70
178,109,25.537561,69
178,110,19.892379,68
178,111,42.05069,67
178,112,54.757011,66
178,113,36.282629,65
178,114,18.453479,64
178,115,14.584515,63
178,116,21.105254,62
178,117,22.988304,61
178,118,23.00369,60
178,119,29.806975,59
178,120,34.489079,58
178,121,28.402678,57
178,122,20.708672,56
178,123,23.989043,55
178,124,49.687436,54
178,125,41.845918,53
178,126,32.517136,52
178,127,22.199204,51
178,128,19.9183335,50
178,129,21.347304,49
178,130,17.684011,48
178,131,17.165218,47
178,132,22.545443,46
178,133,26.238779,45
178,134,22.289504,44
178,135,18.191797,43
178,136,14.265761,42
178,137,26.145572,41
178,138,22.768468,40
178,139,18.981175,39
178,140,17.361775,38
178,141,10.629504,37
178,142,12.08374,36
178,143,15.465218,35
178,144,11.495418,34
178,145,6.344515,33
178,146,8.820218,32
178,147,8.917697,31
178,148,11.901518,30
178,149,10.34355,29
178,150,6.696879,28
178,151,13.507497,27
178,152,19.261218,26
178,153,13.415533,25
178,154,17.231361,24
178,155,7.388318,23
178,156,5.11396800000001,22
178,157,3.230536,21
178,158,8.21663999999999,20
178,159,15.499593,19
178,160,20.920015,18
178,161,12.151922,17
178,162,9.32165400000001,16
178,163,4.69874300000001,15
178,164,18.552554,14
178,165,17.652265,13
178,166,11.429208,12
178,167,12.873861,11
178,168,7.867697,10
178,169,1.83444000000001,9
178,170,1.70069600000001,8
178,171,9.45712899999999,7
178,172,4.346579,6
178,173,12.856908,5
178,174,17.315822,4
178,175,10.604129,3
178,176,7.77921099999999,2
178,177,0.968414900000001,1
179,1,50.422871,178
179,2,57.808002,177
179,3,82.442692,176
179,4,73.138271,175
179,5,72.348539,174
179,6,72.5684426,173
179,7,74.195531,172
179,8,87.754507,171
179,9,101.041139,170
179,10,86.542428,169
179,11,76.648217,168
179,12,90.555798,167
179,13,91.751289,166
179,14,76.809995,165
179,15,67.58346,164
179,16,71.7092,163
179,17,80.700228,162
179,18,69.200714,161
179,19,63.410678,160
179,20,69.084807,159
179,21,94.209003,158
179,22,93.878289,157
179,23,95.913074,156
179,24,87.135349,155
179,25,69.675429,154
179,26,83.364689,153
179,27,72.968582,152
179,28,71.792011,151
179,29,72.137294,150
179,30,71.0455268,149
179,31,78.821103,148
179,32,74.80589,147
179,33,73.762825,146
179,34,86.144423,145
179,35,70.697398,144
179,36,68.550332,143
179,37,60.299411,142
179,38,64.9596049,141
179,39,88.730489,140
179,40,85.226502,139
179,41,86.654184,138
179,42,74.251461,137
179,43,72.899228,136
179,44,63.07895,135
179,45,62.464075,134
179,46,75.597697,133
179,47,63.656736,132
179,48,45.335007,131
179,49,35.169264,130
179,50,69.50616,129
179,51,67.573984,128
179,52,72.231171,127
179,53,79.42255,126
179,54,70.38754,125
179,55,67.621321,124
179,56,64.865702,123
179,57,64.388196,122
179,58,52.492695,121
179,59,53.608001,120
179,60,69.135364,119
179,61,66.8309,118
179,62,79.322307,117
179,63,69.489071,116
179,64,54.275246,115
179,65,62.279168,114
179,66,81.318173,113
179,67,60.107111,112
179,68,65.975589,111
179,69,53.912298,110
179,70,64.075729,109
179,71,60.146164,108
179,72,55.333557,107
179,73,54.576619,106
179,74,58.838742,105
179,75,52.786078,104
179,76,46.708582,103
179,77,30.643528,102
179,78,48.905178,101
179,79,59.271546,100
179,80,52.10495,99
179,81,43.245689,98
179,82,59.221376,97
179,83,69.925518,96
179,84,71.228514,95
179,85,69.622346,94
179,86,69.013989,93
179,87,69.798307,92
179,88,65.489271,91
179,89,61.197735,90
179,90,70.162771,89
179,91,69.032075,88
179,92,60.079971,87
179,93,49.60996,86
179,94,38.610646,85
179,95,60.464728,84
179,96,53.70076,83
179,97,40.037243,82
179,98,60.753353,81
179,99,53.40475,80
179,100,40.039578,79
179,101,31.173947,78
179,102,38.675532,77
179,103,48.415628,76
179,104,36.722461,75
179,105,43.096914,74
179,106,53.227075,73
179,107,47.696571,72
179,108,29.703828,71
179,109,31.412096,70
179,110,25.766914,69
179,111,47.925225,68
179,112,60.631546,67
179,113,42.157164,66
179,114,24.328014,65
179,115,20.45905,64
179,116,26.979789,63
179,117,28.862839,62
179,118,28.878225,61
179,119,35.68151,60
179,120,40.363614,59
179,121,39.194343,58
179,122,26.583207,57
179,123,29.863578,56
179,124,55.561971,55
179,125,47.720453,54
179,126,38.391671,53
179,127,28.073739,52
179,128,30.7099985,51
179,129,27.221839,50
179,130,27.392554,49
179,131,26.207647,48
179,132,28.419978,47
179,133,32.113314,46
179,134,29.414661,45
179,135,24.066332,44
179,136,22.473504,43
179,137,32.020107,42
179,138,28.643003,41
179,139,29.68909,40
179,140,25.81849,39
179,141,19.670861,38
179,142,17.958275,37
179,143,21.339753,36
179,144,17.369953,35
179,145,12.21905,34
179,146,9.38955299999999,33
179,147,14.791032,32
179,148,17.776053,31
179,149,16.218085,30
179,150,4.09478599999999,29
179,151,7.13166800000002,28
179,152,8.46955300000001,27
179,153,17.208668,26
179,154,23.105896,25
179,155,16.095747,24
179,156,11.737697,23
179,157,12.104929,22
179,158,8.40737499999999,21
179,159,5.70837200000002,20
179,160,10.12835,19
179,161,1.85994300000001,18
179,162,2.88598899999998,17
179,163,8.67697799999998,16
179,164,24.427089,15
179,165,23.5268,14
179,166,17.303743,13
179,167,18.748396,12
179,168,13.910268,11
179,169,8.95722499999997,10
179,170,9.83976099999998,9
179,171,15.331664,8
179,172,10.028514,7
179,173,2.06524300000002,6
179,174,6.52415700000002,5
179,175,10.604964,4
179,176,11.761046,3
179,177,11.5725799,2
179,178,10.791665,1
180,1,50.451575,179
180,2,46.032244,178
180,3,70.697754,177
180,4,73.187075,176
180,5,68.832407,175
180,6,74.7629886,174
180,7,73.114715,173
180,8,74.198961,172
180,9,87.485593,171
180,10,78.153118,170
180,11,78.842763,169
180,12,77.000252,168
180,13,78.195743,167
180,14,79.004541,166
180,15,67.944886,165
180,16,67.987646,164
180,17,76.230418,163
180,18,71.061332,162
180,19,57.024668,161
180,20,64.362139,160
180,21,80.653457,159
180,22,92.362777,158
180,23,84.397142,157
180,24,87.447597,156
180,25,71.869975,155
180,26,69.809143,154
180,27,75.163128,153
180,28,73.986557,152
180,29,74.186852,151
180,30,73.2400728,150
180,31,75.265843,149
180,32,77.000436,148
180,33,60.207279,147
180,34,72.588877,146
180,35,72.891944,145
180,36,68.494214,144
180,37,62.493957,143
180,38,67.1541509,142
180,39,75.174943,141
180,40,81.450544,140
180,41,78.443362,139
180,42,76.446007,138
180,43,67.176518,137
180,44,49.649096,136
180,45,48.908529,135
180,46,62.042151,134
180,47,51.44521,133
180,48,36.029539,132
180,49,21.613718,131
180,50,55.950614,130
180,51,59.188962,129
180,52,58.675625,128
180,53,74.729496,127
180,54,72.582086,126
180,55,55.583325,125
180,56,51.310156,124
180,57,60.91615,123
180,58,54.687241,122
180,59,40.052455,121
180,60,61.662882,120
180,61,53.275354,119
180,62,70.599739,118
180,63,63.769175,117
180,64,42.053,116
180,65,48.723622,115
180,66,67.762627,114
180,67,62.301657,113
180,68,58.003957,112
180,69,40.356752,111
180,70,54.386217,110
180,71,52.090782,109
180,72,41.778011,108
180,73,56.771165,107
180,74,55.669804,106
180,75,47.096868,105
180,76,40.153464,104
180,77,21.215718,103
180,78,35.349632,102
180,79,52.9654,101
180,80,38.549404,100
180,81,34.523657,99
180,82,49.35887,98
180,83,58.786528,97
180,84,61.839832,96
180,85,63.0683,95
180,86,65.846257,94
180,87,62.891439,93
180,88,56.600275,92
180,89,59.559211,91
180,90,62.526675,90
180,91,55.893671,89
180,92,55.190875,88
180,93,46.721886,87
180,94,25.0551,86
180,95,46.909182,85
180,96,40.145214,84
180,97,39.815903,83
180,98,51.864893,82
180,99,55.599296,81
180,100,41.901268,80
180,101,17.618401,79
180,102,25.119986,78
180,103,36.361418,77
180,104,38.917007,76
180,105,34.291132,75
180,106,39.671529,74
180,107,34.141025,73
180,108,29.314318,72
180,109,31.77245,71
180,110,14.877432,70
180,111,34.369679,69
180,112,52.7442,68
180,113,32.768482,67
180,114,20.105032,66
180,115,17.152896,65
180,116,13.424243,64
180,117,15.307293,63
180,118,15.322679,62
180,119,25.041536,61
180,120,30.392032,60
180,121,41.388889,59
180,122,23.528839,58
180,123,16.308032,57
180,124,42.006425,56
180,125,34.164907,55
180,126,29.335175,54
180,127,28.101907,53
180,128,32.9045445,52
180,129,25.166307,51
180,130,29.5871,50
180,131,28.402193,49
180,132,24.533068,48
180,133,29.558632,47
180,134,31.609207,46
180,135,25.095614,45
180,136,24.66805,44
180,137,18.464561,43
180,138,23.171543,42
180,139,31.883636,41
180,140,28.013036,40
180,141,21.865407,39
180,142,19.653671,38
180,143,11.533393,37
180,144,11.148093,36
180,145,13.080296,35
180,146,4.165993,34
180,147,4.068514,33
180,148,8.472193,32
180,149,9.07886099999999,31
180,150,11.210532,30
180,151,20.687214,29
180,152,13.608693,28
180,153,3.65312200000001,27
180,154,10.71615,26
180,155,18.290293,25
180,156,13.932243,24
180,157,14.299475,23
180,158,5.148171,22
180,159,19.263918,21
180,160,22.933496,20
180,161,15.415489,19
180,162,10.669557,18
180,163,8.28746799999999,17
180,164,10.871543,16
180,165,9.971254,15
180,166,16.332003,14
180,167,12.60975,13
180,168,16.104814,12
180,169,11.151771,11
180,170,12.034307,10
180,171,16.026482,9
180,172,8.639632,8
180,173,11.871603,7
180,174,7.41388900000001,6
180,175,2.950582,5
180,176,5.20700000000001,4
180,177,13.7671259,3
180,178,12.986211,2
180,179,13.555546,1
181,1,42.673472,180
181,2,46.726559,179
181,3,71.361249,178
181,4,65.408972,177
181,5,61.267096,176
181,6,66.9848856,175
181,7,65.336612,174
181,8,76.673064,173
181,9,89.959696,172
181,10,75.460985,171
181,11,71.06466,170
181,12,79.474355,169
181,13,80.669846,168
181,14,71.226438,167
181,15,60.166783,166
181,16,60.627757,165
181,17,69.618785,164
181,18,63.283229,163
181,19,52.329235,162
181,20,58.003364,161
181,21,83.12756,160
181,22,84.584674,159
181,23,84.831631,158
181,24,79.669494,157
181,25,64.091872,156
181,26,72.283246,155
181,27,67.385025,154
181,28,66.208454,153
181,29,66.408749,152
181,30,65.4619698,151
181,31,67.73966,150
181,32,69.222333,149
181,33,62.681382,148
181,34,75.06298,147
181,35,65.113841,146
181,36,60.716111,145
181,37,54.715854,144
181,38,59.3760479,143
181,39,77.649046,142
181,40,74.145059,141
181,41,75.572741,140
181,42,68.667904,139
181,43,61.817785,138
181,44,51.997507,137
181,45,51.382632,136
181,46,64.516254,135
181,47,52.575293,134
181,48,34.253564,133
181,49,24.087821,132
181,50,58.424717,131
181,51,56.492541,130
181,52,61.149728,129
181,53,68.341107,128
181,54,64.803983,127
181,55,56.539878,126
181,56,53.784259,125
181,57,53.306753,124
181,58,46.909138,123
181,59,42.526558,122
181,60,58.053921,121
181,61,55.749457,120
181,62,68.240864,119
181,63,58.407628,118
181,64,43.193803,117
181,65,51.197725,116
181,66,70.23673,115
181,67,54.523554,114
181,68,54.894146,113
181,69,42.830855,112
181,70,52.994286,111
181,71,49.064721,110
181,72,44.252114,109
181,73,48.993062,108
181,74,47.891701,107
181,75,41.704635,106
181,76,35.627139,105
181,77,19.562085,104
181,78,37.823735,103
181,79,48.190103,102
181,80,41.023507,101
181,81,32.164246,100
181,82,48.139933,99
181,83,58.844075,98
181,84,60.147071,97
181,85,58.540903,96
181,86,58.068154,95
181,87,58.716864,94
181,88,54.407828,93
181,89,51.781108,92
181,90,59.081328,91
181,91,57.950632,90
181,92,48.998528,89
181,93,38.943783,88
181,94,27.529203,87
181,95,49.383285,86
181,96,42.619317,85
181,97,32.0378,84
181,98,49.67191,83
181,99,47.821193,82
181,100,34.123165,81
181,101,20.092504,80
181,102,27.594089,79
181,103,37.334185,78
181,104,31.138904,77
181,105,32.015471,76
181,106,42.145632,75
181,107,36.615128,74
181,108,21.536215,73
181,109,23.994347,72
181,110,14.685471,71
181,111,36.843782,70
181,112,49.550103,69
181,113,31.075721,68
181,114,13.246571,67
181,115,9.377607,66
181,116,15.898346,65
181,117,17.781396,64
181,118,17.796782,63
181,119,24.600067,62
181,120,29.282171,61
181,121,33.610786,60
181,122,15.750736,59
181,123,18.782135,58
181,124,44.480528,57
181,125,36.63901,56
181,126,27.310228,55
181,127,20.323804,54
181,128,25.1264415,53
181,129,17.388204,52
181,130,21.808997,51
181,131,20.62409,50
181,132,17.338535,49
181,133,21.780529,48
181,134,23.831104,47
181,135,17.317511,46
181,136,16.889947,45
181,137,20.938664,44
181,138,17.56156,43
181,139,24.105533,42
181,140,20.234933,41
181,141,14.087304,40
181,142,11.875568,39
181,143,10.25831,38
181,144,6.28850999999999,37
181,145,5.302193,36
181,146,3.61211,35
181,147,3.709589,34
181,148,6.69461,33
181,149,5.13664199999999,32
181,150,8.736429,31
181,151,18.213111,30
181,152,14.05311,29
181,153,8.207425,28
181,154,12.024453,27
181,155,10.51219,26
181,156,6.15414,25
181,157,6.521372,24
181,158,3.008532,23
181,159,16.789815,22
181,160,20.459393,21
181,161,12.941386,20
181,162,8.19545400000002,19
181,163,2.40446500000002,18
181,164,13.345646,17
181,165,12.445357,16
181,166,8.55390000000001,15
181,167,7.66695299999999,14
181,168,8.326711,13
181,169,5.45746800000001,12
181,170,6.90760400000001,11
181,171,8.248379,10
181,172,1.052929,9
181,173,9.39750000000001,8
181,174,12.107714,7
181,175,5.39602099999999,6
181,176,2.571103,5
181,177,6.1753229,4
181,178,5.208108,3
181,179,11.081443,2
181,180,7.778103,1
182,1,47.155696,181
182,2,54.540827,180
182,3,79.175517,179
182,4,69.871096,178
182,5,69.081364,177
182,6,63.7168176,176
182,7,70.928356,175
182,8,84.487332,174
182,9,97.773964,173
182,10,83.275253,172
182,11,70.412808,171
182,12,87.288623,170
182,13,88.484114,169
182,14,71.16633,168
182,15,64.316285,167
182,16,68.442025,166
182,17,77.433053,165
182,18,65.933539,164
182,19,60.143503,163
182,20,65.817632,162
182,21,90.941828,161
182,22,90.611114,160
182,23,92.645899,159
182,24,83.868174,158
182,25,64.466996,157
182,26,80.097514,156
182,27,65.621643,155
182,28,65.713114,154
182,29,68.870119,153
182,30,62.1939018,152
182,31,75.553928,151
182,32,65.954265,150
182,33,70.49565,149
182,34,82.877248,148
182,35,65.226727,147
182,36,65.283157,146
182,37,56.699514,145
182,38,56.1079799,144
182,39,85.463314,143
182,40,81.959327,142
182,41,83.387009,141
182,42,66.196064,140
182,43,69.632053,139
182,44,59.811775,138
182,45,59.1969,137
182,46,72.330522,136
182,47,60.389561,135
182,48,42.067832,134
182,49,31.902089,133
182,50,66.238985,132
182,51,64.306809,131
182,52,68.963996,130
182,53,76.155375,129
182,54,61.535915,128
182,55,64.354146,127
182,56,61.598527,126
182,57,61.121021,125
182,58,46.67483,124
182,59,50.340826,123
182,60,65.868189,122
182,61,63.563725,121
182,62,76.055132,120
182,63,66.221896,119
182,64,51.008071,118
182,65,59.011993,117
182,66,78.050998,116
182,67,53.673114,115
182,68,62.708414,114
182,69,50.645123,113
182,70,60.808554,112
182,71,56.878989,111
182,72,52.066382,110
182,73,50.323606,109
182,74,55.571567,108
182,75,49.518903,107
182,76,43.441407,106
182,77,27.376353,105
182,78,45.638003,104
182,79,56.004371,103
182,80,48.837775,102
182,81,39.978514,101
182,82,55.954201,100
182,83,66.658343,99
182,84,67.961339,98
182,85,66.355171,97
182,86,65.746814,96
182,87,66.531132,95
182,88,62.222096,94
182,89,57.93056,93
182,90,66.895596,92
182,91,65.7649,91
182,92,56.812796,90
182,93,46.342785,89
182,94,35.343471,88
182,95,57.197553,87
182,96,50.433585,86
182,97,36.770068,85
182,98,57.486178,84
182,99,48.636775,83
182,100,36.772403,82
182,101,27.906772,81
182,102,35.408357,80
182,103,45.148453,79
182,104,28.955164,78
182,105,39.829739,77
182,106,49.9599,76
182,107,44.429396,75
182,108,26.436653,74
182,109,28.144921,73
182,110,22.499739,72
182,111,44.65805,71
182,112,57.364371,70
182,113,38.889989,69
182,114,21.060839,68
182,115,17.191875,67
182,116,23.712614,66
182,117,25.595664,65
182,118,25.61105,64
182,119,32.414335,63
182,120,37.096439,62
182,121,30.844682,61
182,122,23.316032,60
182,123,26.596403,59
182,124,52.294796,58
182,125,44.453278,57
182,126,35.124496,56
182,127,24.806564,55
182,128,21.8583735,54
182,129,23.954664,53
182,130,20.291371,52
182,131,19.772578,51
182,132,25.152803,50
182,133,28.846139,49
182,134,24.896864,48
182,135,20.799157,47
182,136,16.873121,46
182,137,28.752932,45
182,138,25.375828,44
182,139,21.588535,43
182,140,19.969135,42
182,141,13.236864,41
182,142,14.6911,40
182,143,18.072578,39
182,144,14.102778,38
182,145,8.951875,37
182,146,6.880178,36
182,147,11.523857,35
182,148,14.508878,34
182,149,12.95091,33
182,150,4.756839,32
182,151,11.567457,31
182,152,17.321178,30
182,153,13.941493,29
182,154,19.838721,28
182,155,9.995678,27
182,156,7.721328,26
182,157,5.837896,25
182,158,6.2766,24
182,159,13.559553,23
182,160,18.979975,22
182,161,10.211882,21
182,162,7.38161400000001,20
182,163,5.40980299999998,19
182,164,21.159914,18
182,165,20.259625,17
182,166,14.036568,16
182,167,15.481221,15
182,168,10.475057,14
182,169,2.35679999999999,13
182,170,0.988135999999988,12
182,171,12.064489,11
182,172,6.761339,10
182,173,10.916868,9
182,174,15.375782,8
182,175,8.66408899999999,7
182,176,8.493871,6
182,177,2.7209549,5
182,178,2.60736,4
182,179,8.85162499999999,3
182,180,11.046171,2
182,181,7.814268,1
183,1,48.593178,182
183,2,55.978309,181
183,3,80.612999,180
183,4,71.308578,179
183,5,70.518846,178
183,6,66.8231356,177
183,7,72.365838,176
183,8,85.924814,175
183,9,99.211446,174
183,10,84.712735,173
183,11,71.85029,172
183,12,88.726105,171
183,13,89.921596,170
183,14,72.603812,169
183,15,65.753767,168
183,16,69.879507,167
183,17,78.870535,166
183,18,67.371021,165
183,19,61.580985,164
183,20,67.255114,163
183,21,92.37931,162
183,22,92.048596,161
183,23,94.083381,160
183,24,85.305656,159
183,25,65.904478,158
183,26,81.534996,157
183,27,67.223275,156
183,28,67.150596,155
183,29,70.307601,154
183,30,65.3002198,153
183,31,76.99141,152
183,32,69.060583,151
183,33,71.933132,150
183,34,84.31473,149
183,35,66.664209,148
183,36,66.720639,147
183,37,58.136996,146
183,38,59.2142979,145
183,39,86.900796,144
183,40,83.396809,143
183,41,84.824491,142
183,42,68.506154,141
183,43,71.069535,140
183,44,61.249257,139
183,45,60.634382,138
183,46,73.768004,137
183,47,61.827043,136
183,48,43.505314,135
183,49,33.339571,134
183,50,67.676467,133
183,51,65.744291,132
183,52,70.401478,131
183,53,77.592857,130
183,54,64.642233,129
183,55,65.791628,128
183,56,63.036009,127
183,57,62.558503,126
183,58,48.112312,125
183,59,51.778308,124
183,60,67.305671,123
183,61,65.001207,122
183,62,77.492614,121
183,63,67.659378,120
183,64,52.445553,119
183,65,60.449475,118
183,66,79.48848,117
183,67,55.110596,116
183,68,64.145896,115
183,69,52.082605,114
183,70,62.246036,113
183,71,58.316471,112
183,72,53.503864,111
183,73,51.761088,110
183,74,57.009049,109
183,75,50.956385,108
183,76,44.878889,107
183,77,28.813835,106
183,78,47.075485,105
183,79,57.441853,104
183,80,50.275257,103
183,81,41.415996,102
183,82,57.391683,101
183,83,68.095825,100
183,84,69.398821,99
183,85,67.792653,98
183,86,67.184296,97
183,87,67.968614,96
183,88,63.659578,95
183,89,59.368042,94
183,90,68.333078,93
183,91,67.202382,92
183,92,58.250278,91
183,93,47.780267,90
183,94,36.780953,89
183,95,58.635035,88
183,96,51.871067,87
183,97,38.20755,86
183,98,58.92366,85
183,99,50.074257,84
183,100,38.209885,83
183,101,29.344254,82
183,102,36.845839,81
183,103,46.585935,80
183,104,30.977154,79
183,105,41.267221,78
183,106,51.397382,77
183,107,45.866878,76
183,108,27.874135,75
183,109,29.582403,74
183,110,23.937221,73
183,111,46.095532,72
183,112,58.801853,71
183,113,40.327471,70
183,114,22.498321,69
183,115,18.629357,68
183,116,25.150096,67
183,117,27.033146,66
183,118,27.048532,65
183,119,33.851817,64
183,120,38.533921,63
183,121,33.449036,62
183,122,24.753514,61
183,123,28.033885,60
183,124,53.732278,59
183,125,45.89076,58
183,126,36.561978,57
183,127,26.244046,56
183,128,24.9646915,55
183,129,25.392146,54
183,130,21.728853,53
183,131,21.21006,52
183,132,26.590285,51
183,133,30.283621,50
183,134,26.334346,49
183,135,22.236639,48
183,136,18.310603,47
183,137,30.190414,46
183,138,26.81331,45
183,139,23.943783,44
183,140,21.406617,43
183,141,14.674346,42
183,142,16.128582,41
183,143,19.51006,40
183,144,15.54026,39
183,145,10.389357,38
183,146,7.55986,37
183,147,12.961339,36
183,148,15.94636,35
183,149,14.388392,34
183,150,1.650521,33
183,151,8.96136100000001,32
183,152,14.21486,31
183,153,15.378975,30
183,154,21.276203,29
183,155,11.43316,28
183,156,9.15881000000001,27
183,157,7.275378,26
183,158,6.577682,25
183,159,10.453235,24
183,160,15.873657,23
183,161,7.105564,22
183,162,4.27529600000001,21
183,163,6.84728499999999,20
183,164,22.597396,19
183,165,21.697107,18
183,166,15.47405,17
183,167,16.918703,16
183,168,11.912539,15
183,169,3.79428199999999,14
183,170,4.09445399999999,13
183,171,13.501971,12
183,172,8.198821,11
183,173,7.81055000000001,10
183,174,12.269464,9
183,175,8.77527100000001,8
183,176,9.931353,7
183,177,5.8272729,6
183,178,5.046358,5
183,179,5.74530699999999,4
183,180,11.725853,3
183,181,9.25175,2
183,182,3.106318,1
184,1,50.326104,183
184,2,48.544027,182
184,3,73.178717,181
184,4,73.061604,180
184,5,68.706936,179
184,6,74.6375176,178
184,7,72.989244,177
184,8,78.490532,176
184,9,91.777164,175
184,10,78.027647,174
184,11,78.717292,173
184,12,81.291823,172
184,13,82.487314,171
184,14,78.87907,170
184,15,67.819415,169
184,16,67.862175,168
184,17,76.104947,167
184,18,70.935861,166
184,19,56.899197,165
184,20,64.236668,164
184,21,84.945028,163
184,22,92.237306,162
184,23,86.649099,161
184,24,87.322126,160
184,25,71.744504,159
184,26,74.100714,158
184,27,75.037657,157
184,28,73.861086,156
184,29,74.061381,155
184,30,73.1146018,154
184,31,75.140372,153
184,32,76.874965,152
184,33,64.49885,151
184,34,76.880448,150
184,35,72.766473,149
184,36,68.368743,148
184,37,62.368486,147
184,38,67.0286799,146
184,39,79.466514,145
184,40,81.325073,144
184,41,78.317891,143
184,42,76.320536,142
184,43,67.051047,141
184,44,53.814975,140
184,45,53.2001,139
184,46,66.333722,138
184,47,54.392761,137
184,48,36.071032,136
184,49,25.905289,135
184,50,60.242185,134
184,51,59.063491,133
184,52,62.967196,132
184,53,74.604025,131
184,54,72.456615,130
184,55,58.357346,129
184,56,55.601727,128
184,57,60.790679,127
184,58,54.56177,126
184,59,44.344026,125
184,60,61.537411,124
184,61,57.566925,123
184,62,70.474268,122
184,63,63.643704,121
184,64,45.011271,120
184,65,53.015193,119
184,66,72.054198,118
184,67,62.176186,117
184,68,57.878486,116
184,69,44.648323,115
184,70,54.811754,114
184,71,51.965311,113
184,72,46.069582,112
184,73,56.645694,111
184,74,55.544333,110
184,75,46.971397,109
184,76,40.027993,108
184,77,21.379553,107
184,78,39.641203,106
184,79,52.839929,105
184,80,42.840975,104
184,81,34.398186,103
184,82,49.957401,102
184,83,60.661543,101
184,84,61.964539,100
184,85,62.942829,99
184,86,65.720786,98
184,87,62.765968,97
184,88,56.474804,96
184,89,59.43374,95
184,90,62.401204,94
184,91,59.7681,93
184,92,55.065404,92
184,93,46.596415,91
184,94,29.346671,90
184,95,51.200753,89
184,96,44.436785,88
184,97,39.690432,87
184,98,51.739422,86
184,99,55.473825,85
184,100,41.775797,84
184,101,21.909972,83
184,102,29.411557,82
184,103,39.151653,81
184,104,38.791536,80
184,105,34.165661,79
184,106,43.9631,78
184,107,38.432596,77
184,108,29.188847,76
184,109,31.646979,75
184,110,16.502939,74
184,111,38.66125,73
184,112,52.618729,72
184,113,32.893189,71
184,114,19.979561,70
184,115,17.027425,69
184,116,17.715814,68
184,117,19.598864,67
184,118,19.61425,66
184,119,26.417535,65
184,120,31.099639,64
184,121,41.263418,63
184,122,23.403368,62
184,123,20.599603,61
184,124,46.297996,60
184,125,38.456478,59
184,126,29.209704,58
184,127,27.976436,57
184,128,32.7790735,56
184,129,25.040836,55
184,130,29.461629,54
184,131,28.276722,53
184,132,24.407597,52
184,133,29.433161,51
184,134,31.483736,50
184,135,24.970143,49
184,136,24.542579,48
184,137,22.756132,47
184,138,23.046072,46
184,139,31.758165,45
184,140,27.887565,44
184,141,21.739936,43
184,142,19.5282,42
184,143,12.075778,41
184,144,11.022622,40
184,145,12.954825,39
184,146,4.040522,38
184,147,5.527057,37
184,148,8.512078,36
184,149,8.95338999999999,35
184,150,6.918961,34
184,151,16.395643,33
184,152,9.317122,32
184,153,7.94469300000001,31
184,154,13.841921,30
184,155,18.164822,29
184,156,13.806772,28
184,157,14.174004,27
184,158,4.64410000000001,26
184,159,14.972347,25
184,160,18.641925,24
184,161,11.123918,23
184,162,6.37798600000001,22
184,163,8.16199699999999,21
184,164,15.163114,20
184,165,14.262825,19
184,166,16.206532,18
184,167,12.484279,17
184,168,15.979343,16
184,169,11.0263,15
184,170,11.908836,14
184,171,15.901011,13
184,172,8.514161,12
184,173,7.58003200000001,11
184,174,4.455082,10
184,175,2.25661100000001,9
184,176,5.08152900000001,8
184,177,13.6416549,7
184,178,12.86074,6
184,179,9.26397499999999,5
184,180,4.291571,4
184,181,7.652632,3
184,182,10.9207,2
184,183,7.814382,1
185,1,50.5595756,184
185,2,57.9447066,183
185,3,82.5793966,182
185,4,73.2749756,181
185,5,72.4852436,180
185,6,65.372962,179
185,7,74.3322356,178
185,8,87.8912116,177
185,9,101.1778436,176
185,10,86.6791326,175
185,11,73.8166876,174
185,12,90.6925026,173
185,13,91.8879936,172
185,14,74.5702096,171
185,15,67.7201646,170
185,16,71.8459046,169
185,17,80.8369326,168
185,18,69.3374186,167
185,19,63.5473826,166
185,20,69.2215116,165
185,21,94.3457076,164
185,22,94.0149936,163
185,23,96.0497786,162
185,24,87.2720536,161
185,25,67.8708756,160
185,26,83.5013936,159
185,27,69.0255226,158
185,28,69.1169936,157
185,29,72.2739986,156
185,30,62.7665222,155
185,31,78.9578076,154
185,32,66.5268854,153
185,33,73.8995296,152
185,34,86.2811276,151
185,35,68.6306066,150
185,36,68.6870366,149
185,37,60.1033936,148
185,38,56.6806003,147
185,39,88.8671936,146
185,40,85.3632066,145
185,41,86.7908886,144
185,42,69.5999436,143
185,43,73.0359326,142
185,44,63.2156546,141
185,45,62.6007796,140
185,46,75.7344016,139
185,47,63.7934406,138
185,48,45.4717116,137
185,49,35.3059686,136
185,50,69.6428646,135
185,51,67.7106886,134
185,52,72.3678756,133
185,53,79.5592546,132
185,54,63.8014646,131
185,55,67.7580256,130
185,56,65.0024066,129
185,57,64.5249006,128
185,58,50.0787096,127
185,59,53.7447056,126
185,60,69.2720686,125
185,61,66.9676046,124
185,62,79.4590116,123
185,63,69.6257756,122
185,64,54.4119506,121
185,65,62.4158726,120
185,66,81.4548776,119
185,67,57.0769936,118
185,68,66.1122936,117
185,69,54.0490026,116
185,70,64.2124336,115
185,71,60.2828686,114
185,72,55.4702616,113
185,73,53.7274856,112
185,74,58.9754466,111
185,75,52.9227826,110
185,76,46.8452866,109
185,77,30.7802326,108
185,78,49.0418826,107
185,79,59.4082506,106
185,80,52.2416546,105
185,81,43.3823936,104
185,82,59.3580806,103
185,83,70.0622226,102
185,84,71.3652186,101
185,85,69.7590506,100
185,86,69.1506936,99
185,87,69.9350116,98
185,88,65.6259756,97
185,89,61.3344396,96
185,90,70.2994756,95
185,91,69.1687796,94
185,92,60.2166756,93
185,93,49.7466646,92
185,94,38.7473506,91
185,95,60.6014326,90
185,96,53.8374646,89
185,97,40.1739476,88
185,98,60.8900576,87
185,99,52.0406546,86
185,100,40.1762826,85
185,101,31.3106516,84
185,102,38.8122366,83
185,103,48.5523326,82
185,104,32.3590436,81
185,105,43.2336186,80
185,106,53.3637796,79
185,107,47.8332756,78
185,108,29.8405326,77
185,109,31.5488006,76
185,110,25.9036186,75
185,111,48.0619296,74
185,112,60.7682506,73
185,113,42.2938686,72
185,114,24.4647186,71
185,115,20.5957546,70
185,116,27.1164936,69
185,117,28.9995436,68
185,118,29.0149296,67
185,119,35.8182146,66
185,120,40.5003186,65
185,121,34.2485616,64
185,122,26.7199116,63
185,123,30.0002826,62
185,124,55.6986756,61
185,125,47.8571576,60
185,126,38.5283756,59
185,127,28.2104436,58
185,128,22.4309939,57
185,129,27.3585436,56
185,130,23.6952506,55
185,131,23.1764576,54
185,132,28.5566826,53
185,133,32.2500186,52
185,134,28.3007436,51
185,135,24.2030366,50
185,136,20.2770006,49
185,137,32.1568116,48
185,138,28.7797076,47
185,139,24.9924146,46
185,140,23.3730146,45
185,141,16.6407436,44
185,142,18.0949796,43
185,143,21.4764576,42
185,144,17.5066576,41
185,145,12.3557546,40
185,146,9.5262576,39
185,147,14.9277366,38
185,148,17.9127576,37
185,149,16.3547896,36
185,150,4.18421859999999,35
185,151,10.9948366,34
185,152,16.7485576,33
185,153,17.3453726,32
185,154,23.2426006,31
185,155,13.3995576,30
185,156,11.1252076,29
185,157,9.24177560000001,28
185,158,8.54407960000001,27
185,159,12.9869326,26
185,160,18.4073546,25
185,161,9.63926159999999,24
185,162,6.8089936,23
185,163,8.81368259999999,22
185,164,24.5637936,21
185,165,23.6635046,20
185,166,17.4404476,19
185,167,18.8851006,18
185,168,13.8789366,17
185,169,5.7606796,16
185,170,4.31054359999999,15
185,171,15.4683686,14
185,172,10.1652186,13
185,173,10.3442476,12
185,174,14.8031616,11
185,175,10.7416686,10
185,176,11.8977506,9
185,177,5.04282470000001,8
185,178,6.01123960000001,7
185,179,8.27900459999998,6
185,180,13.6922506,5
185,181,11.2181476,4
185,182,3.40387960000001,3
185,183,2.53369759999999,2
185,184,10.3480796,1
186,1,52.197546,185
186,2,59.582677,184
186,3,84.217367,183
186,4,74.912946,182
186,5,74.123214,181
186,6,71.9277676,180
186,7,75.970206,179
186,8,89.529182,178
186,9,102.815814,177
186,10,88.317103,176
186,11,76.007542,175
186,12,92.330473,174
186,13,93.525964,173
186,14,76.20818,172
186,15,69.358135,171
186,16,73.483875,170
186,17,82.474903,169
186,18,70.975389,168
186,19,65.185353,167
186,20,70.859482,166
186,21,95.983678,165
186,22,95.652964,164
186,23,97.687749,163
186,24,88.910024,162
186,25,69.508846,161
186,26,85.139364,160
186,27,72.327907,159
186,28,71.151336,158
186,29,73.911969,157
186,30,70.4048518,156
186,31,80.595778,155
186,32,74.165215,154
186,33,75.5375,153
186,34,87.919098,152
186,35,70.268577,151
186,36,70.325007,150
186,37,61.741364,149
186,38,64.3189299,148
186,39,90.505164,147
186,40,87.001177,146
186,41,88.428859,145
186,42,73.610786,144
186,43,74.673903,143
186,44,64.853625,142
186,45,64.23875,141
186,46,77.372372,140
186,47,65.431411,139
186,48,47.109682,138
186,49,36.943939,137
186,50,71.280835,136
186,51,69.348659,135
186,52,74.005846,134
186,53,81.197225,133
186,54,69.746865,132
186,55,69.395996,131
186,56,66.640377,130
186,57,66.162871,129
186,58,51.85202,128
186,59,55.382676,127
186,60,70.910039,126
186,61,68.605575,125
186,62,81.096982,124
186,63,71.263746,123
186,64,56.049921,122
186,65,64.053843,121
186,66,83.092848,120
186,67,59.466436,119
186,68,67.750264,118
186,69,55.686973,117
186,70,65.850404,116
186,71,61.920839,115
186,72,57.108232,114
186,73,55.365456,113
186,74,60.613417,112
186,75,54.560753,111
186,76,48.483257,110
186,77,32.418203,109
186,78,50.679853,108
186,79,61.046221,107
186,80,53.879625,106
186,81,45.020364,105
186,82,60.996051,104
186,83,71.700193,103
186,84,73.003189,102
186,85,71.397021,101
186,86,70.788664,100
186,87,71.572982,99
186,88,67.263946,98
186,89,62.97241,97
186,90,71.937446,96
186,91,70.80675,95
186,92,61.854646,94
186,93,51.384635,93
186,94,40.385321,92
186,95,62.239403,91
186,96,55.475435,90
186,97,41.811918,89
186,98,62.528028,88
186,99,53.678625,87
186,100,41.814253,86
186,101,32.948622,85
186,102,40.450207,84
186,103,50.190303,83
186,104,36.081786,82
186,105,44.871589,81
186,106,55.00175,80
186,107,49.471246,79
186,108,31.478503,78
186,109,33.186771,77
186,110,27.541589,76
186,111,49.6999,75
186,112,62.406221,74
186,113,43.931839,73
186,114,26.102689,72
186,115,22.233725,71
186,116,28.754464,70
186,117,30.637514,69
186,118,30.6529,68
186,119,37.456185,67
186,120,42.138289,66
186,121,38.553668,65
186,122,28.357882,64
186,123,31.638253,63
186,124,57.336646,62
186,125,49.495128,61
186,126,40.166346,60
186,127,29.848414,59
186,128,30.0693235,58
186,129,28.996514,57
186,130,26.751879,56
186,131,25.566972,55
186,132,30.194653,54
186,133,33.887989,53
186,134,29.938714,52
186,135,25.841007,51
186,136,21.914971,50
186,137,33.794782,49
186,138,30.417678,48
186,139,29.048415,47
186,140,25.177815,46
186,141,19.030186,45
186,142,19.73295,44
186,143,23.114428,43
186,144,19.144628,42
186,145,13.993725,41
186,146,11.164228,40
186,147,16.565707,39
186,148,19.550728,38
186,149,17.99276,37
186,150,4.11968900000001,36
186,151,5.356993,35
186,152,9.11022799999999,34
186,153,18.983343,33
186,154,24.880571,32
186,155,15.455072,31
186,156,12.763178,30
186,157,11.464254,29
186,158,10.18205,28
186,159,5.348603,27
186,160,10.769025,26
186,161,2.00093199999999,25
186,162,4.660664,24
186,163,10.451653,23
186,164,26.201764,22
186,165,25.301475,21
186,166,19.078418,20
186,167,20.523071,19
186,168,15.516907,18
186,169,8.31655,17
186,170,9.199086,16
186,171,17.106339,15
186,172,11.803189,14
186,173,3.458618,13
186,174,7.916332,12
186,175,12.379639,11
186,176,13.535721,10
186,177,10.9319049,9
186,178,10.15099,8
186,179,1.77467500000002,7
186,180,15.330221,6
186,181,12.856118,5
186,182,8.21095000000001,4
186,183,5.10463200000001,3
186,184,11.03865,2
186,185,7.6383296,1
187,1,49.008921,186
187,2,56.394052,185
187,3,81.028742,184
187,4,71.724321,183
187,5,70.934589,182
187,6,71.9048926,181
187,7,72.781581,180
187,8,86.340557,179
187,9,99.627189,178
187,10,85.128478,177
187,11,75.984667,176
187,12,89.141848,175
187,13,90.337339,174
187,14,76.146445,173
187,15,66.16951,172
187,16,70.29525,171
187,17,79.286278,170
187,18,68.203236,169
187,19,61.996728,168
187,20,67.670857,167
187,21,92.795053,166
187,22,92.464339,165
187,23,94.499124,164
187,24,85.721399,163
187,25,69.011879,162
187,26,81.950739,161
187,27,72.305032,160
187,28,71.128461,159
187,29,71.328756,158
187,30,70.3819768,157
187,31,77.407153,156
187,32,74.14234,155
187,33,72.348875,154
187,34,84.730473,153
187,35,70.033848,152
187,36,67.136382,151
187,37,59.635861,150
187,38,64.2960549,149
187,39,87.316539,148
187,40,83.812552,147
187,41,85.240234,146
187,42,73.587911,145
187,43,71.485278,144
187,44,61.665,143
187,45,61.050125,142
187,46,74.183747,141
187,47,62.242786,140
187,48,43.921057,139
187,49,33.755314,138
187,50,68.09221,137
187,51,66.160034,136
187,52,70.817221,135
187,53,78.0086,134
187,54,69.72399,133
187,55,66.207371,132
187,56,63.451752,131
187,57,62.974246,130
187,58,51.829145,129
187,59,52.194051,128
187,60,67.721414,127
187,61,65.41695,126
187,62,77.908357,125
187,63,68.075121,124
187,64,52.861296,123
187,65,60.865218,122
187,66,79.904223,121
187,67,59.443561,120
187,68,64.561639,119
187,69,52.498348,118
187,70,62.661779,117
187,71,58.732214,116
187,72,53.919607,115
187,73,53.913069,114
187,74,57.424792,113
187,75,51.372128,112
187,76,45.294632,111
187,77,29.229578,110
187,78,47.491228,109
187,79,57.857596,108
187,80,50.691,107
187,81,41.831739,106
187,82,57.807426,105
187,83,68.511568,104
187,84,69.814564,103
187,85,68.208396,102
187,86,67.600039,101
187,87,68.384357,100
187,88,64.075321,99
187,89,59.783785,98
187,90,68.748821,97
187,91,67.618125,96
187,92,58.666021,95
187,93,48.19601,94
187,94,37.196696,93
187,95,59.050778,92
187,96,52.28681,91
187,97,38.623293,90
187,98,59.339403,89
187,99,52.7412,88
187,100,39.043172,87
187,101,29.759997,86
187,102,37.261582,85
187,103,47.001678,84
187,104,36.058911,83
187,105,41.682964,82
187,106,51.813125,81
187,107,46.282621,80
187,108,28.289878,79
187,109,29.998146,78
187,110,24.352964,77
187,111,46.511275,76
187,112,59.217596,75
187,113,40.743214,74
187,114,22.914064,73
187,115,19.0451,72
187,116,25.565839,71
187,117,27.448889,70
187,118,27.464275,69
187,119,34.26756,68
187,120,38.949664,67
187,121,38.530793,66
187,122,25.169257,65
187,123,28.449628,64
187,124,54.148021,63
187,125,46.306503,62
187,126,36.977721,61
187,127,26.659789,60
187,128,30.0464485,59
187,129,25.807889,58
187,130,26.729004,57
187,131,25.544097,56
187,132,27.006028,55
187,133,30.699364,54
187,134,28.751111,53
187,135,22.652382,52
187,136,21.809954,51
187,137,30.606157,50
187,138,27.229053,49
187,139,29.02554,48
187,140,25.15494,47
187,141,19.007311,46
187,142,16.795575,45
187,143,19.925803,44
187,144,15.956003,43
187,145,10.8051,42
187,146,7.97560299999999,41
187,147,13.377082,40
187,148,16.362103,39
187,149,14.804135,38
187,150,3.43123599999999,37
187,151,8.54561800000001,36
187,152,9.133103,35
187,153,15.794718,34
187,154,21.691946,33
187,155,15.432197,32
187,156,11.074147,31
187,157,11.441379,30
187,158,6.993425,29
187,159,7.12232200000001,28
187,160,10.7919,27
187,161,3.273893,26
187,162,1.47203899999998,25
187,163,7.26302799999998,24
187,164,23.013139,23
187,165,22.11285,22
187,166,15.889793,21
187,167,17.334446,20
187,168,13.246718,19
187,169,8.29367499999998,18
187,170,9.17621099999998,17
187,171,13.917714,16
187,172,8.614564,15
187,173,2.72879300000001,14
187,174,7.18770700000001,13
187,175,9.191014,12
187,176,10.347096,11
187,177,10.9090299,10
187,178,10.128115,9
187,179,1.41394999999999,8
187,180,12.141596,7
187,181,9.667493,6
187,182,8.188075,5
187,183,5.08175699999999,4
187,184,7.850025,3
187,185,7.61545459999999,2
187,186,3.18862500000001,1
188,1,48.570382,187
188,2,55.955513,186
188,3,80.590203,185
188,4,71.285782,184
188,5,70.49605,183
188,6,72.7148316,182
188,7,72.343042,181
188,8,85.902018,180
188,9,99.18865,179
188,10,84.689939,178
188,11,76.794606,177
188,12,88.703309,176
188,13,89.8988,175
188,14,76.956384,174
188,15,65.896729,173
188,16,69.856711,172
188,17,78.847739,171
188,18,69.013175,170
188,19,61.558189,169
188,20,67.232318,168
188,21,92.356514,167
188,22,92.0258,166
188,23,94.060585,165
188,24,85.39944,164
188,25,69.821818,163
188,26,81.5122,162
188,27,73.114971,161
188,28,71.9384,160
188,29,72.138695,159
188,30,71.1919158,158
188,31,76.968614,157
188,32,74.952279,156
188,33,71.910336,155
188,34,84.291934,154
188,35,70.843787,153
188,36,66.697843,152
188,37,60.4458,151
188,38,65.1059939,150
188,39,86.878,149
188,40,83.374013,148
188,41,84.801695,147
188,42,74.39785,146
188,43,71.046739,145
188,44,61.226461,144
188,45,60.611586,143
188,46,73.745208,142
188,47,61.804247,141
188,48,43.482518,140
188,49,33.316775,139
188,50,67.653671,138
188,51,65.721495,137
188,52,70.378682,136
188,53,77.570061,135
188,54,70.533929,134
188,55,65.768832,133
188,56,63.013213,132
188,57,62.535707,131
188,58,52.639084,130
188,59,51.755512,129
188,60,67.282875,128
188,61,64.978411,127
188,62,77.469818,126
188,63,67.636582,125
188,64,52.422757,124
188,65,60.426679,123
188,66,79.465684,122
188,67,60.2535,121
188,68,64.1231,120
188,69,52.059809,119
188,70,62.22324,118
188,71,58.293675,117
188,72,53.481068,116
188,73,54.723008,115
188,74,56.986253,114
188,75,50.933589,113
188,76,44.856093,112
188,77,28.791039,111
188,78,47.052689,110
188,79,57.419057,109
188,80,50.252461,108
188,81,41.3932,107
188,82,57.368887,106
188,83,68.073029,105
188,84,69.376025,104
188,85,67.769857,103
188,86,67.1615,102
188,87,67.945818,101
188,88,63.636782,100
188,89,59.345246,99
188,90,68.310282,98
188,91,67.179586,97
188,92,58.227482,96
188,93,47.757471,95
188,94,36.758157,94
188,95,58.612239,93
188,96,51.848271,92
188,97,38.184754,91
188,98,58.900864,90
188,99,53.551139,89
188,100,39.853111,88
188,101,29.321458,87
188,102,36.823043,86
188,103,46.563139,85
188,104,36.86885,84
188,105,41.244425,83
188,106,51.374586,82
188,107,45.844082,81
188,108,27.851339,80
188,109,29.724293,79
188,110,23.914425,78
188,111,46.072736,77
188,112,58.779057,76
188,113,40.304675,75
188,114,22.475525,74
188,115,18.606561,73
188,116,25.1273,72
188,117,27.01035,71
188,118,27.025736,70
188,119,33.829021,69
188,120,38.511125,68
188,121,39.340732,67
188,122,24.730718,66
188,123,28.011089,65
188,124,53.709482,64
188,125,45.867964,63
188,126,36.539182,62
188,127,26.22125,61
188,128,30.8563875,60
188,129,25.36935,59
188,130,27.538943,58
188,131,26.354036,57
188,132,26.567489,56
188,133,30.260825,55
188,134,29.56105,54
188,135,23.047457,53
188,136,22.619893,52
188,137,30.167618,51
188,138,26.790514,50
188,139,29.835479,49
188,140,25.964879,48
188,141,19.81725,47
188,142,17.605514,46
188,143,19.487264,45
188,144,15.517464,44
188,145,11.032139,43
188,146,7.537064,42
188,147,12.938543,41
188,148,15.923564,40
188,149,14.365596,39
188,150,4.241175,38
188,151,8.98415700000001,37
188,152,8.32316399999999,36
188,153,15.356179,35
188,154,21.253407,34
188,155,16.242136,33
188,156,11.884086,32
188,157,12.251318,31
188,158,6.554886,30
188,159,7.56086100000001,29
188,160,11.230439,28
188,161,3.712432,27
188,162,1.61639999999999,26
188,163,6.82448899999998,25
188,164,22.5746,24
188,165,21.674311,23
188,166,15.451254,22
188,167,16.895907,21
188,168,14.056657,20
188,169,9.10361399999999,19
188,170,9.98614999999999,18
188,171,13.978325,17
188,172,8.176025,16
188,173,1.91885400000001,15
188,174,6.377768,14
188,175,8.752475,13
188,176,9.908557,12
188,177,11.7189689,11
188,178,10.938054,10
188,179,1.85248899999999,9
188,180,11.703057,8
188,181,9.228954,7
188,182,8.998014,6
188,183,5.891696,5
188,184,7.411486,4
188,185,8.42539359999999,3
188,186,3.62716400000001,2
188,187,0.809939000000005,1
189,1,50.362461,188
189,2,49.08007,187
189,3,73.71476,186
189,4,73.097961,185
189,5,68.743293,184
189,6,74.6738746,183
189,7,73.025601,182
189,8,79.026575,181
189,9,92.313207,180
189,10,78.064004,179
189,11,78.753649,178
189,12,81.827866,177
189,13,83.023357,176
189,14,78.915427,175
189,15,67.855772,174
189,16,67.898532,173
189,17,76.141304,172
189,18,70.972218,171
189,19,56.935554,170
189,20,64.273025,169
189,21,85.481071,168
189,22,92.273663,167
189,23,87.185142,166
189,24,87.358483,165
189,25,71.780861,164
189,26,74.636757,163
189,27,75.074014,162
189,28,73.897443,161
189,29,74.097738,160
189,30,73.1509588,159
189,31,75.176729,158
189,32,76.911322,157
189,33,65.034893,156
189,34,77.416491,155
189,35,72.80283,154
189,36,68.4051,153
189,37,62.404843,152
189,38,67.0650369,151
189,39,80.002557,150
189,40,81.36143,149
189,41,78.354248,148
189,42,76.356893,147
189,43,67.087404,146
189,44,54.351018,145
189,45,53.736143,144
189,46,66.869765,143
189,47,54.928804,142
189,48,36.607075,141
189,49,26.441332,140
189,50,60.778228,139
189,51,59.099848,138
189,52,63.503239,137
189,53,74.640382,136
189,54,72.492972,135
189,55,58.893389,134
189,56,56.13777,133
189,57,60.827036,132
189,58,54.598127,131
189,59,44.880069,130
189,60,61.573768,129
189,61,58.102968,128
189,62,70.594375,127
189,63,63.680061,126
189,64,45.547314,125
189,65,53.551236,124
189,66,72.590241,123
189,67,62.212543,122
189,68,57.914843,121
189,69,45.184366,120
189,70,55.347797,119
189,71,52.001668,118
189,72,46.605625,117
189,73,56.682051,116
189,74,55.58069,115
189,75,47.007754,114
189,76,40.06435,113
189,77,21.915596,112
189,78,40.177246,111
189,79,52.876286,110
189,80,43.377018,109
189,81,34.517757,108
189,82,50.493444,107
189,83,61.197586,106
189,84,62.500582,105
189,85,62.979186,104
189,86,65.757143,103
189,87,62.802325,102
189,88,56.761339,101
189,89,59.470097,100
189,90,62.437561,99
189,91,60.304143,98
189,92,55.101761,97
189,93,46.632772,96
189,94,29.882714,95
189,95,51.736796,94
189,96,44.972828,93
189,97,39.726789,92
189,98,52.025421,91
189,99,55.510182,90
189,100,41.812154,89
189,101,22.446015,88
189,102,29.9476,87
189,103,39.687696,86
189,104,38.827893,85
189,105,34.368982,84
189,106,44.499143,83
189,107,38.968639,82
189,108,29.225204,81
189,109,31.683336,80
189,110,17.038982,79
189,111,39.197293,78
189,112,52.655086,77
189,113,33.429232,76
189,114,20.015918,75
189,115,17.063782,74
189,116,18.251857,73
189,117,20.134907,72
189,118,20.150293,71
189,119,26.953578,70
189,120,31.635682,69
189,121,41.299775,68
189,122,23.439725,67
189,123,21.135646,66
189,124,46.834039,65
189,125,38.992521,64
189,126,29.663739,63
189,127,28.012793,62
189,128,32.8154305,61
189,129,25.077193,60
189,130,29.497986,59
189,131,28.313079,58
189,132,24.443954,57
189,133,29.469518,56
189,134,31.520093,55
189,135,25.0065,54
189,136,24.578936,53
189,137,23.292175,52
189,138,23.082429,51
189,139,31.794522,50
189,140,27.923922,49
189,141,21.776293,48
189,142,19.564557,47
189,143,12.611821,46
189,144,11.058979,45
189,145,12.991182,44
189,146,4.07687900000002,43
189,147,6.06310000000001,42
189,148,9.04812100000001,41
189,149,8.98974700000001,40
189,150,6.38291799999998,39
189,151,15.8596,38
189,152,8.78107899999998,37
189,153,8.48073600000002,36
189,154,14.377964,35
189,155,18.201179,34
189,156,13.843129,33
189,157,14.210361,32
189,158,4.68045700000002,31
189,159,14.436304,30
189,160,18.105882,29
189,161,10.587875,28
189,162,5.841943,27
189,163,8.198354,26
189,164,15.699157,25
189,165,14.798868,24
189,166,16.242889,23
189,167,12.520636,22
189,168,16.0157,21
189,169,11.062657,20
189,170,11.945193,19
189,171,15.937368,18
189,172,8.55051800000001,17
189,173,7.04398899999999,16
189,174,4.41872499999999,15
189,175,2.29296800000002,14
189,176,5.11788600000002,13
189,177,13.6780119,12
189,178,12.897097,11
189,179,8.72793199999997,10
189,180,4.82761400000002,9
189,181,7.68898900000002,8
189,182,10.957057,7
189,183,7.85073900000002,6
189,184,0.536043000000015,5
189,185,10.3844366,4
189,186,10.502607,3
189,187,7.31398199999998,2
189,188,6.87544299999998,1
190,1,45.580172,189
190,2,51.964859,188
190,3,76.599549,187
190,4,68.315672,186
190,5,66.505396,185
190,6,69.8915856,184
190,7,68.352388,183
190,8,81.911364,182
190,9,95.197996,181
190,10,80.699285,180
190,11,73.97136,179
190,12,84.712655,178
190,13,85.908146,177
190,14,74.133138,176
190,15,63.073483,175
190,16,65.866057,174
190,17,74.857085,173
190,18,66.189929,172
190,19,57.567535,171
190,20,63.241664,170
190,21,88.36586,169
190,22,88.035146,168
190,23,90.069931,167
190,24,82.576194,166
190,25,66.998572,165
190,26,77.521546,164
190,27,70.291725,163
190,28,69.115154,162
190,29,69.315449,161
190,30,68.3686698,160
190,31,72.97796,159
190,32,72.129033,158
190,33,67.919682,157
190,34,80.30128,156
190,35,68.020541,155
190,36,63.622811,154
190,37,57.622554,153
190,38,62.2827479,152
190,39,82.887346,151
190,40,79.383359,150
190,41,80.811041,149
190,42,71.574604,148
190,43,67.056085,147
190,44,57.235807,146
190,45,56.620932,145
190,46,69.754554,144
190,47,57.813593,143
190,48,39.491864,142
190,49,29.326121,141
190,50,63.663017,140
190,51,61.730841,139
190,52,66.388028,138
190,53,73.579407,137
190,54,67.710683,136
190,55,61.778178,135
190,56,59.022559,134
190,57,58.545053,133
190,58,49.815838,132
190,59,47.764858,131
190,60,63.292221,130
190,61,60.987757,129
190,62,73.479164,128
190,63,63.645928,127
190,64,48.432103,126
190,65,56.436025,125
190,66,75.47503,124
190,67,57.430254,123
190,68,60.132446,122
190,69,48.069155,121
190,70,58.232586,120
190,71,54.303021,119
190,72,49.490414,118
190,73,51.899762,117
190,74,52.995599,116
190,75,46.942935,115
190,76,40.865439,114
190,77,24.800385,113
190,78,43.062035,112
190,79,53.428403,111
190,80,46.261807,110
190,81,37.402546,109
190,82,53.378233,108
190,83,64.082375,107
190,84,65.385371,106
190,85,63.779203,105
190,86,63.170846,104
190,87,63.955164,103
190,88,59.646128,102
190,89,55.354592,101
190,90,64.319628,100
190,91,63.188932,99
190,92,54.236828,98
190,93,43.766817,97
190,94,32.767503,96
190,95,54.621585,95
190,96,47.857617,94
190,97,34.9445,93
190,98,54.91021,92
190,99,50.727893,91
190,100,37.029865,90
190,101,25.330804,89
190,102,32.832389,88
190,103,42.572485,87
190,104,34.045604,86
190,105,37.253771,85
190,106,47.383932,84
190,107,41.853428,83
190,108,24.442915,82
190,109,26.901047,81
190,110,19.923771,80
190,111,42.082082,79
190,112,54.788403,78
190,113,36.314021,77
190,114,18.484871,76
190,115,14.615907,75
190,116,21.136646,74
190,117,23.019696,73
190,118,23.035082,72
190,119,29.838367,71
190,120,34.520471,70
190,121,36.517486,69
190,122,20.740064,68
190,123,24.020435,67
190,124,49.718828,66
190,125,41.87731,65
190,126,32.548528,64
190,127,23.230504,63
190,128,28.0331415,62
190,129,21.378696,61
190,130,24.715697,60
190,131,23.53079,59
190,132,22.576835,58
190,133,26.270171,57
190,134,26.737804,56
190,135,20.224211,55
190,136,19.796647,54
190,137,26.176964,53
190,138,22.79986,52
190,139,27.012233,51
190,140,23.141633,50
190,141,16.994004,49
190,142,14.782268,48
190,143,15.49661,47
190,144,11.52681,46
190,145,8.208893,45
190,146,3.54641,44
190,147,8.947889,43
190,148,11.93291,42
190,149,10.374942,41
190,150,3.498129,40
190,151,12.974811,39
190,152,11.14641,38
190,153,11.365525,37
190,154,17.262753,36
190,155,13.41889,35
190,156,9.06084000000001,34
190,157,9.42807200000001,33
190,158,2.56423200000001,32
190,159,11.551515,31
190,160,15.221093,30
190,161,7.70308599999999,29
190,162,2.95715400000001,28
190,163,3.41606499999999,27
190,164,18.583946,26
190,165,17.683657,25
190,166,11.4606,24
190,167,12.905253,23
190,168,11.233411,22
190,169,6.28036799999999,21
190,170,7.16290399999999,20
190,171,11.155079,19
190,172,4.18537100000001,18
190,173,4.7421,17
190,174,9.201014,16
190,175,4.76182100000001,15
190,176,5.91790300000001,14
190,177,8.8957229,13
190,178,8.114808,12
190,179,5.84314299999999,11
190,180,7.71240300000001,10
190,181,5.23830000000001,9
190,182,6.17476800000001,8
190,183,4.01345,7
190,184,4.745932,6
190,185,5.9798476,5
190,186,7.61781800000001,4
190,187,4.42919299999999,3
190,188,3.99065399999999,2
190,189,4.78228900000001,1
191,1,50.502675,190
191,2,54.802456,189
191,3,79.437146,188
191,4,73.238175,187
191,5,69.342993,186
191,6,74.8140886,185
191,7,73.165815,184
191,8,84.748961,183
191,9,98.035593,182
191,10,83.536882,181
191,11,78.893863,180
191,12,87.550252,179
191,13,88.745743,178
191,14,79.055641,177
191,15,67.995986,176
191,16,68.703654,175
191,17,77.694682,174
191,18,71.112432,173
191,19,60.405132,172
191,20,66.079261,171
191,21,91.203457,170
191,22,92.413877,169
191,23,92.907528,168
191,24,87.498697,167
191,25,71.921075,166
191,26,80.359143,165
191,27,75.214228,164
191,28,74.037657,163
191,29,74.237952,162
191,30,73.2911728,161
191,31,75.815557,160
191,32,77.051536,159
191,33,70.757279,158
191,34,83.138877,157
191,35,72.943044,156
191,36,68.545314,155
191,37,62.545057,154
191,38,67.2052509,153
191,39,85.724943,152
191,40,82.220956,151
191,41,83.648638,150
191,42,76.497107,149
191,43,69.893682,148
191,44,60.073404,147
191,45,59.458529,146
191,46,72.592151,145
191,47,60.65119,144
191,48,42.329461,143
191,49,32.163718,142
191,50,66.500614,141
191,51,64.568438,140
191,52,69.225625,139
191,53,76.417004,138
191,54,72.633186,137
191,55,64.615775,136
191,56,61.860156,135
191,57,61.38265,134
191,58,54.738341,133
191,59,50.602455,132
191,60,66.129818,131
191,61,63.825354,130
191,62,76.316761,129
191,63,66.483525,128
191,64,51.2697,127
191,65,59.273622,126
191,66,78.312627,125
191,67,62.352757,124
191,68,62.970043,123
191,69,50.906752,122
191,70,61.070183,121
191,71,57.140618,120
191,72,52.328011,119
191,73,56.822265,118
191,74,55.833196,117
191,75,49.780532,116
191,76,43.703036,115
191,77,27.637982,114
191,78,45.899632,113
191,79,56.266,112
191,80,49.099404,111
191,81,40.240143,110
191,82,56.21583,109
191,83,66.919972,108
191,84,68.222968,107
191,85,66.6168,106
191,86,66.008443,105
191,87,66.792761,104
191,88,62.483725,103
191,89,59.610311,102
191,90,67.157225,101
191,91,66.026529,100
191,92,57.074425,99
191,93,46.772986,98
191,94,35.6051,97
191,95,57.459182,96
191,96,50.695214,95
191,97,39.867003,94
191,98,57.747807,93
191,99,55.650396,92
191,100,41.952368,91
191,101,28.168401,90
191,102,35.669986,89
191,103,45.410082,88
191,104,38.968107,87
191,105,40.091368,86
191,106,50.221529,85
191,107,44.691025,84
191,108,29.365418,83
191,109,31.82355,82
191,110,22.761368,81
191,111,44.919679,80
191,112,57.626,79
191,113,39.151618,78
191,114,21.322468,77
191,115,17.453504,76
191,116,23.974243,75
191,117,25.857293,74
191,118,25.872679,73
191,119,32.675964,72
191,120,37.358068,71
191,121,41.439989,70
191,122,23.579939,69
191,123,26.858032,68
191,124,52.556425,67
191,125,44.714907,66
191,126,35.386125,65
191,127,28.153007,64
191,128,32.9556445,63
191,129,25.217407,62
191,130,29.6382,61
191,131,28.453293,60
191,132,25.414432,59
191,133,29.609732,58
191,134,31.660307,57
191,135,25.146714,56
191,136,24.71915,55
191,137,29.014561,54
191,138,25.637457,53
191,139,31.934736,52
191,140,28.064136,51
191,141,21.916507,50
191,142,19.704771,49
191,143,18.334207,48
191,144,14.364407,47
191,145,13.131396,46
191,146,6.38400699999999,45
191,147,11.785486,44
191,148,14.770507,43
191,149,13.212539,42
191,150,6.34043199999999,41
191,151,10.137214,40
191,152,6.223907,39
191,153,14.203122,38
191,154,20.10035,37
191,155,18.341393,36
191,156,13.983343,35
191,157,14.350575,34
191,158,5.401829,33
191,159,8.71391800000001,32
191,160,12.383496,31
191,161,4.865489,30
191,162,3.71565699999998,29
191,163,8.33856799999998,28
191,164,21.421543,27
191,165,20.521254,26
191,166,16.383103,25
191,167,15.74285,24
191,168,16.155914,23
191,169,11.202871,22
191,170,12.085407,21
191,171,16.077582,20
191,172,8.69073199999999,19
191,173,1.32160300000001,18
191,174,4.27851100000001,17
191,175,7.599418,16
191,176,8.7555,15
191,177,13.8182259,14
191,178,13.037311,13
191,179,3.005546,12
191,180,10.55,11
191,181,8.075897,10
191,182,11.097271,9
191,183,7.99095299999999,8
191,184,6.25842899999999,7
191,185,10.5246506,6
191,186,4.78022100000002,5
191,187,2.909196,4
191,188,2.09925699999999,3
191,189,5.72238599999998,2
191,190,4.92250299999999,1
192,1,63.093547,191
192,2,58.674216,190
192,3,83.339726,189
192,4,85.829047,188
192,5,81.474379,187
192,6,87.4049606,186
192,7,85.756687,185
192,8,86.173211,184
192,9,97.378421,183
192,10,90.79509,182
192,11,91.484735,181
192,12,86.89308,180
192,13,88.088571,179
192,14,91.646513,178
192,15,80.586858,177
192,16,80.629618,176
192,17,88.87239,175
192,18,83.703304,174
192,19,69.66664,173
192,20,77.004111,172
192,21,90.546285,171
192,22,105.004749,170
192,23,97.039114,169
192,24,100.089569,168
192,25,84.511947,167
192,26,79.701971,166
192,27,87.8051,165
192,28,86.628529,164
192,29,86.828824,163
192,30,85.8820448,162
192,31,87.907815,161
192,32,89.642408,160
192,33,72.515993,159
192,34,83.096095,158
192,35,85.533916,157
192,36,81.136186,156
192,37,75.135929,155
192,38,79.7961229,154
192,39,85.067771,153
192,40,94.092516,152
192,41,91.085334,151
192,42,89.087979,150
192,43,79.81849,149
192,44,62.291068,148
192,45,58.801357,147
192,46,71.934979,146
192,47,64.087182,145
192,48,48.671511,144
192,49,33.839754,143
192,50,65.843442,142
192,51,71.830934,141
192,52,68.568453,140
192,53,87.371468,139
192,54,85.224058,138
192,55,68.225297,137
192,56,61.202984,136
192,57,73.558122,135
192,58,67.329213,134
192,59,49.945283,133
192,60,74.304854,132
192,61,63.168182,131
192,62,83.241711,130
192,63,76.411147,129
192,64,54.694972,128
192,65,58.61645,127
192,66,77.655455,126
192,67,74.943629,125
192,68,70.645929,124
192,69,52.99122,123
192,70,67.028189,122
192,71,64.732754,121
192,72,53.243061,120
192,73,69.413137,119
192,74,68.311776,118
192,75,59.73884,117
192,76,52.795436,116
192,77,33.85769,115
192,78,45.24246,114
192,79,65.607372,113
192,80,48.442232,112
192,81,47.165629,111
192,82,62.000842,110
192,83,71.4285,109
192,84,74.481804,108
192,85,75.710272,107
192,86,78.488229,106
192,87,75.533411,105
192,88,69.242247,104
192,89,72.201183,103
192,90,75.168647,102
192,91,68.535643,101
192,92,67.832847,100
192,93,59.363858,99
192,94,34.947928,98
192,95,56.80201,97
192,96,52.620758,96
192,97,52.457875,95
192,98,64.506865,94
192,99,68.241268,93
192,100,54.54324,92
192,101,27.511229,91
192,102,36.012186,90
192,103,49.00339,89
192,104,51.558979,88
192,105,46.933104,87
192,106,49.564357,86
192,107,44.033853,85
192,108,41.95629,84
192,109,44.414422,83
192,110,27.519404,82
192,111,44.262507,81
192,112,65.386172,80
192,113,45.410454,79
192,114,32.747004,78
192,115,29.794868,77
192,116,23.317071,76
192,117,25.200121,75
192,118,25.215507,74
192,119,37.683508,73
192,120,43.034004,72
192,121,54.030861,71
192,122,36.170811,70
192,123,26.20086,69
192,124,51.899253,68
192,125,44.057735,67
192,126,41.977147,66
192,127,40.743879,65
192,128,45.5465165,64
192,129,37.808279,63
192,130,42.229072,62
192,131,41.044165,61
192,132,37.17504,60
192,133,42.200604,59
192,134,44.251179,58
192,135,37.737586,57
192,136,37.310022,56
192,137,29.025111,55
192,138,35.813515,54
192,139,44.525608,53
192,140,40.655008,52
192,141,34.507379,51
192,142,32.295643,50
192,143,24.175365,49
192,144,23.790065,48
192,145,25.722268,47
192,146,16.807965,46
192,147,16.710486,45
192,148,21.114165,44
192,149,21.720833,43
192,150,18.931304,42
192,151,12.120686,41
192,152,6.36696500000001,40
192,153,13.54595,39
192,154,23.358122,38
192,155,30.932265,37
192,156,26.574215,36
192,157,26.941447,35
192,158,17.411543,34
192,159,10.12859,33
192,160,13.040668,32
192,161,13.476261,31
192,162,16.306529,30
192,163,20.92944,29
192,164,20.764371,28
192,165,21.613318,27
192,166,28.973975,26
192,167,25.251722,25
192,168,28.746786,24
192,169,23.793743,23
192,170,24.676279,22
192,171,28.668454,21
192,172,21.281604,20
192,173,12.771275,19
192,174,8.312361,18
192,175,15.024054,17
192,176,17.848972,16
192,177,26.4090979,15
192,178,25.628183,14
192,179,14.836518,13
192,180,12.641972,12
192,181,20.420075,11
192,182,23.688143,10
192,183,20.581825,9
192,184,12.767443,8
192,185,23.1155226,7
192,186,15.477193,6
192,187,15.500068,5
192,188,14.690129,4
192,189,12.731086,3
192,190,17.513375,2
192,191,12.590872,1
193,1,59.014636,192
193,2,61.065495,191
193,3,85.700185,190
193,4,81.750136,189
193,5,77.395468,188
193,6,83.3260496,187
193,7,81.677776,186
193,8,91.012,185
193,9,104.298632,184
193,10,89.799921,183
193,11,87.405824,182
193,12,93.813291,181
193,13,95.008782,180
193,14,87.567602,179
193,15,76.507947,178
193,16,76.550707,177
193,17,84.793479,176
193,18,79.624393,175
193,19,66.668171,174
193,20,72.9252,173
193,21,97.466496,172
193,22,100.925838,171
193,23,99.170567,170
193,24,96.010658,169
193,25,80.433036,168
193,26,86.622182,167
193,27,83.726189,166
193,28,82.549618,165
193,29,82.749913,164
193,30,81.8031338,163
193,31,83.828904,162
193,32,85.563497,161
193,33,77.020318,160
193,34,89.401916,159
193,35,81.455005,158
193,36,77.057275,157
193,37,71.057018,156
193,38,75.7172119,155
193,39,91.987982,154
193,40,90.013605,153
193,41,89.911677,152
193,42,85.009068,151
193,43,76.156721,150
193,44,66.336443,149
193,45,65.721568,148
193,46,78.85519,147
193,47,66.914229,146
193,48,48.5925,145
193,49,38.426757,144
193,50,72.763653,143
193,51,70.831477,142
193,52,75.488664,141
193,53,83.292557,140
193,54,81.145147,139
193,55,70.878814,138
193,56,68.123195,137
193,57,69.479211,136
193,58,63.250302,135
193,59,56.865494,134
193,60,72.392857,133
193,61,70.088393,132
193,62,82.5798,131
193,63,72.746564,130
193,64,57.532739,129
193,65,65.536661,128
193,66,84.575666,127
193,67,70.864718,126
193,68,69.233082,125
193,69,57.169791,124
193,70,67.333222,123
193,71,63.403657,122
193,72,58.59105,121
193,73,65.334226,120
193,74,64.232865,119
193,75,56.043571,118
193,76,49.966075,117
193,77,33.901021,116
193,78,52.162671,115
193,79,62.529039,114
193,80,55.362443,113
193,81,46.503182,112
193,82,62.478869,111
193,83,73.183011,110
193,84,74.486007,109
193,85,72.879839,108
193,86,74.409318,107
193,87,73.0558,106
193,88,68.746764,105
193,89,68.122272,104
193,90,73.420264,103
193,91,72.289568,102
193,92,63.753936,101
193,93,55.284947,100
193,94,41.868139,99
193,95,63.722221,98
193,96,56.958253,97
193,97,48.378964,96
193,98,64.010846,95
193,99,64.162357,94
193,100,50.464329,93
193,101,34.43144,92
193,102,41.933025,91
193,103,51.673121,90
193,104,47.480068,89
193,105,46.354407,88
193,106,56.484568,87
193,107,50.954064,86
193,108,37.877379,85
193,109,40.335511,84
193,110,29.024407,83
193,111,51.182718,82
193,112,63.889039,81
193,113,45.414657,80
193,114,28.668093,79
193,115,25.715957,78
193,116,30.237282,77
193,117,32.120332,76
193,118,32.135718,75
193,119,38.939003,74
193,120,43.621107,73
193,121,49.95195,72
193,122,32.0919,71
193,123,33.121071,70
193,124,58.819464,69
193,125,50.977946,68
193,126,41.649164,67
193,127,36.664968,66
193,128,41.4676055,65
193,129,33.729368,64
193,130,38.150161,63
193,131,36.965254,62
193,132,33.096129,61
193,133,38.121693,60
193,134,40.172268,59
193,135,33.658675,58
193,136,33.231111,57
193,137,35.2776,56
193,138,31.900496,55
193,139,40.446697,54
193,140,36.576097,53
193,141,30.428468,52
193,142,28.216732,51
193,143,24.597246,50
193,144,20.627446,49
193,145,21.643357,48
193,146,12.729054,47
193,147,18.048525,46
193,148,21.033546,45
193,149,19.475578,44
193,150,14.852393,43
193,151,8.04177499999998,42
193,152,3.204346,41
193,153,20.466161,40
193,154,26.363389,39
193,155,26.853354,38
193,156,22.495304,37
193,157,22.862536,36
193,158,13.332632,35
193,159,6.04967899999998,34
193,160,6.12045700000002,33
193,161,9.39734999999999,32
193,162,12.227618,31
193,163,16.850529,30
193,164,27.684582,29
193,165,26.784293,28
193,166,24.895064,27
193,167,22.005889,26
193,168,24.667875,25
193,169,19.714832,24
193,170,20.597368,23
193,171,24.589543,22
193,172,17.202693,21
193,173,8.69236399999998,20
193,174,9.39914999999998,19
193,175,13.862457,18
193,176,15.018539,17
193,177,22.3301869,16
193,178,21.549272,15
193,179,10.757607,14
193,180,16.813039,13
193,181,16.341164,12
193,182,19.609232,11
193,183,16.502914,10
193,184,12.521468,9
193,185,19.0366116,8
193,186,11.398282,7
193,187,11.421157,6
193,188,10.611218,5
193,189,11.985425,4
193,190,13.434464,3
193,191,8.51196099999999,2
193,192,6.92021099999999,1
194,1,49.825821,193
194,2,57.210952,192
194,3,81.845642,191
194,4,72.541221,190
194,5,71.751489,189
194,6,72.2192926,188
194,7,73.598481,187
194,8,87.157457,186
194,9,100.444089,185
194,10,85.945378,184
194,11,76.299067,183
194,12,89.958748,182
194,13,91.154239,181
194,14,76.460845,180
194,15,66.98641,179
194,16,71.11215,178
194,17,80.103178,177
194,18,68.603664,176
194,19,62.813628,175
194,20,68.487757,174
194,21,93.611953,173
194,22,93.281239,172
194,23,95.316024,171
194,24,86.538299,170
194,25,69.326279,169
194,26,82.767639,168
194,27,72.619432,167
194,28,71.442861,166
194,29,71.643156,165
194,30,70.6963768,164
194,31,78.224053,163
194,32,74.45674,162
194,33,73.165775,161
194,34,85.547373,160
194,35,70.348248,159
194,36,67.953282,158
194,37,59.950261,157
194,38,64.6104549,156
194,39,88.133439,155
194,40,84.629452,154
194,41,86.057134,153
194,42,73.902311,152
194,43,72.302178,151
194,44,62.4819,150
194,45,61.867025,149
194,46,75.000647,148
194,47,63.059686,147
194,48,44.737957,146
194,49,34.572214,145
194,50,68.90911,144
194,51,66.976934,143
194,52,71.634121,142
194,53,78.8255,141
194,54,70.03839,140
194,55,67.024271,139
194,56,64.268652,138
194,57,63.791146,137
194,58,52.143545,136
194,59,53.010951,135
194,60,68.538314,134
194,61,66.23385,133
194,62,78.725257,132
194,63,68.892021,131
194,64,53.678196,130
194,65,61.682118,129
194,66,80.721123,128
194,67,59.757961,127
194,68,65.378539,126
194,69,53.315248,125
194,70,63.478679,124
194,71,59.549114,123
194,72,54.736507,122
194,73,54.227469,121
194,74,58.241692,120
194,75,52.189028,119
194,76,46.111532,118
194,77,30.046478,117
194,78,48.308128,116
194,79,58.674496,115
194,80,51.5079,114
194,81,42.648639,113
194,82,58.624326,112
194,83,69.328468,111
194,84,70.631464,110
194,85,69.025296,109
194,86,68.416939,108
194,87,69.201257,107
194,88,64.892221,106
194,89,60.600685,105
194,90,69.565721,104
194,91,68.435025,103
194,92,59.482921,102
194,93,49.01291,101
194,94,38.013596,100
194,95,59.867678,99
194,96,53.10371,98
194,97,39.440193,97
194,98,60.156303,96
194,99,53.0556,95
194,100,39.442528,94
194,101,30.576897,93
194,102,38.078482,92
194,103,47.818578,91
194,104,36.373311,90
194,105,42.499864,89
194,106,52.630025,88
194,107,47.099521,87
194,108,29.106778,86
194,109,30.815046,85
194,110,25.169864,84
194,111,47.328175,83
194,112,60.034496,82
194,113,41.560114,81
194,114,23.730964,80
194,115,19.862,79
194,116,26.382739,78
194,117,28.265789,77
194,118,28.281175,76
194,119,35.08446,75
194,120,39.766564,74
194,121,38.845193,73
194,122,25.986157,72
194,123,29.266528,71
194,124,54.964921,70
194,125,47.123403,69
194,126,37.794621,68
194,127,27.476689,67
194,128,30.3608485,66
194,129,26.624789,65
194,130,27.043404,64
194,131,25.858497,63
194,132,27.822928,62
194,133,31.516264,61
194,134,29.065511,60
194,135,23.469282,59
194,136,22.124354,58
194,137,31.423057,57
194,138,28.045953,56
194,139,29.33994,55
194,140,25.46934,54
194,141,19.321711,53
194,142,17.361225,52
194,143,20.742703,51
194,144,16.772903,50
194,145,11.622,49
194,146,8.79250299999999,48
194,147,14.193982,47
194,148,17.179003,46
194,149,15.621035,45
194,150,3.74563599999999,44
194,151,7.72871800000002,43
194,152,8.818703,42
194,153,16.611618,41
194,154,22.508846,40
194,155,15.746597,39
194,156,11.388547,38
194,157,11.755779,37
194,158,7.810325,36
194,159,6.30542200000001,35
194,160,10.4775,34
194,161,2.45699300000001,33
194,162,2.28893899999998,32
194,163,8.07992799999998,31
194,164,23.830039,30
194,165,22.92975,29
194,166,16.706693,28
194,167,18.151346,27
194,168,13.561118,26
194,169,8.60807499999998,25
194,170,9.49061099999998,24
194,171,14.734614,23
194,172,9.43146399999999,22
194,173,2.41439300000001,21
194,174,6.87330700000001,20
194,175,10.007914,19
194,176,11.163996,18
194,177,11.2234299,17
194,178,10.442515,16
194,179,0.597049999999998,15
194,180,12.958496,14
194,181,10.484393,13
194,182,8.502475,12
194,183,5.39615699999999,11
194,184,8.66692499999999,10
194,185,7.92985459999999,9
194,186,2.37172500000002,8
194,187,0.816899999999997,7
194,188,1.25543899999999,6
194,189,8.13088199999998,5
194,190,5.24609299999999,4
194,191,2.594796,3
194,192,15.185668,2
194,193,11.106757,1
195,1,46.096657,194
195,2,42.732174,193
195,3,67.366864,192
195,4,68.832157,191
195,5,64.477489,190
195,6,70.4080706,189
195,7,68.759797,188
195,8,72.678679,187
195,9,85.965311,186
195,10,73.7982,185
195,11,74.487845,184
195,12,75.47997,183
195,13,76.675461,182
195,14,74.649623,181
195,15,63.589968,180
195,16,63.632728,179
195,17,71.8755,178
195,18,66.706414,177
195,19,52.66975,176
195,20,60.007221,175
195,21,79.133175,174
195,22,88.007859,173
195,23,80.837246,172
195,24,83.092679,171
195,25,67.515057,170
195,26,68.288861,169
195,27,70.80821,168
195,28,69.631639,167
195,29,69.831934,166
195,30,68.8851548,165
195,31,70.910925,164
195,32,72.645518,163
195,33,58.686997,162
195,34,71.068595,161
195,35,68.537026,160
195,36,64.139296,159
195,37,58.139039,158
195,38,62.7992329,157
195,39,73.654661,156
195,40,77.095626,155
195,41,74.088444,154
195,42,72.091089,153
195,43,62.8216,152
195,44,48.003122,151
195,45,47.388247,150
195,46,60.521869,149
195,47,48.580908,148
195,48,31.674621,147
195,49,20.093436,146
195,50,54.430332,145
195,51,54.834044,144
195,52,57.155343,143
195,53,70.374578,142
195,54,68.227168,141
195,55,52.545493,140
195,56,49.789874,139
195,57,56.561232,138
195,58,50.332323,137
195,59,38.532173,136
195,60,57.307964,135
195,61,51.755072,134
195,62,66.244821,133
195,63,59.414257,132
195,64,39.199418,131
195,65,47.20334,130
195,66,66.242345,129
195,67,57.946739,128
195,68,53.649039,127
195,69,38.83647,126
195,70,50.031299,125
195,71,47.735864,124
195,72,40.257729,123
195,73,52.416247,122
195,74,51.314886,121
195,75,42.74195,120
195,76,35.798546,119
195,77,16.8608,118
195,78,33.82935,117
195,79,48.610482,116
195,80,37.029122,115
195,81,30.168739,114
195,82,45.003952,113
195,83,54.84969,112
195,84,57.484914,111
195,85,58.713382,110
195,86,61.491339,109
195,87,58.536521,108
195,88,52.245357,107
195,89,55.204293,106
195,90,58.171757,105
195,91,53.956247,104
195,92,50.835957,103
195,93,42.366968,102
195,94,23.534818,101
195,95,45.3889,100
195,96,38.624932,99
195,97,35.460985,98
195,98,47.509975,97
195,99,51.244378,96
195,100,37.54635,95
195,101,16.098119,94
195,102,23.599704,93
195,103,33.3398,92
195,104,34.562089,91
195,105,29.936214,90
195,106,38.151247,89
195,107,32.620743,88
195,108,24.9594,87
195,109,27.417532,86
195,110,10.691086,85
195,111,32.849397,84
195,112,48.389282,83
195,113,28.413564,82
195,114,15.750114,81
195,115,12.797978,80
195,116,11.903961,79
195,117,13.787011,78
195,118,13.802397,77
195,119,20.686618,76
195,120,26.037114,75
195,121,37.033971,74
195,122,19.173921,73
195,123,14.78775,72
195,124,40.486143,71
195,125,32.644625,70
195,126,24.980257,69
195,127,23.746989,68
195,128,28.5496265,67
195,129,20.811389,66
195,130,25.232182,65
195,131,24.047275,64
195,132,20.17815,63
195,133,25.203714,62
195,134,27.254289,61
195,135,20.740696,60
195,136,20.313132,59
195,137,16.944279,58
195,138,18.816625,57
195,139,27.528718,56
195,140,23.658118,55
195,141,17.510489,54
195,142,15.298753,53
195,143,7.17847499999999,52
195,144,6.79317499999999,51
195,145,8.72537799999999,50
195,146,5.68627500000001,49
195,147,0.286404000000005,48
195,148,4.11727499999999,47
195,149,4.72394299999999,46
195,150,12.730814,45
195,151,22.207496,44
195,152,15.128975,43
195,153,4.78424,42
195,154,8.03006799999999,41
195,155,13.935375,40
195,156,9.577325,39
195,157,9.94455699999999,38
195,158,6.668453,37
195,159,20.7842,36
195,160,24.453778,35
195,161,16.935771,34
195,162,12.189839,33
195,163,6.39885000000002,32
195,164,9.35126099999999,31
195,165,8.45097199999999,30
195,166,11.977085,29
195,167,8.25483199999999,28
195,168,11.749896,27
195,169,9.45185300000002,26
195,170,10.901989,25
195,171,11.671564,24
195,172,5.04731400000001,23
195,173,13.391885,22
195,174,8.93417100000001,21
195,175,4.470864,20
195,176,3.314782,19
195,177,10.1697079,18
195,178,9.20129300000001,17
195,179,15.075828,16
195,180,4.35491800000001,15
195,181,3.994385,14
195,182,11.808653,13
195,183,13.246135,12
195,184,5.81185300000001,11
195,185,15.2125326,10
195,186,16.850503,9
195,187,13.661878,8
195,188,13.223339,7
195,189,6.34789600000002,6
195,190,9.23268500000001,5
195,191,12.070282,4
195,192,16.99689,3
195,193,18.333321,2
195,194,14.478778,1
196,1,40.611829,195
196,2,44.997102,194
196,3,69.631792,193
196,4,63.347329,192
196,5,59.537639,191
196,6,64.9232426,190
196,7,63.274969,189
196,8,74.943607,188
196,9,88.230239,187
196,10,73.731528,186
196,11,69.003017,185
196,12,77.744898,184
196,13,78.940389,183
196,14,69.164795,182
196,15,58.10514,181
196,16,58.8983,180
196,17,67.889328,179
196,18,61.221586,178
196,19,50.599778,177
196,20,56.273907,176
196,21,81.398103,175
196,22,82.523031,174
196,23,83.102174,173
196,24,77.607851,172
196,25,62.030229,171
196,26,70.553789,170
196,27,65.323382,169
196,28,64.146811,168
196,29,64.347106,167
196,30,63.4003268,166
196,31,66.010203,165
196,32,67.16069,164
196,33,60.951925,163
196,34,73.333523,162
196,35,63.052198,161
196,36,58.654468,160
196,37,52.654211,159
196,38,57.3144049,158
196,39,75.919589,157
196,40,72.415602,156
196,41,73.843284,155
196,42,66.606261,154
196,43,60.088328,153
196,44,50.26805,152
196,45,49.653175,151
196,46,62.786797,150
196,47,50.845836,149
196,48,32.524107,148
196,49,22.358364,147
196,50,56.69526,146
196,51,54.763084,145
196,52,59.420271,144
196,53,66.61165,143
196,54,62.74234,142
196,55,54.810421,141
196,56,52.054802,140
196,57,51.577296,139
196,58,44.847495,138
196,59,40.797101,137
196,60,56.324464,136
196,61,54.02,135
196,62,66.511407,134
196,63,56.678171,133
196,64,41.464346,132
196,65,49.468268,131
196,66,68.507273,130
196,67,52.461911,129
196,68,53.164689,128
196,69,41.101398,127
196,70,51.264829,126
196,71,47.335264,125
196,72,42.522657,124
196,73,46.931419,123
196,74,46.027842,122
196,75,39.975178,121
196,76,33.897682,120
196,77,17.832628,119
196,78,36.094278,118
196,79,46.460646,117
196,80,39.29405,116
196,81,30.434789,115
196,82,46.410476,114
196,83,57.114618,113
196,84,58.417614,112
196,85,56.811446,111
196,86,56.203089,110
196,87,56.987407,109
196,88,52.678371,108
196,89,49.719465,107
196,90,57.351871,106
196,91,56.221175,105
196,92,47.269071,104
196,93,36.88214,103
196,94,25.799746,102
196,95,47.653828,101
196,96,40.88986,100
196,97,29.976157,99
196,98,47.942453,98
196,99,45.75955,97
196,100,32.061522,96
196,101,18.363047,95
196,102,25.864632,94
196,103,35.604728,93
196,104,29.077261,92
196,105,30.286014,91
196,106,40.416175,90
196,107,34.885671,89
196,108,19.474572,88
196,109,21.932704,87
196,110,12.956014,86
196,111,35.114325,85
196,112,47.820646,84
196,113,29.346264,83
196,114,11.517114,82
196,115,7.64815,81
196,116,14.168889,80
196,117,16.051939,79
196,118,16.067325,78
196,119,22.87061,77
196,120,27.552714,76
196,121,31.549143,75
196,122,13.772307,74
196,123,17.052678,73
196,124,42.751071,72
196,125,34.909553,71
196,126,25.580771,70
196,127,18.262161,69
196,128,23.0647985,68
196,129,15.326561,67
196,130,19.747354,66
196,131,18.562447,65
196,132,15.609078,64
196,133,19.718886,63
196,134,21.769461,62
196,135,15.255868,61
196,136,14.828304,60
196,137,19.209207,59
196,138,15.832103,58
196,139,22.04389,57
196,140,18.17329,56
196,141,12.025661,55
196,142,9.813925,54
196,143,8.528853,53
196,144,4.559053,52
196,145,3.24055,51
196,146,5.673753,50
196,147,5.771232,49
196,148,4.965153,48
196,149,3.40718499999999,47
196,150,10.465886,46
196,151,19.942568,45
196,152,16.114753,44
196,153,10.269068,43
196,154,10.294996,42
196,155,8.450547,41
196,156,4.092497,40
196,157,4.459729,39
196,158,5.070175,38
196,159,18.519272,37
196,160,22.18885,36
196,161,14.670843,35
196,162,9.92491100000001,34
196,163,4.13392200000001,33
196,164,11.616189,32
196,165,10.7159,31
196,166,6.492257,30
196,167,5.93749599999999,29
196,168,6.265068,28
196,169,7.18692500000001,27
196,170,8.63706100000001,26
196,171,6.18673599999999,25
196,172,2.782386,24
196,173,11.126957,23
196,174,14.169357,22
196,175,7.45766399999999,21
196,176,4.632746,20
196,177,7.9047799,19
196,178,6.936365,18
196,179,12.8109,17
196,180,9.839746,16
196,181,2.061643,15
196,182,9.543725,14
196,183,10.981207,13
196,184,9.714275,12
196,185,12.9476046,11
196,186,14.585575,10
196,187,11.39695,9
196,188,10.958411,8
196,189,9.75063200000002,7
196,190,6.967757,6
196,191,9.890846,5
196,192,22.481718,4
196,193,18.402807,3
196,194,12.21385,2
196,195,5.48482799999999,1
197,1,44.404732,196
197,2,45.371799,195
197,3,70.006489,194
197,4,67.140232,193
197,5,62.785564,192
197,6,68.7161456,191
197,7,67.067872,190
197,8,75.318304,189
197,9,88.604936,188
197,10,74.106225,187
197,11,72.79592,186
197,12,78.119595,185
197,13,79.315086,184
197,14,72.957698,183
197,15,61.898043,182
197,16,61.940803,181
197,17,70.183575,180
197,18,65.014489,179
197,19,50.977825,178
197,20,58.315296,177
197,21,81.7728,176
197,22,86.315934,175
197,23,83.476871,174
197,24,81.400754,173
197,25,65.823132,172
197,26,70.928486,171
197,27,69.116285,170
197,28,67.939714,169
197,29,68.140009,168
197,30,67.1932298,167
197,31,69.219,166
197,32,70.953593,165
197,33,61.326622,164
197,34,73.70822,163
197,35,66.845101,162
197,36,62.447371,161
197,37,56.447114,160
197,38,61.1073079,159
197,39,76.294286,158
197,40,75.403701,157
197,41,74.217981,156
197,42,70.399164,155
197,43,61.129675,154
197,44,50.642747,153
197,45,50.027872,152
197,46,63.161494,151
197,47,51.220533,150
197,48,32.898804,149
197,49,22.733061,148
197,50,57.069957,147
197,51,55.137781,146
197,52,59.794968,145
197,53,68.682653,144
197,54,66.535243,143
197,55,55.185118,142
197,56,52.429499,141
197,57,54.869307,140
197,58,48.640398,139
197,59,41.171798,138
197,60,56.699161,137
197,61,54.394697,136
197,62,66.886104,135
197,63,57.722332,134
197,64,41.839043,133
197,65,49.842965,132
197,66,68.88197,131
197,67,56.254814,130
197,68,53.539386,129
197,69,41.476095,128
197,70,51.639526,127
197,71,47.709961,126
197,72,42.897354,125
197,73,50.724322,124
197,74,49.622961,123
197,75,41.050025,122
197,76,34.272379,121
197,77,18.207325,120
197,78,36.468975,119
197,79,46.918557,118
197,80,39.668747,117
197,81,30.809486,116
197,82,46.785173,115
197,83,57.489315,114
197,84,58.792311,113
197,85,57.186143,112
197,86,59.799414,111
197,87,57.362104,110
197,88,53.053068,109
197,89,53.512368,108
197,90,57.726568,107
197,91,56.595872,106
197,92,49.144032,105
197,93,40.675043,104
197,94,26.174443,103
197,95,48.028525,102
197,96,41.264557,101
197,97,33.76906,100
197,98,48.31715,99
197,99,49.552453,98
197,100,35.854425,97
197,101,18.737744,96
197,102,26.239329,95
197,103,35.979425,94
197,104,32.870164,93
197,105,30.660711,92
197,106,40.790872,91
197,107,35.260368,90
197,108,23.267475,89
197,109,25.725607,88
197,110,13.330711,87
197,111,35.489022,86
197,112,48.195343,85
197,113,29.720961,84
197,114,14.058189,83
197,115,11.106053,82
197,116,14.543586,81
197,117,16.426636,80
197,118,16.442022,79
197,119,23.245307,78
197,120,27.927411,77
197,121,35.342046,76
197,122,17.481996,75
197,123,17.427375,74
197,124,43.125768,73
197,125,35.28425,72
197,126,25.955468,71
197,127,22.055064,70
197,128,26.8577015,69
197,129,19.119464,68
197,130,23.540257,67
197,131,22.35535,66
197,132,18.486225,65
197,133,23.511789,64
197,134,25.562364,63
197,135,19.048771,62
197,136,18.621207,61
197,137,19.583904,60
197,138,17.1247,59
197,139,25.836793,58
197,140,21.966193,57
197,141,15.818564,56
197,142,13.606828,55
197,143,8.90355,54
197,144,5.10125,53
197,145,7.033453,52
197,146,3.04665,51
197,147,2.354829,50
197,148,5.33985,49
197,149,3.78188199999999,48
197,150,10.091189,47
197,151,19.567871,46
197,152,12.48935,45
197,153,6.47616499999999,44
197,154,10.669693,43
197,155,12.24345,42
197,156,7.88540000000001,41
197,157,8.252632,40
197,158,4.02882799999999,39
197,159,18.144575,38
197,160,21.814153,37
197,161,14.296146,36
197,162,9.55021400000001,35
197,163,3.75922500000001,34
197,164,11.990886,33
197,165,11.090597,32
197,166,10.28516,31
197,167,6.562907,30
197,168,10.057971,29
197,169,6.81222800000001,28
197,170,8.26236400000001,27
197,171,9.979639,26
197,172,2.592789,25
197,173,10.75226,24
197,174,10.376454,23
197,175,3.66476099999999,22
197,176,0.839842999999993,21
197,177,7.7202829,20
197,178,6.939368,19
197,179,12.436203,18
197,180,6.046843,17
197,181,1.73126,16
197,182,9.169028,15
197,183,10.60651,14
197,184,5.921372,13
197,185,12.5729076,12
197,186,14.210878,11
197,187,11.022253,10
197,188,10.583714,9
197,189,5.95772900000001,8
197,190,6.59306,7
197,191,9.43065699999999,6
197,192,18.688815,5
197,193,15.693696,4
197,194,11.839153,3
197,195,2.63962500000001,2
197,196,3.792903,1
198,1,51.598529,197
198,2,47.649002,196
198,3,72.283692,195
198,4,74.334029,194
198,5,69.979361,193
198,6,75.9099426,192
198,7,74.261669,191
198,8,77.595507,190
198,9,90.882139,189
198,10,79.300072,188
198,11,79.989717,187
198,12,80.396798,186
198,13,81.592289,185
198,14,80.151495,184
198,15,69.09184,183
198,16,69.1346,182
198,17,77.377372,181
198,18,72.208286,180
198,19,58.171622,179
198,20,65.509093,178
198,21,84.050003,177
198,22,93.509731,176
198,23,85.754074,175
198,24,88.594551,174
198,25,73.016929,173
198,26,73.205689,172
198,27,76.310082,171
198,28,75.133511,170
198,29,75.333806,169
198,30,74.3870268,168
198,31,76.412797,167
198,32,78.14739,166
198,33,63.603825,165
198,34,75.985423,164
198,35,74.038898,163
198,36,69.641168,162
198,37,63.640911,161
198,38,68.3011049,160
198,39,78.571489,159
198,40,82.597498,158
198,41,79.590316,157
198,42,77.592961,156
198,43,68.323472,155
198,44,52.91995,154
198,45,52.305075,153
198,46,65.438697,152
198,47,53.497736,151
198,48,37.176493,150
198,49,25.010264,149
198,50,59.34716,148
198,51,60.335916,147
198,52,62.072171,146
198,53,75.87645,145
198,54,73.72904,144
198,55,57.462321,143
198,56,54.706702,142
198,57,62.063104,141
198,58,55.834195,140
198,59,43.449001,139
198,60,62.809836,138
198,61,56.6719,137
198,62,71.746693,136
198,63,64.916129,135
198,64,44.116246,134
198,65,52.120168,133
198,66,71.159173,132
198,67,63.448611,131
198,68,59.150911,130
198,69,43.753298,129
198,70,55.533171,128
198,71,53.237736,127
198,72,45.174557,126
198,73,57.918119,125
198,74,56.816758,124
198,75,48.243822,123
198,76,41.300418,122
198,77,22.362672,121
198,78,38.746178,120
198,79,54.112354,119
198,80,41.94595,118
198,81,35.670611,117
198,82,50.505824,116
198,83,59.933482,115
198,84,62.986786,114
198,85,64.215254,113
198,86,66.993211,112
198,87,64.038393,111
198,88,57.747229,110
198,89,60.706165,109
198,90,63.673629,108
198,91,58.873075,107
198,92,56.337829,106
198,93,47.86884,105
198,94,28.451646,104
198,95,50.305728,103
198,96,43.54176,102
198,97,40.962857,101
198,98,53.011847,100
198,99,56.74625,99
198,100,43.048222,98
198,101,21.014947,97
198,102,28.516532,96
198,103,38.256628,95
198,104,40.063961,94
198,105,35.438086,93
198,106,43.068075,92
198,107,37.537571,91
198,108,30.461272,90
198,109,32.919404,89
198,110,16.024386,88
198,111,37.766225,87
198,112,53.891154,86
198,113,33.915436,85
198,114,21.251986,84
198,115,18.29985,83
198,116,16.820789,82
198,117,18.703839,81
198,118,18.719225,80
198,119,26.18849,79
198,120,31.538986,78
198,121,42.535843,77
198,122,24.675793,76
198,123,19.704578,75
198,124,45.402971,74
198,125,37.561453,73
198,126,30.482129,72
198,127,29.248861,71
198,128,34.0514985,70
198,129,26.313261,69
198,130,30.734054,68
198,131,29.549147,67
198,132,25.680022,66
198,133,30.705586,65
198,134,32.756161,64
198,135,26.242568,63
198,136,25.815004,62
198,137,21.861107,61
198,138,24.318497,60
198,139,33.03059,59
198,140,29.15999,58
198,141,23.012361,57
198,142,20.800625,56
198,143,12.680347,55
198,144,12.295047,54
198,145,14.22725,53
198,146,5.312947,52
198,147,5.215468,51
198,148,9.619147,50
198,149,10.225815,49
198,150,7.813986,48
198,151,17.290668,47
198,152,10.212147,46
198,153,7.049668,45
198,154,12.946896,44
198,155,19.437247,43
198,156,15.079197,42
198,157,15.446429,41
198,158,5.916525,40
198,159,15.867372,39
198,160,19.53695,38
198,161,12.018943,37
198,162,7.27301100000002,36
198,163,9.43442199999999,35
198,164,14.268089,34
198,165,13.3678,33
198,166,17.478957,32
198,167,13.756704,31
198,168,17.251768,30
198,169,12.298725,29
198,170,13.181261,28
198,171,17.173436,27
198,172,9.786586,26
198,173,8.47505700000001,25
198,174,4.01734300000001,24
198,175,3.52903600000001,23
198,176,6.353954,22
198,177,14.9140799,21
198,178,14.133165,20
198,179,10.159,19
198,180,3.396546,18
198,181,8.925057,17
198,182,12.193125,16
198,183,9.086807,15
198,184,1.272425,14
198,185,11.6205046,13
198,186,11.933675,12
198,187,8.74505,11
198,188,8.306511,10
198,189,1.43106800000002,9
198,190,6.01835699999999,8
198,191,7.153454,7
198,192,11.495018,6
198,193,13.416493,5
198,194,9.56195,4
198,195,5.50187200000001,3
198,196,10.9867,2
198,197,7.193797,1
199,1,54.753986,198
199,2,54.721145,197
199,3,79.355835,196
199,4,77.489486,195
199,5,73.134818,194
199,6,79.0653996,193
199,7,77.417126,192
199,8,84.66765,191
199,9,97.954282,190
199,10,83.455571,189
199,11,83.145174,188
199,12,87.468941,187
199,13,88.664432,186
199,14,83.306952,185
199,15,72.247297,184
199,16,72.290057,183
199,17,80.532829,182
199,18,75.363743,181
199,19,61.327079,180
199,20,68.66455,179
199,21,91.122146,178
199,22,96.665188,177
199,23,92.826217,176
199,24,91.750008,175
199,25,76.172386,174
199,26,80.277832,173
199,27,79.465539,172
199,28,78.288968,171
199,29,78.489263,170
199,30,77.5424838,169
199,31,79.568254,168
199,32,81.302847,167
199,33,70.675968,166
199,34,83.057566,165
199,35,77.194355,164
199,36,72.796625,163
199,37,66.796368,162
199,38,71.4565619,161
199,39,85.643632,160
199,40,85.752955,159
199,41,83.567327,158
199,42,80.748418,157
199,43,71.478929,156
199,44,59.992093,155
199,45,59.377218,154
199,46,72.51084,153
199,47,60.569879,152
199,48,42.24815,151
199,49,32.082407,150
199,50,66.419303,149
199,51,64.487127,148
199,52,69.144314,147
199,53,79.031907,146
199,54,76.884497,145
199,55,64.534464,144
199,56,61.778845,143
199,57,65.218561,142
199,58,58.989652,141
199,59,50.521144,140
199,60,66.048507,139
199,61,63.744043,138
199,62,76.23545,137
199,63,68.071586,136
199,64,51.188389,135
199,65,59.192311,134
199,66,78.231316,133
199,67,66.604068,132
199,68,62.888732,131
199,69,50.825441,130
199,70,60.988872,129
199,71,57.059307,128
199,72,52.2467,127
199,73,61.073576,126
199,74,59.972215,125
199,75,51.399279,124
199,76,44.455875,123
199,77,27.556671,122
199,78,45.818321,121
199,79,57.267811,120
199,80,49.018093,119
199,81,40.158832,118
199,82,56.134519,117
199,83,66.838661,116
199,84,68.141657,115
199,85,67.370711,114
199,86,70.148668,113
199,87,67.19385,112
199,88,62.402414,111
199,89,63.861622,110
199,90,67.075914,109
199,91,65.945218,108
199,92,59.493286,107
199,93,51.024297,106
199,94,35.523789,105
199,95,57.377871,104
199,96,50.613903,103
199,97,44.118314,102
199,98,57.666496,101
199,99,59.901707,100
199,100,46.203679,99
199,101,28.08709,98
199,102,35.588675,97
199,103,45.328771,96
199,104,43.219418,95
199,105,40.010057,94
199,106,50.140218,93
199,107,44.609714,92
199,108,33.616729,91
199,109,36.074861,90
199,110,22.680057,89
199,111,44.838368,88
199,112,57.544689,87
199,113,39.070307,86
199,114,24.407443,85
199,115,21.455307,84
199,116,23.892932,83
199,117,25.775982,82
199,118,25.791368,81
199,119,32.594653,80
199,120,37.276757,79
199,121,45.6913,78
199,122,27.83125,77
199,123,26.776721,76
199,124,52.475114,75
199,125,44.633596,74
199,126,35.304814,73
199,127,32.404318,72
199,128,37.2069555,71
199,129,29.468718,70
199,130,33.889511,69
199,131,32.704604,68
199,132,28.835479,67
199,133,33.861043,66
199,134,35.911618,65
199,135,29.398025,64
199,136,28.970461,63
199,137,28.93325,62
199,138,27.473954,61
199,139,36.186047,60
199,140,32.315447,59
199,141,26.167818,58
199,142,23.956082,57
199,143,18.252896,56
199,144,15.450504,55
199,145,17.382707,54
199,146,8.46840399999999,53
199,147,11.704175,52
199,148,14.689196,51
199,149,13.381272,50
199,150,10.591743,49
199,151,10.218525,48
199,152,3.140004,47
199,153,14.121811,46
199,154,20.019039,45
199,155,22.592704,44
199,156,18.234654,43
199,157,18.601886,42
199,158,9.071982,41
199,159,8.79522900000001,40
199,160,12.464807,39
199,161,5.1367,38
199,162,7.96696799999998,37
199,163,12.589879,36
199,164,21.340232,35
199,165,20.439943,34
199,166,20.634414,33
199,167,16.912161,32
199,168,20.407225,31
199,169,15.454182,30
199,170,16.336718,29
199,171,20.328893,28
199,172,12.942043,27
199,173,4.43171399999999,26
199,174,3.05479999999999,25
199,175,7.518107,24
199,176,9.509411,23
199,177,18.0695369,22
199,178,17.288622,21
199,179,6.49695700000001,20
199,180,10.468689,19
199,181,12.080514,18
199,182,15.348582,17
199,183,12.242264,16
199,184,6.177118,15
199,185,14.7759616,14
199,186,7.13763199999998,13
199,187,7.160507,12
199,188,6.35056799999999,11
199,189,5.64107499999998,10
199,190,9.17381399999999,9
199,191,4.251311,8
199,192,8.33956100000001,7
199,193,6.34435,6
199,194,6.846107,5
199,195,11.988971,4
199,196,14.142157,3
199,197,10.349254,2
199,198,7.072143,1
200,1,59.577782,199
200,2,66.962913,198
200,3,91.597603,197
200,4,82.293182,196
200,5,81.50345,195
200,6,79.8898316,194
200,7,83.350442,193
200,8,96.909418,192
200,9,110.19605,191
200,10,95.697339,190
200,11,83.969606,189
200,12,99.710709,188
200,13,100.9062,187
200,14,84.131384,186
200,15,76.738371,185
200,16,80.864111,184
200,17,89.855139,183
200,18,78.355625,182
200,19,72.565589,181
200,20,78.239718,180
200,21,103.363914,179
200,22,103.0332,178
200,23,105.067985,177
200,24,96.29026,176
200,25,76.996818,175
200,26,92.5196,174
200,27,80.289971,173
200,28,79.1134,172
200,29,81.292205,171
200,30,78.3669158,170
200,31,87.976014,169
200,32,82.127279,168
200,33,82.917736,167
200,34,95.299334,166
200,35,78.018787,165
200,36,77.705243,164
200,37,69.1216,163
200,38,72.2809939,162
200,39,97.8854,161
200,40,94.381413,160
200,41,95.809095,159
200,42,81.57285,158
200,43,82.054139,157
200,44,72.233861,156
200,45,71.618986,155
200,46,84.752608,154
200,47,72.811647,153
200,48,54.489918,152
200,49,44.324175,151
200,50,78.661071,150
200,51,76.728895,149
200,52,81.386082,148
200,53,88.577461,147
200,54,77.708929,146
200,55,76.776232,145
200,56,74.020613,144
200,57,73.543107,143
200,58,59.814084,142
200,59,62.762912,141
200,60,78.290275,140
200,61,75.985811,139
200,62,88.477218,138
200,63,78.643982,137
200,64,63.430157,136
200,65,71.434079,135
200,66,90.473084,134
200,67,67.4285,133
200,68,75.1305,132
200,69,63.067209,131
200,70,73.23064,130
200,71,69.301075,129
200,72,64.488468,128
200,73,62.745692,127
200,74,67.993653,126
200,75,61.940989,125
200,76,55.863493,124
200,77,39.798439,123
200,78,58.060089,122
200,79,68.426457,121
200,80,61.259861,120
200,81,52.4006,119
200,82,68.376287,118
200,83,79.080429,117
200,84,80.383425,116
200,85,78.777257,115
200,86,78.1689,114
200,87,78.953218,113
200,88,74.644182,112
200,89,70.352646,111
200,90,79.317682,110
200,91,78.186986,109
200,92,69.234882,108
200,93,58.764871,107
200,94,47.765557,106
200,95,69.619639,105
200,96,62.855671,104
200,97,49.192154,103
200,98,69.908264,102
200,99,61.058861,101
200,100,49.194489,100
200,101,40.328858,99
200,102,47.830443,98
200,103,57.570539,97
200,104,44.04385,96
200,105,52.251825,95
200,106,62.381986,94
200,107,56.851482,93
200,108,38.858739,92
200,109,40.567007,91
200,110,34.921825,90
200,111,57.080136,89
200,112,69.786457,88
200,113,51.312075,87
200,114,33.482925,86
200,115,29.613961,85
200,116,36.1347,84
200,117,38.01775,83
200,118,38.033136,82
200,119,44.836421,81
200,120,49.518525,80
200,121,46.515732,79
200,122,35.738118,78
200,123,39.018489,77
200,124,64.716882,76
200,125,56.875364,75
200,126,47.546582,74
200,127,37.22865,73
200,128,38.0313875,72
200,129,36.37675,71
200,130,34.713943,70
200,131,33.529036,69
200,132,37.574889,68
200,133,41.268225,67
200,134,37.31895,66
200,135,33.221243,65
200,136,29.794893,64
200,137,41.175018,63
200,138,37.797914,62
200,139,37.010479,61
200,140,33.139879,60
200,141,26.99225,59
200,142,27.113186,58
200,143,30.494664,57
200,144,26.524864,56
200,145,21.373961,55
200,146,18.544464,54
200,147,23.945943,53
200,148,26.930964,52
200,149,25.372996,51
200,150,11.499925,50
200,151,4.60555699999999,49
200,152,9.101764,48
200,153,26.363579,47
200,154,32.260807,46
200,155,23.417136,45
200,156,20.143414,44
200,157,19.426318,43
200,158,17.562286,42
200,159,3.44653899999999,41
200,160,2.80696100000001,40
200,161,7.294968,39
200,162,12.0409,38
200,163,17.831889,37
200,164,33.582,36
200,165,32.681711,35
200,166,26.458654,34
200,167,27.903307,33
200,168,22.897143,32
200,169,16.278614,31
200,170,17.16115,30
200,171,24.486575,29
200,172,19.183425,28
200,173,10.838854,27
200,174,15.296568,26
200,175,19.759875,25
200,176,20.915957,24
200,177,18.8939689,23
200,178,18.113054,22
200,179,9.15491100000001,21
200,180,22.710457,20
200,181,20.236354,19
200,182,16.173014,18
200,183,13.066696,17
200,184,18.418886,16
200,185,15.6003936,15
200,186,7.96206399999999,14
200,187,10.568861,13
200,188,11.0074,12
200,189,17.882843,11
200,190,14.998054,10
200,191,12.160457,9
200,192,12.817629,8
200,193,5.89741800000001,7
200,194,9.75196100000001,6
200,195,24.230739,5
200,196,21.965811,4
200,197,21.591114,3
200,198,19.313911,2
200,199,12.241768,1
201,1,60.607893,200
201,2,67.993024,199
201,3,92.627714,198
201,4,83.323293,197
201,5,82.533561,196
201,6,78.6710206,195
201,7,84.380553,194
201,8,97.939529,193
201,9,111.226161,192
201,10,96.72745,191
201,11,83.865005,190
201,12,100.74082,189
201,13,101.936311,188
201,14,84.618527,187
201,15,77.768482,186
201,16,81.894222,185
201,17,90.88525,184
201,18,79.385736,183
201,19,73.5957,182
201,20,79.269829,181
201,21,104.394025,180
201,22,104.063311,179
201,23,106.098096,178
201,24,97.320371,177
201,25,77.919193,176
201,26,93.549711,175
201,27,79.07384,174
201,28,79.165311,173
201,29,82.322316,172
201,30,77.1481048,171
201,31,89.006125,170
201,32,80.908468,169
201,33,83.947847,168
201,34,96.329445,167
201,35,78.678924,166
201,36,78.735354,165
201,37,70.151711,164
201,38,71.0621829,163
201,39,98.915511,162
201,40,95.411524,161
201,41,96.839206,160
201,42,80.354039,159
201,43,83.08425,158
201,44,73.263972,157
201,45,72.649097,156
201,46,85.782719,155
201,47,73.841758,154
201,48,55.520029,153
201,49,45.354286,152
201,50,79.691182,151
201,51,77.759006,150
201,52,82.416193,149
201,53,89.607572,148
201,54,76.490118,147
201,55,77.806343,146
201,56,75.050724,145
201,57,74.573218,144
201,58,60.127027,143
201,59,63.793023,142
201,60,79.320386,141
201,61,77.015922,140
201,62,89.507329,139
201,63,79.674093,138
201,64,64.460268,137
201,65,72.46419,136
201,66,91.503195,135
201,67,67.125311,134
201,68,76.160611,133
201,69,64.09732,132
201,70,74.260751,131
201,71,70.331186,130
201,72,65.518579,129
201,73,63.775803,128
201,74,69.023764,127
201,75,62.9711,126
201,76,56.893604,125
201,77,40.82855,124
201,78,59.0902,123
201,79,69.456568,122
201,80,62.289972,121
201,81,53.430711,120
201,82,69.406398,119
201,83,80.11054,118
201,84,81.413536,117
201,85,79.807368,116
201,86,79.199011,115
201,87,79.983329,114
201,88,75.674293,113
201,89,71.382757,112
201,90,80.347793,111
201,91,79.217097,110
201,92,70.264993,109
201,93,59.794982,108
201,94,48.795668,107
201,95,70.64975,106
201,96,63.885782,105
201,97,50.222265,104
201,98,70.938375,103
201,99,62.088972,102
201,100,50.2246,101
201,101,41.358969,100
201,102,48.860554,99
201,103,58.60065,98
201,104,42.825039,97
201,105,53.281936,96
201,106,63.412097,95
201,107,57.881593,94
201,108,39.88885,93
201,109,41.597118,92
201,110,35.951936,91
201,111,58.110247,90
201,112,70.816568,89
201,113,52.342186,88
201,114,34.513036,87
201,115,30.644072,86
201,116,37.164811,85
201,117,39.047861,84
201,118,39.063247,83
201,119,45.866532,82
201,120,50.548636,81
201,121,45.296921,80
201,122,36.768229,79
201,123,40.0486,78
201,124,65.746993,77
201,125,57.905475,76
201,126,48.576693,75
201,127,38.258761,74
201,128,36.8125765,73
201,129,37.406861,72
201,130,33.743568,71
201,131,33.224775,70
201,132,38.605,69
201,133,42.298336,68
201,134,38.349061,67
201,135,34.251354,66
201,136,30.325318,65
201,137,42.205129,64
201,138,38.828025,63
201,139,35.791668,62
201,140,33.421332,61
201,141,26.689061,60
201,142,28.143297,59
201,143,31.524775,58
201,144,27.554975,57
201,145,22.404072,56
201,146,19.574575,55
201,147,24.976054,54
201,148,27.961075,53
201,149,26.403107,52
201,150,12.530036,51
201,151,3.38674599999999,50
201,152,10.131875,49
201,153,27.39369,48
201,154,33.290918,47
201,155,23.447875,46
201,156,21.173525,45
201,157,19.290093,44
201,158,18.592397,43
201,159,4.47664999999999,42
201,160,4.02577200000001,41
201,161,8.325079,40
201,162,13.071011,39
201,163,18.862,38
201,164,34.612111,37
201,165,33.711822,36
201,166,27.488765,35
201,167,28.933418,34
201,168,23.927254,33
201,169,15.808997,32
201,170,15.942339,31
201,171,25.516686,30
201,172,20.213536,29
201,173,11.868965,28
201,174,16.326679,27
201,175,20.789986,26
201,176,21.946068,25
201,177,17.6751579,24
201,178,16.894243,23
201,179,10.185022,22
201,180,23.740568,21
201,181,21.266465,20
201,182,14.954203,19
201,183,12.014715,18
201,184,19.448997,17
201,185,14.3815826,16
201,186,8.41034699999999,15
201,187,11.598972,14
201,188,12.037511,13
201,189,18.912954,12
201,190,16.028165,11
201,191,13.190568,10
201,192,13.84774,9
201,193,6.92752900000001,8
201,194,10.782072,7
201,195,25.26085,6
201,196,22.995922,5
201,197,22.621225,4
201,198,20.344022,3
201,199,13.271879,2
201,200,1.218811,1
202,1,73.537425,201
202,2,72.671506,200
202,3,97.306196,199
202,4,96.272925,198
202,5,91.918257,197
202,6,97.8488386,196
202,7,96.200565,195
202,8,102.618011,194
202,9,115.904643,193
202,10,101.405932,192
202,11,101.928613,191
202,12,105.419302,190
202,13,106.614793,189
202,14,102.090391,188
202,15,91.030736,187
202,16,91.073496,186
202,17,99.316268,185
202,18,94.147182,184
202,19,80.110518,183
202,20,87.447989,182
202,21,109.072507,181
202,22,115.448627,180
202,23,110.776578,179
202,24,110.533447,178
202,25,94.955825,177
202,26,98.228193,176
202,27,98.248978,175
202,28,97.072407,174
202,29,97.272702,173
202,30,96.3259228,172
202,31,98.351693,171
202,32,100.086286,170
202,33,88.626329,169
202,34,101.007927,168
202,35,95.977794,167
202,36,91.580064,166
202,37,85.579807,165
202,38,90.2400009,164
202,39,103.593993,163
202,40,104.536394,162
202,41,101.529212,161
202,42,99.531857,160
202,43,90.262368,159
202,44,77.942454,158
202,45,77.327579,157
202,46,90.461201,156
202,47,78.52024,155
202,48,60.198511,154
202,49,50.032768,153
202,50,84.369664,152
202,51,82.437488,151
202,52,87.094675,150
202,53,97.815346,149
202,54,95.667936,148
202,55,82.484825,147
202,56,79.729206,146
202,57,84.002,145
202,58,77.773091,144
202,59,68.471505,143
202,60,84.748732,142
202,61,81.694404,141
202,62,94.185811,140
202,63,86.855025,139
202,64,69.13875,138
202,65,77.142672,137
202,66,96.181677,136
202,67,85.387507,135
202,68,81.089807,134
202,69,68.775802,133
202,70,78.939233,132
202,71,75.176632,131
202,72,70.197061,130
202,73,79.857015,129
202,74,78.755654,128
202,75,70.182718,127
202,76,63.239314,126
202,77,45.507032,125
202,78,63.768682,124
202,79,76.05125,123
202,80,66.968454,122
202,81,58.109193,121
202,82,74.08488,120
202,83,84.789022,119
202,84,86.092018,118
202,85,86.15415,117
202,86,88.932107,116
202,87,85.977289,115
202,88,80.352775,114
202,89,82.645061,113
202,90,85.612525,112
202,91,83.895579,111
202,92,78.276725,110
202,93,69.807736,109
202,94,53.47415,108
202,95,75.328232,107
202,96,68.564264,106
202,97,62.901753,105
202,98,75.616857,104
202,99,78.685146,103
202,100,64.987118,102
202,101,46.037451,101
202,102,53.539036,100
202,103,63.279132,99
202,104,62.002857,98
202,105,57.960418,97
202,106,68.090579,96
202,107,62.560075,95
202,108,52.400168,94
202,109,54.8583,93
202,110,40.630418,92
202,111,62.788729,91
202,112,75.83005,90
202,113,57.020668,89
202,114,43.190882,88
202,115,40.238746,87
202,116,41.843293,86
202,117,43.726343,85
202,118,43.741729,84
202,119,50.545014,83
202,120,55.227118,82
202,121,64.474739,81
202,122,46.614689,80
202,123,44.727082,79
202,124,70.425475,78
202,125,62.583957,77
202,126,53.255175,76
202,127,51.187757,75
202,128,55.9903945,74
202,129,48.252157,73
202,130,52.67295,72
202,131,51.488043,71
202,132,47.618918,70
202,133,52.644482,69
202,134,54.695057,68
202,135,48.181464,67
202,136,47.7539,66
202,137,46.883611,65
202,138,46.257393,64
202,139,54.969486,63
202,140,51.098886,62
202,141,44.951257,61
202,142,42.739521,60
202,143,36.203257,59
202,144,34.233943,58
202,145,36.166146,57
202,146,27.251843,56
202,147,29.654536,55
202,148,32.639557,54
202,149,32.164711,53
202,150,29.375182,52
202,151,22.564564,51
202,152,16.810843,50
202,153,32.072172,49
202,154,37.9694,48
202,155,41.376143,47
202,156,37.018093,46
202,157,37.385325,45
202,158,27.855421,44
202,159,20.572468,43
202,160,15.152046,42
202,161,23.920139,41
202,162,26.750407,40
202,163,31.373318,39
202,164,39.290593,38
202,165,38.390304,37
202,166,39.417853,36
202,167,35.6956,35
202,168,39.190664,34
202,169,34.237621,33
202,170,35.120157,32
202,171,39.112332,31
202,172,31.725482,30
202,173,23.215153,29
202,174,21.005161,28
202,175,25.468468,27
202,176,28.29285,26
202,177,36.8529759,25
202,178,36.072061,24
202,179,25.280396,23
202,180,28.41905,22
202,181,30.863953,21
202,182,34.132021,20
202,183,31.025703,19
202,184,24.127479,18
202,185,33.5594006,17
202,186,25.921071,16
202,187,25.943946,15
202,188,25.134007,14
202,189,23.591436,13
202,190,27.957253,12
202,191,23.03475,11
202,192,18.526222,10
202,193,14.522789,9
202,194,25.629546,8
202,195,29.939332,7
202,196,32.925596,6
202,197,29.132693,5
202,198,25.022504,4
202,199,18.783439,3
202,200,17.959007,2
202,201,19.177818,1
203,1,73.422832,202
203,2,80.807963,201
203,3,105.442653,200
203,4,96.138232,199
203,5,95.3485,198
203,6,94.0698816,197
203,7,97.195492,196
203,8,110.754468,195
203,9,124.0411,194
203,10,109.542389,193
203,11,98.149656,192
203,12,113.555759,191
203,13,114.75125,190
203,14,98.311434,189
203,15,90.583421,188
203,16,94.709161,187
203,17,103.700189,186
203,18,92.200675,185
203,19,86.410639,184
203,20,92.084768,183
203,21,117.208964,182
203,22,116.87825,181
203,23,118.913035,180
203,24,110.13531,179
203,25,91.176868,178
203,26,106.36465,177
203,27,94.470021,176
203,28,93.29345,175
203,29,95.137255,174
203,30,92.5469658,173
203,31,101.821064,172
203,32,96.307329,171
203,33,96.762786,170
203,34,109.144384,169
203,35,92.198837,168
203,36,91.550293,167
203,37,82.96665,166
203,38,86.4610439,165
203,39,111.73045,164
203,40,108.226463,163
203,41,109.654145,162
203,42,95.7529,161
203,43,95.899189,160
203,44,86.078911,159
203,45,85.464036,158
203,46,98.597658,157
203,47,86.656697,156
203,48,68.334968,155
203,49,58.169225,154
203,50,92.506121,153
203,51,90.573945,152
203,52,95.231132,151
203,53,102.422511,150
203,54,91.888979,149
203,55,90.621282,148
203,56,87.865663,147
203,57,87.388157,146
203,58,73.994134,145
203,59,76.607962,144
203,60,92.135325,143
203,61,89.830861,142
203,62,102.322268,141
203,63,92.489032,140
203,64,77.275207,139
203,65,85.279129,138
203,66,104.318134,137
203,67,81.60855,136
203,68,88.97555,135
203,69,76.912259,134
203,70,87.07569,133
203,71,83.146125,132
203,72,78.333518,131
203,73,76.590742,130
203,74,81.838703,129
203,75,75.786039,128
203,76,69.708543,127
203,77,53.643489,126
203,78,71.905139,125
203,79,82.271507,124
203,80,75.104911,123
203,81,66.24565,122
203,82,82.221337,121
203,83,92.925479,120
203,84,94.228475,119
203,85,92.622307,118
203,86,92.01395,117
203,87,92.798268,116
203,88,88.489232,115
203,89,84.197696,114
203,90,93.162732,113
203,91,92.032036,112
203,92,83.079932,111
203,93,72.609921,110
203,94,61.610607,109
203,95,83.464689,108
203,96,76.700721,107
203,97,63.037204,106
203,98,83.753314,105
203,99,74.906189,104
203,100,63.039539,103
203,101,54.173908,102
203,102,61.675493,101
203,103,71.415589,100
203,104,58.2239,99
203,105,66.096875,98
203,106,76.227036,97
203,107,70.696532,96
203,108,52.703789,95
203,109,54.412057,94
203,110,48.766875,93
203,111,70.925186,92
203,112,83.631507,91
203,113,65.157125,90
203,114,47.327975,89
203,115,43.459011,88
203,116,49.97975,87
203,117,51.8628,86
203,118,51.878186,85
203,119,58.681471,84
203,120,63.363575,83
203,121,60.695782,82
203,122,49.583168,81
203,123,52.863539,80
203,124,78.561932,79
203,125,70.720414,78
203,126,61.391632,77
203,127,51.0737,76
203,128,52.2114375,75
203,129,50.2218,74
203,130,48.893993,73
203,131,47.709086,72
203,132,51.419939,71
203,133,55.113275,70
203,134,51.164,69
203,135,47.066293,68
203,136,43.974943,67
203,137,55.020068,66
203,138,51.642964,65
203,139,51.190529,64
203,140,47.319929,63
203,141,41.1723,62
203,142,40.958236,61
203,143,44.339714,60
203,144,40.369914,59
203,145,35.219011,58
203,146,32.389514,57
203,147,37.790993,56
203,148,40.776014,55
203,149,39.218046,54
203,150,25.596225,53
203,151,18.785607,52
203,152,22.946814,51
203,153,40.208629,50
203,154,46.105857,49
203,155,37.597186,48
203,156,33.988464,47
203,157,33.606368,46
203,158,31.407336,45
203,159,17.291589,44
203,160,13.622011,43
203,161,21.140018,42
203,162,25.88595,41
203,163,31.676939,40
203,164,47.42705,39
203,165,46.526761,38
203,166,40.303704,37
203,167,41.748357,36
203,168,36.742193,35
203,169,30.458664,34
203,170,31.3412,33
203,171,38.331625,32
203,172,33.028475,31
203,173,24.683904,30
203,174,29.141618,29
203,175,33.604925,28
203,176,34.761007,27
203,177,33.0740189,26
203,178,32.293104,25
203,179,22.999961,24
203,180,36.555507,23
203,181,34.081404,22
203,182,30.353064,21
203,183,27.246746,20
203,184,32.263936,19
203,185,29.7804436,18
203,186,22.142114,17
203,187,24.413911,16
203,188,24.85245,15
203,189,31.727893,14
203,190,28.843104,13
203,191,26.005507,12
203,192,26.662679,11
203,193,19.742468,10
203,194,23.597011,9
203,195,38.075789,8
203,196,35.810861,7
203,197,35.436164,6
203,198,33.158961,5
203,199,26.086818,4
203,200,14.18005,3
203,201,15.398861,2
203,202,8.136457,1
204,1,68.057375,203
204,2,75.442506,202
204,3,100.077196,201
204,4,90.772775,200
204,5,89.983043,199
204,6,88.4526386,198
204,7,91.830035,197
204,8,105.389011,196
204,9,118.675643,195
204,10,104.176932,194
204,11,92.532413,193
204,12,108.190302,192
204,13,109.385793,191
204,14,92.694191,190
204,15,85.217964,189
204,16,89.343704,188
204,17,98.334732,187
204,18,86.835218,186
204,19,81.045182,185
204,20,86.719311,184
204,21,111.843507,183
204,22,111.512793,182
204,23,113.547578,181
204,24,104.769853,180
204,25,85.559625,179
204,26,100.999193,178
204,27,88.852778,177
204,28,87.676207,176
204,29,89.771798,175
204,30,86.9297228,174
204,31,96.455607,173
204,32,90.690086,172
204,33,91.397329,171
204,34,103.778927,170
204,35,86.581594,169
204,36,86.184836,168
204,37,77.601193,167
204,38,80.8438009,166
204,39,106.364993,165
204,40,102.861006,164
204,41,104.288688,163
204,42,90.135657,162
204,43,90.533732,161
204,44,80.713454,160
204,45,80.098579,159
204,46,93.232201,158
204,47,81.29124,157
204,48,62.969511,156
204,49,52.803768,155
204,50,87.140664,154
204,51,85.208488,153
204,52,89.865675,152
204,53,97.057054,151
204,54,86.271736,150
204,55,85.255825,149
204,56,82.500206,148
204,57,82.0227,147
204,58,68.376891,146
204,59,71.242505,145
204,60,86.769868,144
204,61,84.465404,143
204,62,96.956811,142
204,63,87.123575,141
204,64,71.90975,140
204,65,79.913672,139
204,66,98.952677,138
204,67,75.991307,137
204,68,83.610093,136
204,69,71.546802,135
204,70,81.710233,134
204,71,77.780668,133
204,72,72.968061,132
204,73,71.225285,131
204,74,76.473246,130
204,75,70.420582,129
204,76,64.343086,128
204,77,48.278032,127
204,78,66.539682,126
204,79,76.90605,125
204,80,69.739454,124
204,81,60.880193,123
204,82,76.85588,122
204,83,87.560022,121
204,84,88.863018,120
204,85,87.25685,119
204,86,86.648493,118
204,87,87.432811,117
204,88,83.123775,116
204,89,78.832239,115
204,90,87.797275,114
204,91,86.666579,113
204,92,77.714475,112
204,93,67.244464,111
204,94,56.24515,110
204,95,78.099232,109
204,96,71.335264,108
204,97,57.671747,107
204,98,78.387857,106
204,99,69.538454,105
204,100,57.674082,104
204,101,48.808451,103
204,102,56.310036,102
204,103,66.050132,101
204,104,52.606657,100
204,105,60.731418,99
204,106,70.861579,98
204,107,65.331075,97
204,108,47.338332,96
204,109,49.0466,95
204,110,43.401418,94
204,111,65.559729,93
204,112,78.26605,92
204,113,59.791668,91
204,114,41.962518,90
204,115,38.093554,89
204,116,44.614293,88
204,117,46.497343,87
204,118,46.512729,86
204,119,53.316014,85
204,120,57.998118,84
204,121,55.078539,83
204,122,44.217711,82
204,123,47.498082,81
204,124,73.196475,80
204,125,65.354957,79
204,126,56.026175,78
204,127,45.708243,77
204,128,46.5941945,76
204,129,44.856343,75
204,130,43.27675,74
204,131,42.091843,73
204,132,46.054482,72
204,133,49.747818,71
204,134,45.798543,70
204,135,41.700836,69
204,136,38.3577,68
204,137,49.654611,67
204,138,46.277507,66
204,139,45.573286,65
204,140,41.702686,64
204,141,35.555057,63
204,142,35.592779,62
204,143,38.974257,61
204,144,35.004457,60
204,145,29.853554,59
204,146,27.024057,58
204,147,32.425536,57
204,148,35.410557,56
204,149,33.852589,55
204,150,19.979518,54
204,151,13.168364,53
204,152,17.581357,52
204,153,34.843172,51
204,154,40.7404,50
204,155,31.979943,49
204,156,28.623007,48
204,157,27.989125,47
204,158,26.041879,46
204,159,11.926132,45
204,160,8.25655399999998,44
204,161,15.774561,43
204,162,20.520493,42
204,163,26.311482,41
204,164,42.061593,40
204,165,41.161304,39
204,166,34.938247,38
204,167,36.3829,37
204,168,31.376736,36
204,169,24.841421,35
204,170,25.723957,34
204,171,32.966168,33
204,172,27.663018,32
204,173,19.318447,31
204,174,23.776161,30
204,175,28.239468,29
204,176,29.39555,28
204,177,27.4567759,27
204,178,26.675861,26
204,179,17.634504,25
204,180,31.19005,24
204,181,28.715947,23
204,182,24.735821,22
204,183,21.629503,21
204,184,26.898479,20
204,185,24.1632006,19
204,186,16.524871,18
204,187,19.048454,17
204,188,19.486993,16
204,189,26.362436,15
204,190,23.477647,14
204,191,20.64005,13
204,192,21.297222,12
204,193,14.377011,11
204,194,18.231554,10
204,195,32.710332,9
204,196,30.445404,8
204,197,30.070707,7
204,198,27.793504,6
204,199,20.721361,5
204,200,8.56280699999999,4
204,201,9.78161799999998,3
204,202,9.39620000000002,2
204,203,5.61724300000002,1
205,1,65.265175,204
205,2,71.481156,203
205,3,96.115846,202
205,4,88.000675,201
205,5,86.021693,200
205,6,89.5765886,199
205,7,87.928315,198
205,8,101.427661,197
205,9,114.714293,196
205,10,100.215582,195
205,11,93.656363,194
205,12,104.228952,193
205,13,105.424443,192
205,14,93.818141,191
205,15,82.758486,190
205,16,85.382354,189
205,17,94.373382,188
205,18,85.874932,187
205,19,77.083832,186
205,20,82.757961,185
205,21,107.882157,184
205,22,107.551443,183
205,23,109.586228,182
205,24,102.261197,181
205,25,86.683575,180
205,26,97.037843,179
205,27,89.976728,178
205,28,88.800157,177
205,29,89.000452,176
205,30,88.0536728,175
205,31,92.494257,174
205,32,91.814036,173
205,33,87.435979,172
205,34,99.817577,171
205,35,87.705544,170
205,36,83.307814,169
205,37,77.307557,168
205,38,81.9677509,167
205,39,102.403643,166
205,40,98.899656,165
205,41,100.327338,164
205,42,91.259607,163
205,43,86.572382,162
205,44,76.752104,161
205,45,76.137229,160
205,46,89.270851,159
205,47,77.32989,158
205,48,59.008161,157
205,49,48.842418,156
205,50,83.179314,155
205,51,81.247138,154
205,52,85.904325,153
205,53,93.095704,152
205,54,87.395686,151
205,55,81.294475,150
205,56,78.538856,149
205,57,78.06135,148
205,58,69.500841,147
205,59,67.281155,146
205,60,82.808518,145
205,61,80.504054,144
205,62,92.995461,143
205,63,83.162225,142
205,64,67.9484,141
205,65,75.952322,140
205,66,94.991327,139
205,67,77.115257,138
205,68,79.648743,137
205,69,67.585452,136
205,70,77.748883,135
205,71,73.819318,134
205,72,69.006711,133
205,73,71.584765,132
205,74,72.511896,131
205,75,66.459232,130
205,76,60.381736,129
205,77,44.316682,128
205,78,62.578332,127
205,79,72.9447,126
205,80,65.778104,125
205,81,56.918843,124
205,82,72.89453,123
205,83,83.598672,122
205,84,84.901668,121
205,85,83.2955,120
205,86,82.687143,119
205,87,83.471461,118
205,88,79.162425,117
205,89,74.870889,116
205,90,83.835925,115
205,91,82.705229,114
205,92,73.753125,113
205,93,63.283114,112
205,94,52.2838,111
205,95,74.137882,110
205,96,67.373914,109
205,97,54.629503,108
205,98,74.426507,107
205,99,70.412896,106
205,100,56.714868,105
205,101,44.847101,104
205,102,52.348686,103
205,103,62.088782,102
205,104,53.730607,101
205,105,56.770068,100
205,106,66.900229,99
205,107,61.369725,98
205,108,44.127918,97
205,109,46.58605,96
205,110,39.440068,95
205,111,61.598379,94
205,112,74.3047,93
205,113,55.830318,92
205,114,38.001168,91
205,115,34.132204,90
205,116,40.652943,89
205,117,42.535993,88
205,118,42.551379,87
205,119,49.354664,86
205,120,54.036768,85
205,121,56.202489,84
205,122,40.256361,83
205,123,43.536732,82
205,124,69.235125,81
205,125,61.393607,80
205,126,52.064825,79
205,127,42.915507,78
205,128,47.7181445,77
205,129,40.894993,76
205,130,44.4007,75
205,131,43.215793,74
205,132,42.093132,73
205,133,45.786468,72
205,134,46.422807,71
205,135,39.909214,70
205,136,39.48165,69
205,137,45.693261,68
205,138,42.316157,67
205,139,46.697236,66
205,140,42.826636,65
205,141,36.679007,64
205,142,34.467271,63
205,143,35.012907,62
205,144,31.043107,61
205,145,27.893896,60
205,146,23.062707,59
205,147,28.464186,58
205,148,31.449207,57
205,149,29.891239,56
205,150,21.102932,55
205,151,14.292314,54
205,152,13.620007,53
205,153,30.881822,52
205,154,36.77905,51
205,155,33.103893,50
205,156,28.745843,49
205,157,29.113075,48
205,158,22.080529,47
205,159,12.300218,46
205,160,6.87979599999999,45
205,161,15.647889,44
205,162,18.478157,43
205,163,23.101068,42
205,164,38.100243,41
205,165,37.199954,40
205,166,31.145603,39
205,167,32.42155,38
205,168,30.918414,37
205,169,25.965371,36
205,170,26.847907,35
205,171,30.840082,34
205,172,23.701668,33
205,173,15.357097,32
205,174,19.814811,31
205,175,24.278118,30
205,176,25.4342,29
205,177,28.5807259,28
205,178,27.799811,27
205,179,17.008146,26
205,180,27.2287,25
205,181,24.754597,24
205,182,25.859771,23
205,183,22.753453,22
205,184,22.937129,21
205,185,25.2871506,20
205,186,17.648821,19
205,187,17.671696,18
205,188,16.861757,17
205,189,22.401086,16
205,190,19.685003,15
205,191,16.6787,14
205,192,17.335872,13
205,193,10.415661,12
205,194,17.357296,11
205,195,28.748982,10
205,196,26.484054,9
205,197,26.109357,8
205,198,23.832154,7
205,199,16.760011,6
205,200,9.686757,5
205,201,10.905568,4
205,202,8.27225,3
205,203,9.326807,2
205,204,3.96134999999999,1
206,1,58.2656759,205
206,2,65.6508069,204
206,3,90.2854969,203
206,4,80.9810759,202
206,5,80.1913439,201
206,6,73.2456377,200
206,7,82.0383359,199
206,8,95.5973119,198
206,9,108.8839439,197
206,10,94.3852329,196
206,11,81.5227879,195
206,12,98.3986029,194
206,13,99.5940939,193
206,14,82.2763099,192
206,15,75.4262649,191
206,16,79.5520049,190
206,17,88.5430329,189
206,18,77.0435189,188
206,19,71.2534829,187
206,20,76.9276119,186
206,21,102.0518079,185
206,22,101.7210939,184
206,23,103.7558789,183
206,24,94.9781539,182
206,25,75.5769759,181
206,26,91.2074939,180
206,27,76.7316229,179
206,28,76.8230939,178
206,29,79.9800989,177
206,30,71.7227219,176
206,31,86.6639079,175
206,32,75.4830851,174
206,33,81.6056299,173
206,34,93.9872279,172
206,35,76.3367069,171
206,36,76.3931369,170
206,37,67.8094939,169
206,38,65.6368,168
206,39,96.5732939,167
206,40,93.0693069,166
206,41,94.4969889,165
206,42,77.3060439,164
206,43,80.7420329,163
206,44,70.9217549,162
206,45,70.3068799,161
206,46,83.4405019,160
206,47,71.4995409,159
206,48,53.1778119,158
206,49,43.0120689,157
206,50,77.3489649,156
206,51,75.4167889,155
206,52,80.0739759,154
206,53,87.2653549,153
206,54,71.5075649,152
206,55,75.4641259,151
206,56,72.7085069,150
206,57,72.2310009,149
206,58,57.7848099,148
206,59,61.4508059,147
206,60,76.9781689,146
206,61,74.6737049,145
206,62,87.1651119,144
206,63,77.3318759,143
206,64,62.1180509,142
206,65,70.1219729,141
206,66,89.1609779,140
206,67,64.7830939,139
206,68,73.8183939,138
206,69,61.7551029,137
206,70,71.9185339,136
206,71,67.9889689,135
206,72,63.1763619,134
206,73,61.4335859,133
206,74,66.6815469,132
206,75,60.6288829,131
206,76,54.5513869,130
206,77,38.4863329,129
206,78,56.7479829,128
206,79,67.1143509,127
206,80,59.9477549,126
206,81,51.0884939,125
206,82,67.0641809,124
206,83,77.7683229,123
206,84,79.0713189,122
206,85,77.4651509,121
206,86,76.8567939,120
206,87,77.6411119,119
206,88,73.3320759,118
206,89,69.0405399,117
206,90,78.0055759,116
206,91,76.8748799,115
206,92,67.9227759,114
206,93,57.4527649,113
206,94,46.4534509,112
206,95,68.3075329,111
206,96,61.5435649,110
206,97,47.8800479,109
206,98,68.5961579,108
206,99,59.7467549,107
206,100,47.8823829,106
206,101,39.0167519,105
206,102,46.5183369,104
206,103,56.2584329,103
206,104,40.0651439,102
206,105,50.9397189,101
206,106,61.0698799,100
206,107,55.5393759,99
206,108,37.5466329,98
206,109,39.2549009,97
206,110,33.6097189,96
206,111,55.7680299,95
206,112,68.4743509,94
206,113,49.9999689,93
206,114,32.1708189,92
206,115,28.3018549,91
206,116,34.8225939,90
206,117,36.7056439,89
206,118,36.7210299,88
206,119,43.5243149,87
206,120,48.2064189,86
206,121,41.9546619,85
206,122,34.4260119,84
206,123,37.7063829,83
206,124,63.4047759,82
206,125,55.5632579,81
206,126,46.2344759,80
206,127,35.9165439,79
206,128,31.3871936,78
206,129,35.0646439,77
206,130,31.4013509,76
206,131,30.8825579,75
206,132,36.2627829,74
206,133,39.9561189,73
206,134,36.0068439,72
206,135,31.9091369,71
206,136,27.9831009,70
206,137,39.8629119,69
206,138,36.4858079,68
206,139,32.6985149,67
206,140,31.0791149,66
206,141,24.3468439,65
206,142,25.8010799,64
206,143,29.1825579,63
206,144,25.2127579,62
206,145,20.0618549,61
206,146,17.2323579,60
206,147,22.6338369,59
206,148,25.6188579,58
206,149,24.0608899,57
206,150,10.1878189,56
206,151,2.03863690000001,55
206,152,7.7923579,54
206,153,25.0514729,53
206,154,30.9487009,52
206,155,21.1056579,51
206,156,18.8313079,50
206,157,16.9478759,49
206,158,16.2501799,48
206,159,4.03073290000001,47
206,160,9.45115490000001,46
206,161,5.9828619,45
206,162,10.7287939,44
206,163,16.5197829,43
206,164,32.2698939,42
206,165,31.3696049,41
206,166,25.1465479,40
206,167,26.5912009,39
206,168,21.5850369,38
206,169,13.4667799,37
206,170,12.0166439,36
206,171,23.1744689,35
206,172,17.8713189,34
206,173,9.52674789999999,33
206,174,13.9844619,32
206,175,18.4477689,31
206,176,19.6038509,30
206,177,12.748925,29
206,178,13.7173399,28
206,179,7.8428049,27
206,180,21.3983509,26
206,181,18.9242479,25
206,182,11.1099799,24
206,183,9.67249789999999,23
206,184,17.1067799,22
206,185,8.95619969999998,21
206,186,6.06812989999998,20
206,187,9.2567549,19
206,188,9.6952939,18
206,189,16.5707369,17
206,190,13.6859479,16
206,191,10.8483509,15
206,192,14.1593229,14
206,193,10.0804119,13
206,194,8.4398549,12
206,195,22.9186329,11
206,196,20.6537049,10
206,197,20.2790079,9
206,198,18.0018049,8
206,199,10.9296619,7
206,200,6.64419390000001,6
206,201,5.42538290000001,5
206,202,24.6032009,4
206,203,20.8242439,3
206,204,15.2070009,2
206,205,16.3309509,1
207,1,52.670504,206
207,2,54.720827,205
207,3,79.355517,204
207,4,75.406004,203
207,5,71.051336,202
207,6,76.9819176,201
207,7,75.333644,200
207,8,84.667332,199
207,9,97.953964,198
207,10,83.455253,197
207,11,81.061692,196
207,12,87.468623,195
207,13,88.664114,194
207,14,81.22347,193
207,15,70.163815,192
207,16,70.206575,191
207,17,78.449347,190
207,18,73.280261,189
207,19,60.323503,188
207,20,66.581068,187
207,21,91.121828,186
207,22,94.581706,185
207,23,92.825899,184
207,24,89.666526,183
207,25,74.088904,182
207,26,80.277514,181
207,27,77.382057,180
207,28,76.205486,179
207,29,76.405781,178
207,30,75.4590018,177
207,31,77.484772,176
207,32,79.219365,175
207,33,70.67565,174
207,34,83.057248,173
207,35,75.110873,172
207,36,70.713143,171
207,37,64.712886,170
207,38,69.3730799,169
207,39,85.643314,168
207,40,83.669473,167
207,41,83.567009,166
207,42,78.664936,165
207,43,69.812053,164
207,44,59.991775,163
207,45,59.3769,162
207,46,72.510522,161
207,47,60.569561,160
207,48,42.247832,159
207,49,32.082089,158
207,50,66.418985,157
207,51,64.486809,156
207,52,69.143996,155
207,53,76.948425,154
207,54,74.801015,153
207,55,64.534146,152
207,56,61.778527,151
207,57,63.135079,150
207,58,56.90617,149
207,59,50.520826,148
207,60,66.048189,147
207,61,63.743725,146
207,62,76.235132,145
207,63,66.401896,144
207,64,51.188071,143
207,65,59.191993,142
207,66,78.230998,141
207,67,64.520586,140
207,68,62.888414,139
207,69,50.825123,138
207,70,60.988554,137
207,71,57.058989,136
207,72,52.246382,135
207,73,58.990094,134
207,74,57.888733,133
207,75,49.698903,132
207,76,43.621407,131
207,77,27.556353,130
207,78,45.818003,129
207,79,56.184371,128
207,80,49.017775,127
207,81,40.158514,126
207,82,56.134201,125
207,83,66.838343,124
207,84,68.141339,123
207,85,66.535171,122
207,86,68.065186,121
207,87,66.711132,120
207,88,62.402096,119
207,89,61.77814,118
207,90,67.075596,117
207,91,65.9449,116
207,92,57.409804,115
207,93,48.940815,114
207,94,35.523471,113
207,95,57.377553,112
207,96,50.613585,111
207,97,42.034832,110
207,98,57.666178,109
207,99,57.818225,108
207,100,44.120197,107
207,101,28.086772,106
207,102,35.588357,105
207,103,45.328453,104
207,104,41.135936,103
207,105,40.009739,102
207,106,50.1399,101
207,107,44.609396,100
207,108,31.533247,99
207,109,33.991379,98
207,110,22.679739,97
207,111,44.83805,96
207,112,57.544371,95
207,113,39.069989,94
207,114,22.323961,93
207,115,19.371825,92
207,116,23.892614,91
207,117,25.775664,90
207,118,25.79105,89
207,119,32.594335,88
207,120,37.276439,87
207,121,43.607818,86
207,122,25.747768,85
207,123,26.776403,84
207,124,52.474796,83
207,125,44.633278,82
207,126,35.304496,81
207,127,30.320836,80
207,128,35.1234735,79
207,129,27.385236,78
207,130,31.806029,77
207,131,30.621122,76
207,132,26.751997,75
207,133,31.777561,74
207,134,33.828136,73
207,135,27.314543,72
207,136,26.886979,71
207,137,28.932932,70
207,138,25.555828,69
207,139,34.102565,68
207,140,30.231965,67
207,141,24.084336,66
207,142,21.8726,65
207,143,18.252578,64
207,144,14.282778,63
207,145,15.299225,62
207,146,6.384922,61
207,147,11.703857,60
207,148,14.688878,59
207,149,13.13091,58
207,150,8.508261,57
207,151,10.218843,56
207,152,4.05607799999999,55
207,153,14.121493,54
207,154,20.018721,53
207,155,20.509222,52
207,156,16.151172,51
207,157,16.518404,50
207,158,6.98850000000001,49
207,159,8.795547,48
207,160,12.465125,47
207,161,4.94711799999999,46
207,162,5.88348599999999,45
207,163,10.506397,44
207,164,21.339914,43
207,165,20.439625,42
207,166,18.550932,41
207,167,15.661221,40
207,168,18.323743,39
207,169,13.3707,38
207,170,14.253236,37
207,171,18.245411,36
207,172,10.858561,35
207,173,2.348232,34
207,174,3.054482,33
207,175,7.51778900000001,32
207,176,8.67387100000001,31
207,177,15.9860549,30
207,178,15.20514,29
207,179,4.41347500000002,28
207,180,10.468371,27
207,181,9.997032,26
207,182,13.2651,25
207,183,10.158782,24
207,184,6.17680000000001,23
207,185,12.6924796,22
207,186,5.05414999999999,21
207,187,5.07702500000001,20
207,188,4.267086,19
207,189,5.64075699999999,18
207,190,7.090332,17
207,191,2.16782900000001,16
207,192,10.423043,15
207,193,6.34466799999999,14
207,194,4.76262500000001,13
207,195,11.988653,12
207,196,12.058675,11
207,197,9.349028,10
207,198,7.07182500000001,9
207,199,2.08348199999999,8
207,200,12.242086,7
207,201,13.272197,6
207,202,20.866921,5
207,203,26.087136,4
207,204,20.721679,3
207,205,16.760329,2
207,206,10.9299799,1
208,1,50.598439,207
208,2,54.899292,206
208,3,79.533982,205
208,4,73.333939,204
208,5,69.439829,203
208,6,74.9098526,202
208,7,73.261579,201
208,8,84.845797,200
208,9,98.132429,199
208,10,83.633718,198
208,11,78.989627,197
208,12,87.647088,196
208,13,88.842579,195
208,14,79.151405,194
208,15,68.09175,193
208,16,68.80049,192
208,17,77.791518,191
208,18,71.208196,190
208,19,60.501968,189
208,20,66.176097,188
208,21,91.300293,187
208,22,92.509641,186
208,23,93.004364,185
208,24,87.594461,184
208,25,72.016839,183
208,26,80.455979,182
208,27,75.309992,181
208,28,74.133421,180
208,29,74.333716,179
208,30,73.3869368,178
208,31,75.912393,177
208,32,77.1473,176
208,33,70.854115,175
208,34,83.235713,174
208,35,73.038808,173
208,36,68.641078,172
208,37,62.640821,171
208,38,67.3010149,170
208,39,85.821779,169
208,40,82.317792,168
208,41,83.745474,167
208,42,76.592871,166
208,43,69.990518,165
208,44,60.17024,164
208,45,59.555365,163
208,46,72.688987,162
208,47,60.748026,161
208,48,42.426297,160
208,49,32.260554,159
208,50,66.59745,158
208,51,64.665274,157
208,52,69.322461,156
208,53,76.51384,155
208,54,72.72895,154
208,55,64.712611,153
208,56,61.956992,152
208,57,61.479486,151
208,58,54.834105,150
208,59,50.699291,149
208,60,66.226654,148
208,61,63.92219,147
208,62,76.413597,146
208,63,66.580361,145
208,64,51.366536,144
208,65,59.370458,143
208,66,78.409463,142
208,67,62.448521,141
208,68,63.066879,140
208,69,51.003588,139
208,70,61.167019,138
208,71,57.237454,137
208,72,52.424847,136
208,73,56.918029,135
208,74,55.930032,134
208,75,49.877368,133
208,76,43.799872,132
208,77,27.734818,131
208,78,45.996468,130
208,79,56.362836,129
208,80,49.19624,128
208,81,40.336979,127
208,82,56.312666,126
208,83,67.016808,125
208,84,68.319804,124
208,85,66.713636,123
208,86,66.105279,122
208,87,66.889597,121
208,88,62.580561,120
208,89,59.706075,119
208,90,67.254061,118
208,91,66.123365,117
208,92,57.171261,116
208,93,46.86875,115
208,94,35.701936,114
208,95,57.556018,113
208,96,50.79205,112
208,97,39.962767,111
208,98,57.844643,110
208,99,55.74616,109
208,100,42.048132,108
208,101,28.265237,107
208,102,35.766822,106
208,103,45.506918,105
208,104,39.063871,104
208,105,40.188204,103
208,106,50.318365,102
208,107,44.787861,101
208,108,29.461182,100
208,109,31.919314,99
208,110,22.858204,98
208,111,45.016515,97
208,112,57.722836,96
208,113,39.248454,95
208,114,21.419304,94
208,115,17.55034,93
208,116,24.071079,92
208,117,25.954129,91
208,118,25.969515,90
208,119,32.7728,89
208,120,37.454904,88
208,121,41.535753,87
208,122,23.675703,86
208,123,26.954868,85
208,124,52.653261,84
208,125,44.811743,83
208,126,35.482961,82
208,127,28.248771,81
208,128,33.0514085,80
208,129,25.313171,79
208,130,29.733964,78
208,131,28.549057,77
208,132,25.511268,76
208,133,29.705496,75
208,134,31.756071,74
208,135,25.242478,73
208,136,24.814914,72
208,137,29.111397,71
208,138,25.734293,70
208,139,32.0305,69
208,140,28.1599,68
208,141,22.012271,67
208,142,19.800535,66
208,143,18.431043,65
208,144,14.461243,64
208,145,13.22716,63
208,146,6.48084299999999,62
208,147,11.882322,61
208,148,14.867343,60
208,149,13.309375,59
208,150,6.43619599999999,58
208,151,10.040378,57
208,152,6.128143,56
208,153,14.299958,55
208,154,20.197186,54
208,155,18.437157,53
208,156,14.079107,52
208,157,14.446339,51
208,158,5.498665,50
208,159,8.61708200000001,49
208,160,12.28666,48
208,161,4.768653,47
208,162,3.81142099999998,46
208,163,8.43433199999998,45
208,164,21.518379,44
208,165,20.61809,43
208,166,16.478867,42
208,167,15.839686,41
208,168,16.251678,40
208,169,11.298635,39
208,170,12.181171,38
208,171,16.173346,37
208,172,8.78649599999999,36
208,173,1.22476700000001,35
208,174,4.18274700000001,34
208,175,7.696254,33
208,176,8.852336,32
208,177,13.9139899,31
208,178,13.133075,30
208,179,2.90870999999999,29
208,180,10.646836,28
208,181,8.172733,27
208,182,11.193035,26
208,183,8.08671699999999,25
208,184,6.355265,24
208,185,10.6204146,23
208,186,4.68338500000001,22
208,187,3.00496,21
208,188,2.19502099999999,20
208,189,5.81922199999998,19
208,190,5.01826699999999,18
208,191,0.0968360000000015,17
208,192,12.495108,16
208,193,8.416197,15
208,194,2.69056,14
208,195,12.167118,13
208,196,9.98660999999999,12
208,197,9.52749299999999,11
208,198,7.25029,10
208,199,4.155547,9
208,200,12.063621,8
208,201,13.093732,7
208,202,22.938986,6
208,203,25.908671,5
208,204,20.543214,4
208,205,16.581864,3
208,206,10.7515149,2
208,207,2.07206500000001,1
209,1,57.649461,208
209,2,62.61817,207
209,3,87.25286,206
209,4,80.384961,205
209,5,77.158707,204
209,6,81.9608746,203
209,7,80.312601,202
209,8,92.564675,201
209,9,105.851307,200
209,10,91.352596,199
209,11,86.040649,198
209,12,95.365966,197
209,13,96.561457,196
209,14,86.202427,195
209,15,75.142772,194
209,16,76.519368,193
209,17,85.510396,192
209,18,78.259218,191
209,19,68.220846,190
209,20,73.894975,189
209,21,99.019171,188
209,22,99.560663,187
209,23,100.723242,186
209,24,94.645483,185
209,25,79.067861,184
209,26,88.174857,183
209,27,82.361014,182
209,28,81.184443,181
209,29,81.384738,180
209,30,80.4379588,179
209,31,83.631271,178
209,32,84.198322,177
209,33,78.572993,176
209,34,90.954591,175
209,35,80.08983,174
209,36,75.6921,173
209,37,69.691843,172
209,38,74.3520369,171
209,39,93.540657,170
209,40,90.03667,169
209,41,91.464352,168
209,42,83.643893,167
209,43,77.709396,166
209,44,67.889118,165
209,45,67.274243,164
209,46,80.407865,163
209,47,68.466904,162
209,48,50.145175,161
209,49,39.979432,160
209,50,74.316328,159
209,51,72.384152,158
209,52,77.041339,157
209,53,84.232718,156
209,54,79.779972,155
209,55,72.431489,154
209,56,69.67587,153
209,57,69.198364,152
209,58,61.885127,151
209,59,58.418169,150
209,60,73.945532,149
209,61,71.641068,148
209,62,84.132475,147
209,63,74.299239,146
209,64,59.085414,145
209,65,67.089336,144
209,66,86.128341,143
209,67,69.499543,142
209,68,70.785757,141
209,69,58.722466,140
209,70,68.885897,139
209,71,64.956332,138
209,72,60.143725,137
209,73,63.969051,136
209,74,63.64891,135
209,75,57.596246,134
209,76,51.51875,133
209,77,35.453696,132
209,78,53.715346,131
209,79,64.081714,130
209,80,56.915118,129
209,81,48.055857,128
209,82,64.031544,127
209,83,74.735686,126
209,84,76.038682,125
209,85,74.432514,124
209,86,73.824157,123
209,87,74.608475,122
209,88,70.299439,121
209,89,66.757097,120
209,90,74.972939,119
209,91,73.842243,118
209,92,64.890139,117
209,93,54.420128,116
209,94,43.420814,115
209,95,65.274896,114
209,96,58.510928,113
209,97,47.013789,112
209,98,65.563521,111
209,99,62.797182,110
209,100,49.099154,109
209,101,35.984115,108
209,102,43.4857,107
209,103,53.225796,106
209,104,46.114893,105
209,105,47.907082,104
209,106,58.037243,103
209,107,52.506739,102
209,108,36.512204,101
209,109,38.970336,100
209,110,30.577082,99
209,111,52.735393,98
209,112,65.441714,97
209,113,46.967332,96
209,114,29.138182,95
209,115,25.269218,94
209,116,31.789957,93
209,117,33.673007,92
209,118,33.688393,91
209,119,40.491678,90
209,120,45.173782,89
209,121,48.586775,88
209,122,31.393375,87
209,123,34.673746,86
209,124,60.372139,85
209,125,52.530621,84
209,126,43.201839,83
209,127,35.299793,82
209,128,40.1024305,81
209,129,32.364193,80
209,130,36.784986,79
209,131,35.600079,78
209,132,33.230146,77
209,133,36.923482,76
209,134,38.807093,75
209,135,32.2935,74
209,136,31.865936,73
209,137,36.830275,72
209,138,33.453171,71
209,139,39.081522,70
209,140,35.210922,69
209,141,29.063293,68
209,142,26.851557,67
209,143,26.149921,66
209,144,22.180121,65
209,145,20.278182,64
209,146,14.199721,63
209,147,19.6012,62
209,148,22.586221,61
209,149,21.028253,60
209,150,13.487218,59
209,151,6.67659999999998,58
209,152,4.75702099999999,57
209,153,22.018836,56
209,154,27.916064,55
209,155,25.488179,54
209,156,21.130129,53
209,157,21.497361,52
209,158,13.217543,51
209,159,4.68450399999998,50
209,160,4.56778200000002,49
209,161,8.03217499999999,48
209,162,10.862443,47
209,163,15.485354,46
209,164,29.237257,45
209,165,28.336968,44
209,166,23.529889,43
209,167,23.558564,42
209,168,23.3027,41
209,169,18.349657,40
209,170,19.232193,39
209,171,23.224368,38
209,172,15.837518,37
209,173,7.32718899999998,36
209,174,10.951825,35
209,175,15.415132,34
209,176,16.571214,33
209,177,20.9650119,32
209,178,20.184097,31
209,179,9.392432,30
209,180,18.365714,29
209,181,15.891611,28
209,182,18.244057,27
209,183,15.137739,26
209,184,14.074143,25
209,185,17.6714366,24
209,186,10.033107,23
209,187,10.055982,22
209,188,9.24604299999999,21
209,189,13.5381,20
209,190,12.069289,19
209,191,7.815714,18
209,192,8.47288599999999,17
209,193,1.552675,16
209,194,9.741582,15
209,195,19.885996,14
209,196,17.621068,13
209,197,17.246371,12
209,198,14.969168,11
209,199,7.89702499999999,10
209,200,4.34474300000001,9
209,201,5.37485400000001,8
209,202,15.887964,7
209,203,18.189793,6
209,204,12.824336,5
209,205,8.86298600000001,4
209,206,8.7152369,3
209,207,7.89734299999999,2
209,208,7.71887799999999,1
210,1,64.268664,209
210,2,69.819067,208
210,3,94.453757,207
210,4,87.004164,206
210,5,84.359604,205
210,6,88.5800776,204
210,7,86.931804,203
210,8,99.765572,202
210,9,113.052204,201
210,10,98.553493,200
210,11,92.659852,199
210,12,102.566863,198
210,13,103.762354,197
210,14,92.82163,196
210,15,81.761975,195
210,16,83.720265,194
210,17,92.711293,193
210,18,84.878421,192
210,19,75.421743,191
210,20,81.095872,190
210,21,106.220068,189
210,22,106.179866,188
210,23,107.924139,187
210,24,101.264686,186
210,25,85.687064,185
210,26,95.375754,184
210,27,88.980217,183
210,28,87.803646,182
210,29,88.003941,181
210,30,87.0571618,180
210,31,90.832168,179
210,32,90.817525,178
210,33,85.77389,177
210,34,98.155488,176
210,35,86.709033,175
210,36,82.311303,174
210,37,76.311046,173
210,38,80.9712399,172
210,39,100.741554,171
210,40,97.237567,170
210,41,98.665249,169
210,42,90.263096,168
210,43,84.910293,167
210,44,75.090015,166
210,45,74.47514,165
210,46,87.608762,164
210,47,75.667801,163
210,48,57.346072,162
210,49,47.180329,161
210,50,81.517225,160
210,51,79.585049,159
210,52,84.242236,158
210,53,91.433615,157
210,54,86.399175,156
210,55,79.632386,155
210,56,76.876767,154
210,57,76.399261,153
210,58,68.50433,152
210,59,65.619066,151
210,60,81.146429,150
210,61,78.841965,149
210,62,91.333372,148
210,63,81.500136,147
210,64,66.286311,146
210,65,74.290233,145
210,66,93.329238,144
210,67,76.118746,143
210,68,77.986654,142
210,69,65.923363,141
210,70,76.086794,140
210,71,72.157229,139
210,72,67.344622,138
210,73,70.588254,137
210,74,70.849807,136
210,75,64.797143,135
210,76,58.719647,134
210,77,42.654593,133
210,78,60.916243,132
210,79,71.282611,131
210,80,64.116015,130
210,81,55.256754,129
210,82,71.232441,128
210,83,81.936583,127
210,84,83.239579,126
210,85,81.633411,125
210,86,81.025054,124
210,87,81.809372,123
210,88,77.500336,122
210,89,73.3763,121
210,90,82.173836,120
210,91,81.04314,119
210,92,72.091036,118
210,93,61.621025,117
210,94,50.621711,116
210,95,72.475793,115
210,96,65.711825,114
210,97,53.632992,113
210,98,72.764418,112
210,99,69.416385,111
210,100,55.718357,110
210,101,43.185012,109
210,102,50.686597,108
210,103,60.426693,107
210,104,52.734096,106
210,105,55.107979,105
210,106,65.23814,104
210,107,59.707636,103
210,108,43.131407,102
210,109,45.589539,101
210,110,37.777979,100
210,111,59.93629,99
210,112,72.642611,98
210,113,54.168229,97
210,114,36.339079,96
210,115,32.470115,95
210,116,38.990854,94
210,117,40.873904,93
210,118,40.88929,92
210,119,47.692575,91
210,120,52.374679,90
210,121,55.205978,89
210,122,38.594272,88
210,123,41.874643,87
210,124,67.573036,86
210,125,59.731518,85
210,126,50.402736,84
210,127,41.918996,83
210,128,46.7216335,82
210,129,39.232904,81
210,130,43.404189,80
210,131,42.219282,79
210,132,40.431043,78
210,133,44.124379,77
210,134,45.426296,76
210,135,38.912703,75
210,136,38.485139,74
210,137,44.031172,73
210,138,40.654068,72
210,139,45.700725,71
210,140,41.830125,70
210,141,35.682496,69
210,142,33.47076,68
210,143,33.350818,67
210,144,29.381018,66
210,145,26.897385,65
210,146,21.400618,64
210,147,26.802097,63
210,148,29.787118,62
210,149,28.22915,61
210,150,20.106421,60
210,151,13.295803,59
210,152,11.957918,58
210,153,29.219733,57
210,154,35.116961,56
210,155,32.107382,55
210,156,27.749332,54
210,157,28.116564,53
210,158,20.41844,52
210,159,11.303707,51
210,160,5.88328499999999,50
210,161,14.651378,49
210,162,17.481646,48
210,163,22.104557,47
210,164,36.438154,46
210,165,35.537865,45
210,166,30.149092,44
210,167,30.759461,43
210,168,29.921903,42
210,169,24.96886,41
210,170,25.851396,40
210,171,29.843571,39
210,172,22.456721,38
210,173,13.946392,37
210,174,18.152722,36
210,175,22.616029,35
210,176,23.772111,34
210,177,27.5842149,33
210,178,26.8033,32
210,179,16.011635,31
210,180,25.566611,30
210,181,23.092508,29
210,182,24.86326,28
210,183,21.756942,27
210,184,21.27504,26
210,185,24.2906396,25
210,186,16.65231,24
210,187,16.675185,23
210,188,15.865246,22
210,189,20.738997,21
210,190,18.688492,20
210,191,15.016611,19
210,192,15.673783,18
210,193,8.75357200000001,17
210,194,16.360785,16
210,195,27.086893,15
210,196,24.821965,14
210,197,24.447268,13
210,198,22.170065,12
210,199,15.097922,11
210,200,8.69024599999999,10
210,201,9.90905699999999,9
210,202,9.26876100000001,8
210,203,10.988896,7
210,204,5.62343899999999,6
210,205,1.662089,5
210,206,15.3344399,4
210,207,15.09824,3
210,208,14.919775,2
210,209,7.20089700000001,1
211,1,55.278897,210
211,2,61.579834,209
211,3,86.214524,208
211,4,78.014397,207
211,5,76.120371,206
211,6,79.5903106,205
211,7,77.967363,204
211,8,91.526339,203
211,9,104.812971,202
211,10,90.31426,201
211,11,83.670085,200
211,12,94.32763,199
211,13,95.523121,198
211,14,83.831863,197
211,15,72.772208,196
211,16,75.481032,195
211,17,84.47206,194
211,18,75.888654,193
211,19,67.18251,192
211,20,72.856639,191
211,21,97.980835,190
211,22,97.650121,189
211,23,99.684906,188
211,24,92.274919,187
211,25,76.697297,186
211,26,87.136521,185
211,27,79.99045,184
211,28,78.813879,183
211,29,79.014174,182
211,30,78.0673948,181
211,31,82.592935,180
211,32,81.827758,179
211,33,77.534657,178
211,34,89.916255,177
211,35,77.719266,176
211,36,73.321536,175
211,37,67.321279,174
211,38,71.9814729,173
211,39,92.502321,172
211,40,88.998334,171
211,41,90.426016,170
211,42,81.273329,169
211,43,76.67106,168
211,44,66.850782,167
211,45,66.235907,166
211,46,79.369529,165
211,47,67.428568,164
211,48,49.106839,163
211,49,38.941096,162
211,50,73.277992,161
211,51,71.345816,160
211,52,76.003003,159
211,53,83.194382,158
211,54,77.409408,157
211,55,71.393153,156
211,56,68.637534,155
211,57,68.160028,154
211,58,59.514563,153
211,59,57.379833,152
211,60,72.907196,151
211,61,70.602732,150
211,62,83.094139,149
211,63,73.260903,148
211,64,58.047078,147
211,65,66.051,146
211,66,85.090005,145
211,67,67.128979,144
211,68,69.747421,143
211,69,57.68413,142
211,70,67.847561,141
211,71,63.917996,140
211,72,59.105389,139
211,73,61.598487,138
211,74,62.610574,137
211,75,56.55791,136
211,76,50.480414,135
211,77,34.41536,134
211,78,52.67701,133
211,79,63.043378,132
211,80,55.876782,131
211,81,47.017521,130
211,82,62.993208,129
211,83,73.69735,128
211,84,75.000346,127
211,85,73.394178,126
211,86,72.785821,125
211,87,73.570139,124
211,88,69.261103,123
211,89,64.969567,122
211,90,73.934603,121
211,91,72.803907,120
211,92,63.851803,119
211,93,53.381792,118
211,94,42.382478,117
211,95,64.23656,116
211,96,57.472592,115
211,97,44.643225,114
211,98,64.525185,113
211,99,60.426618,112
211,100,46.72859,111
211,101,34.945779,110
211,102,42.447364,109
211,103,52.18746,108
211,104,43.744329,107
211,105,46.868746,106
211,106,56.998907,105
211,107,51.468403,104
211,108,34.14164,103
211,109,36.599772,102
211,110,29.538746,101
211,111,51.697057,100
211,112,64.403378,99
211,113,45.928996,98
211,114,28.099846,97
211,115,24.230882,96
211,116,30.751621,95
211,117,32.634671,94
211,118,32.650057,93
211,119,39.453342,92
211,120,44.135446,91
211,121,46.216211,90
211,122,30.355039,89
211,123,33.63541,88
211,124,59.333803,87
211,125,51.492285,86
211,126,42.163503,85
211,127,32.929229,84
211,128,37.7318665,83
211,129,30.993671,82
211,130,34.414422,81
211,131,33.229515,80
211,132,32.19181,79
211,133,35.885146,78
211,134,36.436529,77
211,135,29.922936,76
211,136,29.495372,75
211,137,35.791939,74
211,138,32.414835,73
211,139,36.710958,72
211,140,32.840358,71
211,141,26.692729,70
211,142,24.480993,69
211,143,25.111585,68
211,144,21.141785,67
211,145,17.907618,66
211,146,13.161385,65
211,147,18.562864,64
211,148,21.547885,63
211,149,19.989917,62
211,150,11.116654,61
211,151,4.306036,60
211,152,3.71868500000001,59
211,153,20.9805,58
211,154,26.877728,57
211,155,23.117615,56
211,156,18.759565,55
211,157,19.126797,54
211,158,12.179207,53
211,159,2.31394,52
211,160,5.606118,51
211,161,5.661611,50
211,162,8.49187899999999,49
211,163,13.11479,48
211,164,28.198921,47
211,165,27.298632,46
211,166,21.159325,45
211,167,22.520228,44
211,168,20.932136,43
211,169,15.979093,42
211,170,16.861629,41
211,171,20.853804,40
211,172,13.800346,39
211,173,5.455775,38
211,174,9.913489,37
211,175,14.376796,36
211,176,15.532878,35
211,177,18.5944479,34
211,178,17.813533,33
211,179,7.02186800000002,32
211,180,17.327378,31
211,181,14.853275,30
211,182,15.873493,29
211,183,12.767175,28
211,184,13.035807,27
211,185,15.3008726,26
211,186,7.66254299999999,25
211,187,7.68541800000001,24
211,188,6.875479,23
211,189,12.499764,22
211,190,9.698725,21
211,191,6.77737800000001,20
211,192,7.81465,19
211,193,3.73573899999999,18
211,194,7.37101800000001,17
211,195,18.84766,16
211,196,16.582732,15
211,197,16.208035,14
211,198,13.930832,13
211,199,6.85868900000001,12
211,200,5.383079,11
211,201,6.41319,10
211,202,18.258528,9
211,203,19.228129,8
211,204,13.862672,7
211,205,9.986278,6
211,206,6.34467290000001,5
211,207,6.859007,4
211,208,6.68054200000001,3
211,209,2.37056399999999,2
211,210,8.98976699999999,1
212,1,55.218239,211
212,2,62.018192,210
212,3,86.652882,209
212,4,77.953739,208
212,5,76.558729,207
212,6,79.5296526,206
212,7,78.405721,205
212,8,91.964697,204
212,9,105.251329,203
212,10,90.752618,202
212,11,83.609427,201
212,12,94.765988,200
212,13,95.961479,199
212,14,83.771205,198
212,15,72.71155,197
212,16,75.91939,196
212,17,84.910418,195
212,18,75.827996,194
212,19,67.620868,193
212,20,73.294997,192
212,21,98.419193,191
212,22,98.088479,190
212,23,100.123264,189
212,24,92.214261,188
212,25,76.636639,187
212,26,87.574879,186
212,27,79.929792,185
212,28,78.753221,184
212,29,78.953516,183
212,30,78.0067368,182
212,31,83.031293,181
212,32,81.7671,180
212,33,77.973015,179
212,34,90.354613,178
212,35,77.658608,177
212,36,73.260878,176
212,37,67.260621,175
212,38,71.9208149,174
212,39,92.940679,173
212,40,89.436692,172
212,41,90.864374,171
212,42,81.212671,170
212,43,77.109418,169
212,44,67.28914,168
212,45,66.674265,167
212,46,79.807887,166
212,47,67.866926,165
212,48,49.545197,164
212,49,39.379454,163
212,50,73.71635,162
212,51,71.784174,161
212,52,76.441361,160
212,53,83.63274,159
212,54,77.34875,158
212,55,71.831511,157
212,56,69.075892,156
212,57,68.598386,155
212,58,59.453905,154
212,59,57.818191,153
212,60,73.345554,152
212,61,71.04109,151
212,62,83.532497,150
212,63,73.699261,149
212,64,58.485436,148
212,65,66.489358,147
212,66,85.528363,146
212,67,67.068321,145
212,68,70.185779,144
212,69,58.122488,143
212,70,68.285919,142
212,71,64.356354,141
212,72,59.543747,140
212,73,61.537829,139
212,74,63.048932,138
212,75,56.996268,137
212,76,50.918772,136
212,77,34.853718,135
212,78,53.115368,134
212,79,63.481736,133
212,80,56.31514,132
212,81,47.455879,131
212,82,63.431566,130
212,83,74.135708,129
212,84,75.438704,128
212,85,73.832536,127
212,86,73.224179,126
212,87,74.008497,125
212,88,69.699461,124
212,89,65.407925,123
212,90,74.372961,122
212,91,73.242265,121
212,92,64.290161,120
212,93,53.82015,119
212,94,42.820836,118
212,95,64.674918,117
212,96,57.91095,116
212,97,44.582567,115
212,98,64.963543,114
212,99,60.36596,113
212,100,46.667932,112
212,101,35.384137,111
212,102,42.885722,110
212,103,52.625818,109
212,104,43.683671,108
212,105,47.307104,107
212,106,57.437265,106
212,107,51.906761,105
212,108,34.080982,104
212,109,36.539114,103
212,110,29.977104,102
212,111,52.135415,101
212,112,64.841736,100
212,113,46.367354,99
212,114,28.538204,98
212,115,24.66924,97
212,116,31.189979,96
212,117,33.073029,95
212,118,33.088415,94
212,119,39.8917,93
212,120,44.573804,92
212,121,46.155553,91
212,122,30.793397,90
212,123,34.073768,89
212,124,59.772161,88
212,125,51.930643,87
212,126,42.601861,86
212,127,32.868571,85
212,128,37.6712085,84
212,129,31.432029,83
212,130,34.353764,82
212,131,33.168857,81
212,132,32.630168,80
212,133,36.323504,79
212,134,36.375871,78
212,135,29.862278,77
212,136,29.434714,76
212,137,36.230297,75
212,138,32.853193,74
212,139,36.6503,73
212,140,32.7797,72
212,141,26.632071,71
212,142,24.420335,70
212,143,25.549943,69
212,144,21.580143,68
212,145,17.84696,67
212,146,13.599743,66
212,147,19.001222,65
212,148,21.986243,64
212,149,20.428275,63
212,150,11.055996,62
212,151,4.245378,61
212,152,4.15704300000001,60
212,153,21.418858,59
212,154,27.316086,58
212,155,23.056957,57
212,156,18.698907,56
212,157,19.066139,55
212,158,12.617565,54
212,159,2.253282,53
212,160,5.16776,52
212,161,5.60095300000001,51
212,162,8.43122099999999,50
212,163,13.054132,49
212,164,28.637279,48
212,165,27.73699,47
212,166,21.513933,46
212,167,22.958586,45
212,168,20.871478,44
212,169,15.918435,43
212,170,16.800971,42
212,171,20.793146,41
212,172,14.238704,40
212,173,5.894133,39
212,174,10.351847,38
212,175,14.815154,37
212,176,15.971236,36
212,177,18.5337899,35
212,178,17.752875,34
212,179,6.96121000000002,33
212,180,17.765736,32
212,181,15.291633,31
212,182,15.812835,30
212,183,12.706517,29
212,184,13.474165,28
212,185,15.2402146,27
212,186,7.60188499999999,26
212,187,7.62476000000001,25
212,188,6.814821,24
212,189,12.938122,23
212,190,10.053333,22
212,191,7.21573600000001,21
212,192,7.875308,20
212,193,3.79639699999998,19
212,194,7.31036000000001,18
212,195,19.286018,17
212,196,17.02109,16
212,197,16.646393,15
212,198,14.36919,14
212,199,7.29704700000001,13
212,200,4.94472099999999,12
212,201,5.97483199999999,11
212,202,18.319186,10
212,203,18.789771,9
212,204,13.424314,8
212,205,10.046936,7
212,206,6.28401490000001,6
212,207,7.297365,5
212,208,7.11890000000001,4
212,209,2.43122199999999,3
212,210,9.05042499999999,2
212,211,0.438358000000003,1
213,1,51.199893,212
213,2,58.585024,211
213,3,83.219714,210
213,4,73.915293,209
213,5,73.125561,208
213,6,75.0116206,207
213,7,74.972553,206
213,8,88.531529,205
213,9,101.818161,204
213,10,87.31945,203
213,11,79.091395,202
213,12,91.33282,201
213,13,92.528311,200
213,14,79.253173,199
213,15,68.360482,198
213,16,72.486222,197
213,17,81.47725,196
213,18,71.309964,195
213,19,64.1877,194
213,20,69.861829,193
213,21,94.986025,192
213,22,94.655311,191
213,23,96.690096,190
213,24,87.912371,189
213,25,72.118607,188
213,26,84.141711,187
213,27,75.41176,186
213,28,74.235189,185
213,29,74.435484,184
213,30,73.4887048,183
213,31,79.598125,182
213,32,77.249068,181
213,33,74.539847,180
213,34,86.921445,179
213,35,73.140576,178
213,36,69.327354,177
213,37,62.742589,176
213,38,67.4027829,175
213,39,89.507511,174
213,40,86.003524,173
213,41,87.431206,172
213,42,76.694639,171
213,43,73.67625,170
213,44,63.855972,169
213,45,63.241097,168
213,46,76.374719,167
213,47,64.433758,166
213,48,46.112029,165
213,49,35.946286,164
213,50,70.283182,163
213,51,68.351006,162
213,52,73.008193,161
213,53,80.199572,160
213,54,72.830718,159
213,55,68.398343,158
213,56,65.642724,157
213,57,65.165218,156
213,58,54.935873,155
213,59,54.385023,154
213,60,69.912386,153
213,61,67.607922,152
213,62,80.099329,151
213,63,70.266093,150
213,64,55.052268,149
213,65,63.05619,148
213,66,82.095195,147
213,67,62.550289,146
213,68,66.752611,145
213,69,54.68932,144
213,70,64.852751,143
213,71,60.923186,142
213,72,56.110579,141
213,73,57.019797,140
213,74,59.615764,139
213,75,53.5631,138
213,76,47.485604,137
213,77,31.42055,136
213,78,49.6822,135
213,79,60.048568,134
213,80,52.881972,133
213,81,44.022711,132
213,82,59.998398,131
213,83,70.70254,130
213,84,72.005536,129
213,85,70.399368,128
213,86,69.791011,127
213,87,70.575329,126
213,88,66.266293,125
213,89,61.974757,124
213,90,70.939793,123
213,91,69.809097,122
213,92,60.856993,121
213,93,50.386982,120
213,94,39.387668,119
213,95,61.24175,118
213,96,54.477782,117
213,97,40.814265,116
213,98,61.530375,115
213,99,55.847928,114
213,100,42.1499,113
213,101,31.950969,112
213,102,39.452554,111
213,103,49.19265,110
213,104,39.165639,109
213,105,43.873936,108
213,106,54.004097,107
213,107,48.473593,106
213,108,30.48085,105
213,109,32.189118,104
213,110,26.543936,103
213,111,48.702247,102
213,112,61.408568,101
213,113,42.934186,100
213,114,25.105036,99
213,115,21.236072,98
213,116,27.756811,97
213,117,29.639861,96
213,118,29.655247,95
213,119,36.458532,94
213,120,41.140636,93
213,121,41.637521,92
213,122,27.360229,91
213,123,30.6406,90
213,124,56.338993,89
213,125,48.497475,88
213,126,39.168693,87
213,127,28.850761,86
213,128,33.1531765,85
213,129,27.998861,84
213,130,29.835732,83
213,131,28.650825,82
213,132,29.197,81
213,133,32.890336,80
213,134,31.857839,79
213,135,25.344246,78
213,136,24.916682,77
213,137,32.797129,76
213,138,29.420025,75
213,139,32.132268,74
213,140,28.261668,73
213,141,22.114039,72
213,142,19.902303,71
213,143,22.116775,70
213,144,18.146975,69
213,145,13.328928,68
213,146,10.166575,67
213,147,15.568054,66
213,148,18.553075,65
213,149,16.995107,64
213,150,6.537964,63
213,151,6.35464600000001,62
213,152,6.026375,61
213,153,17.98569,60
213,154,23.882918,59
213,155,18.538925,58
213,156,14.180875,57
213,157,14.548107,56
213,158,9.184397,55
213,159,4.93135000000001,54
213,160,8.60092800000001,53
213,161,1.082921,52
213,162,3.91318899999999,51
213,163,9.45399999999998,50
213,164,25.204111,49
213,165,24.303822,48
213,166,18.080765,47
213,167,19.525418,46
213,168,16.353446,45
213,169,11.400403,44
213,170,12.282939,43
213,171,16.275114,42
213,172,10.805536,41
213,173,2.46096499999999,40
213,174,6.91867899999999,39
213,175,11.381986,38
213,176,12.538068,37
213,177,14.0157579,36
213,178,13.234843,35
213,179,2.44317800000001,34
213,180,14.332568,33
213,181,11.858465,32
213,182,11.294803,31
213,183,8.188485,30
213,184,10.040997,29
213,185,10.7221826,28
213,186,3.08385299999999,27
213,187,3.106728,26
213,188,2.629511,25
213,189,9.50495399999998,24
213,190,6.62016499999999,23
213,191,3.782568,22
213,192,12.39334,21
213,193,8.31442899999999,20
213,194,2.792328,19
213,195,15.85285,18
213,196,13.587922,17
213,197,13.213225,16
213,198,10.936022,15
213,199,4.053779,14
213,200,8.377889,13
213,201,9.408,12
213,202,22.837218,11
213,203,22.222939,10
213,204,16.857482,9
213,205,14.564968,8
213,206,7.06578289999999,7
213,207,3.86419699999999,6
213,208,3.685732,5
213,209,6.94925399999999,4
213,210,13.568457,3
213,211,4.57869000000001,2
213,212,4.51803200000001,1
214,1,54.558968,213
214,2,55.859963,212
214,3,80.494653,211
214,4,77.294468,210
214,5,72.9398,209
214,6,78.8703816,208
214,7,77.222108,207
214,8,85.806468,206
214,9,99.0931,205
214,10,84.594389,204
214,11,82.950156,203
214,12,88.607759,202
214,13,89.80325,201
214,14,83.111934,200
214,15,72.052279,199
214,16,72.095039,198
214,17,80.337811,197
214,18,75.168725,196
214,19,61.462639,195
214,20,68.469532,194
214,21,92.260964,193
214,22,96.47017,192
214,23,93.965035,191
214,24,91.55499,190
214,25,75.977368,189
214,26,81.41665,188
214,27,79.270521,187
214,28,78.09395,186
214,29,78.294245,185
214,30,77.3474658,184
214,31,79.373236,183
214,32,81.107829,182
214,33,71.814786,181
214,34,84.196384,180
214,35,76.999337,179
214,36,72.601607,178
214,37,66.60135,177
214,38,71.2615439,176
214,39,86.78245,175
214,40,85.557937,174
214,41,84.706145,173
214,42,80.5534,172
214,43,71.283911,171
214,44,61.130911,170
214,45,60.516036,169
214,46,73.649658,168
214,47,61.708697,167
214,48,43.386968,166
214,49,33.221225,165
214,50,67.558121,164
214,51,65.625945,163
214,52,70.283132,162
214,53,78.836889,161
214,54,76.689479,160
214,55,65.673282,159
214,56,62.917663,158
214,57,65.023543,157
214,58,58.794634,156
214,59,51.659962,155
214,60,67.187325,154
214,61,64.882861,153
214,62,77.374268,152
214,63,67.876568,151
214,64,52.327207,150
214,65,60.331129,149
214,66,79.370134,148
214,67,66.40905,147
214,68,64.02755,146
214,69,51.964259,145
214,70,62.12769,144
214,71,58.198125,143
214,72,53.385518,142
214,73,60.878558,141
214,74,59.777197,140
214,75,51.204261,139
214,76,44.760543,138
214,77,28.695489,137
214,78,46.957139,136
214,79,57.323507,135
214,80,50.156911,134
214,81,41.29765,133
214,82,57.273337,132
214,83,67.977479,131
214,84,69.280475,130
214,85,67.674307,129
214,86,69.95365,128
214,87,67.850268,127
214,88,63.541232,126
214,89,63.666604,125
214,90,68.214732,124
214,91,67.084036,123
214,92,59.298268,122
214,93,50.829279,121
214,94,36.662607,120
214,95,58.516689,119
214,96,51.752721,118
214,97,43.923296,117
214,98,58.805314,116
214,99,59.706689,115
214,100,46.008661,114
214,101,29.225908,113
214,102,36.727493,112
214,103,46.467589,111
214,104,43.0244,110
214,105,41.148875,109
214,106,51.279036,108
214,107,45.748532,107
214,108,33.421711,106
214,109,35.879843,105
214,110,23.818875,104
214,111,45.977186,103
214,112,58.683507,102
214,113,40.209125,101
214,114,24.212425,100
214,115,21.260289,99
214,116,25.03175,98
214,117,26.9148,97
214,118,26.930186,96
214,119,33.733471,95
214,120,38.415575,94
214,121,45.496282,93
214,122,27.636232,92
214,123,27.915539,91
214,124,53.613932,90
214,125,45.772414,89
214,126,36.443632,88
214,127,32.2093,87
214,128,37.0119375,86
214,129,29.2737,85
214,130,33.694493,84
214,131,32.509586,83
214,132,28.640461,82
214,133,33.666025,81
214,134,35.7166,80
214,135,29.203007,79
214,136,28.775443,78
214,137,30.072068,77
214,138,27.278936,76
214,139,35.991029,75
214,140,32.120429,74
214,141,25.9728,73
214,142,23.761064,72
214,143,19.391714,71
214,144,15.421914,70
214,145,17.187689,69
214,146,8.27338599999999,68
214,147,12.842993,67
214,148,15.828014,66
214,149,14.270046,65
214,150,10.396725,64
214,151,9.07970700000002,63
214,152,2.167614,62
214,153,15.260629,61
214,154,21.157857,60
214,155,22.397686,59
214,156,18.039636,58
214,157,18.406868,57
214,158,8.876964,56
214,159,7.65641100000001,55
214,160,11.325989,54
214,161,4.94168199999999,53
214,162,7.77194999999998,52
214,163,12.394861,51
214,164,22.47905,50
214,165,21.578761,49
214,166,20.439396,48
214,167,16.800357,47
214,168,20.212207,46
214,169,15.259164,45
214,170,16.1417,44
214,171,20.133875,43
214,172,12.747025,42
214,173,4.23669599999999,41
214,174,4.19361799999999,40
214,175,8.656925,39
214,176,9.813007,38
214,177,17.8745189,37
214,178,17.093604,36
214,179,6.30193900000001,35
214,180,11.607507,34
214,181,11.885496,33
214,182,15.153564,32
214,183,12.047246,31
214,184,7.31593599999999,30
214,185,14.5809436,29
214,186,6.94261399999998,28
214,187,6.965489,27
214,188,6.15554999999999,26
214,189,6.77989299999998,25
214,190,8.97879599999999,24
214,191,4.056293,23
214,192,8.53457900000001,22
214,193,5.205532,21
214,194,6.651089,20
214,195,13.127789,19
214,196,13.947139,18
214,197,10.488164,17
214,198,8.210961,16
214,199,1.138818,15
214,200,11.10295,14
214,201,12.133061,13
214,202,18.978457,12
214,203,24.948,11
214,204,19.582543,10
214,205,15.621193,9
214,206,9.7908439,8
214,207,1.88846399999999,7
214,208,3.960529,6
214,209,6.758207,5
214,210,13.959104,4
214,211,5.71987100000001,3
214,212,6.15822900000001,2
214,213,3.858761,1
215,1,49.112621,214
215,2,56.497752,213
215,3,81.132442,212
215,4,71.828021,211
215,5,71.038289,210
215,6,70.0923926,209
215,7,72.885281,208
215,8,86.444257,207
215,9,99.730889,206
215,10,85.232178,205
215,11,74.172167,204
215,12,89.245548,203
215,13,90.441039,202
215,14,74.333945,201
215,15,66.27321,200
215,16,70.39895,199
215,17,79.389978,198
215,18,67.890464,197
215,19,62.100428,196
215,20,67.774557,195
215,21,92.898753,194
215,22,92.568039,193
215,23,94.602824,192
215,24,85.825099,191
215,25,67.199379,190
215,26,82.054439,189
215,27,70.492532,188
215,28,69.315961,187
215,29,70.827044,186
215,30,68.5694768,185
215,31,77.510853,184
215,32,72.32984,183
215,33,72.452575,182
215,34,84.834173,181
215,35,68.221348,180
215,36,67.240082,179
215,37,58.656439,178
215,38,62.4835549,177
215,39,87.420239,176
215,40,83.916252,175
215,41,85.343934,174
215,42,71.775411,173
215,43,71.588978,172
215,44,61.7687,171
215,45,61.153825,170
215,46,74.287447,169
215,47,62.346486,168
215,48,44.024757,167
215,49,33.859014,166
215,50,68.19591,165
215,51,66.263734,164
215,52,70.920921,163
215,53,78.1123,162
215,54,67.91149,161
215,55,66.311071,160
215,56,63.555452,159
215,57,63.077946,158
215,58,50.016645,157
215,59,52.297751,156
215,60,67.825114,155
215,61,65.52065,154
215,62,78.012057,153
215,63,68.178821,152
215,64,52.964996,151
215,65,60.968918,150
215,66,80.007923,149
215,67,57.631061,148
215,68,64.665339,147
215,69,52.602048,146
215,70,62.765479,145
215,71,58.835914,144
215,72,54.023307,143
215,73,52.280531,142
215,74,57.528492,141
215,75,51.475828,140
215,76,45.398332,139
215,77,29.333278,138
215,78,47.594928,137
215,79,57.961296,136
215,80,50.7947,135
215,81,41.935439,134
215,82,57.911126,133
215,83,68.615268,132
215,84,69.918264,131
215,85,68.312096,130
215,86,67.703739,129
215,87,68.488057,128
215,88,64.179021,127
215,89,59.887485,126
215,90,68.852521,125
215,91,67.721825,124
215,92,58.769721,123
215,93,48.29971,122
215,94,37.300396,121
215,95,59.154478,120
215,96,52.39051,119
215,97,38.726993,118
215,98,59.443103,117
215,99,50.9287,116
215,100,38.729328,115
215,101,29.863697,114
215,102,37.365282,113
215,103,47.105378,112
215,104,34.246411,111
215,105,41.786664,110
215,106,51.916825,109
215,107,46.386321,108
215,108,28.393578,107
215,109,30.101846,106
215,110,24.456664,105
215,111,46.614975,104
215,112,59.321296,103
215,113,40.846914,102
215,114,23.017764,101
215,115,19.1488,100
215,116,25.669539,99
215,117,27.552589,98
215,118,27.567975,97
215,119,34.37126,96
215,120,39.053364,95
215,121,36.718293,94
215,122,25.272957,93
215,123,28.553328,92
215,124,54.251721,91
215,125,46.410203,90
215,126,37.081421,89
215,127,26.763489,88
215,128,28.2339485,87
215,129,25.911589,86
215,130,24.916504,85
215,131,23.731597,84
215,132,27.109728,83
215,133,30.803064,82
215,134,26.938611,81
215,135,22.756082,80
215,136,19.997454,79
215,137,30.709857,78
215,138,27.332753,77
215,139,27.21304,76
215,140,23.34244,75
215,141,17.194811,74
215,142,16.648025,73
215,143,20.029503,72
215,144,16.059703,71
215,145,10.9088,70
215,146,8.079303,69
215,147,13.480782,68
215,148,16.465803,67
215,149,14.907835,66
215,150,1.618736,65
215,151,8.441918,64
215,152,10.945603,63
215,153,15.898418,62
215,154,21.795646,61
215,155,13.619697,60
215,156,9.67825300000001,59
215,157,9.628879,58
215,158,7.09712500000001,57
215,159,7.183978,56
215,160,12.6044,55
215,161,3.83630699999999,54
215,162,1.57573899999999,53
215,163,7.36672799999999,52
215,164,23.116839,51
215,165,22.21655,50
215,166,15.993493,49
215,167,17.438146,48
215,168,12.431982,47
215,169,6.48117499999999,46
215,170,7.36371099999999,45
215,171,14.021414,44
215,172,8.718264,43
215,173,4.541293,42
215,174,9.000207,41
215,175,9.29471400000001,40
215,176,10.450796,39
215,177,9.0965299,38
215,178,8.315615,37
215,179,2.47604999999998,36
215,180,12.245296,35
215,181,9.77119300000001,34
215,182,6.375575,33
215,183,3.269257,32
215,184,7.953725,31
215,185,5.8029546,30
215,186,3.08492500000001,29
215,187,1.81249999999999,28
215,188,2.622439,27
215,189,7.41768199999999,26
215,190,4.532893,25
215,191,4.72169599999999,24
215,192,17.312568,23
215,193,13.233657,22
215,194,2.12689999999999,21
215,195,13.765578,20
215,196,11.50065,19
215,197,11.125953,18
215,198,8.84875000000001,17
215,199,8.97300699999999,16
215,200,10.465161,15
215,201,11.495272,14
215,202,27.756446,13
215,203,24.310211,12
215,204,18.944754,11
215,205,19.484196,10
215,206,9.15305489999999,9
215,207,6.889525,8
215,208,4.81745999999999,7
215,209,11.868482,6
215,210,18.487685,5
215,211,9.497918,4
215,212,9.43726,3
215,213,4.91922799999999,2
215,214,8.77798899999999,1
216,1,47.633618,215
216,2,50.100413,214
216,3,74.735103,213
216,4,70.369118,212
216,5,66.01445,211
216,6,71.9450316,210
216,7,70.296758,209
216,8,80.046918,208
216,9,93.33355,207
216,10,78.834839,206
216,11,76.024806,205
216,12,82.848209,204
216,13,84.0437,203
216,14,76.186584,202
216,15,65.126929,201
216,16,65.169689,200
216,17,73.412461,199
216,18,68.243375,198
216,19,55.703089,197
216,20,61.544182,196
216,21,86.501414,195
216,22,89.54482,194
216,23,88.205485,193
216,24,84.62964,192
216,25,69.052018,191
216,26,75.6571,190
216,27,72.345171,189
216,28,71.1686,188
216,29,71.368895,187
216,30,70.4221158,186
216,31,72.447886,185
216,32,74.182479,184
216,33,66.055236,183
216,34,78.436834,182
216,35,70.073987,181
216,36,65.676257,180
216,37,59.676,179
216,38,64.3361939,178
216,39,81.0229,177
216,40,78.632587,176
216,41,78.946595,175
216,42,73.62805,174
216,43,65.191639,173
216,44,55.371361,172
216,45,54.756486,171
216,46,67.890108,170
216,47,55.949147,169
216,48,37.627418,168
216,49,27.461675,167
216,50,61.798571,166
216,51,59.866395,165
216,52,64.523582,164
216,53,71.911539,163
216,54,69.764129,162
216,55,59.913732,161
216,56,57.158113,160
216,57,58.098193,159
216,58,51.869284,158
216,59,45.900412,157
216,60,61.427775,156
216,61,59.123311,155
216,62,71.614718,154
216,63,61.781482,153
216,64,46.567657,152
216,65,54.571579,151
216,66,73.610584,150
216,67,59.4837,149
216,68,58.268,148
216,69,46.204709,147
216,70,56.36814,146
216,71,52.438575,145
216,72,47.625968,144
216,73,53.953208,143
216,74,52.851847,142
216,75,45.078489,141
216,76,39.000993,140
216,77,22.935939,139
216,78,41.197589,138
216,79,51.563957,137
216,80,44.397361,136
216,81,35.5381,135
216,82,51.513787,134
216,83,62.217929,133
216,84,63.520925,132
216,85,61.914757,131
216,86,63.0283,130
216,87,62.090718,129
216,88,57.781682,128
216,89,56.741254,127
216,90,62.455182,126
216,91,61.324486,125
216,92,52.372918,124
216,93,43.903929,123
216,94,30.903057,122
216,95,52.757139,121
216,96,45.993171,120
216,97,36.997946,119
216,98,53.045764,118
216,99,52.781339,117
216,100,39.083311,116
216,101,23.466358,115
216,102,30.967943,114
216,103,40.708039,113
216,104,36.09905,112
216,105,35.389325,111
216,106,45.519486,110
216,107,39.988982,109
216,108,26.496361,108
216,109,28.954493,107
216,110,18.059325,106
216,111,40.217636,105
216,112,52.923957,104
216,113,34.449575,103
216,114,17.287075,102
216,115,14.334939,101
216,116,19.2722,100
216,117,21.15525,99
216,118,21.170636,98
216,119,27.973921,97
216,120,32.656025,96
216,121,38.570932,95
216,122,20.710882,94
216,123,22.155989,93
216,124,47.854382,92
216,125,40.012864,91
216,126,30.684082,90
216,127,25.28395,89
216,128,30.0865875,88
216,129,22.34835,87
216,130,26.769143,86
216,131,25.584236,85
216,132,21.715111,84
216,133,26.740675,83
216,134,28.79125,82
216,135,22.277657,81
216,136,21.850093,80
216,137,24.312518,79
216,138,20.935414,78
216,139,29.065679,77
216,140,25.195079,76
216,141,19.04745,75
216,142,16.835714,74
216,143,13.632164,73
216,144,9.662364,72
216,145,10.262339,71
216,146,1.68196400000001,70
216,147,7.08344300000001,69
216,148,10.068464,68
216,149,8.510496,67
216,150,5.36257499999999,66
216,151,14.839257,65
216,152,9.09296399999999,64
216,153,9.50107900000002,63
216,154,15.398307,62
216,155,15.472336,61
216,156,11.114286,60
216,157,11.481518,59
216,158,1.95161400000001,58
216,159,13.415961,57
216,160,17.085539,56
216,161,9.56753199999999,55
216,162,4.82160000000001,54
216,163,5.469511,53
216,164,16.7195,52
216,165,15.819211,51
216,166,13.514046,50
216,167,11.040807,49
216,168,13.286857,48
216,169,8.33381399999999,47
216,170,9.21635,46
216,171,13.208525,45
216,172,5.82167500000001,44
216,173,6.023646,43
216,174,7.147568,42
216,175,2.89737500000001,41
216,176,4.05345700000001,40
216,177,10.9491689,39
216,178,10.168254,38
216,179,7.70758899999998,37
216,180,5.84795700000001,36
216,181,4.96014600000001,35
216,182,8.22821400000001,34
216,183,5.87789599999999,33
216,184,2.69248599999999,32
216,185,7.8442936,31
216,186,9.482264,30
216,187,6.29363899999999,29
216,188,5.85509999999999,28
216,189,2.72884300000001,27
216,190,2.053446,26
216,191,4.70204299999999,25
216,192,15.459929,24
216,193,11.381018,23
216,194,7.11053899999998,22
216,195,7.36823900000002,21
216,196,7.02178900000001,20
216,197,4.72861400000001,19
216,198,3.96491099999999,18
216,199,7.12036799999999,17
216,200,16.8625,16
216,201,17.892611,15
216,202,25.903807,14
216,203,30.70755,13
216,204,25.342093,12
216,205,21.380743,11
216,206,15.5503939,10
216,207,5.036886,9
216,208,4.79887899999999,8
216,209,12.517757,7
216,210,19.718654,6
216,211,11.479421,5
216,212,11.917779,4
216,213,8.48461099999999,3
216,214,6.92534999999999,2
216,215,6.397339,1
217,1,45.56605,216
217,2,49.701681,215
217,3,74.336371,214
217,4,68.30155,213
217,5,64.242218,212
217,6,69.8774636,211
217,7,68.22919,210
217,8,79.648186,209
217,9,92.934818,208
217,10,78.436107,207
217,11,73.957238,206
217,12,82.449477,205
217,13,83.644968,204
217,14,74.119016,203
217,15,63.059361,202
217,16,63.602879,201
217,17,72.593907,200
217,18,66.175807,199
217,19,55.304357,198
217,20,60.978486,197
217,21,86.102682,196
217,22,87.477252,195
217,23,87.806753,194
217,24,82.562072,193
217,25,66.98445,192
217,26,75.258368,191
217,27,70.277603,190
217,28,69.101032,189
217,29,69.301327,188
217,30,68.3545478,187
217,31,70.714782,186
217,32,72.114911,185
217,33,65.656504,184
217,34,78.038102,183
217,35,68.006419,182
217,36,63.608689,181
217,37,57.608432,180
217,38,62.2686259,179
217,39,80.624168,178
217,40,77.120181,177
217,41,78.547863,176
217,42,71.560482,175
217,43,64.792907,174
217,44,54.972629,173
217,45,54.357754,172
217,46,67.491376,171
217,47,55.550415,170
217,48,37.228686,169
217,49,27.062943,168
217,50,61.399839,167
217,51,59.467663,166
217,52,64.12485,165
217,53,71.316229,164
217,54,67.696561,163
217,55,59.515,162
217,56,56.759381,161
217,57,56.281875,160
217,58,49.801716,159
217,59,45.50168,158
217,60,61.029043,157
217,61,58.724579,156
217,62,71.215986,155
217,63,61.38275,154
217,64,46.168925,153
217,65,54.172847,152
217,66,73.211852,151
217,67,57.416132,150
217,68,57.869268,149
217,69,45.805977,148
217,70,55.969408,147
217,71,52.039843,146
217,72,47.227236,145
217,73,51.88564,144
217,74,50.784279,143
217,75,44.679757,142
217,76,38.602261,141
217,77,22.537207,140
217,78,40.798857,139
217,79,51.165225,138
217,80,43.998629,137
217,81,35.139368,136
217,82,51.115055,135
217,83,61.819197,134
217,84,63.122193,133
217,85,61.516025,132
217,86,60.960732,131
217,87,61.691986,130
217,88,57.38295,129
217,89,54.673686,128
217,90,62.05645,127
217,91,60.925754,126
217,92,51.97365,125
217,93,41.836361,124
217,94,30.504325,123
217,95,52.358407,122
217,96,45.594439,121
217,97,34.930378,120
217,98,52.647032,119
217,99,50.713771,118
217,100,37.015743,117
217,101,23.067626,116
217,102,30.569211,115
217,103,40.309307,114
217,104,34.031482,113
217,105,34.990593,112
217,106,45.120754,111
217,107,39.59025,110
217,108,24.428793,109
217,109,26.886925,108
217,110,17.660593,107
217,111,39.818904,106
217,112,52.525225,105
217,113,34.050843,104
217,114,16.221693,103
217,115,12.352729,102
217,116,18.873468,101
217,117,20.756518,100
217,118,20.771904,99
217,119,27.575189,98
217,120,32.257293,97
217,121,36.503364,96
217,122,18.643314,95
217,123,21.757257,94
217,124,47.45565,93
217,125,39.614132,92
217,126,30.28535,91
217,127,23.216382,90
217,128,28.0190195,89
217,129,20.280782,88
217,130,24.701575,87
217,131,23.516668,86
217,132,20.313657,85
217,133,24.673107,84
217,134,26.723682,83
217,135,20.210089,82
217,136,19.782525,81
217,137,23.913786,80
217,138,20.536682,79
217,139,26.998111,78
217,140,23.127511,77
217,141,16.979882,76
217,142,14.768146,75
217,143,13.233432,74
217,144,9.26363199999999,73
217,145,8.194771,72
217,146,1.283232,71
217,147,6.684711,70
217,148,9.669732,69
217,149,8.11176399999999,68
217,150,5.761307,67
217,151,15.237989,66
217,152,11.160532,65
217,153,9.10234700000001,64
217,154,14.999575,63
217,155,13.404768,62
217,156,9.046718,61
217,157,9.41395,60
217,158,0.301054000000002,59
217,159,13.814693,58
217,160,17.484271,57
217,161,9.966264,56
217,162,5.22033200000002,55
217,163,3.40194299999999,54
217,164,16.320768,53
217,165,15.420479,52
217,166,11.446478,51
217,167,10.642075,50
217,168,11.219289,49
217,169,6.26624599999999,48
217,170,7.14878199999999,47
217,171,11.140957,46
217,172,3.754107,45
217,173,6.42237800000001,44
217,174,9.21513600000001,43
217,175,2.50344299999999,42
217,176,3.654725,41
217,177,8.8816009,40
217,178,8.100686,39
217,179,8.10632099999999,38
217,180,5.449225,37
217,181,2.975122,36
217,182,6.160646,35
217,183,6.276628,34
217,184,4.760054,33
217,185,8.24302560000001,32
217,186,9.88099600000001,31
217,187,6.692371,30
217,188,6.253832,29
217,189,4.79641100000002,28
217,190,2.26317800000001,27
217,191,5.100775,26
217,192,17.527497,25
217,193,13.448586,24
217,194,7.50927099999999,23
217,195,6.96950700000001,22
217,196,4.954221,21
217,197,4.329882,20
217,198,6.032479,19
217,199,9.187936,18
217,200,17.261232,17
217,201,18.291343,16
217,202,27.971375,15
217,203,31.106282,14
217,204,25.740825,13
217,205,21.779475,12
217,206,15.9491259,11
217,207,7.104454,10
217,208,5.197611,9
217,209,12.916489,8
217,210,20.117386,7
217,211,11.878153,6
217,212,12.316511,5
217,213,8.883343,4
217,214,8.99291799999999,3
217,215,6.796071,2
217,216,2.06756800000001,1
218,1,51.422218,217
218,2,49.721613,216
218,3,74.356303,215
218,4,74.157718,214
218,5,69.80305,213
218,6,75.7336316,212
218,7,74.085358,211
218,8,79.668118,210
218,9,92.95475,209
218,10,79.123761,208
218,11,79.813406,207
218,12,82.469409,206
218,13,83.6649,205
218,14,79.975184,204
218,15,68.915529,203
218,16,68.958289,202
218,17,77.201061,201
218,18,72.031975,200
218,19,57.995311,199
218,20,65.332782,198
218,21,86.122614,197
218,22,93.33342,196
218,23,87.826685,195
218,24,88.41824,194
218,25,72.840618,193
218,26,75.2783,192
218,27,76.133771,191
218,28,74.9572,190
218,29,75.157495,189
218,30,74.2107158,188
218,31,76.236486,187
218,32,77.971079,186
218,33,65.676436,185
218,34,78.058034,184
218,35,73.862587,183
218,36,69.464857,182
218,37,63.4646,181
218,38,68.1247939,180
218,39,80.6441,179
218,40,82.421187,178
218,41,79.414005,177
218,42,77.41665,176
218,43,68.147161,175
218,44,54.992561,174
218,45,54.377686,173
218,46,67.511308,172
218,47,55.570347,171
218,48,37.248618,170
218,49,27.082875,169
218,50,61.419771,168
218,51,60.159605,167
218,52,64.144782,166
218,53,75.700139,165
218,54,73.552729,164
218,55,59.534932,163
218,56,56.779313,162
218,57,61.886793,161
218,58,55.657884,160
218,59,45.521612,159
218,60,62.633525,158
218,61,58.744511,157
218,62,71.570382,156
218,63,64.739818,155
218,64,46.188857,154
218,65,54.192779,153
218,66,73.231784,152
218,67,63.2723,151
218,68,58.9746,150
218,69,45.825909,149
218,70,55.98934,148
218,71,53.061425,147
218,72,47.247168,146
218,73,57.741808,145
218,74,56.640447,144
218,75,48.067511,143
218,76,41.124107,142
218,77,22.557139,141
218,78,40.818789,140
218,79,53.936043,139
218,80,44.018561,138
218,81,35.4943,137
218,82,51.134987,136
218,83,61.839129,135
218,84,63.142125,134
218,85,64.038943,133
218,86,66.8169,132
218,87,63.862082,131
218,88,57.570918,130
218,89,60.529854,129
218,90,63.497318,128
218,91,60.945686,127
218,92,56.161518,126
218,93,47.692529,125
218,94,30.524257,124
218,95,52.378339,123
218,96,45.614371,122
218,97,40.786546,121
218,98,52.835536,120
218,99,56.569939,119
218,100,42.871911,118
218,101,23.087558,117
218,102,30.589143,116
218,103,40.329239,115
218,104,39.88765,114
218,105,35.261775,113
218,106,45.140686,112
218,107,39.610182,111
218,108,30.284961,110
218,109,32.743093,109
218,110,17.680525,108
218,111,39.838836,107
218,112,53.714843,106
218,113,34.070775,105
218,114,21.075675,104
218,115,18.123539,103
218,116,18.8934,102
218,117,20.77645,101
218,118,20.791836,100
218,119,27.595121,99
218,120,32.277225,98
218,121,42.359532,97
218,122,24.499482,96
218,123,21.777189,95
218,124,47.475582,94
218,125,39.634064,93
218,126,30.305818,92
218,127,29.07255,91
218,128,33.8751875,90
218,129,26.13695,89
218,130,30.557743,88
218,131,29.372836,87
218,132,25.503711,86
218,133,30.529275,85
218,134,32.57985,84
218,135,26.066257,83
218,136,25.638693,82
218,137,23.933718,81
218,138,24.142186,80
218,139,32.854279,79
218,140,28.983679,78
218,141,22.83605,77
218,142,20.624314,76
218,143,13.253364,75
218,144,12.118736,74
218,145,14.050939,73
218,146,5.13663600000001,72
218,147,6.70464300000001,71
218,148,9.68966400000001,70
218,149,10.049504,69
218,150,7.25997500000001,68
218,151,15.218057,67
218,152,8.13953599999999,66
218,153,9.12227900000002,65
218,154,15.019507,64
218,155,19.260936,63
218,156,14.902886,62
218,157,15.270118,61
218,158,5.74021400000001,60
218,159,13.794761,59
218,160,17.464339,58
218,161,9.94633199999999,57
218,162,5.2004,56
218,163,9.258111,55
218,164,16.3407,54
218,165,15.440411,53
218,166,17.302646,52
218,167,13.580393,51
218,168,17.075457,50
218,169,12.122414,49
218,170,13.00495,48
218,171,16.997125,47
218,172,9.61027500000001,46
218,173,6.402446,45
218,174,3.358968,44
218,175,3.35272500000002,43
218,176,6.17764300000001,42
218,177,14.7377689,41
218,178,13.956854,40
218,179,8.08638899999998,39
218,180,5.46915700000001,38
218,181,8.74874600000001,37
218,182,12.016814,36
218,183,8.91049600000001,35
218,184,1.17758600000001,34
218,185,11.4441936,33
218,186,9.861064,32
218,187,6.67243899999998,31
218,188,6.23389999999999,30
218,189,1.05975699999999,29
218,190,5.84204600000001,28
218,191,5.08084299999998,27
218,192,11.671329,26
218,193,11.343882,25
218,194,7.48933899999998,24
218,195,6.98943900000002,23
218,196,10.810389,22
218,197,7.01748600000001,21
218,198,2.07261100000001,20
218,199,4.99953199999999,19
218,200,17.2413,18
218,201,18.271411,17
218,202,22.949893,16
218,203,31.08635,15
218,204,25.720893,14
218,205,21.759543,13
218,206,15.9291939,12
218,207,4.99921399999999,11
218,208,5.17767899999999,10
218,209,12.896557,9
218,210,20.097454,8
218,211,11.858221,7
218,212,12.296579,6
218,213,8.86341099999999,5
218,214,6.13834999999998,4
218,215,6.77613899999999,3
218,216,3.7886,2
218,217,5.85616800000001,1
219,1,55.499797,218
219,2,57.385434,217
219,3,82.020124,216
219,4,78.235297,215
219,5,73.880629,214
219,6,79.8112106,213
219,7,78.162937,212
219,8,87.331939,211
219,9,100.618571,210
219,10,86.11986,209
219,11,83.890985,208
219,12,90.13323,207
219,13,91.328721,206
219,14,84.052763,205
219,15,72.993108,204
219,16,73.035868,203
219,17,81.27864,202
219,18,76.109554,201
219,19,62.98811,200
219,20,69.410361,199
219,21,93.786435,198
219,22,97.410999,197
219,23,95.490506,196
219,24,92.495819,195
219,25,76.918197,194
219,26,82.942121,193
219,27,80.21135,192
219,28,79.034779,191
219,29,79.235074,190
219,30,78.2882948,189
219,31,80.314065,188
219,32,82.048658,187
219,33,73.340257,186
219,34,85.721855,185
219,35,77.940166,184
219,36,73.542436,183
219,37,67.542179,182
219,38,72.2023729,181
219,39,88.307921,180
219,40,86.498766,179
219,41,86.231616,178
219,42,81.494229,177
219,43,72.47666,176
219,44,62.656382,175
219,45,62.041507,174
219,46,75.175129,173
219,47,63.234168,172
219,48,44.912439,171
219,49,34.746696,170
219,50,69.083592,169
219,51,67.151416,168
219,52,71.808603,167
219,53,79.777718,166
219,54,77.630308,165
219,55,67.198753,164
219,56,64.443134,163
219,57,65.964372,162
219,58,59.735463,161
219,59,53.185433,160
219,60,68.712796,159
219,61,66.408332,158
219,62,78.899739,157
219,63,69.066503,156
219,64,53.852678,155
219,65,61.8566,154
219,66,80.895605,153
219,67,67.349879,152
219,68,65.553021,151
219,69,53.48973,150
219,70,63.653161,149
219,71,59.723596,148
219,72,54.910989,147
219,73,61.819387,146
219,74,60.718026,145
219,75,52.36351,144
219,76,46.286014,143
219,77,30.22096,142
219,78,48.48261,141
219,79,58.848978,140
219,80,51.682382,139
219,81,42.823121,138
219,82,58.798808,137
219,83,69.50295,136
219,84,70.805946,135
219,85,69.199778,134
219,86,70.894479,133
219,87,69.375739,132
219,88,65.066703,131
219,89,64.607433,130
219,90,69.740203,129
219,91,68.609507,128
219,92,60.239097,127
219,93,51.770108,126
219,94,38.188078,125
219,95,60.04216,124
219,96,53.278192,123
219,97,44.864125,122
219,98,60.330785,121
219,99,60.647518,120
219,100,46.94949,119
219,101,30.751379,118
219,102,38.252964,117
219,103,47.99306,116
219,104,43.965229,115
219,105,42.674346,114
219,106,52.804507,113
219,107,47.274003,112
219,108,34.36254,111
219,109,36.820672,110
219,110,25.344346,109
219,111,47.502657,108
219,112,60.208978,107
219,113,41.734596,106
219,114,25.153254,105
219,115,22.201118,104
219,116,26.557221,103
219,117,28.440271,102
219,118,28.455657,101
219,119,35.258942,100
219,120,39.941046,99
219,121,46.437111,98
219,122,28.577061,97
219,123,29.44101,96
219,124,55.139403,95
219,125,47.297885,94
219,126,37.969103,93
219,127,33.150129,92
219,128,37.9527665,91
219,129,30.214529,90
219,130,34.635322,89
219,131,33.450415,88
219,132,29.58129,87
219,133,34.606854,86
219,134,36.657429,85
219,135,30.143836,84
219,136,29.716272,83
219,137,31.597539,82
219,138,28.220435,81
219,139,36.931858,80
219,140,33.061258,79
219,141,26.913629,78
219,142,24.701893,77
219,143,20.917185,76
219,144,16.947385,75
219,145,18.128518,74
219,146,9.214215,73
219,147,14.368464,72
219,148,17.353485,71
219,149,15.795517,70
219,150,11.337554,69
219,151,7.55423600000001,68
219,152,1.22678499999999,67
219,153,16.7861,66
219,154,22.683328,65
219,155,23.338515,64
219,156,18.980465,63
219,157,19.347697,62
219,158,9.81779300000001,61
219,159,6.13094,60
219,160,9.80051800000001,59
219,161,5.882511,58
219,162,8.71277899999999,57
219,163,13.33569,56
219,164,24.004521,55
219,165,23.104232,54
219,166,21.380225,53
219,167,18.325828,52
219,168,21.153036,51
219,169,16.199993,50
219,170,17.082529,49
219,171,21.074704,48
219,172,13.687854,47
219,173,5.177525,46
219,174,5.71908899999999,45
219,175,10.182396,44
219,176,11.338478,43
219,177,18.8153479,42
219,178,18.034433,41
219,179,7.24276800000002,40
219,180,13.132978,39
219,181,12.826325,38
219,182,16.094393,37
219,183,12.988075,36
219,184,8.841407,35
219,185,15.5217726,34
219,186,7.88344299999999,33
219,187,7.90631800000001,32
219,188,7.096379,31
219,189,8.30536399999999,30
219,190,9.919625,29
219,191,4.99712200000001,28
219,192,7.59375,27
219,193,3.68006099999999,26
219,194,7.59191800000001,25
219,195,14.65326,24
219,196,14.887968,23
219,197,12.013635,22
219,198,9.73643200000001,21
219,199,2.66428900000001,20
219,200,9.577479,19
219,201,10.60759,18
219,202,18.037628,17
219,203,23.422529,16
219,204,18.057072,15
219,205,14.095722,14
219,206,8.26537289999999,13
219,207,2.829293,12
219,208,4.90135800000001,11
219,209,5.23273599999999,10
219,210,12.433633,9
219,211,4.1944,8
219,212,4.632758,7
219,213,4.79959000000001,6
219,214,1.52547100000001,5
219,215,9.718818,4
219,216,7.866179,3
219,217,9.933747,2
219,218,7.66382099999999,1
220,1,53.074543,219
220,2,56.207988,218
220,3,80.842678,217
220,4,75.810043,216
220,5,71.455375,215
220,6,77.3859566,214
220,7,75.737683,213
220,8,86.154493,212
220,9,99.441125,211
220,10,84.942414,210
220,11,81.465731,209
220,12,88.955784,208
220,13,90.151275,207
220,14,81.627509,206
220,15,70.567854,205
220,16,70.610614,204
220,17,79.100214,203
220,18,73.6843,202
220,19,61.810664,201
220,20,67.484793,200
220,21,92.608989,199
220,22,94.985745,198
220,23,94.31306,197
220,24,90.070565,196
220,25,74.492943,195
220,26,81.764675,194
220,27,77.786096,193
220,28,76.609525,192
220,29,76.80982,191
220,30,75.8630408,190
220,31,77.888811,189
220,32,79.623404,188
220,33,72.162811,187
220,34,84.544409,186
220,35,75.514912,185
220,36,71.117182,184
220,37,65.116925,183
220,38,69.7771189,182
220,39,87.130475,181
220,40,84.073512,180
220,41,85.05417,179
220,42,79.068975,178
220,43,71.299214,177
220,44,61.478936,176
220,45,60.864061,175
220,46,73.997683,174
220,47,62.056722,173
220,48,43.734993,172
220,49,33.56925,171
220,50,67.906146,170
220,51,65.97397,169
220,52,70.631157,168
220,53,77.822536,167
220,54,75.205054,166
220,55,66.021307,165
220,56,63.265688,164
220,57,63.539118,163
220,58,57.310209,162
220,59,52.007987,161
220,60,67.53535,160
220,61,65.230886,159
220,62,77.722293,158
220,63,67.889057,157
220,64,52.675232,156
220,65,60.679154,155
220,66,79.718159,154
220,67,64.924625,153
220,68,64.375575,152
220,69,52.312284,151
220,70,62.475715,150
220,71,58.54615,149
220,72,53.733543,148
220,73,59.394133,147
220,74,58.292772,146
220,75,51.186064,145
220,76,45.108568,144
220,77,29.043514,143
220,78,47.305164,142
220,79,57.671532,141
220,80,50.504936,140
220,81,41.645675,139
220,82,57.621362,138
220,83,68.325504,137
220,84,69.6285,136
220,85,68.022332,135
220,86,68.469225,134
220,87,68.198293,133
220,88,63.889257,132
220,89,62.182179,131
220,90,68.562757,130
220,91,67.432061,129
220,92,58.479957,128
220,93,49.344854,127
220,94,37.010632,126
220,95,58.864714,125
220,96,52.100746,124
220,97,42.438871,123
220,98,59.153339,122
220,99,58.222264,121
220,100,44.524236,120
220,101,29.573933,119
220,102,37.075518,118
220,103,46.815614,117
220,104,41.539975,116
220,105,41.4969,115
220,106,51.627061,114
220,107,46.096557,113
220,108,31.937286,112
220,109,34.395418,111
220,110,24.1669,110
220,111,46.325211,109
220,112,59.031532,108
220,113,40.55715,107
220,114,22.728,106
220,115,19.775864,105
220,116,25.379775,104
220,117,27.262825,103
220,118,27.278211,102
220,119,34.081496,101
220,120,38.7636,100
220,121,44.011857,99
220,122,26.151807,98
220,123,28.263564,97
220,124,53.961957,96
220,125,46.120439,95
220,126,36.791657,94
220,127,30.724875,93
220,128,35.5275125,92
220,129,27.789275,91
220,130,32.210068,90
220,131,31.025161,89
220,132,27.156036,88
220,133,32.1816,87
220,134,34.232175,86
220,135,27.718582,85
220,136,27.291018,84
220,137,30.420093,83
220,138,27.042989,82
220,139,34.506604,81
220,140,30.636004,80
220,141,24.488375,79
220,142,22.276639,78
220,143,19.739739,77
220,144,15.769939,76
220,145,15.703264,75
220,146,7.78953899999999,74
220,147,13.191018,73
220,148,16.176039,72
220,149,14.618071,71
220,150,8.9123,70
220,151,8.73168200000001,69
220,152,3.652039,68
220,153,15.608654,67
220,154,21.505882,66
220,155,20.913261,65
220,156,16.555211,64
220,157,16.922443,63
220,158,7.392539,62
220,159,7.30838600000001,61
220,160,10.977964,60
220,161,3.459957,59
220,162,6.28752499999999,58
220,163,10.910436,57
220,164,22.827075,56
220,165,21.926786,55
220,166,18.954971,54
220,167,17.148382,53
220,168,18.727782,52
220,169,13.774739,51
220,170,14.657275,50
220,171,18.64945,49
220,172,11.2626,48
220,173,2.75227099999999,47
220,174,4.54164299999999,46
220,175,9.00495,45
220,176,10.161032,44
220,177,16.3900939,43
220,178,15.609179,42
220,179,4.81751400000001,41
220,180,11.955532,40
220,181,10.401071,39
220,182,13.669139,38
220,183,10.562821,37
220,184,7.663961,36
220,185,13.0965186,35
220,186,5.45818899999999,34
220,187,5.481064,33
220,188,4.671125,32
220,189,7.12791799999998,31
220,190,7.49437099999999,30
220,191,2.571868,29
220,192,10.019004,28
220,193,5.94009299999999,27
220,194,5.166664,26
220,195,13.475814,25
220,196,12.462714,24
220,197,10.836189,23
220,198,8.558986,22
220,199,1.679443,21
220,200,10.754925,20
220,201,11.785036,19
220,202,20.462882,18
220,203,24.599975,17
220,204,19.234518,16
220,205,15.273168,15
220,206,9.4428189,14
220,207,1.48716099999999,13
220,208,2.476104,12
220,209,6.410182,11
220,210,13.611079,10
220,211,5.37184600000001,9
220,212,5.81020400000001,8
220,213,2.377036,7
220,214,1.484425,6
220,215,7.29356399999999,5
220,216,6.10757499999999,4
220,217,7.508493,3
220,218,6.48637499999998,2
220,219,2.42525400000001,1
221,1,54.699175,220
221,2,62.084306,219
221,3,86.718996,218
221,4,77.414575,217
221,5,76.624843,216
221,6,77.7610386,215
221,7,78.471835,214
221,8,92.030811,213
221,9,105.317443,212
221,10,90.818732,211
221,11,81.840813,210
221,12,94.832102,209
221,13,96.027593,208
221,14,82.002591,207
221,15,71.859764,206
221,16,75.985504,205
221,17,84.976532,204
221,18,74.059382,203
221,19,67.686982,202
221,20,73.361111,201
221,21,98.485307,200
221,22,98.154593,199
221,23,100.189378,198
221,24,91.411653,197
221,25,74.868025,196
221,26,87.640993,195
221,27,78.161178,194
221,28,76.984607,193
221,29,77.184902,192
221,30,76.2381228,191
221,31,83.097407,190
221,32,79.998486,189
221,33,78.039129,188
221,34,90.420727,187
221,35,75.889994,186
221,36,72.826636,185
221,37,65.492007,184
221,38,70.1522009,183
221,39,93.006793,182
221,40,89.502806,181
221,41,90.930488,180
221,42,79.444057,179
221,43,77.175532,178
221,44,67.355254,177
221,45,66.740379,176
221,46,79.874001,175
221,47,67.93304,174
221,48,49.611311,173
221,49,39.445568,172
221,50,73.782464,171
221,51,71.850288,170
221,52,76.507475,169
221,53,83.698854,168
221,54,75.580136,167
221,55,71.897625,166
221,56,69.142006,165
221,57,68.6645,164
221,58,57.685291,163
221,59,57.884305,162
221,60,73.411668,161
221,61,71.107204,160
221,62,83.598611,159
221,63,73.765375,158
221,64,58.55155,157
221,65,66.555472,156
221,66,85.594477,155
221,67,65.299707,154
221,68,70.251893,153
221,69,58.188602,152
221,70,68.352033,151
221,71,64.422468,150
221,72,59.609861,149
221,73,59.769215,148
221,74,63.115046,147
221,75,57.062382,146
221,76,50.984886,145
221,77,34.919832,144
221,78,53.181482,143
221,79,63.54785,142
221,80,56.381254,141
221,81,47.521993,140
221,82,63.49768,139
221,83,74.201822,138
221,84,75.504818,137
221,85,73.89865,136
221,86,73.290293,135
221,87,74.074611,134
221,88,69.765575,133
221,89,65.474039,132
221,90,74.439075,131
221,91,73.308379,130
221,92,64.356275,129
221,93,53.886264,128
221,94,42.88695,127
221,95,64.741032,126
221,96,57.977064,125
221,97,44.313547,124
221,98,65.029657,123
221,99,58.597346,122
221,100,44.899318,121
221,101,35.450251,120
221,102,42.951836,119
221,103,52.691932,118
221,104,41.915057,117
221,105,47.373218,116
221,106,57.503379,115
221,107,51.972875,114
221,108,33.980132,113
221,109,35.6884,112
221,110,30.043218,111
221,111,52.201529,110
221,112,64.90785,109
221,113,46.433468,108
221,114,28.604318,107
221,115,24.735354,106
221,116,31.256093,105
221,117,33.139143,104
221,118,33.154529,103
221,119,39.957814,102
221,120,44.639918,101
221,121,44.386939,100
221,122,30.859511,99
221,123,34.139882,98
221,124,59.838275,97
221,125,51.996757,96
221,126,42.667975,95
221,127,32.350043,94
221,128,35.9025945,93
221,129,31.498143,92
221,130,32.58515,91
221,131,31.400243,90
221,132,32.696282,89
221,133,36.389618,88
221,134,34.607257,87
221,135,28.342636,86
221,136,27.6661,85
221,137,36.296411,84
221,138,32.919307,83
221,139,34.881686,82
221,140,31.011086,81
221,141,24.863457,80
221,142,22.651721,79
221,143,25.616057,78
221,144,21.646257,77
221,145,16.495354,76
221,146,13.665857,75
221,147,19.067336,74
221,148,22.052357,73
221,149,20.494389,72
221,150,9.28738199999999,71
221,151,2.85536400000002,70
221,152,4.223157,69
221,153,21.484972,68
221,154,27.3822,67
221,155,21.288343,66
221,156,16.930293,65
221,157,17.297525,64
221,158,12.683679,63
221,159,1.43206800000002,62
221,160,5.10164600000002,61
221,161,3.83233899999999,60
221,162,7.16229299999998,59
221,163,12.953282,58
221,164,28.703393,57
221,165,27.803104,56
221,166,21.580047,55
221,167,23.0247,54
221,168,19.102864,53
221,169,14.149821,52
221,170,15.032357,51
221,171,19.607968,50
221,172,14.304818,49
221,173,5.96024699999998,48
221,174,10.417961,47
221,175,14.881268,46
221,176,16.03735,45
221,177,16.7651759,44
221,178,15.984261,43
221,179,5.192596,42
221,180,17.83185,41
221,181,15.357747,40
221,182,14.044221,39
221,183,10.937903,38
221,184,13.540279,37
221,185,13.4716006,36
221,186,5.83327099999998,35
221,187,5.856146,34
221,188,6.12879299999999,33
221,189,13.004236,32
221,190,10.119447,31
221,191,7.28185,30
221,192,9.64392200000001,29
221,193,5.565011,28
221,194,5.541746,27
221,195,19.352132,26
221,196,17.087204,25
221,197,16.712507,24
221,198,14.435304,23
221,199,7.36316099999999,22
221,200,4.87860700000001,21
221,201,5.90871800000001,20
221,202,20.0878,19
221,203,18.723657,18
221,204,13.3582,17
221,205,11.81555,16
221,206,4.5154009,15
221,207,7.36347899999999,14
221,208,7.185014,13
221,209,4.199836,12
221,210,10.819039,11
221,211,1.82927200000001,10
221,212,1.76861400000001,9
221,213,3.49928199999999,8
221,214,6.224343,7
221,215,7.66864599999999,6
221,216,11.983893,5
221,217,12.382625,4
221,218,12.362693,3
221,219,4.69887199999999,2
221,220,5.876318,1
222,1,50.871104,221
222,2,52.921427,220
222,3,77.556117,219
222,4,73.606604,218
222,5,69.251936,217
222,6,75.1825176,216
222,7,73.534244,215
222,8,82.867932,214
222,9,96.154564,213
222,10,81.655853,212
222,11,79.262292,211
222,12,85.669223,210
222,13,86.864714,209
222,14,79.42407,208
222,15,68.364415,207
222,16,68.407175,206
222,17,76.649947,205
222,18,71.480861,204
222,19,58.524103,203
222,20,64.781668,202
222,21,89.322428,201
222,22,92.782306,200
222,23,91.026499,199
222,24,87.867126,198
222,25,72.289504,197
222,26,78.478114,196
222,27,75.582657,195
222,28,74.406086,194
222,29,74.606381,193
222,30,73.6596018,192
222,31,75.685372,191
222,32,77.419965,190
222,33,68.87625,189
222,34,81.257848,188
222,35,73.311473,187
222,36,68.913743,186
222,37,62.913486,185
222,38,67.5736799,184
222,39,83.843914,183
222,40,81.870073,182
222,41,81.767609,181
222,42,76.865536,180
222,43,68.012653,179
222,44,58.192375,178
222,45,57.5775,177
222,46,70.711122,176
222,47,58.770161,175
222,48,40.448432,174
222,49,30.282689,173
222,50,64.619585,172
222,51,62.687409,171
222,52,67.344596,170
222,53,75.149025,169
222,54,73.001615,168
222,55,62.734746,167
222,56,59.979127,166
222,57,61.335679,165
222,58,55.10677,164
222,59,48.721426,163
222,60,64.248789,162
222,61,61.944325,161
222,62,74.435732,160
222,63,64.602496,159
222,64,49.388671,158
222,65,57.392593,157
222,66,76.431598,156
222,67,62.721186,155
222,68,61.089014,154
222,69,49.025723,153
222,70,59.189154,152
222,71,55.259589,151
222,72,50.446982,150
222,73,57.190694,149
222,74,56.089333,148
222,75,47.899503,147
222,76,41.822007,146
222,77,25.756953,145
222,78,44.018603,144
222,79,54.384971,143
222,80,47.218375,142
222,81,38.359114,141
222,82,54.334801,140
222,83,65.038943,139
222,84,66.341939,138
222,85,64.735771,137
222,86,66.265786,136
222,87,64.911732,135
222,88,60.602696,134
222,89,59.97874,133
222,90,65.276196,132
222,91,64.1455,131
222,92,55.610404,130
222,93,47.141415,129
222,94,33.724071,128
222,95,55.578153,127
222,96,48.814185,126
222,97,40.235432,125
222,98,55.866778,124
222,99,56.018825,123
222,100,42.320797,122
222,101,26.287372,121
222,102,33.788957,120
222,103,43.529053,119
222,104,39.336536,118
222,105,38.210339,117
222,106,48.3405,116
222,107,42.809996,115
222,108,29.733847,114
222,109,32.191979,113
222,110,20.880339,112
222,111,43.03865,111
222,112,55.744971,110
222,113,37.270589,109
222,114,20.524561,108
222,115,17.572425,107
222,116,22.093214,106
222,117,23.976264,105
222,118,23.99165,104
222,119,30.794935,103
222,120,35.477039,102
222,121,41.808418,101
222,122,23.948368,100
222,123,24.977003,99
222,124,50.675396,98
222,125,42.833878,97
222,126,33.505096,96
222,127,28.521436,95
222,128,33.3240735,94
222,129,25.585836,93
222,130,30.006629,92
222,131,28.821722,91
222,132,24.952597,90
222,133,29.978161,89
222,134,32.028736,88
222,135,25.515143,87
222,136,25.087579,86
222,137,27.133532,85
222,138,23.756428,84
222,139,32.303165,83
222,140,28.432565,82
222,141,22.284936,81
222,142,20.0732,80
222,143,16.453178,79
222,144,12.483378,78
222,145,13.499825,77
222,146,4.585522,76
222,147,9.904457,75
222,148,12.889478,74
222,149,11.33151,73
222,150,6.708861,72
222,151,12.018243,71
222,152,5.855478,70
222,153,12.322093,69
222,154,18.219321,68
222,155,18.709822,67
222,156,14.351772,66
222,157,14.719004,65
222,158,5.1891,64
222,159,10.594947,63
222,160,14.264525,62
222,161,6.746518,61
222,162,4.08408599999999,60
222,163,8.70699699999999,59
222,164,19.540514,58
222,165,18.640225,57
222,166,16.751532,56
222,167,13.861821,55
222,168,16.524343,54
222,169,11.5713,53
222,170,12.453836,52
222,171,16.446011,51
222,172,9.059161,50
222,173,3.20263200000001,49
222,174,3.91008200000001,48
222,175,5.71838900000001,47
222,176,6.874471,46
222,177,14.1866549,45
222,178,13.40574,44
222,179,4.88657499999999,43
222,180,8.668971,42
222,181,8.197632,41
222,182,11.4657,40
222,183,8.359382,39
222,184,4.3774,38
222,185,10.8930796,37
222,186,6.66125000000001,36
222,187,3.472625,35
222,188,3.034086,34
222,189,3.84135699999998,33
222,190,5.29093199999999,32
222,191,1.88102899999999,31
222,192,12.222443,30
222,193,8.14406799999999,29
222,194,4.28952499999999,28
222,195,10.189253,27
222,196,10.259275,26
222,197,7.549628,25
222,198,5.272425,24
222,199,3.882882,23
222,200,14.041486,22
222,201,15.071597,21
222,202,22.666321,20
222,203,27.886536,19
222,204,22.521079,18
222,205,18.559729,17
222,206,12.7293799,16
222,207,1.79940000000001,15
222,208,1.977865,14
222,209,9.69674299999999,13
222,210,16.89764,12
222,211,8.658407,11
222,212,9.09676500000001,10
222,213,5.663597,9
222,214,3.687864,8
222,215,5.09012499999999,7
222,216,3.23748599999999,6
222,217,5.305054,5
222,218,3.19981399999999,4
222,219,4.62869300000001,3
222,220,3.286561,2
222,221,9.16287899999999,1
223,1,43.47585,222
223,2,50.278081,221
223,3,74.912771,220
223,4,66.21135,219
223,5,64.818618,218
223,6,67.7872636,217
223,7,66.66561,216
223,8,80.224586,215
223,9,93.511218,214
223,10,79.012507,213
223,11,71.867038,212
223,12,83.025877,211
223,13,84.221368,210
223,14,72.028816,209
223,15,60.969161,208
223,16,64.179279,207
223,17,73.170307,206
223,18,64.085607,205
223,19,55.880757,204
223,20,61.554886,203
223,21,86.679082,202
223,22,86.348368,201
223,23,88.383153,200
223,24,80.471872,199
223,25,64.89425,198
223,26,75.834768,197
223,27,68.187403,196
223,28,67.010832,195
223,29,67.211127,194
223,30,66.2643478,193
223,31,71.291182,192
223,32,70.024711,191
223,33,66.232904,190
223,34,78.614502,189
223,35,65.916219,188
223,36,61.518489,187
223,37,55.518232,186
223,38,60.1784259,185
223,39,81.200568,184
223,40,77.696581,183
223,41,79.124263,182
223,42,69.470282,181
223,43,65.369307,180
223,44,55.549029,179
223,45,54.934154,178
223,46,68.067776,177
223,47,56.126815,176
223,48,37.805086,175
223,49,27.639343,174
223,50,61.976239,173
223,51,60.044063,172
223,52,64.70125,171
223,53,71.892629,170
223,54,65.606361,169
223,55,60.0914,168
223,56,57.335781,167
223,57,56.858275,166
223,58,47.711516,165
223,59,46.07808,164
223,60,61.605443,163
223,61,59.300979,162
223,62,71.792386,161
223,63,61.95915,160
223,64,46.745325,159
223,65,54.749247,158
223,66,73.788252,157
223,67,55.325932,156
223,68,58.445668,155
223,69,46.382377,154
223,70,56.545808,153
223,71,52.616243,152
223,72,47.803636,151
223,73,49.79544,150
223,74,51.308821,149
223,75,45.256157,148
223,76,39.178661,147
223,77,23.113607,146
223,78,41.375257,145
223,79,51.741625,144
223,80,44.575029,143
223,81,35.715768,142
223,82,51.691455,141
223,83,62.395597,140
223,84,63.698593,139
223,85,62.092425,138
223,86,61.484068,137
223,87,62.268386,136
223,88,57.95935,135
223,89,53.667814,134
223,90,62.63285,133
223,91,61.502154,132
223,92,52.55005,131
223,93,42.080039,130
223,94,31.080725,129
223,95,52.934807,128
223,96,46.170839,127
223,97,32.840178,126
223,98,53.223432,125
223,99,48.623571,124
223,100,34.925543,123
223,101,23.644026,122
223,102,31.145611,121
223,103,40.885707,120
223,104,31.941282,119
223,105,35.566993,118
223,106,45.697154,117
223,107,40.16665,116
223,108,22.338593,115
223,109,24.796725,114
223,110,18.236993,113
223,111,40.395304,112
223,112,53.101625,111
223,113,34.627243,110
223,114,16.798093,109
223,115,12.929129,108
223,116,19.449868,107
223,117,21.332918,106
223,118,21.348304,105
223,119,28.151589,104
223,120,32.833693,103
223,121,34.413164,102
223,122,19.053286,101
223,123,22.333657,100
223,124,48.03205,99
223,125,40.190532,98
223,126,30.86175,97
223,127,21.126182,96
223,128,25.9288195,95
223,129,19.691918,94
223,130,22.611375,93
223,131,21.426468,92
223,132,20.890057,91
223,133,24.583393,90
223,134,24.633482,89
223,135,18.119889,88
223,136,17.692325,87
223,137,24.490186,86
223,138,21.113082,85
223,139,24.907911,84
223,140,21.037311,83
223,141,14.889682,82
223,142,12.677946,81
223,143,13.809832,80
223,144,9.840032,79
223,145,6.104571,78
223,146,2.809732,77
223,147,7.261111,76
223,148,10.246132,75
223,149,8.688164,74
223,150,5.184907,73
223,151,14.661589,72
223,152,13.250732,71
223,153,9.67874700000001,70
223,154,15.575975,69
223,155,11.314568,68
223,156,6.95651800000001,67
223,157,7.32375000000001,66
223,158,2.20615399999999,65
223,159,13.238293,64
223,160,16.907871,63
223,161,9.38986399999999,62
223,162,4.64393200000001,61
223,163,1.31174299999999,60
223,164,16.897168,59
223,165,15.996879,58
223,166,9.77382200000001,57
223,167,11.218475,56
223,168,9.12908900000001,55
223,169,4.17604599999999,54
223,170,5.05858199999999,53
223,171,9.050757,52
223,172,2.498593,51
223,173,6.846422,50
223,174,11.305336,49
223,175,4.59364299999999,48
223,176,4.23112500000001,47
223,177,6.7914009,46
223,178,6.010486,45
223,179,7.52992099999999,44
223,180,6.975725,43
223,181,3.55152200000001,42
223,182,4.26274599999999,41
223,183,5.700228,40
223,184,6.850254,39
223,185,7.6666256,38
223,186,9.30459600000001,37
223,187,6.11597099999999,36
223,188,5.67743199999999,35
223,189,6.88661100000001,34
223,190,2.104322,33
223,191,7.02682499999999,32
223,192,19.617697,31
223,193,15.538786,30
223,194,6.93287099999999,29
223,195,7.54590700000001,28
223,196,5.280979,27
223,197,4.906282,26
223,198,8.12267899999999,25
223,199,11.278136,24
223,200,16.684832,23
223,201,17.714943,22
223,202,30.061575,21
223,203,30.529882,20
223,204,25.164425,19
223,205,21.789325,18
223,206,15.3727259,17
223,207,9.194654,16
223,208,7.12258899999999,15
223,209,14.173611,14
223,210,20.792814,13
223,211,11.803047,12
223,212,11.742389,11
223,213,8.306943,10
223,214,11.083118,9
223,215,6.219671,8
223,216,4.157768,7
223,217,2.09019999999999,6
223,218,7.946368,5
223,219,12.023947,4
223,220,9.59869299999999,3
223,221,11.806225,2
223,222,7.39525399999999,1
224,1,45.895825,223
224,2,53.280956,222
224,3,77.915646,221
224,4,68.611225,220
224,5,67.821493,219
224,6,65.5406886,218
224,7,69.668485,217
224,8,83.227461,216
224,9,96.514093,215
224,10,82.015382,214
224,11,69.620463,213
224,12,86.028752,212
224,13,87.224243,211
224,14,69.906459,210
224,15,63.056414,209
224,16,67.182154,208
224,17,76.173182,207
224,18,64.673668,206
224,19,58.883632,205
224,20,64.557761,204
224,21,89.681957,203
224,22,89.351243,202
224,23,91.386028,201
224,24,82.608303,200
224,25,63.207125,199
224,26,78.837643,198
224,27,65.940828,197
224,28,64.764257,196
224,29,67.610248,195
224,30,64.0177728,194
224,31,74.294057,193
224,32,67.778136,192
224,33,69.235779,191
224,34,81.617377,190
224,35,63.966856,189
224,36,64.023286,188
224,37,55.439643,187
224,38,57.9318509,186
224,39,84.203443,185
224,40,80.699456,184
224,41,82.127138,183
224,42,67.223707,182
224,43,68.372182,181
224,44,58.551904,180
224,45,57.937029,179
224,46,71.070651,178
224,47,59.12969,177
224,48,40.807961,176
224,49,30.642218,175
224,50,64.979114,174
224,51,63.046938,173
224,52,67.704125,172
224,53,74.895504,171
224,54,63.359786,170
224,55,63.094275,169
224,56,60.338656,168
224,57,59.86115,167
224,58,45.464941,166
224,59,49.080955,165
224,60,64.608318,164
224,61,62.303854,163
224,62,74.795261,162
224,63,64.962025,161
224,64,49.7482,160
224,65,57.752122,159
224,66,76.791127,158
224,67,53.079357,157
224,68,61.448543,156
224,69,49.385252,155
224,70,59.548683,154
224,71,55.619118,153
224,72,50.806511,152
224,73,49.063735,151
224,74,54.311696,150
224,75,48.259032,149
224,76,42.181536,148
224,77,26.116482,147
224,78,44.378132,146
224,79,54.7445,145
224,80,47.577904,144
224,81,38.718643,143
224,82,54.69433,142
224,83,65.398472,141
224,84,66.701468,140
224,85,65.0953,139
224,86,64.486943,138
224,87,65.271261,137
224,88,60.962225,136
224,89,56.670689,135
224,90,65.635725,134
224,91,64.505029,133
224,92,55.552925,132
224,93,45.082914,131
224,94,34.0836,130
224,95,55.937682,129
224,96,49.173714,128
224,97,35.510197,127
224,98,56.226307,126
224,99,47.376904,125
224,100,35.512532,124
224,101,26.646901,123
224,102,34.148486,122
224,103,43.888582,121
224,104,29.694707,120
224,105,38.569868,119
224,106,48.700029,118
224,107,43.169525,117
224,108,25.176782,116
224,109,26.88505,115
224,110,21.239868,114
224,111,43.398179,113
224,112,56.1045,112
224,113,37.630118,111
224,114,19.800968,110
224,115,15.932004,109
224,116,22.452743,108
224,117,24.335793,107
224,118,24.351179,106
224,119,31.154464,105
224,120,35.836568,104
224,121,32.166589,103
224,122,22.056161,102
224,123,25.336532,101
224,124,51.034925,100
224,125,43.193407,99
224,126,33.864625,98
224,127,23.546693,97
224,128,23.6822445,96
224,129,22.694793,95
224,130,20.3648,94
224,131,19.179893,93
224,132,23.892932,92
224,133,27.586268,91
224,134,23.636993,90
224,135,19.539286,89
224,136,15.61325,88
224,137,27.493061,87
224,138,24.115957,86
224,139,22.661336,85
224,140,18.790736,84
224,141,12.643107,83
224,142,13.431229,82
224,143,16.812707,81
224,144,12.842907,80
224,145,7.692004,79
224,146,5.056307,78
224,147,10.263986,77
224,148,13.249007,76
224,149,11.691039,75
224,150,2.932968,74
224,151,11.658714,73
224,152,15.497307,72
224,153,12.681622,71
224,154,18.57885,70
224,155,9.067993,69
224,156,6.46145700000001,68
224,157,5.077175,67
224,158,4.45272899999999,66
224,159,11.735682,65
224,160,17.156104,64
224,161,8.388011,63
224,162,5.55774300000001,62
224,163,4.14993199999999,61
224,164,19.900043,60
224,165,18.999754,59
224,166,12.776697,58
224,167,14.22135,57
224,168,9.215186,56
224,169,1.92947099999999,55
224,170,2.81200699999999,54
224,171,10.804618,53
224,172,5.501468,52
224,173,9.092997,51
224,174,13.551911,50
224,175,6.84021799999999,49
224,176,7.23400000000001,48
224,177,4.5448259,47
224,178,3.763911,46
224,179,7.02775399999998,45
224,180,9.2223,44
224,181,6.554397,43
224,182,1.823871,42
224,183,2.697353,41
224,184,9.096829,40
224,185,4.6637506,39
224,186,6.38707900000001,38
224,187,6.36420399999999,37
224,188,7.174143,36
224,189,9.13318600000001,35
224,190,4.350897,34
224,191,9.27339999999999,33
224,192,21.864272,32
224,193,17.785361,31
224,194,6.67860399999999,30
224,195,10.548782,29
224,196,8.283854,28
224,197,7.909157,27
224,198,10.369254,26
224,199,13.524711,25
224,200,14.349143,24
224,201,14.712068,23
224,202,32.30815,22
224,203,28.529193,21
224,204,22.91195,20
224,205,24.0359,19
224,206,12.3698509,18
224,207,11.441229,17
224,208,9.36916399999999,16
224,209,16.420186,15
224,210,23.039389,14
224,211,14.049622,13
224,212,13.988964,12
224,213,9.47093199999999,11
224,214,13.329693,10
224,215,4.551704,9
224,216,6.404343,8
224,217,4.336775,7
224,218,10.192943,6
224,219,14.270522,5
224,220,11.845268,4
224,221,12.22035,3
224,222,9.64182899999999,2
224,223,3.002875,1
225,1,45.752486,224
225,2,46.302545,223
225,3,70.937235,222
225,4,68.487986,221
225,5,64.133318,220
225,6,70.0638996,219
225,7,68.415626,218
225,8,76.24905,217
225,9,89.535682,216
225,10,75.036971,215
225,11,74.143674,214
225,12,79.050341,213
225,13,80.245832,212
225,14,74.305452,211
225,15,63.245797,210
225,16,63.288557,209
225,17,71.531329,208
225,18,66.362243,207
225,19,52.325579,206
225,20,59.66305,205
225,21,82.703546,204
225,22,87.663688,203
225,23,84.407617,202
225,24,82.748508,201
225,25,67.170886,200
225,26,71.859232,199
225,27,70.464039,198
225,28,69.287468,197
225,29,69.487763,196
225,30,68.5409838,195
225,31,70.566754,194
225,32,72.301347,193
225,33,62.257368,192
225,34,74.638966,191
225,35,68.192855,190
225,36,63.795125,189
225,37,57.794868,188
225,38,62.4550619,187
225,39,77.225032,186
225,40,76.751455,185
225,41,75.148727,184
225,42,71.746918,183
225,43,62.477429,182
225,44,51.573493,181
225,45,50.958618,180
225,46,64.09224,179
225,47,52.151279,178
225,48,33.82955,177
225,49,23.663807,176
225,50,58.000703,175
225,51,56.068527,174
225,52,60.725714,173
225,53,70.030407,172
225,54,67.882997,171
225,55,56.115864,170
225,56,53.360245,169
225,57,56.217061,168
225,58,49.988152,167
225,59,42.102544,166
225,60,57.629907,165
225,61,55.325443,164
225,62,67.81685,163
225,63,59.070086,162
225,64,42.769789,161
225,65,50.773711,160
225,66,69.812716,159
225,67,57.602568,158
225,68,54.470132,157
225,69,42.406841,156
225,70,52.570272,155
225,71,48.640707,154
225,72,43.8281,153
225,73,52.072076,152
225,74,50.970715,151
225,75,42.397779,150
225,76,35.454375,149
225,77,19.138071,148
225,78,37.399721,147
225,79,48.266311,146
225,80,40.599493,145
225,81,31.740232,144
225,82,47.715919,143
225,83,58.420061,142
225,84,59.723057,141
225,85,58.369211,140
225,86,61.147168,139
225,87,58.29285,138
225,88,53.983814,137
225,89,54.860122,136
225,90,58.657314,135
225,91,57.526618,134
225,92,50.491786,133
225,93,42.022797,132
225,94,27.105189,131
225,95,48.959271,130
225,96,42.195303,129
225,97,35.116814,128
225,98,49.247896,127
225,99,50.900207,126
225,100,37.202179,125
225,101,19.66849,124
225,102,27.170075,123
225,103,36.910171,122
225,104,34.217918,121
225,105,31.591457,120
225,106,41.721618,119
225,107,36.191114,118
225,108,24.615229,117
225,109,27.073361,116
225,110,14.261457,115
225,111,36.419768,114
225,112,49.126089,113
225,113,30.651707,112
225,114,15.405943,111
225,115,12.453807,110
225,116,15.474332,109
225,117,17.357382,108
225,118,17.372768,107
225,119,24.176053,106
225,120,28.858157,105
225,121,36.6898,104
225,122,18.82975,103
225,123,18.358121,102
225,124,44.056514,101
225,125,36.214996,100
225,126,26.886214,99
225,127,23.402818,98
225,128,28.2054555,97
225,129,20.467218,96
225,130,24.888011,95
225,131,23.703104,94
225,132,19.833979,93
225,133,24.859543,92
225,134,26.910118,91
225,135,20.396525,90
225,136,19.968961,89
225,137,20.51465,88
225,138,18.472454,87
225,139,27.184547,86
225,140,23.313947,85
225,141,17.166318,84
225,142,14.954582,83
225,143,9.83429600000001,82
225,144,6.449004,81
225,145,8.38120700000001,80
225,146,2.11590399999999,79
225,147,3.28557500000001,78
225,148,6.270596,77
225,149,4.712628,76
225,150,9.16044299999999,75
225,151,18.637125,74
225,152,11.558604,73
225,153,5.70321100000002,72
225,154,11.600439,71
225,155,13.591204,70
225,156,9.23315400000001,69
225,157,9.60038600000001,68
225,158,3.09808199999999,67
225,159,17.213829,66
225,160,20.883407,65
225,161,13.3654,64
225,162,8.61946800000001,63
225,163,3.58837899999999,62
225,164,12.921632,61
225,165,12.021343,60
225,166,11.632914,59
225,167,7.910661,58
225,168,11.405725,57
225,169,6.45268199999999,56
225,170,7.335218,55
225,171,11.327393,54
225,172,3.94054300000001,53
225,173,9.821514,52
225,174,9.0287,51
225,175,2.31700699999999,50
225,176,0.507911000000011,49
225,177,9.06803690000001,48
225,178,8.28712200000001,47
225,179,11.505457,46
225,180,4.699089,45
225,181,3.07901400000001,44
225,182,8.23828199999999,43
225,183,9.67576399999999,42
225,184,4.57361799999999,41
225,185,11.6421616,40
225,186,13.280132,39
225,187,10.091507,38
225,188,9.65296799999999,37
225,189,4.60997500000001,36
225,190,5.662314,35
225,191,8.49991099999999,34
225,192,17.341061,33
225,193,14.76295,32
225,194,10.908407,31
225,195,3.57037100000001,30
225,196,5.14065700000001,29
225,197,1.347754,28
225,198,5.84604299999999,27
225,199,9.00149999999999,26
225,200,20.660368,25
225,201,21.690479,24
225,202,27.784939,23
225,203,34.505418,22
225,204,29.139961,21
225,205,25.178611,20
225,206,19.3482619,19
225,207,8.418282,18
225,208,8.59674699999999,17
225,209,16.315625,16
225,210,23.516522,15
225,211,15.277289,14
225,212,15.715647,13
225,213,12.282479,12
225,214,9.55741799999999,11
225,215,10.195207,10
225,216,3.797868,9
225,217,3.39913599999999,8
225,218,5.669732,7
225,219,11.082889,6
225,220,9.90544299999999,5
225,221,15.781761,4
225,222,6.61888199999999,3
225,223,3.975536,2
225,224,6.97841099999999,1
226,1,43.280979,225
226,2,42.333052,224
226,3,66.967742,223
226,4,66.016479,222
226,5,61.661811,221
226,6,67.5923926,220
226,7,65.944119,219
226,8,72.279557,218
226,9,85.566189,217
226,10,71.067478,216
226,11,71.672167,215
226,12,75.080848,214
226,13,76.276339,213
226,14,71.833945,212
226,15,60.77429,211
226,16,60.81705,210
226,17,69.059822,209
226,18,63.890736,208
226,19,49.854072,207
226,20,57.191543,206
226,21,78.734053,205
226,22,85.192181,204
226,23,80.438124,203
226,24,80.277001,202
226,25,64.699379,201
226,26,67.889739,200
226,27,67.992532,199
226,28,66.815961,198
226,29,67.016256,197
226,30,66.0694768,196
226,31,68.095247,195
226,32,69.82984,194
226,33,58.287875,193
226,34,70.669473,192
226,35,65.721348,191
226,36,61.323618,190
226,37,55.323361,189
226,38,59.9835549,188
226,39,73.255539,187
226,40,74.279948,186
226,41,71.272766,185
226,42,69.275411,184
226,43,60.005922,183
226,44,47.604,182
226,45,46.989125,181
226,46,60.122747,180
226,47,48.181786,179
226,48,29.860057,178
226,49,19.694314,177
226,50,54.03121,176
226,51,52.099034,175
226,52,56.756221,174
226,53,67.5589,173
226,54,65.41149,172
226,55,52.146371,171
226,56,49.390752,170
226,57,53.745554,169
226,58,47.516645,168
226,59,38.133051,167
226,60,54.492286,166
226,61,51.35595,165
226,62,63.847357,164
226,63,56.598579,163
226,64,38.800296,162
226,65,46.804218,161
226,66,65.843223,160
226,67,55.131061,159
226,68,50.833361,158
226,69,38.437348,157
226,70,48.600779,156
226,71,44.920186,155
226,72,39.858607,154
226,73,49.600569,153
226,74,48.499208,152
226,75,39.926272,151
226,76,32.982868,150
226,77,15.168578,149
226,78,33.430228,148
226,79,45.794804,147
226,80,36.63,146
226,81,27.770739,145
226,82,43.746426,144
226,83,54.450568,143
226,84,55.753564,142
226,85,55.897704,141
226,86,58.675661,140
226,87,55.720843,139
226,88,50.014321,138
226,89,52.388615,137
226,90,55.356079,136
226,91,53.557125,135
226,92,48.020279,134
226,93,39.55129,133
226,94,23.135696,132
226,95,44.989778,131
226,96,38.22581,130
226,97,32.645307,129
226,98,45.278403,128
226,99,48.4287,127
226,100,34.730672,126
226,101,15.698997,125
226,102,23.200582,124
226,103,32.940678,123
226,104,31.746411,122
226,105,27.621964,121
226,106,37.752125,120
226,107,32.221621,119
226,108,22.143722,118
226,109,24.601854,117
226,110,10.291964,116
226,111,32.450275,115
226,112,45.573604,114
226,113,26.682214,113
226,114,12.934436,112
226,115,9.98230000000001,111
226,116,11.504839,110
226,117,13.387889,109
226,118,13.403275,108
226,119,20.20656,107
226,120,24.888664,106
226,121,34.218293,105
226,122,16.358243,104
226,123,14.388628,103
226,124,40.087021,102
226,125,32.245503,101
226,126,22.916721,100
226,127,20.931311,99
226,128,25.7339485,98
226,129,17.995711,97
226,130,22.416504,96
226,131,21.231597,95
226,132,17.362472,94
226,133,22.388036,93
226,134,24.438611,92
226,135,17.925018,91
226,136,17.497454,90
226,137,16.545157,89
226,138,16.000947,88
226,139,24.71304,87
226,140,20.84244,86
226,141,14.694811,85
226,142,12.483075,84
226,143,5.86480300000001,83
226,144,3.977497,82
226,145,5.90970000000001,81
226,146,6.08539699999999,80
226,147,3.10208199999999,79
226,148,2.30110300000001,78
226,149,1.908265,77
226,150,13.129936,76
226,151,22.606618,75
226,152,15.528097,74
226,153,7.59991799999999,73
226,154,7.63094600000001,72
226,155,11.119697,71
226,156,6.76164700000001,70
226,157,7.12887900000001,69
226,158,7.06757499999999,68
226,159,21.183322,67
226,160,24.8529,66
226,161,17.334893,65
226,162,12.588961,64
226,163,6.79797200000001,63
226,164,8.952139,62
226,165,8.05185000000001,61
226,166,9.16140700000001,60
226,167,5.43915400000001,59
226,168,8.93421800000001,58
226,169,9.850975,57
226,170,11.301111,56
226,171,8.85588600000001,55
226,172,5.44643599999999,54
226,173,13.791007,53
226,174,11.500207,52
226,175,4.86998599999998,51
226,176,3.71390399999999,50
226,177,10.5688299,49
226,178,9.60041499999999,48
226,179,15.47495,47
226,180,7.17059599999999,46
226,181,4.39350699999999,45
226,182,12.207775,44
226,183,13.645257,43
226,184,7.04512499999999,42
226,185,15.6116546,41
226,186,17.249625,40
226,187,14.061,39
226,188,13.622461,38
226,189,7.08148200000001,37
226,190,9.63180699999999,36
226,191,12.469404,35
226,192,19.812568,34
226,193,18.732443,33
226,194,14.8779,32
226,195,2.81567799999998,31
226,196,2.66915000000001,30
226,197,3.03874699999999,29
226,198,8.31754999999999,28
226,199,12.388093,27
226,200,24.629861,26
226,201,25.659972,25
226,202,30.338454,24
226,203,38.474911,23
226,204,33.109454,22
226,205,29.148104,21
226,206,23.3177549,20
226,207,12.387775,19
226,208,12.56624,18
226,209,20.285118,17
226,210,27.486015,16
226,211,19.246782,15
226,212,19.68514,14
226,213,16.251972,13
226,214,13.526911,12
226,215,14.1647,11
226,216,7.767361,10
226,217,7.36862899999999,9
226,218,8.141239,8
226,219,15.052382,7
226,220,13.874936,6
226,221,19.751254,5
226,222,10.588375,4
226,223,7.94502899999999,3
226,224,10.947904,2
226,225,3.969493,1
227,1,41.131336,226
227,2,42.016395,225
227,3,66.651085,224
227,4,63.866836,223
227,5,59.512168,222
227,6,65.4427496,221
227,7,63.794476,220
227,8,71.9629,219
227,9,85.249532,218
227,10,70.750821,217
227,11,69.522524,216
227,12,74.764191,215
227,13,75.959682,214
227,14,69.684302,213
227,15,58.624647,212
227,16,58.667407,211
227,17,66.910179,210
227,18,61.741093,209
227,19,47.704429,208
227,20,55.0419,207
227,21,78.417396,206
227,22,83.042538,205
227,23,80.121467,204
227,24,78.127358,203
227,25,62.549736,202
227,26,67.573082,201
227,27,65.842889,200
227,28,64.666318,199
227,29,64.866613,198
227,30,63.9198338,197
227,31,65.945604,196
227,32,67.680197,195
227,33,57.971218,194
227,34,70.352816,193
227,35,63.571705,192
227,36,59.173975,191
227,37,53.173718,190
227,38,57.8339119,189
227,39,72.938882,188
227,40,72.130305,187
227,41,70.862577,186
227,42,67.125768,185
227,43,57.856279,184
227,44,47.287343,183
227,45,46.672468,182
227,46,59.80609,181
227,47,47.865129,180
227,48,29.5434,179
227,49,19.377657,178
227,50,53.714553,177
227,51,51.782377,176
227,52,56.439564,175
227,53,65.409257,174
227,54,63.261847,173
227,55,51.829714,172
227,56,49.074095,171
227,57,51.595911,170
227,58,45.367002,169
227,59,37.816394,168
227,60,53.343757,167
227,61,51.039293,166
227,62,63.5307,165
227,63,54.448936,164
227,64,38.483639,163
227,65,46.487561,162
227,66,65.526566,161
227,67,52.981418,160
227,68,50.183982,159
227,69,38.120691,158
227,70,48.284122,157
227,71,44.354557,156
227,72,39.54195,155
227,73,47.450926,154
227,74,46.349565,153
227,75,37.776629,152
227,76,30.916975,151
227,77,14.851921,150
227,78,33.113571,149
227,79,43.645161,148
227,80,36.313343,147
227,81,27.454082,146
227,82,43.429769,145
227,83,54.133911,144
227,84,55.436907,143
227,85,53.830739,142
227,86,56.526018,141
227,87,54.0067,140
227,88,49.697664,139
227,89,50.238972,138
227,90,54.371164,137
227,91,53.240468,136
227,92,45.870636,135
227,93,37.401647,134
227,94,22.819039,133
227,95,44.673121,132
227,96,37.909153,131
227,97,30.495664,130
227,98,44.961746,129
227,99,46.279057,128
227,100,32.581029,127
227,101,15.38234,126
227,102,22.883925,125
227,103,32.624021,124
227,104,29.596768,123
227,105,27.305307,122
227,106,37.435468,121
227,107,31.904964,120
227,108,19.994079,119
227,109,22.452211,118
227,110,9.975307,117
227,111,32.133618,116
227,112,44.839939,115
227,113,26.365557,114
227,114,10.784793,113
227,115,7.832657,112
227,116,11.188182,111
227,117,13.071232,110
227,118,13.086618,109
227,119,19.889903,108
227,120,24.572007,107
227,121,32.06865,106
227,122,14.2086,105
227,123,14.071971,104
227,124,39.770364,103
227,125,31.928846,102
227,126,22.600064,101
227,127,18.781668,100
227,128,23.5843055,99
227,129,15.846068,98
227,130,20.266861,97
227,131,19.081954,96
227,132,15.212829,95
227,133,20.238393,94
227,134,22.288968,93
227,135,15.775375,92
227,136,15.347811,91
227,137,16.2285,90
227,138,13.851304,89
227,139,22.563397,88
227,140,18.692797,87
227,141,12.545168,86
227,142,10.333432,85
227,143,5.548146,84
227,144,1.82785399999999,83
227,145,3.760057,82
227,146,6.402054,81
227,147,5.251725,80
227,148,1.984446,79
227,149,0.426477999999992,78
227,150,13.446593,77
227,151,22.923275,76
227,152,15.844754,75
227,153,9.749561,74
227,154,7.314289,73
227,155,8.970054,72
227,156,4.80310399999999,71
227,157,6.686536,70
227,158,7.384232,69
227,159,21.499979,68
227,160,25.169557,67
227,161,17.65155,66
227,162,12.905618,65
227,163,7.11462900000001,64
227,164,8.63548199999999,63
227,165,7.735193,62
227,166,7.011764,61
227,167,3.289511,60
227,168,6.784575,59
227,169,10.167632,58
227,170,11.617768,57
227,171,6.706243,56
227,172,5.763093,55
227,173,14.107664,54
227,174,13.64985,53
227,175,6.93815699999999,52
227,176,4.113239,51
227,177,10.8854869,50
227,178,9.917072,49
227,179,15.791607,48
227,180,9.320239,47
227,181,4.710164,46
227,182,12.524432,45
227,183,13.961914,44
227,184,9.194768,43
227,185,15.9283116,42
227,186,17.566282,41
227,187,14.377657,40
227,188,13.939118,39
227,189,9.23112500000002,38
227,190,9.948464,37
227,191,12.786061,36
227,192,21.962211,35
227,193,19.0491,34
227,194,15.194557,33
227,195,4.96532099999999,32
227,196,2.980707,31
227,197,3.355404,30
227,198,10.467193,29
227,199,13.62265,28
227,200,24.946518,27
227,201,25.976629,26
227,202,32.406089,25
227,203,38.791568,24
227,204,33.426111,23
227,205,29.464761,22
227,206,23.6344119,21
227,207,12.704432,20
227,208,12.882897,19
227,209,20.601775,18
227,210,27.802672,17
227,211,19.563439,16
227,212,20.001797,15
227,213,16.568629,14
227,214,13.843568,13
227,215,14.481357,12
227,216,8.08401800000001,11
227,217,7.685286,10
227,218,10.290882,9
227,219,15.369039,8
227,220,14.191593,7
227,221,20.067911,6
227,222,10.905032,5
227,223,8.261686,4
227,224,11.264561,3
227,225,4.62115000000001,2
227,226,2.14964300000001,1
228,1,47.415961,227
228,2,44.63277,226
228,3,69.26746,225
228,4,70.151461,224
228,5,65.796793,223
228,6,71.7273746,222
228,7,70.079101,221
228,8,74.579275,220
228,9,87.865907,219
228,10,75.117504,218
228,11,75.807149,217
228,12,77.380566,216
228,13,78.576057,215
228,14,75.968927,214
228,15,64.909272,213
228,16,64.952032,212
228,17,73.194804,211
228,18,68.025718,210
228,19,53.989054,209
228,20,61.326525,208
228,21,81.033771,207
228,22,89.327163,206
228,23,82.737842,205
228,24,84.411983,204
228,25,68.834361,203
228,26,70.189457,202
228,27,72.127514,201
228,28,70.950943,200
228,29,71.151238,199
228,30,70.2044588,198
228,31,72.230229,197
228,32,73.964822,196
228,33,60.587593,195
228,34,72.969191,194
228,35,69.85633,193
228,36,65.4586,192
228,37,59.458343,191
228,38,64.1185369,190
228,39,75.555257,189
228,40,78.41493,188
228,41,75.407748,187
228,42,73.410393,186
228,43,64.140904,185
228,44,49.903718,184
228,45,49.288843,183
228,46,62.422465,182
228,47,50.481504,181
228,48,32.993925,180
228,49,21.994032,179
228,50,56.330928,178
228,51,56.153348,177
228,52,59.055939,176
228,53,71.693882,175
228,54,69.546472,174
228,55,54.446089,173
228,56,51.69047,172
228,57,57.880536,171
228,58,51.651627,170
228,59,40.432769,169
228,60,58.627268,168
228,61,53.655668,167
228,62,67.564125,166
228,63,60.733561,165
228,64,41.100014,164
228,65,49.103936,163
228,66,68.142941,162
228,67,59.266043,161
228,68,54.968343,160
228,69,40.737066,159
228,70,51.350603,158
228,71,49.055168,157
228,72,42.158325,156
228,73,53.735551,155
228,74,52.63419,154
228,75,44.061254,153
228,76,37.11785,152
228,77,18.180104,151
228,78,35.729946,150
228,79,49.929786,149
228,80,38.929718,148
228,81,31.488043,147
228,82,46.323256,146
228,83,56.750286,145
228,84,58.804218,144
228,85,60.032686,143
228,86,62.810643,142
228,87,59.855825,141
228,88,53.564661,140
228,89,56.523597,139
228,90,59.491061,138
228,91,55.856843,137
228,92,52.155261,136
228,93,43.686272,135
228,94,25.435414,134
228,95,47.289496,133
228,96,40.525528,132
228,97,36.780289,131
228,98,48.829279,130
228,99,52.563682,129
228,100,38.865654,128
228,101,17.998715,127
228,102,25.5003,126
228,103,35.240396,125
228,104,35.881393,124
228,105,31.255518,123
228,106,40.051843,122
228,107,34.521339,121
228,108,26.278704,120
228,109,28.736836,119
228,110,12.591682,118
228,111,34.749993,117
228,112,49.708586,116
228,113,29.732868,115
228,114,17.069418,114
228,115,14.117282,113
228,116,13.804557,112
228,117,15.687607,111
228,118,15.702993,110
228,119,22.506278,109
228,120,27.356418,108
228,121,38.353275,107
228,122,20.493225,106
228,123,16.688346,105
228,124,42.386739,104
228,125,34.545221,103
228,126,26.299561,102
228,127,25.066293,101
228,128,29.8689305,100
228,129,22.130693,99
228,130,26.551486,98
228,131,25.366579,97
228,132,21.497454,96
228,133,26.523018,95
228,134,28.573593,94
228,135,22.06,93
228,136,21.632436,92
228,137,18.844875,91
228,138,20.135929,90
228,139,28.848022,89
228,140,24.977422,88
228,141,18.829793,87
228,142,16.618057,86
228,143,8.49777899999999,85
228,144,8.11247899999998,84
228,145,10.044682,83
228,146,3.78567900000001,82
228,147,1.61579999999999,81
228,148,5.43657899999999,80
228,149,6.04324699999998,79
228,150,10.830218,78
228,151,20.3069,77
228,152,13.228379,76
228,153,4.03343599999999,75
228,154,9.93066399999998,74
228,155,15.254679,73
228,156,10.896629,72
228,157,11.263861,71
228,158,4.76785700000001,70
228,159,18.883604,69
228,160,22.553182,68
228,161,15.035175,67
228,162,10.289243,66
228,163,5.25185399999998,65
228,164,11.251857,64
228,165,10.351568,63
228,166,13.296389,62
228,167,9.57413599999999,61
228,168,13.0692,60
228,169,8.11615699999998,59
228,170,9.00139300000003,58
228,171,12.990868,57
228,172,5.60401799999999,56
228,173,11.491289,55
228,174,7.36522500000002,54
228,175,2.57026800000001,53
228,176,2.17138599999999,52
228,177,10.7315119,51
228,178,9.95059699999999,50
228,179,13.175232,49
228,180,3.03561400000001,48
228,181,4.74248899999999,47
228,182,9.90805700000001,46
228,183,11.345539,45
228,184,3.91125700000001,44
228,185,13.3119366,43
228,186,14.949907,42
228,187,11.761282,41
228,188,11.322743,40
228,189,4.44730000000003,39
228,190,7.33208900000002,38
228,191,10.169686,37
228,192,15.677586,36
228,193,16.432725,35
228,194,12.578182,34
228,195,1.90059599999999,33
228,196,6.80413199999999,32
228,197,3.01122899999999,31
228,198,4.18256800000001,30
228,199,10.088375,29
228,200,22.330143,28
228,201,23.360254,27
228,202,28.038736,26
228,203,36.175193,25
228,204,30.809736,24
228,205,26.848386,23
228,206,21.0180369,22
228,207,10.088057,21
228,208,10.266522,20
228,209,17.9854,19
228,210,25.186297,18
228,211,16.947064,17
228,212,17.385422,16
228,213,13.952254,15
228,214,11.227193,14
228,215,11.864982,13
228,216,5.46764300000002,12
228,217,5.06891100000001,11
228,218,5.08884300000002,10
228,219,12.752664,9
228,220,11.575218,8
228,221,17.451536,7
228,222,8.28865700000001,6
228,223,5.64531100000002,5
228,224,8.64818600000002,4
228,225,1.66977500000002,3
228,226,4.13498199999998,2
228,227,6.28462499999999,1
229,1,46.581093,228
229,2,53.966224,227
229,3,78.600914,226
229,4,69.296493,225
229,5,68.506761,224
229,6,68.6441206,223
229,7,70.353753,222
229,8,83.912729,221
229,9,97.199361,220
229,10,82.70065,219
229,11,72.723895,218
229,12,86.71402,217
229,13,87.909511,216
229,14,72.885673,215
229,15,63.741682,214
229,16,67.867422,213
229,17,76.85845,212
229,18,65.358936,211
229,19,59.5689,210
229,20,65.243029,209
229,21,90.367225,208
229,22,90.036511,207
229,23,92.071296,206
229,24,83.293571,205
229,25,65.751107,204
229,26,79.522911,203
229,27,69.04426,202
229,28,67.867689,201
229,29,68.295516,200
229,30,67.1212048,199
229,31,74.979325,198
229,32,70.881568,197
229,33,69.921047,196
229,34,82.302645,195
229,35,66.773076,194
229,36,64.708554,193
229,37,56.375089,192
229,38,61.0352829,191
229,39,84.888711,190
229,40,81.384724,189
229,41,82.812406,188
229,42,70.327139,187
229,43,69.05745,186
229,44,59.237172,185
229,45,58.622297,184
229,46,71.755919,183
229,47,59.814958,182
229,48,41.493229,181
229,49,31.327486,180
229,50,65.664382,179
229,51,63.732206,178
229,52,68.389393,177
229,53,75.580772,176
229,54,66.463218,175
229,55,63.779543,174
229,56,61.023924,173
229,57,60.546418,172
229,58,48.568373,171
229,59,49.766223,170
229,60,65.293586,169
229,61,62.989122,168
229,62,75.480529,167
229,63,65.647293,166
229,64,50.433468,165
229,65,58.43739,164
229,66,77.476395,163
229,67,56.182789,162
229,68,62.133811,161
229,69,50.07052,160
229,70,60.233951,159
229,71,56.304386,158
229,72,51.491779,157
229,73,50.652297,156
229,74,54.996964,155
229,75,48.9443,154
229,76,42.866804,153
229,77,26.80175,152
229,78,45.0634,151
229,79,55.429768,150
229,80,48.263172,149
229,81,39.403911,148
229,82,55.379598,147
229,83,66.08374,146
229,84,67.386736,145
229,85,65.780568,144
229,86,65.172211,143
229,87,65.956529,142
229,88,61.647493,141
229,89,57.355957,140
229,90,66.320993,139
229,91,65.190297,138
229,92,56.238193,137
229,93,45.768182,136
229,94,34.768868,135
229,95,56.62295,134
229,96,49.858982,133
229,97,36.195465,132
229,98,56.911575,131
229,99,49.480428,130
229,100,36.1978,129
229,101,27.332169,128
229,102,34.833754,127
229,103,44.57385,126
229,104,32.798139,125
229,105,39.255136,124
229,106,49.385297,123
229,107,43.854793,122
229,108,25.86205,121
229,109,27.570318,120
229,110,21.925136,119
229,111,44.083447,118
229,112,56.789768,117
229,113,38.315386,116
229,114,20.486236,115
229,115,16.617272,114
229,116,23.138011,113
229,117,25.021061,112
229,118,25.036447,111
229,119,31.839732,110
229,120,36.521836,109
229,121,35.270021,108
229,122,22.741429,107
229,123,26.0218,106
229,124,51.720193,105
229,125,43.878675,104
229,126,34.549893,103
229,127,24.231961,102
229,128,26.7856765,101
229,129,23.380061,100
229,130,23.468232,99
229,131,22.283325,98
229,132,24.5782,97
229,133,28.271536,96
229,134,25.490339,95
229,135,20.224554,94
229,136,18.549182,93
229,137,28.178329,92
229,138,24.801225,91
229,139,25.764768,90
229,140,21.894168,89
229,141,15.746539,88
229,142,14.116497,87
229,143,17.497975,86
229,144,13.528175,85
229,145,8.37727200000001,84
229,146,5.54777500000001,83
229,147,10.949254,82
229,148,13.934275,81
229,149,12.376307,80
229,150,1.49676399999999,79
229,151,10.973446,78
229,152,12.393875,77
229,153,13.36689,76
229,154,19.264118,75
229,155,12.171425,74
229,156,7.81337500000001,73
229,157,8.18060700000001,72
229,158,4.56559700000001,71
229,159,9.55015,70
229,160,14.052672,69
229,161,5.70172099999999,68
229,162,2.45431100000001,67
229,163,4.83519999999999,66
229,164,20.585311,65
229,165,19.685022,64
229,166,13.461965,63
229,167,14.906618,62
229,168,9.98594600000001,61
229,169,5.03290299999999,60
229,170,5.91543899999999,59
229,171,11.489886,58
229,172,6.18673600000001,57
229,173,5.989565,56
229,174,10.448479,55
229,175,6.76318600000001,54
229,176,7.91926800000001,53
229,177,7.6482579,52
229,178,6.867343,51
229,179,3.92432199999998,50
229,180,9.71376800000001,49
229,181,7.23966500000001,48
229,182,4.92730300000001,47
229,183,2.012085,46
229,184,5.993397,45
229,185,4.3546826,44
229,186,5.616453,43
229,187,3.26077199999999,42
229,188,4.070711,41
229,189,6.02975400000001,40
229,190,2.001365,39
229,191,6.16996799999999,38
229,192,18.76084,37
229,193,14.681929,36
229,194,3.57517199999999,35
229,195,11.23405,34
229,196,8.96912200000001,33
229,197,8.594425,32
229,198,7.26582199999999,31
229,199,10.421279,30
229,200,12.996689,29
229,201,14.0268,28
229,202,29.204718,27
229,203,26.841739,26
229,204,21.476282,25
229,205,20.932468,24
229,206,11.6845829,23
229,207,8.337797,22
229,208,6.26573199999999,21
229,209,13.316754,20
229,210,19.935957,19
229,211,10.94619,18
229,212,10.885532,17
229,213,6.36749999999999,16
229,214,10.226261,15
229,215,2.531528,14
229,216,3.865811,13
229,217,4.26454300000001,12
229,218,7.08951100000001,11
229,219,11.16709,10
229,220,8.74183599999999,9
229,221,9.11691799999999,8
229,222,6.53839699999999,7
229,223,3.688143,6
229,224,3.103432,5
229,225,7.663679,4
229,226,11.633172,3
229,227,11.949829,2
229,228,9.33345400000002,1
230,1,49.670004,229
230,2,47.305027,228
230,3,71.939717,227
230,4,72.405504,226
230,5,68.050836,225
230,6,73.9814176,224
230,7,72.333144,223
230,8,77.251532,222
230,9,90.538164,221
230,10,77.371547,220
230,11,78.061192,219
230,12,80.052823,218
230,13,81.248314,217
230,14,78.22297,216
230,15,67.163315,215
230,16,67.206075,214
230,17,75.448847,213
230,18,70.279761,212
230,19,56.243097,211
230,20,63.580568,210
230,21,83.706028,209
230,22,91.581206,208
230,23,85.410099,207
230,24,86.666026,206
230,25,71.088404,205
230,26,72.861714,204
230,27,74.381557,203
230,28,73.204986,202
230,29,73.405281,201
230,30,72.4585018,200
230,31,74.484272,199
230,32,76.218865,198
230,33,63.25985,197
230,34,75.641448,196
230,35,72.110373,195
230,36,67.712643,194
230,37,61.712386,193
230,38,66.3725799,192
230,39,78.227514,191
230,40,80.668973,190
230,41,77.661791,189
230,42,75.664436,188
230,43,66.394947,187
230,44,52.575975,186
230,45,51.9611,185
230,46,65.094722,184
230,47,53.153761,183
230,48,35.247968,182
230,49,24.666289,181
230,50,59.003185,180
230,51,58.407391,179
230,52,61.728196,178
230,53,73.947925,177
230,54,71.800515,176
230,55,57.118346,175
230,56,54.362727,174
230,57,60.134579,173
230,58,53.90567,172
230,59,43.105026,171
230,60,60.881311,170
230,61,56.327925,169
230,62,69.818168,168
230,63,62.987604,167
230,64,43.772271,166
230,65,51.776193,165
230,66,70.815198,164
230,67,61.520086,163
230,68,57.222386,162
230,69,43.409323,161
230,70,53.604646,160
230,71,51.309211,159
230,72,44.830582,158
230,73,55.989594,157
230,74,54.888233,156
230,75,46.315297,155
230,76,39.371893,154
230,77,20.434147,153
230,78,38.402203,152
230,79,52.183829,151
230,80,41.601975,150
230,81,33.742086,149
230,82,48.718401,148
230,83,59.422543,147
230,84,61.058261,146
230,85,62.286729,145
230,86,65.064686,144
230,87,62.109868,143
230,88,55.818704,142
230,89,58.77764,141
230,90,61.745104,140
230,91,58.5291,139
230,92,54.409304,138
230,93,45.940315,137
230,94,28.107671,136
230,95,49.961753,135
230,96,43.197785,134
230,97,39.034332,133
230,98,51.083322,132
230,99,54.817725,131
230,100,41.119697,130
230,101,20.670972,129
230,102,28.172557,128
230,103,37.912653,127
230,104,38.135436,126
230,105,33.509561,125
230,106,42.7241,124
230,107,37.193596,123
230,108,28.532747,122
230,109,30.990879,121
230,110,15.263939,120
230,111,37.42225,119
230,112,51.962629,118
230,113,31.986911,117
230,114,19.323461,116
230,115,16.371325,115
230,116,16.476814,114
230,117,18.359864,113
230,118,18.37525,112
230,119,25.178535,111
230,120,29.860639,110
230,121,40.607318,109
230,122,22.747268,108
230,123,19.360603,107
230,124,45.058996,106
230,125,37.217478,105
230,126,28.553604,104
230,127,27.320336,103
230,128,32.1229735,102
230,129,24.384736,101
230,130,28.805529,100
230,131,27.620622,99
230,132,23.751497,98
230,133,28.777061,97
230,134,30.827636,96
230,135,24.314043,95
230,136,23.886479,94
230,137,21.517132,93
230,138,22.389972,92
230,139,31.102065,91
230,140,27.231465,90
230,141,21.083836,89
230,142,18.8721,88
230,143,10.836778,87
230,144,10.366522,86
230,145,12.298725,85
230,146,3.38442200000001,84
230,147,4.28805700000001,83
230,148,7.690622,82
230,149,8.29729,81
230,150,8.15796099999999,80
230,151,17.634643,79
230,152,10.556122,78
230,153,6.70569300000002,77
230,154,12.602921,76
230,155,17.508722,75
230,156,13.150672,74
230,157,13.517904,73
230,158,3.98800000000001,72
230,159,16.211347,71
230,160,19.880925,70
230,161,12.362918,69
230,162,7.61698600000001,68
230,163,7.505897,67
230,164,13.924114,66
230,165,13.023825,65
230,166,15.550432,64
230,167,11.828179,63
230,168,15.323243,62
230,169,10.3702,61
230,170,11.252736,60
230,171,15.244911,59
230,172,7.85806100000001,58
230,173,8.819032,57
230,174,5.111182,56
230,175,1.60051100000002,55
230,176,4.42542900000001,54
230,177,12.9855549,53
230,178,12.20464,52
230,179,10.502975,51
230,180,3.05257100000001,50
230,181,6.99653200000001,49
230,182,10.2646,48
230,183,8.67328199999999,47
230,184,1.23899999999999,46
230,185,10.6396796,45
230,186,12.27765,44
230,187,9.08902499999999,43
230,188,8.65048599999999,42
230,189,1.77504300000001,41
230,190,4.659832,40
230,191,7.49742899999999,39
230,192,13.423543,38
230,193,13.760468,37
230,194,9.90592499999998,36
230,195,4.57285300000001,35
230,196,9.05817500000001,34
230,197,5.265272,33
230,198,1.92852499999999,32
230,199,7.41611799999999,31
230,200,19.657886,30
230,201,20.687997,29
230,202,25.366479,28
230,203,33.502936,27
230,204,28.137479,26
230,205,24.176129,25
230,206,18.3457799,24
230,207,7.4158,23
230,208,7.59426499999999,22
230,209,15.313143,21
230,210,22.51404,20
230,211,14.274807,19
230,212,14.713165,18
230,213,11.279997,17
230,214,8.55493599999999,16
230,215,9.192725,15
230,216,2.795386,14
230,217,4.10395400000001,13
230,218,2.416586,12
230,219,10.080407,11
230,220,8.90296099999999,10
230,221,14.779279,9
230,222,5.61639999999999,8
230,223,6.194154,7
230,224,8.440729,6
230,225,3.917518,5
230,226,6.389025,4
230,227,8.53866800000001,3
230,228,2.67225700000002,2
230,229,6.661197,1
231,1,41.855646,230
231,2,49.240777,229
231,3,73.875467,228
231,4,64.571046,227
231,5,63.781314,226
231,6,63.3345676,225
231,7,65.628306,224
231,8,79.187282,223
231,9,92.473914,222
231,10,77.975203,221
231,11,67.414342,220
231,12,81.988573,219
231,13,83.184064,218
231,14,67.57612,217
231,15,59.016235,216
231,16,63.141975,215
231,17,72.133003,214
231,18,60.633489,213
231,19,54.843453,212
231,20,60.517582,211
231,21,85.641778,210
231,22,85.311064,209
231,23,87.345849,208
231,24,78.568124,207
231,25,60.441554,206
231,26,74.797464,205
231,27,63.734707,204
231,28,62.558136,203
231,29,63.570069,202
231,30,61.8116518,201
231,31,70.253878,200
231,32,65.572015,199
231,33,65.1956,198
231,34,77.577198,197
231,35,61.463523,196
231,36,59.983107,195
231,37,51.399464,194
231,38,55.7257299,193
231,39,80.163264,192
231,40,76.659277,191
231,41,78.086959,190
231,42,65.017586,189
231,43,64.332003,188
231,44,54.511725,187
231,45,53.89685,186
231,46,67.030472,185
231,47,55.089511,184
231,48,36.767782,183
231,49,26.602039,182
231,50,60.938935,181
231,51,59.006759,180
231,52,63.663946,179
231,53,70.855325,178
231,54,61.153665,177
231,55,59.054096,176
231,56,56.298477,175
231,57,55.820971,174
231,58,43.25882,173
231,59,45.040776,172
231,60,60.568139,171
231,61,58.263675,170
231,62,70.755082,169
231,63,60.921846,168
231,64,45.708021,167
231,65,53.711943,166
231,66,72.750948,165
231,67,50.873236,164
231,68,57.408364,163
231,69,45.345073,162
231,70,55.508504,161
231,71,51.578939,160
231,72,46.766332,159
231,73,45.342744,158
231,74,50.271517,157
231,75,44.218853,156
231,76,38.141357,155
231,77,22.076303,154
231,78,40.337953,153
231,79,50.704321,152
231,80,43.537725,151
231,81,34.678464,150
231,82,50.654151,149
231,83,61.358293,148
231,84,62.661289,147
231,85,61.055121,146
231,86,60.446764,145
231,87,61.231082,144
231,88,56.922046,143
231,89,52.63051,142
231,90,61.595546,141
231,91,60.46485,140
231,92,51.512746,139
231,93,41.042735,138
231,94,30.043421,137
231,95,51.897503,136
231,96,45.133535,135
231,97,31.470018,134
231,98,52.186128,133
231,99,44.170875,132
231,100,31.472353,131
231,101,22.606722,130
231,102,30.108307,129
231,103,39.848403,128
231,104,27.488586,127
231,105,34.529689,126
231,106,44.65985,125
231,107,39.129346,124
231,108,21.136603,123
231,109,22.844871,122
231,110,17.199689,121
231,111,39.358,120
231,112,52.064321,119
231,113,33.589939,118
231,114,15.760789,117
231,115,11.891825,116
231,116,18.412564,115
231,117,20.295614,114
231,118,20.311,113
231,119,27.114285,112
231,120,31.796389,111
231,121,29.960468,110
231,122,18.015982,109
231,123,21.296353,108
231,124,46.994746,107
231,125,39.153228,106
231,126,29.824446,105
231,127,19.506514,104
231,128,21.4761235,103
231,129,18.654614,102
231,130,18.158679,101
231,131,16.973772,100
231,132,19.852753,99
231,133,23.546089,98
231,134,20.180786,97
231,135,15.499107,96
231,136,13.239629,95
231,137,23.452882,94
231,138,20.075778,93
231,139,20.455215,92
231,140,16.584615,91
231,141,10.436986,90
231,142,9.39105000000001,89
231,143,12.772528,88
231,144,8.802728,87
231,145,3.65182500000001,86
231,146,7.26242799999999,85
231,147,7.35990699999999,84
231,148,9.20882800000001,83
231,149,7.65086,82
231,150,6.22221099999999,81
231,151,15.698893,80
231,152,17.703428,79
231,153,11.857743,78
231,154,14.538671,77
231,155,6.86187200000001,76
231,156,2.50382200000001,75
231,157,2.87105400000001,74
231,158,6.65884999999999,73
231,159,14.275597,72
231,160,19.362225,71
231,161,10.594132,70
231,162,7.76386400000001,69
231,163,3.14095300000001,68
231,164,15.859864,67
231,165,14.959575,66
231,166,8.73651800000001,65
231,167,10.181171,64
231,168,5.17500700000001,63
231,169,2.94325,62
231,170,4.393386,61
231,171,6.764439,60
231,172,2.788789,59
231,173,11.299118,58
231,174,15.758032,57
231,175,9.04633899999999,56
231,176,6.22142099999999,55
231,177,3.66110489999999,54
231,178,2.69268999999999,53
231,179,9.23387499999998,52
231,180,11.428421,51
231,181,3.650318,50
231,182,5.30004999999999,49
231,183,6.73753199999999,48
231,184,11.30295,47
231,185,8.7039296,46
231,186,10.3419,45
231,187,8.57032499999999,44
231,188,9.380264,43
231,189,11.339307,42
231,190,6.557018,41
231,191,11.479521,40
231,192,24.070393,39
231,193,19.991482,38
231,194,8.88472499999999,37
231,195,7.07350299999999,36
231,196,4.24367500000001,35
231,197,5.381578,34
231,198,12.575375,33
231,199,15.730832,32
231,200,17.722136,31
231,201,18.752247,30
231,202,34.514271,29
231,203,31.567186,28
231,204,26.201729,27
231,205,26.242021,26
231,206,16.4100299,25
231,207,13.64735,24
231,208,11.575285,23
231,209,18.626307,22
231,210,25.24551,21
231,211,16.255743,20
231,212,16.195085,19
231,213,11.677053,18
231,214,15.535814,17
231,215,7.256975,16
231,216,8.610464,15
231,217,6.54289599999999,14
231,218,12.399064,13
231,219,16.476643,12
231,220,14.051389,11
231,221,14.426471,10
231,222,11.84795,9
231,223,4.452696,8
231,224,4.04017899999999,7
231,225,6.729332,6
231,226,6.907725,5
231,227,7.22438200000001,4
231,228,8.39280699999998,3
231,229,5.309553,2
231,230,10.64685,1
232,1,46.556243,231
232,2,53.941374,230
232,3,78.576064,229
232,4,69.271643,228
232,5,68.481911,227
232,6,63.3664706,226
232,7,70.328903,225
232,8,83.887879,224
232,9,97.174511,223
232,10,82.6758,222
232,11,69.813355,221
232,12,86.68917,220
232,13,87.884661,219
232,14,70.566877,218
232,15,63.716832,217
232,16,67.842572,216
232,17,76.8336,215
232,18,65.334086,214
232,19,59.54405,213
232,20,65.218179,212
232,21,90.342375,211
232,22,90.011661,210
232,23,92.046446,209
232,24,83.268721,208
232,25,63.867543,207
232,26,79.498061,206
232,27,65.02219,205
232,28,65.113661,204
232,29,68.270666,203
232,30,61.8435548,202
232,31,74.954475,201
232,32,65.603918,200
232,33,69.896197,199
232,34,82.277795,198
232,35,64.627274,197
232,36,64.683704,196
232,37,56.100061,195
232,38,55.7576329,194
232,39,84.863861,193
232,40,81.359874,192
232,41,82.787556,191
232,42,65.596611,190
232,43,69.0326,189
232,44,59.212322,188
232,45,58.597447,187
232,46,71.731069,186
232,47,59.790108,185
232,48,41.468379,184
232,49,31.302636,183
232,50,65.639532,182
232,51,63.707356,181
232,52,68.364543,180
232,53,75.555922,179
232,54,61.185568,178
232,55,63.754693,177
232,56,60.999074,176
232,57,60.521568,175
232,58,46.075377,174
232,59,49.741373,173
232,60,65.268736,172
232,61,62.964272,171
232,62,75.455679,170
232,63,65.622443,169
232,64,50.408618,168
232,65,58.41254,167
232,66,77.451545,166
232,67,53.073661,165
232,68,62.108961,164
232,69,50.04567,163
232,70,60.209101,162
232,71,56.279536,161
232,72,51.466929,160
232,73,49.724153,159
232,74,54.972114,158
232,75,48.91945,157
232,76,42.841954,156
232,77,26.7769,155
232,78,45.03855,154
232,79,55.404918,153
232,80,48.238322,152
232,81,39.379061,151
232,82,55.354748,150
232,83,66.05889,149
232,84,67.361886,148
232,85,65.755718,147
232,86,65.147361,146
232,87,65.931679,145
232,88,61.622643,144
232,89,57.331107,143
232,90,66.296143,142
232,91,65.165447,141
232,92,56.213343,140
232,93,45.743332,139
232,94,34.744018,138
232,95,56.5981,137
232,96,49.834132,136
232,97,36.170615,135
232,98,56.886725,134
232,99,48.037322,133
232,100,36.17295,132
232,101,27.307319,131
232,102,34.808904,130
232,103,44.549,129
232,104,28.355711,128
232,105,39.230286,127
232,106,49.360447,126
232,107,43.829943,125
232,108,25.8372,124
232,109,27.545468,123
232,110,21.900286,122
232,111,44.058597,121
232,112,56.764918,120
232,113,38.290536,119
232,114,20.461386,118
232,115,16.592422,117
232,116,23.113161,116
232,117,24.996211,115
232,118,25.011597,114
232,119,31.814882,113
232,120,36.496986,112
232,121,30.245229,111
232,122,22.716579,110
232,123,25.99695,109
232,124,51.695343,108
232,125,43.853825,107
232,126,34.525043,106
232,127,24.207111,105
232,128,21.5080265,104
232,129,23.355211,103
232,130,19.691918,102
232,131,19.173125,101
232,132,24.55335,100
232,133,28.246686,99
232,134,24.297411,98
232,135,20.199704,97
232,136,16.273668,96
232,137,28.153479,95
232,138,24.776375,94
232,139,20.989082,93
232,140,19.369682,92
232,141,12.637411,91
232,142,14.091647,90
232,143,17.473125,89
232,144,13.503325,88
232,145,8.35242200000001,87
232,146,7.23052499999999,86
232,147,10.924404,85
232,148,13.909425,84
232,149,12.351457,83
232,150,5.10718599999999,82
232,151,11.917804,81
232,152,17.671525,80
232,153,13.34204,79
232,154,19.239268,78
232,155,9.39622500000001,77
232,156,7.12187500000001,76
232,157,5.23844300000001,75
232,158,6.62694699999999,74
232,159,13.9099,73
232,160,19.330322,72
232,161,10.562229,71
232,162,7.731961,70
232,163,4.81034999999999,69
232,164,20.560461,68
232,165,19.660172,67
232,166,13.437115,66
232,167,14.881768,65
232,168,9.87560400000001,64
232,169,1.757347,63
232,170,0.637788999999997,62
232,171,11.465036,61
232,172,6.16188600000001,60
232,173,11.267215,59
232,174,15.726129,58
232,175,9.01443599999999,57
232,176,7.89441800000001,56
232,177,2.37060790000001,55
232,178,2.00790700000001,54
232,179,9.20197199999998,53
232,180,11.396518,52
232,181,7.21481500000001,51
232,182,0.599452999999991,50
232,183,3.45666499999999,49
232,184,11.271047,48
232,185,4.0033326,47
232,186,8.561297,46
232,187,8.53842199999999,45
232,188,9.34836099999999,44
232,189,11.307404,43
232,190,6.525115,42
232,191,11.447618,41
232,192,24.03849,40
232,193,19.959579,39
232,194,8.85282199999999,38
232,195,11.2092,37
232,196,8.94427200000001,36
232,197,8.569575,35
232,198,12.543472,34
232,199,15.698929,33
232,200,16.523361,32
232,201,15.30455,31
232,202,34.482368,30
232,203,30.703411,29
232,204,25.086168,28
232,205,26.210118,27
232,206,11.7094329,26
232,207,13.615447,25
232,208,11.543382,24
232,209,18.594404,23
232,210,25.213607,22
232,211,16.22384,21
232,212,16.163182,20
232,213,11.64515,19
232,214,15.503911,18
232,215,6.725922,17
232,216,8.578561,16
232,217,6.51099299999999,15
232,218,12.367161,14
232,219,16.44474,13
232,220,14.019486,12
232,221,14.394568,11
232,222,11.816047,10
232,223,4.420793,9
232,224,2.174218,8
232,225,7.638829,7
232,226,11.608322,6
232,227,11.924979,5
232,228,9.30860400000002,4
232,229,5.27765,3
232,230,10.614947,2
232,231,4.700597,1
233,1,52.701636,232
233,2,48.282305,231
233,3,72.947815,230
233,4,75.437136,229
233,5,71.082468,228
233,6,77.0130496,227
233,7,75.364776,226
233,8,78.2,225
233,9,91.486632,224
233,10,80.403179,223
233,11,81.092824,222
233,12,81.001291,221
233,13,82.196782,220
233,14,81.254602,219
233,15,70.194947,218
233,16,70.237707,217
233,17,78.480479,216
233,18,73.311393,215
233,19,59.274729,214
233,20,66.6122,213
233,21,84.654496,212
233,22,94.612838,211
233,23,86.647203,210
233,24,89.697658,209
233,25,74.120036,208
233,26,73.810182,207
233,27,77.413189,206
233,28,76.236618,205
233,29,76.436913,204
233,30,75.4901338,203
233,31,77.515904,202
233,32,79.250497,201
233,33,64.208318,200
233,34,76.589916,199
233,35,75.142005,198
233,36,70.744275,197
233,37,64.744018,196
233,38,69.4042119,195
233,39,79.175982,194
233,40,83.700605,193
233,41,80.693423,192
233,42,78.696068,191
233,43,69.426579,190
233,44,53.524443,189
233,45,52.909568,188
233,46,66.04319,187
233,47,54.102229,186
233,48,38.2796,185
233,49,25.614757,184
233,50,59.951653,183
233,51,61.439023,182
233,52,62.676664,181
233,53,76.979557,180
233,54,74.832147,179
233,55,58.066814,178
233,56,55.311195,177
233,57,63.166211,176
233,58,56.937302,175
233,59,44.053494,174
233,60,63.912943,173
233,61,57.276393,172
233,62,72.8498,171
233,63,66.019236,170
233,64,44.720739,169
233,65,52.724661,168
233,66,71.763666,167
233,67,64.551718,166
233,68,60.254018,165
233,69,44.357791,164
233,70,56.636278,163
233,71,54.340843,162
233,72,45.77905,161
233,73,59.021226,160
233,74,57.919865,159
233,75,49.346929,158
233,76,42.403525,157
233,77,23.465779,156
233,78,39.350671,155
233,79,55.215461,154
233,80,42.550443,153
233,81,36.773718,152
233,82,51.608931,151
233,83,61.036589,150
233,84,64.089893,149
233,85,65.318361,148
233,86,68.096318,147
233,87,65.1415,146
233,88,58.850336,145
233,89,61.809272,144
233,90,64.776736,143
233,91,59.477568,142
233,92,57.440936,141
233,93,48.971947,140
233,94,29.056139,139
233,95,50.910221,138
233,96,44.146253,137
233,97,42.065964,136
233,98,54.114954,135
233,99,57.849357,134
233,100,44.151329,133
233,101,21.61944,132
233,102,29.121025,131
233,103,38.861121,130
233,104,41.167068,129
233,105,36.541193,128
233,106,43.672568,127
233,107,38.142064,126
233,108,31.564379,125
233,109,34.022511,124
233,110,17.127493,123
233,111,38.370718,122
233,112,54.994261,121
233,113,35.018543,120
233,114,22.355093,119
233,115,19.402957,118
233,116,17.425282,117
233,117,19.308332,116
233,118,19.323718,115
233,119,27.291597,114
233,120,32.642093,113
233,121,43.63895,112
233,122,25.7789,111
233,123,20.309071,110
233,124,46.007464,109
233,125,38.165946,108
233,126,31.585236,107
233,127,30.351968,106
233,128,35.1546055,105
233,129,27.416368,104
233,130,31.837161,103
233,131,30.652254,102
233,132,26.783129,101
233,133,31.808693,100
233,134,33.859268,99
233,135,27.345675,98
233,136,26.918111,97
233,137,22.4656,96
233,138,25.421604,95
233,139,34.133697,94
233,140,30.263097,93
233,141,24.115468,92
233,142,21.903732,91
233,143,13.783454,90
233,144,13.398154,89
233,145,15.330357,88
233,146,6.41605400000001,87
233,147,6.31857500000001,86
233,148,10.722254,85
233,149,11.328922,84
233,150,8.53939300000001,83
233,151,16.686175,82
233,152,9.60765399999998,81
233,153,7.65416100000002,80
233,154,13.551389,79
233,155,20.540354,78
233,156,16.182304,77
233,157,16.549536,76
233,158,7.01963200000002,75
233,159,15.262879,74
233,160,18.932457,73
233,161,11.41445,72
233,162,6.668518,71
233,163,10.537529,70
233,164,14.872582,69
233,165,13.972293,68
233,166,18.582064,67
233,167,14.859811,66
233,168,18.354875,65
233,169,13.401832,64
233,170,14.284368,63
233,171,18.276543,62
233,172,10.889693,61
233,173,7.870564,60
233,174,3.41285,59
233,175,4.63214300000002,58
233,176,7.45706100000002,57
233,177,16.0171869,56
233,178,15.236272,55
233,179,9.55450699999998,54
233,180,4.00103900000001,53
233,181,10.028164,52
233,182,13.296232,51
233,183,10.189914,50
233,184,2.37553200000001,49
233,185,12.7236116,48
233,186,11.329182,47
233,187,8.14055699999998,46
233,188,7.70201799999999,45
233,189,2.339175,44
233,190,7.12146400000001,43
233,191,6.54896099999998,42
233,192,10.391911,41
233,193,12.812,40
233,194,8.95745699999998,39
233,195,6.60497900000002,38
233,196,12.089807,37
233,197,8.29690400000001,36
233,198,1.10310700000001,35
233,199,6.46764999999998,34
233,200,18.709418,33
233,201,19.739529,32
233,202,24.418011,31
233,203,32.554468,30
233,204,27.189011,29
233,205,23.227661,28
233,206,17.3973119,27
233,207,6.46733199999999,26
233,208,6.64579699999998,25
233,209,14.364675,24
233,210,21.565572,23
233,211,13.326339,22
233,212,13.764697,21
233,213,10.331529,20
233,214,7.60646799999998,19
233,215,8.24425699999999,18
233,216,5.068018,17
233,217,7.13558600000001,16
233,218,1.468118,15
233,219,9.13193899999999,14
233,220,7.95449299999998,13
233,221,13.830811,12
233,222,4.66793199999999,11
233,223,9.22578600000001,10
233,224,11.472361,9
233,225,6.94915,8
233,226,9.420657,7
233,227,11.5703,6
233,228,5.28567500000002,5
233,229,8.36892900000001,4
233,230,3.031632,3
233,231,13.678482,2
233,232,13.646579,1
234,1,48.986718,233
234,2,44.567387,232
234,3,69.232897,231
234,4,71.722218,230
234,5,67.36755,229
234,6,73.2981316,228
234,7,71.649858,227
234,8,72.066382,226
234,9,84.02025,225
234,10,76.688261,224
234,11,77.377906,223
234,12,73.534909,222
234,13,74.7304,221
234,14,77.539684,220
234,15,66.480029,219
234,16,66.522789,218
234,17,74.765561,217
234,18,69.596475,216
234,19,55.559811,215
234,20,62.897282,214
234,21,77.188114,213
234,22,90.89792,212
234,23,82.932285,211
234,24,85.98274,210
234,25,70.405118,209
234,26,66.3438,208
234,27,73.698271,207
234,28,72.5217,206
234,29,72.721995,205
234,30,71.7752158,204
234,31,73.800986,203
234,32,75.535579,202
234,33,58.409164,201
234,34,69.123534,200
234,35,71.427087,199
234,36,67.029357,198
234,37,61.0291,197
234,38,65.6892939,196
234,39,71.7096,195
234,40,79.985687,194
234,41,76.978505,193
234,42,74.98115,192
234,43,65.711661,191
234,44,48.184239,190
234,45,45.443186,189
234,46,58.576808,188
234,47,49.980353,187
234,48,34.564682,186
234,49,19.732925,185
234,50,52.485271,184
234,51,57.724105,183
234,52,55.210282,182
234,53,73.264639,181
234,54,71.117229,180
234,55,54.118468,179
234,56,47.844813,178
234,57,59.451293,177
234,58,53.222384,176
234,59,36.587112,175
234,60,60.198025,174
234,61,49.810011,173
234,62,69.134882,172
234,63,62.304318,171
234,64,40.588143,170
234,65,45.258279,169
234,66,64.297284,168
234,67,60.8368,167
234,68,56.5391,166
234,69,38.884391,165
234,70,52.92136,164
234,71,50.625925,163
234,72,39.136232,162
234,73,55.306308,161
234,74,54.204947,160
234,75,45.632011,159
234,76,38.688607,158
234,77,19.750861,157
234,78,31.884289,156
234,79,51.500543,155
234,80,35.084061,154
234,81,33.0588,153
234,82,47.894013,152
234,83,57.321671,151
234,84,60.374975,150
234,85,61.603443,149
234,86,64.3814,148
234,87,61.426582,147
234,88,55.135418,146
234,89,58.094354,145
234,90,61.061818,144
234,91,54.428814,143
234,92,53.726018,142
234,93,45.257029,141
234,94,21.589757,140
234,95,43.443839,139
234,96,38.513929,138
234,97,38.351046,137
234,98,50.400036,136
234,99,54.134439,135
234,100,40.436411,134
234,101,14.153058,133
234,102,21.905357,132
234,103,34.896561,131
234,104,37.45215,130
234,105,32.826275,129
234,106,36.206186,128
234,107,30.675682,127
234,108,27.849461,126
234,109,30.307593,125
234,110,13.412575,124
234,111,30.904336,123
234,112,51.279343,122
234,113,31.303625,121
234,114,18.640175,120
234,115,15.688039,119
234,116,9.9589,118
234,117,11.84195,117
234,118,11.857336,116
234,119,23.576679,115
234,120,28.927175,114
234,121,39.924032,113
234,122,22.063982,112
234,123,12.842689,111
234,124,38.541082,110
234,125,30.699564,109
234,126,27.870318,108
234,127,26.63705,107
234,128,31.4396875,106
234,129,23.70145,105
234,130,28.122243,104
234,131,26.937336,103
234,132,23.068211,102
234,133,28.093775,101
234,134,30.14435,100
234,135,23.630757,99
234,136,23.203193,98
234,137,14.999218,97
234,138,21.706686,96
234,139,30.418779,95
234,140,26.548179,94
234,141,20.40055,93
234,142,18.188814,92
234,143,10.068536,91
234,144,9.683236,90
234,145,11.615439,89
234,146,7.631336,88
234,147,2.603657,87
234,148,7.007336,86
234,149,7.61400399999999,85
234,150,14.675875,84
234,151,24.152557,83
234,152,17.074036,82
234,153,1.894179,81
234,154,9.251293,80
234,155,16.825436,79
234,156,12.467386,78
234,157,12.834618,77
234,158,8.613514,76
234,159,22.729261,75
234,160,26.398839,74
234,161,18.880832,73
234,162,14.1349,72
234,163,8.34391100000001,71
234,164,7.40619999999999,70
234,165,7.506489,69
234,166,14.867146,68
234,167,11.144893,67
234,168,14.639957,66
234,169,11.396914,65
234,170,12.84705,64
234,171,14.561625,63
234,172,7.174775,62
234,173,15.336946,61
234,174,10.879232,60
234,175,6.41592499999999,59
234,176,5.25984299999999,58
234,177,12.3022689,57
234,178,11.521354,56
234,179,17.020889,55
234,180,3.465343,54
234,181,6.313246,53
234,182,13.753714,52
234,183,15.191196,51
234,184,7.756914,50
234,185,17.1575936,49
234,186,18.795564,48
234,187,15.606939,47
234,188,15.1684,46
234,189,8.29295700000001,45
234,190,11.177746,44
234,191,14.015343,43
234,192,14.106829,42
234,193,20.278382,41
234,194,16.423839,40
234,195,2.89006100000001,39
234,196,8.374889,38
234,197,4.584686,37
234,198,6.86188899999999,36
234,199,13.934032,35
234,200,26.1758,34
234,201,27.205911,33
234,202,31.884393,32
234,203,40.02085,31
234,204,34.655393,30
234,205,30.694043,29
234,206,24.8636939,28
234,207,13.933714,27
234,208,14.112179,26
234,209,21.831057,25
234,210,29.031954,24
234,211,20.792721,23
234,212,21.231079,22
234,213,17.797911,21
234,214,15.07285,20
234,215,15.710639,19
234,216,9.31330000000001,18
234,217,8.914568,17
234,218,8.93450000000001,16
234,219,16.598321,15
234,220,15.420875,14
234,221,21.297193,13
234,222,12.134314,12
234,223,9.490968,11
234,224,12.493843,10
234,225,5.51543200000001,9
234,226,5.70573899999999,8
234,227,7.855382,7
234,228,3.84565699999999,6
234,229,13.179111,5
234,230,6.51791400000001,4
234,231,9.96356399999999,3
234,232,13.154261,2
234,233,7.46638200000001,1
235,1,37.283061,234
235,2,44.668192,233
235,3,69.302882,232
235,4,59.998461,231
235,5,59.208729,230
235,6,59.7609526,229
235,7,61.055721,228
235,8,74.614697,227
235,9,87.901329,226
235,10,73.402618,225
235,11,63.840727,224
235,12,77.415988,223
235,13,78.611479,222
235,14,64.002505,221
235,15,54.44365,220
235,16,58.56939,219
235,17,67.560418,218
235,18,56.060904,217
235,19,50.270868,216
235,20,55.944997,215
235,21,81.069193,214
235,22,80.738479,213
235,23,82.773264,212
235,24,73.995539,211
235,25,56.867939,210
235,26,70.224879,209
235,27,60.161092,208
235,28,58.984521,207
235,29,59.184816,206
235,30,58.2380368,205
235,31,65.681293,204
235,32,61.9984,203
235,33,60.623015,202
235,34,73.004613,201
235,35,57.889908,200
235,36,55.410522,199
235,37,47.491921,198
235,38,52.1521149,197
235,39,75.590679,196
235,40,72.086692,195
235,41,73.514374,194
235,42,61.443971,193
235,43,59.759418,192
235,44,49.93914,191
235,45,49.324265,190
235,46,62.457887,189
235,47,50.516926,188
235,48,32.195197,187
235,49,22.029454,186
235,50,56.36635,185
235,51,54.434174,184
235,52,59.091361,183
235,53,66.28274,182
235,54,57.58005,181
235,55,54.481511,180
235,56,51.725892,179
235,57,51.248386,178
235,58,39.685205,177
235,59,40.468191,176
235,60,55.995554,175
235,61,53.69109,174
235,62,66.182497,173
235,63,56.349261,172
235,64,41.135436,171
235,65,49.139358,170
235,66,68.178363,169
235,67,47.299621,168
235,68,52.835779,167
235,69,40.772488,166
235,70,50.935919,165
235,71,47.006354,164
235,72,42.193747,163
235,73,41.769129,162
235,74,45.698932,161
235,75,39.646268,160
235,76,33.568772,159
235,77,17.503718,158
235,78,35.765368,157
235,79,46.131736,156
235,80,38.96514,155
235,81,30.105879,154
235,82,46.081566,153
235,83,56.785708,152
235,84,58.088704,151
235,85,56.482536,150
235,86,55.874179,149
235,87,56.658497,148
235,88,52.349461,147
235,89,48.057925,146
235,90,57.022961,145
235,91,55.892265,144
235,92,46.940161,143
235,93,36.47015,142
235,94,25.470836,141
235,95,47.324918,140
235,96,40.56095,139
235,97,26.897433,138
235,98,47.613543,137
235,99,40.59726,136
235,100,26.899768,135
235,101,18.034137,134
235,102,25.535722,133
235,103,35.275818,132
235,104,23.914971,131
235,105,29.957104,130
235,106,40.087265,129
235,107,34.556761,128
235,108,16.564018,127
235,109,18.272286,126
235,110,12.627104,125
235,111,34.785415,124
235,112,47.491736,123
235,113,29.017354,122
235,114,11.188204,121
235,115,7.31924,120
235,116,13.839979,119
235,117,15.723029,118
235,118,15.738415,117
235,119,22.5417,116
235,120,27.223804,115
235,121,26.386853,114
235,122,13.443397,113
235,123,16.723768,112
235,124,42.422161,111
235,125,34.580643,110
235,126,25.251861,109
235,127,14.933929,108
235,128,17.9025085,107
235,129,14.082029,106
235,130,14.585064,105
235,131,13.400157,104
235,132,15.280168,103
235,133,18.973504,102
235,134,16.607171,101
235,135,10.926522,100
235,136,9.666014,99
235,137,18.880297,98
235,138,15.503193,97
235,139,16.8816,96
235,140,13.011,95
235,141,6.86337100000001,94
235,142,4.818465,93
235,143,8.199943,92
235,144,4.230143,91
235,145,1.92174,90
235,146,10.836043,89
235,147,10.933522,88
235,148,6.529843,87
235,149,5.923175,86
235,150,10.794796,85
235,151,20.271478,84
235,152,21.277043,83
235,153,15.431358,82
235,154,9.966086,81
235,155,3.28825700000001,80
235,156,2.15130699999999,79
235,157,4.03473899999999,78
235,158,10.232465,77
235,159,18.848182,76
235,160,22.93584,75
235,161,14.999753,74
235,162,11.337479,73
235,163,6.71456800000001,72
235,164,11.287279,71
235,165,10.38699,70
235,166,4.16393300000001,69
235,167,5.608586,68
235,168,1.10277800000001,67
235,169,7.51583500000001,66
235,170,8.96597100000001,65
235,171,2.191854,64
235,172,6.362404,63
235,173,14.872733,62
235,174,19.331647,61
235,175,12.619954,60
235,176,9.79503599999999,59
235,177,8.2336899,58
235,178,7.265275,57
235,179,13.13981,56
235,180,15.002036,55
235,181,7.223933,54
235,182,9.872635,53
235,183,11.310117,52
235,184,14.876565,51
235,185,13.2765146,50
235,186,14.914485,49
235,187,12.14394,48
235,188,12.953879,47
235,189,14.912922,46
235,190,10.130633,45
235,191,15.053136,44
235,192,27.644008,43
235,193,23.565097,42
235,194,12.54276,41
235,195,10.647118,40
235,196,5.16229,39
235,197,8.955193,38
235,198,16.14899,37
235,199,19.304447,36
235,200,22.294721,35
235,201,23.324832,34
235,202,38.087886,33
235,203,36.139771,32
235,204,30.774314,31
235,205,29.815636,30
235,206,20.9826149,29
235,207,17.220965,28
235,208,15.1489,27
235,209,22.199922,26
235,210,28.819125,25
235,211,19.829358,24
235,212,19.7687,23
235,213,15.250668,22
235,214,19.109429,21
235,215,11.82956,20
235,216,12.184079,19
235,217,10.116511,18
235,218,15.972679,17
235,219,20.050258,16
235,220,17.625004,15
235,221,18.000086,14
235,222,15.421565,13
235,223,8.026311,12
235,224,8.612764,11
235,225,10.302947,10
235,226,7.83144000000001,9
235,227,5.681797,8
235,228,11.966422,7
235,229,9.298032,6
235,230,14.220465,5
235,231,4.57258500000001,4
235,232,9.27318200000001,3
235,233,17.252097,2
235,234,13.537179,1
236,1,46.268404,235
236,2,41.849073,234
236,3,66.514583,233
236,4,69.003904,232
236,5,64.649236,231
236,6,70.5798176,230
236,7,68.931544,229
236,8,71.183332,228
236,9,84.469964,227
236,10,73.969947,226
236,11,74.659592,225
236,12,73.984623,224
236,13,75.180114,223
236,14,74.82137,222
236,15,63.761715,221
236,16,63.804475,220
236,17,72.047247,219
236,18,66.878161,218
236,19,52.841497,217
236,20,60.178968,216
236,21,77.637828,215
236,22,88.179606,214
236,23,80.213971,213
236,24,83.264426,212
236,25,67.686804,211
236,26,66.793514,210
236,27,70.979957,209
236,28,69.803386,208
236,29,70.003681,207
236,30,69.0569018,206
236,31,71.082672,205
236,32,72.817265,204
236,33,57.19165,203
236,34,69.573248,202
236,35,68.708773,201
236,36,64.311043,200
236,37,58.310786,199
236,38,62.9709799,198
236,39,72.159314,197
236,40,77.267373,196
236,41,74.260191,195
236,42,72.262836,194
236,43,62.993347,193
236,44,46.507775,192
236,45,45.8929,191
236,46,59.026522,190
236,47,47.262039,189
236,48,31.846368,188
236,49,18.598089,187
236,50,52.934985,186
236,51,55.005791,185
236,52,55.659996,184
236,53,70.546325,183
236,54,68.398915,182
236,55,51.400154,181
236,56,48.294527,180
236,57,56.732979,179
236,58,50.50407,178
236,59,37.036826,177
236,60,57.479711,176
236,61,50.259725,175
236,62,66.416568,174
236,63,59.586004,173
236,64,37.869829,172
236,65,45.707993,171
236,66,64.746998,170
236,67,58.118486,169
236,68,53.820786,168
236,69,37.341123,167
236,70,50.203046,166
236,71,47.907611,165
236,72,38.762382,164
236,73,52.587994,163
236,74,51.486633,162
236,75,42.913697,161
236,76,35.970293,160
236,77,17.032547,159
236,78,32.334003,158
236,79,48.782229,157
236,80,35.533775,156
236,81,30.340486,155
236,82,45.175699,154
236,83,54.603357,153
236,84,57.656661,152
236,85,58.885129,151
236,86,61.663086,150
236,87,58.708268,149
236,88,52.417104,148
236,89,55.37604,147
236,90,58.343504,146
236,91,52.4609,145
236,92,51.007704,144
236,93,42.538715,143
236,94,22.039471,142
236,95,43.893553,141
236,96,37.129585,140
236,97,35.632732,139
236,98,47.681722,138
236,99,51.416125,137
236,100,37.718097,136
236,101,14.602772,135
236,102,22.104357,134
236,103,32.178247,133
236,104,34.733836,132
236,105,30.107961,131
236,106,36.6559,130
236,107,31.125396,129
236,108,25.131147,128
236,109,27.589279,127
236,110,10.694261,126
236,111,31.35405,125
236,112,48.561029,124
236,113,28.585311,123
236,114,15.921861,122
236,115,12.969725,121
236,116,10.408614,120
236,117,12.291664,119
236,118,12.30705,118
236,119,20.858365,117
236,120,26.208861,116
236,121,37.205718,115
236,122,19.345668,114
236,123,13.292403,113
236,124,38.990796,112
236,125,31.149278,111
236,126,25.152004,110
236,127,23.918736,109
236,128,28.7213735,108
236,129,20.983136,107
236,130,25.403929,106
236,131,24.219022,105
236,132,20.349897,104
236,133,25.375461,103
236,134,27.426036,102
236,135,20.912443,101
236,136,20.484879,100
236,137,15.448932,99
236,138,18.988372,98
236,139,27.700465,97
236,140,23.829865,96
236,141,17.682236,95
236,142,15.4705,94
236,143,7.350222,93
236,144,6.964922,92
236,145,8.897125,91
236,146,7.181622,90
236,147,1.780143,89
236,148,4.289022,88
236,149,4.89568999999999,87
236,150,14.226161,86
236,151,23.702843,85
236,152,16.624322,84
236,153,4.612493,83
236,154,6.534721,82
236,155,14.107122,81
236,156,9.749072,80
236,157,10.116304,79
236,158,8.16379999999999,78
236,159,22.279547,77
236,160,25.949125,76
236,161,18.431118,75
236,162,13.685186,74
236,163,7.89419700000001,73
236,164,7.85591399999999,72
236,165,6.955625,71
236,166,12.148832,70
236,167,8.426579,69
236,168,11.921643,68
236,169,10.9472,67
236,170,12.397336,66
236,171,11.843311,65
236,172,6.542661,64
236,173,14.887232,63
236,174,10.429518,62
236,175,5.96621099999999,61
236,176,4.81012899999999,60
236,177,11.6650549,59
236,178,10.69664,58
236,179,16.571175,57
236,180,4.183171,56
236,181,5.489732,55
236,182,13.304,54
236,183,14.741482,53
236,184,7.3072,52
236,185,16.7078796,51
236,186,18.34585,50
236,187,15.157225,49
236,188,14.718686,48
236,189,7.84324300000001,47
236,190,10.728032,46
236,191,13.565629,45
236,192,16.825143,44
236,193,19.828668,43
236,194,15.974125,42
236,195,1.49534699999999,41
236,196,5.656575,40
236,197,4.134972,39
236,198,6.41217499999999,38
236,199,13.484318,37
236,200,25.726086,36
236,201,26.756197,35
236,202,31.434679,34
236,203,39.571136,33
236,204,34.205679,32
236,205,30.244329,31
236,206,24.4139799,30
236,207,13.484,29
236,208,13.662465,28
236,209,21.381343,27
236,210,28.58224,26
236,211,20.343007,25
236,212,20.781365,24
236,213,17.348197,23
236,214,14.623136,22
236,215,15.260925,21
236,216,8.86358600000001,20
236,217,8.464854,19
236,218,8.48478600000001,18
236,219,16.148607,17
236,220,14.971161,16
236,221,20.847479,15
236,222,11.6846,14
236,223,9.041254,13
236,224,12.044129,12
236,225,5.06571800000001,11
236,226,2.98742499999999,10
236,227,5.137068,9
236,228,3.39594299999998,8
236,229,12.729397,7
236,230,6.06820000000001,6
236,231,8.00395000000001,5
236,232,12.704547,4
236,233,7.01666800000001,3
236,234,2.718314,2
236,235,10.818865,1
237,1,45.710279,236
237,2,46.343552,235
237,3,70.978242,234
237,4,68.445779,233
237,5,64.091111,232
237,6,70.0216926,231
237,7,68.373419,230
237,8,76.290057,229
237,9,89.576689,228
237,10,75.077978,227
237,11,74.101467,226
237,12,79.091348,225
237,13,80.286839,224
237,14,74.263245,223
237,15,63.20359,222
237,16,63.24635,221
237,17,71.489122,220
237,18,66.320036,219
237,19,52.283372,218
237,20,59.620843,217
237,21,82.744553,216
237,22,87.621481,215
237,23,84.448624,214
237,24,82.706301,213
237,25,67.128679,212
237,26,71.900239,211
237,27,70.421832,210
237,28,69.245261,209
237,29,69.445556,208
237,30,68.4987768,207
237,31,70.524547,206
237,32,72.25914,205
237,33,62.298375,204
237,34,74.679973,203
237,35,68.150648,202
237,36,63.752918,201
237,37,57.752661,200
237,38,62.4128549,199
237,39,77.266039,198
237,40,76.709248,197
237,41,75.189734,196
237,42,71.704711,195
237,43,62.435222,194
237,44,51.6145,193
237,45,50.999625,192
237,46,64.133247,191
237,47,52.192286,190
237,48,33.870557,189
237,49,23.704814,188
237,50,58.04171,187
237,51,56.109534,186
237,52,60.766721,185
237,53,69.9882,184
237,54,67.84079,183
237,55,56.156871,182
237,56,53.401252,181
237,57,56.174854,180
237,58,49.945945,179
237,59,42.143551,178
237,60,57.670914,177
237,61,55.36645,176
237,62,67.857857,175
237,63,59.027879,174
237,64,42.810796,173
237,65,50.814718,172
237,66,69.853723,171
237,67,57.560361,170
237,68,54.511139,169
237,69,42.447848,168
237,70,52.611279,167
237,71,48.681714,166
237,72,43.869107,165
237,73,52.029869,164
237,74,50.928508,163
237,75,42.355572,162
237,76,35.412168,161
237,77,19.179078,160
237,78,37.440728,159
237,79,48.224104,158
237,80,40.6405,157
237,81,31.781239,156
237,82,47.756926,155
237,83,58.461068,154
237,84,59.764064,153
237,85,58.327004,152
237,86,61.104961,151
237,87,58.333857,150
237,88,54.024821,149
237,89,54.817915,148
237,90,58.698321,147
237,91,57.567625,146
237,92,50.449579,145
237,93,41.98059,144
237,94,27.146196,143
237,95,49.000278,142
237,96,42.23631,141
237,97,35.074607,140
237,98,49.288903,139
237,99,50.858,138
237,100,37.159972,137
237,101,19.709497,136
237,102,27.211082,135
237,103,36.951178,134
237,104,34.175711,133
237,105,31.632464,132
237,106,41.762625,131
237,107,36.232121,130
237,108,24.573022,129
237,109,27.031154,128
237,110,14.302464,127
237,111,36.460775,126
237,112,49.167096,125
237,113,30.692714,124
237,114,15.363736,123
237,115,12.4116,122
237,116,15.515339,121
237,117,17.398389,120
237,118,17.413775,119
237,119,24.21706,118
237,120,28.899164,117
237,121,36.647593,116
237,122,18.787543,115
237,123,18.399128,114
237,124,44.097521,113
237,125,36.256003,112
237,126,26.927221,111
237,127,23.360611,110
237,128,28.1632485,109
237,129,20.425011,108
237,130,24.845804,107
237,131,23.660897,106
237,132,19.791772,105
237,133,24.817336,104
237,134,26.867911,103
237,135,20.354318,102
237,136,19.926754,101
237,137,20.555657,100
237,138,18.430247,99
237,139,27.14234,98
237,140,23.27174,97
237,141,17.124111,96
237,142,14.912375,95
237,143,9.87530300000001,94
237,144,6.406797,93
237,145,8.33900000000001,92
237,146,2.07489699999999,91
237,147,3.32658200000001,90
237,148,6.31160300000001,89
237,149,4.753635,88
237,150,9.11943599999999,87
237,151,18.596118,86
237,152,11.517597,85
237,153,5.74421800000002,84
237,154,11.641446,83
237,155,13.548997,82
237,156,9.19094700000001,81
237,157,9.55817900000001,80
237,158,3.05707499999999,79
237,159,17.172822,78
237,160,20.8424,77
237,161,13.324393,76
237,162,8.578461,75
237,163,3.54617199999999,74
237,164,12.962639,73
237,165,12.06235,72
237,166,11.590707,71
237,167,7.868454,70
237,168,11.363518,69
237,169,6.41047499999999,68
237,170,7.293011,67
237,171,11.285186,66
237,172,3.89833600000001,65
237,173,9.780507,64
237,174,9.070907,63
237,175,2.35921399999999,62
237,176,0.465704000000011,61
237,177,9.02582990000001,60
237,178,8.24491500000001,59
237,179,11.46445,58
237,180,4.74129599999999,57
237,181,3.03680700000001,56
237,182,8.19727499999999,55
237,183,9.63475699999999,54
237,184,4.61582499999999,53
237,185,11.6011546,52
237,186,13.239125,51
237,187,10.0505,50
237,188,9.61196099999999,49
237,189,4.65218200000001,48
237,190,5.62130699999999,47
237,191,8.45890399999998,46
237,192,17.383268,45
237,193,14.721943,44
237,194,10.8674,43
237,195,3.61137800000002,42
237,196,5.09845000000001,41
237,197,1.305547,40
237,198,5.88824999999999,39
237,199,9.04370699999999,38
237,200,20.619361,37
237,201,21.649472,36
237,202,27.827146,35
237,203,34.464411,34
237,204,29.098954,33
237,205,25.137604,32
237,206,19.3072549,31
237,207,8.377275,30
237,208,8.55573999999999,29
237,209,16.274618,28
237,210,23.475515,27
237,211,15.236282,26
237,212,15.67464,25
237,213,12.241472,24
237,214,9.51641099999998,23
237,215,10.1542,22
237,216,3.756861,21
237,217,3.35812899999999,20
237,218,5.711939,19
237,219,11.041882,18
237,220,9.86443599999999,17
237,221,15.740754,16
237,222,6.57787499999999,15
237,223,3.93452899999999,14
237,224,6.93740399999999,13
237,225,0.0422069999999994,12
237,226,4.0105,11
237,227,4.57894300000001,10
237,228,1.71078200000002,9
237,229,7.622672,8
237,230,3.959725,7
237,231,6.687125,6
237,232,7.597822,5
237,233,6.991357,4
237,234,5.55643900000001,3
237,235,10.26074,2
237,236,5.10672500000001,1
238,1,49.5405945,237
238,2,56.9257255,236
238,3,81.5604155,235
238,4,72.2559945,234
238,5,71.4662625,233
238,6,64.3539809,232
238,7,73.3132545,231
238,8,86.8722305,230
238,9,100.1588625,229
238,10,85.6601515,228
238,11,72.7977065,227
238,12,89.6735215,226
238,13,90.8690125,225
238,14,73.5512285,224
238,15,66.7011835,223
238,16,70.8269235,222
238,17,79.8179515,221
238,18,68.3184375,220
238,19,62.5284015,219
238,20,68.2025305,218
238,21,93.3267265,217
238,22,92.9960125,216
238,23,95.0307975,215
238,24,86.2530725,214
238,25,66.8518945,213
238,26,82.4824125,212
238,27,68.0065415,211
238,28,68.0980125,210
238,29,71.2550175,209
238,30,62.0803033,208
238,31,77.9388265,207
238,32,65.8406665,206
238,33,72.8805485,205
238,34,85.2621465,204
238,35,67.6116255,203
238,36,67.6680555,202
238,37,59.0844125,201
238,38,55.9943814,200
238,39,87.8482125,199
238,40,84.3442255,198
238,41,85.7719075,197
238,42,68.5809625,196
238,43,72.0169515,195
238,44,62.1966735,194
238,45,61.5817985,193
238,46,74.7154205,192
238,47,62.7744595,191
238,48,44.4527305,190
238,49,34.2869875,189
238,50,68.6238835,188
238,51,66.6917075,187
238,52,71.3488945,186
238,53,78.5402735,185
238,54,62.7824835,184
238,55,66.7390445,183
238,56,63.9834255,182
238,57,63.5059195,181
238,58,49.0597285,180
238,59,52.7257245,179
238,60,68.2530875,178
238,61,65.9486235,177
238,62,78.4400305,176
238,63,68.6067945,175
238,64,53.3929695,174
238,65,61.3968915,173
238,66,80.4358965,172
238,67,56.0580125,171
238,68,65.0933125,170
238,69,53.0300215,169
238,70,63.1934525,168
238,71,59.2638875,167
238,72,54.4512805,166
238,73,52.7085045,165
238,74,57.9564655,164
238,75,51.9038015,163
238,76,45.8263055,162
238,77,29.7612515,161
238,78,48.0229015,160
238,79,58.3892695,159
238,80,51.2226735,158
238,81,42.3634125,157
238,82,58.3390995,156
238,83,69.0432415,155
238,84,70.3462375,154
238,85,68.7400695,153
238,86,68.1317125,152
238,87,68.9160305,151
238,88,64.6069945,150
238,89,60.3154585,149
238,90,69.2804945,148
238,91,68.1497985,147
238,92,59.1976945,146
238,93,48.7276835,145
238,94,37.7283695,144
238,95,59.5824515,143
238,96,52.8184835,142
238,97,39.1549665,141
238,98,59.8710765,140
238,99,51.0216735,139
238,100,39.1573015,138
238,101,30.2916705,137
238,102,37.7932555,136
238,103,47.5333515,135
238,104,31.3400625,134
238,105,42.2146375,133
238,106,52.3447985,132
238,107,46.8142945,131
238,108,28.8215515,130
238,109,30.5298195,129
238,110,24.8846375,128
238,111,47.0429485,127
238,112,59.7492695,126
238,113,41.2748875,125
238,114,23.4457375,124
238,115,19.5767735,123
238,116,26.0975125,122
238,117,27.9805625,121
238,118,27.9959485,120
238,119,34.7992335,119
238,120,39.4813375,118
238,121,33.2295805,117
238,122,25.7009305,116
238,123,28.9813015,115
238,124,54.6796945,114
238,125,46.8381765,113
238,126,37.5093945,112
238,127,27.1914625,111
238,128,21.744775,110
238,129,26.3395625,109
238,130,22.6762695,108
238,131,22.1574765,107
238,132,27.5377015,106
238,133,31.2310375,105
238,134,27.2817625,104
238,135,23.1840555,103
238,136,19.2580195,102
238,137,31.1378305,101
238,138,27.7607265,100
238,139,23.9734335,99
238,140,22.3540335,98
238,141,15.6217625,97
238,142,17.0759985,96
238,143,20.4574765,95
238,144,16.4876765,94
238,145,11.3367735,93
238,146,8.50727649999999,92
238,147,13.9087555,91
238,148,16.8937765,90
238,149,15.3358085,89
238,150,4.87043750000001,88
238,151,11.6810555,87
238,152,17.4347765,86
238,153,16.3263915,85
238,154,22.2236195,84
238,155,12.3805765,83
238,156,10.1062265,82
238,157,8.22279449999999,81
238,158,7.52509849999999,80
238,159,13.6731515,79
238,160,19.0935735,78
238,161,10.3254805,77
238,162,7.49521250000002,76
238,163,7.79470149999998,75
238,164,23.5448125,74
238,165,22.6445235,73
238,166,16.4214665,72
238,167,17.8661195,71
238,168,12.8599555,70
238,169,4.74169849999998,69
238,170,3.29156249999998,68
238,171,14.4493875,67
238,172,9.14623749999999,66
238,173,11.0304665,65
238,174,15.4893805,64
238,175,9.7226875,63
238,176,10.8787695,62
238,177,4.02384359999999,61
238,178,4.99225849999999,60
238,179,8.9652235,59
238,180,12.6732695,58
238,181,10.1991665,57
238,182,2.38489849999999,56
238,183,3.21991650000001,55
238,184,11.0342985,54
238,185,1.01898110000002,53
238,186,8.32454850000002,52
238,187,8.30167350000001,51
238,188,9.11161250000001,50
238,189,11.0706555,49
238,190,6.28836650000002,48
238,191,11.2108695,47
238,192,23.8017415,46
238,193,19.7228305,45
238,194,8.61607350000001,44
238,195,14.1935515,43
238,196,11.9286235,42
238,197,11.5539265,41
238,198,12.3067235,40
238,199,15.4621805,39
238,200,16.2866125,38
238,201,15.0678015,37
238,202,34.2456195,36
238,203,30.4666625,35
238,204,24.8494195,34
238,205,25.9733695,33
238,206,9.6424186,32
238,207,13.3786985,31
238,208,11.3066335,30
238,209,18.3576555,29
238,210,24.9768585,28
238,211,15.9870915,27
238,212,15.9264335,26
238,213,11.4084015,25
238,214,15.2671625,24
238,215,6.48917350000001,23
238,216,8.34181250000002,22
238,217,7.22404449999999,21
238,218,12.1304125,20
238,219,16.2079915,19
238,220,13.7827375,18
238,221,14.1578195,17
238,222,11.5792985,16
238,223,6.64764449999999,15
238,224,3.64476949999999,14
238,225,10.6231805,13
238,226,14.5926735,12
238,227,14.9093305,11
238,228,12.2929555,10
238,229,5.04090150000002,9
238,230,10.3781985,8
238,231,7.68494849999998,7
238,232,2.98435149999998,6
238,233,13.4098305,5
238,234,16.1386125,4
238,235,12.2575335,3
238,236,15.6888985,2
238,237,10.5821735,1
239,1,55.206107,238
239,2,50.786776,237
239,3,75.452286,236
239,4,77.941607,235
239,5,73.586939,234
239,6,79.5175206,233
239,7,77.869247,232
239,8,78.285771,231
239,9,78.822839,230
239,10,82.90765,229
239,11,83.597295,228
239,12,76.01878,227
239,13,77.700289,226
239,14,83.759073,225
239,15,72.699418,224
239,16,72.742178,223
239,17,80.98495,222
239,18,75.815864,221
239,19,61.7792,220
239,20,69.116671,219
239,21,73.157575,218
239,22,97.117309,217
239,23,89.151674,216
239,24,92.202129,215
239,25,76.624507,214
239,26,70.271789,213
239,27,79.91766,212
239,28,78.741089,211
239,29,78.941384,210
239,30,77.9946048,209
239,31,80.020375,208
239,32,81.754968,207
239,33,64.628553,206
239,34,75.208655,205
239,35,77.646476,204
239,36,73.248746,203
239,37,67.248489,202
239,38,71.9086829,201
239,39,66.512189,200
239,40,86.205076,199
239,41,83.197894,198
239,42,81.200539,197
239,43,71.93105,196
239,44,54.403628,195
239,45,38.414397,194
239,46,62.836581,193
239,47,56.199742,192
239,48,40.784071,191
239,49,25.952314,190
239,50,45.456482,189
239,51,63.943494,188
239,52,57.262807,187
239,53,79.484028,186
239,54,77.336618,185
239,55,60.337857,184
239,56,44.712476,183
239,57,65.670682,182
239,58,59.441773,181
239,59,41.073077,180
239,60,66.417414,179
239,61,51.864278,178
239,62,75.354271,177
239,63,68.523707,176
239,64,46.807532,175
239,65,42.56171,174
239,66,61.860005,173
239,67,67.056189,172
239,68,62.758489,171
239,69,45.10378,170
239,70,59.140749,169
239,71,56.845314,168
239,72,45.355621,167
239,73,61.525697,166
239,74,60.424336,165
239,75,51.8514,164
239,76,44.907996,163
239,77,25.97025,162
239,78,25.8538,161
239,79,57.719932,160
239,80,39.691028,159
239,81,39.278189,158
239,82,54.113402,157
239,83,63.54106,156
239,84,66.594364,155
239,85,67.822832,154
239,86,70.600789,153
239,87,67.645971,152
239,88,61.354807,151
239,89,64.313743,150
239,90,67.281207,149
239,91,60.648203,148
239,92,59.945407,147
239,93,51.476418,146
239,94,14.560968,145
239,95,36.41505,144
239,96,44.733318,143
239,97,44.570435,142
239,98,56.619425,141
239,99,60.353828,140
239,100,46.6558,139
239,101,13.977431,138
239,102,28.124746,137
239,103,41.11595,136
239,104,43.671539,135
239,105,39.045664,134
239,106,33.841803,133
239,107,33.311107,132
239,108,34.06885,131
239,109,36.526982,130
239,110,19.631964,129
239,111,30.623653,128
239,112,57.498732,127
239,113,37.523014,126
239,114,24.859564,125
239,115,21.907428,124
239,116,9.51178899999999,123
239,117,13.311039,122
239,118,12.159553,121
239,119,29.796068,120
239,120,35.146564,119
239,121,46.143421,118
239,122,28.283371,117
239,123,10.2292,116
239,124,37.759507,115
239,125,34.420925,114
239,126,34.089707,113
239,127,32.856439,112
239,128,37.6590765,111
239,129,29.920839,110
239,130,34.341632,109
239,131,33.156725,108
239,132,29.2876,107
239,133,34.313164,106
239,134,36.363739,105
239,135,29.850146,104
239,136,29.422582,103
239,137,21.137671,102
239,138,27.926075,101
239,139,36.638168,100
239,140,32.767568,99
239,141,26.619939,98
239,142,24.408203,97
239,143,16.287925,96
239,144,15.902625,95
239,145,17.834828,94
239,146,14.660125,93
239,147,9.258646,92
239,148,13.226725,91
239,149,13.833393,90
239,150,21.704664,89
239,151,31.181346,88
239,152,24.102825,87
239,153,6.84100999999999,86
239,154,15.470682,85
239,155,23.044825,84
239,156,18.686775,83
239,157,19.054007,82
239,158,15.642303,81
239,159,29.75805,80
239,160,33.427628,79
239,161,25.909621,78
239,162,21.163689,77
239,163,15.3727,76
239,164,9.79318899999999,75
239,165,13.725878,74
239,166,21.086535,73
239,167,17.364282,72
239,168,20.859346,71
239,169,18.425703,70
239,170,19.875839,69
239,171,20.781014,68
239,172,14.021164,67
239,173,22.365735,66
239,174,17.908021,65
239,175,13.444714,64
239,176,12.288632,63
239,177,19.1435579,62
239,178,18.175143,61
239,179,24.049678,60
239,180,10.494132,59
239,181,12.968235,58
239,182,20.782503,57
239,183,22.219985,56
239,184,14.785703,55
239,185,24.1863826,54
239,186,25.824353,53
239,187,22.635728,52
239,188,22.197189,51
239,189,15.321746,50
239,190,18.206535,49
239,191,21.044132,48
239,192,20.38696,47
239,193,27.307171,46
239,194,23.452628,45
239,195,9.10945,44
239,196,14.594278,43
239,197,11.613475,42
239,198,13.890678,41
239,199,20.962821,40
239,200,33.204589,39
239,201,34.2347,38
239,202,38.913182,37
239,203,47.049639,36
239,204,41.684182,35
239,205,37.722832,34
239,206,31.8924829,33
239,207,20.962503,32
239,208,21.140968,31
239,209,28.859846,30
239,210,36.060743,29
239,211,27.82151,28
239,212,28.259868,27
239,213,24.8267,26
239,214,22.101639,25
239,215,22.739428,24
239,216,16.342089,23
239,217,15.943357,22
239,218,15.963289,21
239,219,23.62711,20
239,220,22.449664,19
239,221,28.325982,18
239,222,19.163103,17
239,223,16.519757,16
239,224,19.522632,15
239,225,12.544221,14
239,226,11.925128,13
239,227,14.074771,12
239,228,10.874446,11
239,229,20.2079,10
239,230,13.546703,9
239,231,16.182953,8
239,232,20.18305,7
239,233,14.495171,6
239,234,7.028789,5
239,235,19.756568,4
239,236,8.93770299999999,3
239,237,12.585228,2
239,238,23.1674015,1
240,1,52.312371,239
240,2,47.89304,238
240,3,72.55855,237
240,4,75.047871,236
240,5,70.693203,235
240,6,76.6237846,234
240,7,74.975511,233
240,8,75.392035,232
240,9,83.606097,231
240,10,80.013914,230
240,11,80.703559,229
240,12,73.125044,228
240,13,74.806553,227
240,14,80.865337,226
240,15,69.805682,225
240,16,69.848442,224
240,17,78.091214,223
240,18,72.922128,222
240,19,58.885464,221
240,20,66.222935,220
240,21,76.773961,219
240,22,94.223573,218
240,23,86.257938,217
240,24,89.308393,216
240,25,73.730771,215
240,26,67.378053,214
240,27,77.023924,213
240,28,75.847353,212
240,29,76.047648,211
240,30,75.1008688,210
240,31,77.126639,209
240,32,78.861232,208
240,33,61.734817,207
240,34,72.314919,206
240,35,74.75274,205
240,36,70.35501,204
240,37,64.354753,203
240,38,69.0149469,202
240,39,71.295447,201
240,40,83.31134,200
240,41,80.304158,199
240,42,78.306803,198
240,43,69.037314,197
240,44,51.509892,196
240,45,45.029033,195
240,46,59.942845,194
240,47,53.306006,193
240,48,37.890335,192
240,49,23.058578,191
240,50,52.071118,190
240,51,61.049758,189
240,52,54.796129,188
240,53,76.590292,187
240,54,74.442882,186
240,55,57.444121,185
240,56,47.43066,184
240,57,62.776946,183
240,58,56.548037,182
240,59,38.179341,181
240,60,63.523678,180
240,61,49.395858,179
240,62,72.460535,178
240,63,65.629971,177
240,64,43.913796,176
240,65,44.844126,175
240,66,63.883131,174
240,67,64.162453,173
240,68,59.864753,172
240,69,42.210044,171
240,70,56.247013,170
240,71,53.951578,169
240,72,42.461885,168
240,73,58.631961,167
240,74,57.5306,166
240,75,48.957664,165
240,76,42.01426,164
240,77,23.076514,163
240,78,31.470136,162
240,79,54.826196,161
240,80,36.797292,160
240,81,36.384453,159
240,82,51.219666,158
240,83,60.647324,157
240,84,63.700628,156
240,85,64.929096,155
240,86,67.707053,154
240,87,64.752235,153
240,88,58.461071,152
240,89,61.420007,151
240,90,64.387471,150
240,91,57.754467,149
240,92,57.051671,148
240,93,48.582682,147
240,94,21.175604,146
240,95,43.029686,145
240,96,41.839582,144
240,97,41.676699,143
240,98,53.725689,142
240,99,57.460092,141
240,100,43.762064,140
240,101,13.738905,139
240,102,25.23101,138
240,103,38.222214,137
240,104,40.777803,136
240,105,36.151928,135
240,106,35.792033,134
240,107,30.417371,133
240,108,31.175114,132
240,109,33.633246,131
240,110,16.738228,130
240,111,30.490183,129
240,112,54.604996,128
240,113,34.629278,127
240,114,21.965828,126
240,115,19.013692,125
240,116,9.54474699999998,124
240,117,11.427797,123
240,118,11.443183,122
240,119,26.902332,121
240,120,32.252828,120
240,121,43.249685,119
240,122,25.389635,118
240,123,12.428536,117
240,124,38.126929,116
240,125,31.527189,115
240,126,31.195971,114
240,127,29.962703,113
240,128,34.7653405,112
240,129,27.027103,111
240,130,31.447896,110
240,131,30.262989,109
240,132,26.393864,108
240,133,31.419428,107
240,134,33.470003,106
240,135,26.95641,105
240,136,26.528846,104
240,137,18.243935,103
240,138,25.032339,102
240,139,33.744432,101
240,140,29.873832,100
240,141,23.726203,99
240,142,21.514467,98
240,143,13.394189,97
240,144,13.008889,96
240,145,14.941092,95
240,146,8.04548900000002,94
240,147,5.92930999999998,93
240,148,10.332989,92
240,149,10.939657,91
240,150,15.090028,90
240,151,24.56671,89
240,152,17.488189,88
240,153,1.43147399999998,87
240,154,12.576946,86
240,155,20.151089,85
240,156,15.793039,84
240,157,16.160271,83
240,158,9.02766700000002,82
240,159,23.143414,81
240,160,26.812992,80
240,161,19.294985,79
240,162,14.549053,78
240,163,10.148264,77
240,164,6.99204699999997,76
240,165,10.832142,75
240,166,18.192799,74
240,167,14.470546,73
240,168,17.96561,72
240,169,13.012567,71
240,170,13.895103,70
240,171,17.887278,69
240,172,10.500428,68
240,173,15.751099,67
240,174,11.293385,66
240,175,6.83007800000001,65
240,176,7.06779599999999,64
240,177,15.6279219,63
240,178,14.847007,62
240,179,17.435042,61
240,180,3.87949600000002,60
240,181,9.63889899999998,59
240,182,14.167867,58
240,183,15.605349,57
240,184,8.17106700000002,56
240,185,17.5717466,55
240,186,19.209717,54
240,187,16.021092,53
240,188,15.582553,52
240,189,8.70711000000003,51
240,190,11.591899,50
240,191,14.429496,49
240,192,13.772324,48
240,193,20.692535,47
240,194,16.837992,46
240,195,6.21571399999999,45
240,196,11.700542,44
240,197,7.90763899999998,43
240,198,7.27604200000001,42
240,199,14.348185,41
240,200,26.589953,40
240,201,27.620064,39
240,202,32.298546,38
240,203,40.435003,37
240,204,35.069546,36
240,205,31.108196,35
240,206,25.2778469,34
240,207,14.347867,33
240,208,14.526332,32
240,209,22.24521,31
240,210,29.446107,30
240,211,21.206874,29
240,212,21.645232,28
240,213,18.212064,27
240,214,15.487003,26
240,215,16.124792,25
240,216,9.72745300000003,24
240,217,9.32872100000002,23
240,218,9.34865300000003,22
240,219,17.012474,21
240,220,15.835028,20
240,221,21.711346,19
240,222,12.548467,18
240,223,9.90512100000002,17
240,224,12.907996,16
240,225,6.55988499999997,15
240,226,9.03139199999997,14
240,227,11.181035,13
240,228,4.89640999999999,12
240,229,13.593264,11
240,230,6.93206700000003,10
240,231,13.289217,9
240,232,13.568414,8
240,233,7.88053500000003,7
240,234,3.32565299999998,6
240,235,16.862832,5
240,236,6.04396699999998,4
240,237,6.60209199999997,3
240,238,16.5527655,2
240,239,6.61463599999998,1
241,1,36.691557,240
241,2,44.076688,239
241,3,68.711378,238
241,4,59.406957,237
241,5,58.617225,236
241,6,60.9197566,235
241,7,60.464217,234
241,8,74.023193,233
241,9,87.309825,232
241,10,72.811114,231
241,11,64.999531,230
241,12,76.824484,229
241,13,78.019975,228
241,14,65.161309,227
241,15,54.101654,226
241,16,57.977886,225
241,17,66.968914,224
241,18,57.2181,223
241,19,49.679364,222
241,20,55.353493,221
241,21,80.477689,220
241,22,80.146975,219
241,23,82.18176,218
241,24,73.604365,217
241,25,58.026743,216
241,26,69.633375,215
241,27,61.319896,214
241,28,60.143325,213
241,29,60.34362,212
241,30,59.3968408,211
241,31,65.089789,210
241,32,63.157204,209
241,33,60.031511,208
241,34,72.413109,207
241,35,59.048712,206
241,36,54.819018,205
241,37,48.650725,204
241,38,53.3109189,203
241,39,74.999175,202
241,40,71.495188,201
241,41,72.92287,200
241,42,62.602775,199
241,43,59.167914,198
241,44,49.347636,197
241,45,48.732761,196
241,46,61.866383,195
241,47,49.925422,194
241,48,31.603693,193
241,49,21.43795,192
241,50,55.774846,191
241,51,53.84267,190
241,52,58.499857,189
241,53,65.691236,188
241,54,58.738854,187
241,55,53.890007,186
241,56,51.134388,185
241,57,50.656882,184
241,58,40.844009,183
241,59,39.876687,182
241,60,55.40405,181
241,61,53.099586,180
241,62,65.590993,179
241,63,55.757757,178
241,64,40.543932,177
241,65,48.547854,176
241,66,67.586859,175
241,67,48.458425,174
241,68,52.244275,173
241,69,40.180984,172
241,70,50.344415,171
241,71,46.41485,170
241,72,41.602243,169
241,73,42.927933,168
241,74,45.107428,167
241,75,39.054764,166
241,76,32.977268,165
241,77,16.912214,164
241,78,35.173864,163
241,79,45.540232,162
241,80,38.373636,161
241,81,29.514375,160
241,82,45.490062,159
241,83,56.194204,158
241,84,57.4972,157
241,85,55.891032,156
241,86,55.282675,155
241,87,56.066993,154
241,88,51.757957,153
241,89,47.466421,152
241,90,56.431457,151
241,91,55.300761,150
241,92,46.348657,149
241,93,35.878646,148
241,94,24.879332,147
241,95,46.733414,146
241,96,39.969446,145
241,97,26.305929,144
241,98,47.022039,143
241,99,41.756064,142
241,100,28.058036,141
241,101,17.442633,140
241,102,24.944218,139
241,103,34.684314,138
241,104,25.073775,137
241,105,29.3656,136
241,106,39.495761,135
241,107,33.965257,134
241,108,15.972514,133
241,109,17.929218,132
241,110,12.0356,131
241,111,34.193911,130
241,112,46.900232,129
241,113,28.42585,128
241,114,10.5967,127
241,115,6.72773599999999,126
241,116,13.248475,125
241,117,15.131525,124
241,118,15.146911,123
241,119,21.950196,122
241,120,26.6323,121
241,121,27.545657,120
241,122,12.851893,119
241,123,16.132264,118
241,124,41.830657,117
241,125,33.989139,116
241,126,24.660357,115
241,127,14.342425,114
241,128,19.0613125,113
241,129,13.490525,112
241,130,15.743868,111
241,131,14.558961,110
241,132,14.688664,109
241,133,18.382,108
241,134,17.765975,107
241,135,11.252382,106
241,136,10.824818,105
241,137,18.288793,104
241,138,14.911689,103
241,139,18.040404,102
241,140,14.169804,101
241,141,8.022175,100
241,142,5.810439,99
241,143,7.608439,98
241,144,3.63863899999999,97
241,145,1.512264,96
241,146,9.677239,95
241,147,9.774718,94
241,148,5.37103900000001,93
241,149,4.76437100000001,92
241,150,11.3863,91
241,151,20.862982,90
241,152,20.118239,89
241,153,14.272554,88
241,154,9.37458199999999,87
241,155,4.447061,86
241,156,2.742811,85
241,157,4.626243,84
241,158,9.073661,83
241,159,19.439686,82
241,160,23.109264,81
241,161,15.591257,80
241,162,10.845325,79
241,163,5.55576400000001,78
241,164,10.695775,77
241,165,9.795486,76
241,166,3.572429,75
241,167,5.01708199999999,74
241,168,2.261582,73
241,169,8.10733900000001,72
241,170,9.55747500000001,71
241,171,2.18324999999999,70
241,172,5.2036,69
241,173,13.713929,68
241,174,18.172843,67
241,175,11.46115,66
241,176,8.636232,65
241,177,8.8251939,64
241,178,7.856779,63
241,179,13.731314,62
241,180,13.843232,61
241,181,6.065129,60
241,182,10.464139,59
241,183,11.901621,58
241,184,13.717761,57
241,185,13.8680186,56
241,186,15.505989,55
241,187,12.317364,54
241,188,11.878825,53
241,189,13.754118,52
241,190,8.97182900000001,51
241,191,13.894332,50
241,192,26.485204,49
241,193,22.406293,48
241,194,13.134264,47
241,195,9.488314,46
241,196,4.003486,45
241,197,7.796389,44
241,198,14.990186,43
241,199,18.145643,42
241,200,22.886225,41
241,201,23.916336,40
241,202,36.929082,39
241,203,36.731275,38
241,204,31.365818,37
241,205,28.656832,36
241,206,21.5741189,35
241,207,16.062161,34
241,208,13.990096,33
241,209,21.041118,32
241,210,27.660321,31
241,211,18.670554,30
241,212,18.609896,29
241,213,14.508336,28
241,214,17.950625,27
241,215,12.421064,26
241,216,11.025275,25
241,217,8.957707,24
241,218,14.813875,23
241,219,18.891454,22
241,220,16.4662,21
241,221,18.007618,20
241,222,14.262761,19
241,223,6.86750700000001,18
241,224,9.204268,17
241,225,9.14414300000001,16
241,226,6.67263600000001,15
241,227,4.522993,14
241,228,10.807618,13
241,229,9.88953600000001,12
241,230,13.061661,11
241,231,5.16408900000001,10
241,232,9.86468600000001,9
241,233,16.093293,8
241,234,12.378375,7
241,235,1.15880399999999,6
241,236,9.660061,5
241,237,9.10193600000001,4
241,238,12.8490375,3
241,239,18.597764,2
241,240,15.704028,1
242,1,37.036196,241
242,2,44.421327,240
242,3,69.056017,239
242,4,59.751596,238
242,5,58.961864,237
242,6,56.5989176,236
242,7,60.808856,235
242,8,74.367832,234
242,9,87.654464,233
242,10,73.155753,232
242,11,60.678692,231
242,12,77.169123,230
242,13,78.364614,229
242,14,61.04683,228
242,15,54.196785,227
242,16,58.322525,226
242,17,67.313553,225
242,18,55.814039,224
242,19,50.024003,223
242,20,55.698132,222
242,21,80.822328,221
242,22,80.491614,220
242,23,82.526399,219
242,24,73.748674,218
242,25,54.347496,217
242,26,69.978014,216
242,27,56.999057,215
242,28,55.822486,214
242,29,58.750619,213
242,30,55.0760018,212
242,31,65.434428,211
242,32,58.836365,210
242,33,60.37615,209
242,34,72.757748,208
242,35,55.107227,207
242,36,55.163657,206
242,37,46.580014,205
242,38,48.9900799,204
242,39,75.343814,203
242,40,71.839827,202
242,41,73.267509,201
242,42,58.281936,200
242,43,59.512553,199
242,44,49.692275,198
242,45,49.0774,197
242,46,62.211022,196
242,47,50.270061,195
242,48,31.948332,194
242,49,21.782589,193
242,50,56.119485,192
242,51,54.187309,191
242,52,58.844496,190
242,53,66.035875,189
242,54,54.418015,188
242,55,54.234646,187
242,56,51.479027,186
242,57,51.001521,185
242,58,36.55533,184
242,59,40.221326,183
242,60,55.748689,182
242,61,53.444225,181
242,62,65.935632,180
242,63,56.102396,179
242,64,40.888571,178
242,65,48.892493,177
242,66,67.931498,176
242,67,44.137586,175
242,68,52.588914,174
242,69,40.525623,173
242,70,50.689054,172
242,71,46.759489,171
242,72,41.946882,170
242,73,40.204106,169
242,74,45.452067,168
242,75,39.399403,167
242,76,33.321907,166
242,77,17.256853,165
242,78,35.518503,164
242,79,45.884871,163
242,80,38.718275,162
242,81,29.859014,161
242,82,45.834701,160
242,83,56.538843,159
242,84,57.841839,158
242,85,56.235671,157
242,86,55.627314,156
242,87,56.411632,155
242,88,52.102596,154
242,89,47.81106,153
242,90,56.776096,152
242,91,55.6454,151
242,92,46.693296,150
242,93,36.223285,149
242,94,25.223971,148
242,95,47.078053,147
242,96,40.314085,146
242,97,26.650568,145
242,98,47.366678,144
242,99,38.517275,143
242,100,26.652903,142
242,101,17.787272,141
242,102,25.288857,140
242,103,35.028953,139
242,104,20.752936,138
242,105,29.710239,137
242,106,39.8404,136
242,107,34.309896,135
242,108,16.317153,134
242,109,18.025421,133
242,110,12.380239,132
242,111,34.53855,131
242,112,47.244871,130
242,113,28.770489,129
242,114,10.941339,128
242,115,7.07237499999999,127
242,116,13.593114,126
242,117,15.476164,125
242,118,15.49155,124
242,119,22.294835,123
242,120,26.976939,122
242,121,23.224818,121
242,122,13.196532,120
242,123,16.476903,119
242,124,42.175296,118
242,125,34.333778,117
242,126,25.004996,116
242,127,14.687064,115
242,128,14.7404735,114
242,129,13.835164,113
242,130,11.423029,112
242,131,10.238122,111
242,132,15.033303,110
242,133,18.726639,109
242,134,14.777364,108
242,135,10.679657,107
242,136,6.753621,106
242,137,18.633432,105
242,138,15.256328,104
242,139,13.719565,103
242,140,9.84963499999999,102
242,141,3.701336,101
242,142,4.57159999999999,100
242,143,7.95307799999999,99
242,144,7.01597800000001,98
242,145,5.08377500000001,97
242,146,13.998078,96
242,147,14.095557,95
242,148,9.69187800000001,94
242,149,9.08521000000001,93
242,150,11.874739,92
242,151,20.518343,91
242,152,24.439078,90
242,153,18.593393,89
242,154,9.71922099999999,88
242,155,0.126221999999997,87
242,156,4.231828,86
242,157,4.281604,85
242,158,13.3945,84
242,159,20.677453,83
242,160,26.097875,82
242,161,17.329782,81
242,162,14.499514,80
242,163,9.87660300000002,79
242,164,13.125414,78
242,165,10.140125,77
242,166,3.917068,76
242,167,5.55432100000001,75
242,168,2.059257,74
242,169,7.76270000000002,73
242,170,9.21283600000002,72
242,171,2.13758900000001,71
242,172,9.52443900000001,70
242,173,18.034768,69
242,174,22.493682,68
242,175,15.781989,67
242,176,12.957071,66
242,177,8.48055490000001,65
242,178,7.51214000000001,64
242,179,15.969525,63
242,180,18.164071,62
242,181,10.385968,61
242,182,10.1195,60
242,183,11.556982,59
242,184,18.0386,58
242,185,13.5233796,57
242,186,15.32885,56
242,187,15.305975,55
242,188,16.115914,54
242,189,18.074957,53
242,190,13.292668,52
242,191,18.215171,51
242,192,30.806043,50
242,193,26.727132,49
242,194,15.620375,48
242,195,13.809153,47
242,196,8.324325,46
242,197,12.117228,45
242,198,19.311025,44
242,199,22.466482,43
242,200,23.290914,42
242,201,23.571697,41
242,202,41.249921,40
242,203,37.470964,39
242,204,31.853721,38
242,205,32.977671,37
242,206,21.2294799,36
242,207,20.383,35
242,208,18.310935,34
242,209,25.361957,33
242,210,31.98116,32
242,211,22.991393,31
242,212,22.930735,30
242,213,18.412703,29
242,214,22.271464,28
242,215,13.493475,27
242,216,15.346114,26
242,217,13.278546,25
242,218,19.134714,24
242,219,23.212293,23
242,220,20.787039,22
242,221,21.162121,21
242,222,18.5836,20
242,223,11.188346,19
242,224,8.94177100000001,18
242,225,13.464982,17
242,226,10.993475,16
242,227,8.843832,15
242,228,15.128457,14
242,229,12.045203,13
242,230,17.3825,12
242,231,6.73565000000001,11
242,232,9.52004700000001,10
242,233,20.414132,9
242,234,16.699214,8
242,235,3.16203500000001,7
242,236,13.9809,6
242,237,13.422775,5
242,238,12.5043985,4
242,239,22.918603,3
242,240,20.024867,2
242,241,4.320839,1
243,1,42.2909509,242
243,2,49.6760819,241
243,3,74.3107719,240
243,4,65.0063509,239
243,5,64.2166189,238
243,6,57.1043373,237
243,7,66.0636109,236
243,8,79.6225869,235
243,9,92.9092189,234
243,10,78.4105079,233
243,11,65.5480629,232
243,12,82.4238779,231
243,13,83.6193689,230
243,14,66.3015849,229
243,15,59.4515399,228
243,16,63.5772799,227
243,17,72.5683079,226
243,18,61.0687939,225
243,19,55.2787579,224
243,20,60.9528869,223
243,21,86.0770829,222
243,22,85.7463689,221
243,23,87.7811539,220
243,24,79.0034289,219
243,25,59.6022509,218
243,26,75.2327689,217
243,27,60.7568979,216
243,28,60.8483689,215
243,29,64.0053739,214
243,30,54.7463469,213
243,31,70.6891829,212
243,32,58.5067101,211
243,33,65.6309049,210
243,34,78.0125029,209
243,35,60.3619819,208
243,36,60.4184119,207
243,37,51.8347689,206
243,38,48.660425,205
243,39,80.5985689,204
243,40,77.0945819,203
243,41,78.5222639,202
243,42,61.3313189,201
243,43,64.7673079,200
243,44,54.9470299,199
243,45,54.3321549,198
243,46,67.4657769,197
243,47,55.5248159,196
243,48,37.2030869,195
243,49,27.0373439,194
243,50,61.3742399,193
243,51,59.4420639,192
243,52,64.0992509,191
243,53,71.2906299,190
243,54,55.5328399,189
243,55,59.4894009,188
243,56,56.7337819,187
243,57,56.2562759,186
243,58,41.8100849,185
243,59,45.4760809,184
243,60,61.0034439,183
243,61,58.6989799,182
243,62,71.1903869,181
243,63,61.3571509,180
243,64,46.1433259,179
243,65,54.1472479,178
243,66,73.1862529,177
243,67,48.8083689,176
243,68,57.8436689,175
243,69,45.7803779,174
243,70,55.9438089,173
243,71,52.0142439,172
243,72,47.2016369,171
243,73,45.4588609,170
243,74,50.7068219,169
243,75,44.6541579,168
243,76,38.5766619,167
243,77,22.5116079,166
243,78,40.7732579,165
243,79,51.1396259,164
243,80,43.9730299,163
243,81,35.1137689,162
243,82,51.0894559,161
243,83,61.7935979,160
243,84,63.0965939,159
243,85,61.4904259,158
243,86,60.8820689,157
243,87,61.6663869,156
243,88,57.3573509,155
243,89,53.0658149,154
243,90,62.0308509,153
243,91,60.9001549,152
243,92,51.9480509,151
243,93,41.4780399,150
243,94,30.4787259,149
243,95,52.3328079,148
243,96,45.5688399,147
243,97,31.9053229,146
243,98,52.6214329,145
243,99,43.7720299,144
243,100,31.9076579,143
243,101,23.0420269,142
243,102,30.5436119,141
243,103,40.2837079,140
243,104,24.0904189,139
243,105,34.9649939,138
243,106,45.0951549,137
243,107,39.5646509,136
243,108,21.5719079,135
243,109,23.2801759,134
243,110,17.6349939,133
243,111,39.7933049,132
243,112,52.4996259,131
243,113,34.0252439,130
243,114,16.1960939,129
243,115,12.3271299,128
243,116,18.8478689,127
243,117,20.7309189,126
243,118,20.7463049,125
243,119,27.5495899,124
243,120,32.2316939,123
243,121,25.9799369,122
243,122,18.4512869,121
243,123,21.7316579,120
243,124,47.4300509,119
243,125,39.5885329,118
243,126,30.2597509,117
243,127,19.9418189,116
243,128,14.4108186,115
243,129,19.0899189,114
243,130,15.4266259,113
243,131,14.9078329,112
243,132,20.2880579,111
243,133,23.9813939,110
243,134,20.0321189,109
243,135,15.9344119,108
243,136,12.0083759,107
243,137,23.8881869,106
243,138,20.5110829,105
243,139,16.7237899,104
243,140,15.1043899,103
243,141,8.37211890000001,102
243,142,9.82635490000001,101
243,143,13.2078329,100
243,144,9.2380329,99
243,145,5.4134299,98
243,146,14.3277329,97
243,147,14.4252119,96
243,148,10.0215329,95
243,149,9.4148649,94
243,150,12.2043939,93
243,151,19.0150119,92
243,152,24.7687329,91
243,153,18.9230479,90
243,154,14.9739759,89
243,155,5.13093290000001,88
243,156,4.56148289999999,87
243,157,4.19425089999999,86
243,158,13.7241549,85
243,159,21.0071079,84
243,160,26.4275299,83
243,161,17.6594369,82
243,162,14.8291689,81
243,163,10.2062579,80
243,164,16.2951689,79
243,165,15.3948799,78
243,166,9.17182290000001,77
243,167,10.6164759,76
243,168,5.61031190000001,75
243,169,7.34195490000001,74
243,170,6.45941890000001,73
243,171,7.1997439,72
243,172,9.8540939,71
243,173,18.3644229,70
243,174,22.8233369,69
243,175,16.1116439,68
243,176,13.2867259,67
243,177,4.7266,66
243,178,5.5075149,65
243,179,16.2991799,64
243,180,18.4937259,63
243,181,10.7156229,62
243,182,7.44755489999999,61
243,183,10.5538729,60
243,184,18.3682549,59
243,185,8.2686247,58
243,186,15.6585049,57
243,187,15.6356299,56
243,188,16.4455689,55
243,189,18.4046119,54
243,190,13.6223229,53
243,191,18.5448259,52
243,192,31.1356979,51
243,193,27.0567869,50
243,194,15.9500299,49
243,195,14.1388079,48
243,196,8.65397989999999,47
243,197,12.4468829,46
243,198,19.6406799,45
243,199,22.7961369,44
243,200,23.6205689,43
243,201,22.4017579,42
243,202,41.5795759,41
243,203,37.8006189,40
243,204,32.1833759,39
243,205,33.3073259,38
243,206,16.976375,37
243,207,20.7126549,36
243,208,18.6405899,35
243,209,25.6916119,34
243,210,32.3108149,33
243,211,23.3210479,32
243,212,23.2603899,31
243,213,18.7423579,30
243,214,22.6011189,29
243,215,13.8231299,28
243,216,15.6757689,27
243,217,13.6082009,26
243,218,19.4643689,25
243,219,23.5419479,24
243,220,21.1166939,23
243,221,21.4917759,22
243,222,18.9132549,21
243,223,11.5180009,20
243,224,9.2714259,19
243,225,13.7946369,18
243,226,11.3231299,17
243,227,9.17348689999999,16
243,228,15.4581119,15
243,229,12.3748579,14
243,230,17.7121549,13
243,231,7.0653049,12
243,232,7.0972079,11
243,233,20.7437869,10
243,234,17.0288689,9
243,235,5.0078899,8
243,236,14.3105549,7
243,237,13.7524299,6
243,238,7.33395639999998,5
243,239,23.2482579,4
243,240,20.3545219,3
243,241,5.59939390000001,2
243,242,5.25475490000001,1
244,1,38.94395,243
244,2,46.329081,242
244,3,70.963771,241
244,4,61.65935,240
244,5,60.869618,239
244,6,60.7562636,238
244,7,62.71661,237
244,8,76.275586,236
244,9,89.562218,235
244,10,75.063507,234
244,11,64.836038,233
244,12,79.076877,232
244,13,80.272368,231
244,14,64.997816,230
244,15,56.104539,229
244,16,60.230279,228
244,17,69.221307,227
244,18,57.721793,226
244,19,51.931757,225
244,20,57.605886,224
244,21,82.730082,223
244,22,82.399368,222
244,23,84.434153,221
244,24,75.656428,220
244,25,57.86325,219
244,26,71.885768,218
244,27,61.156403,217
244,28,59.979832,216
244,29,60.658373,215
244,30,59.2333478,214
244,31,67.342182,213
244,32,62.993711,212
244,33,62.283904,211
244,34,74.665502,210
244,35,58.885219,209
244,36,57.071411,208
244,37,48.487768,207
244,38,53.1474259,206
244,39,77.251568,205
244,40,73.747581,204
244,41,75.175263,203
244,42,62.439282,202
244,43,61.420307,201
244,44,51.600029,200
244,45,50.985154,199
244,46,64.118776,198
244,47,52.177815,197
244,48,33.856086,196
244,49,23.690343,195
244,50,58.027239,194
244,51,56.095063,193
244,52,60.75225,192
244,53,67.943629,191
244,54,58.575361,190
244,55,56.1424,189
244,56,53.386781,188
244,57,52.909275,187
244,58,40.680516,186
244,59,42.12908,185
244,60,57.656443,184
244,61,55.351979,183
244,62,67.843386,182
244,63,58.01015,181
244,64,42.796325,180
244,65,50.800247,179
244,66,69.839252,178
244,67,48.294932,177
244,68,54.496668,176
244,69,42.433377,175
244,70,52.596808,174
244,71,48.667243,173
244,72,43.854636,172
244,73,42.76444,171
244,74,47.359821,170
244,75,41.307157,169
244,76,35.229661,168
244,77,19.164607,167
244,78,37.426257,166
244,79,47.792625,165
244,80,40.626029,164
244,81,31.766768,163
244,82,47.742455,162
244,83,58.446597,161
244,84,59.749593,160
244,85,58.143425,159
244,86,57.535068,158
244,87,58.319386,157
244,88,54.01035,156
244,89,49.718814,155
244,90,58.68385,154
244,91,57.553154,153
244,92,48.60105,152
244,93,38.131039,151
244,94,27.131725,150
244,95,48.985807,149
244,96,42.221839,148
244,97,28.558322,147
244,98,49.274432,146
244,99,41.592571,145
244,100,28.560657,144
244,101,19.695026,143
244,102,27.196611,142
244,103,36.936707,141
244,104,24.910282,140
244,105,31.617993,139
244,106,41.748154,138
244,107,36.21765,137
244,108,18.224907,136
244,109,19.933175,135
244,110,14.287993,134
244,111,36.446304,133
244,112,49.152625,132
244,113,30.678243,131
244,114,12.849093,130
244,115,8.98012900000001,129
244,116,15.500868,128
244,117,17.383918,127
244,118,17.399304,126
244,119,24.202589,125
244,120,28.884693,124
244,121,27.382164,123
244,122,15.104286,122
244,123,18.384657,121
244,124,44.08305,120
244,125,36.241532,119
244,126,26.91275,118
244,127,16.594818,117
244,128,18.8978195,116
244,129,15.742918,115
244,130,15.580375,114
244,131,14.395468,113
244,132,16.941057,112
244,133,20.634393,111
244,134,17.602482,110
244,135,12.587411,109
244,136,10.661325,108
244,137,20.541186,107
244,138,17.164082,106
244,139,17.876911,105
244,140,14.006311,104
244,141,7.85868200000002,103
244,142,6.47935400000001,102
244,143,9.86083200000001,101
244,144,5.891032,100
244,145,0.926428999999992,99
244,146,9.84073199999999,98
244,147,9.93821099999999,97
244,148,6.29713200000001,96
244,149,4.927864,95
244,150,9.13390699999999,94
244,151,18.610589,93
244,152,20.281732,92
244,153,14.436047,91
244,154,11.626975,90
244,155,4.28356800000001,89
244,156,0.490417999999986,88
244,157,2.37384999999999,87
244,158,9.23715399999999,86
244,159,17.187293,85
244,160,21.940529,84
244,161,13.338864,83
244,162,10.342168,82
244,163,5.719257,81
244,164,12.948168,80
244,165,12.047879,79
244,166,5.82482200000002,78
244,167,7.269475,77
244,168,2.26331100000001,76
244,169,5.854946,75
244,170,7.305082,74
244,171,3.852743,73
244,172,5.36709299999999,72
244,173,13.877422,71
244,174,18.336336,70
244,175,11.624643,69
244,176,8.79972499999999,68
244,177,6.57280089999999,67
244,178,5.60438599999999,66
244,179,11.812179,65
244,180,14.006725,64
244,181,6.22862199999999,63
244,182,8.21174599999999,62
244,183,9.64922799999999,61
244,184,13.881254,60
244,185,11.6156256,59
244,186,13.253596,58
244,187,11.148629,57
244,188,11.958568,56
244,189,13.917611,55
244,190,9.135322,54
244,191,14.057825,53
244,192,26.648697,52
244,193,22.569786,51
244,194,11.463029,50
244,195,9.65180699999998,49
244,196,4.16697899999999,48
244,197,7.95988199999999,47
244,198,15.153679,46
244,199,18.309136,45
244,200,20.633832,44
244,201,21.663943,43
244,202,37.092575,42
244,203,34.478882,41
244,204,29.113425,40
244,205,28.820325,39
244,206,19.3217259,38
244,207,16.225654,37
244,208,14.153589,36
244,209,21.204611,35
244,210,27.823814,34
244,211,18.834047,33
244,212,18.773389,32
244,213,14.255357,31
244,214,18.114118,30
244,215,10.168671,29
244,216,11.188768,28
244,217,9.12119999999999,27
244,218,14.977368,26
244,219,19.054947,25
244,220,16.629693,24
244,221,17.004775,23
244,222,14.426254,22
244,223,7.031,21
244,224,6.95187499999999,20
244,225,9.307636,19
244,226,6.836129,18
244,227,4.68648599999999,17
244,228,10.971111,16
244,229,7.887857,15
244,230,13.225154,14
244,231,2.911696,13
244,232,7.612293,12
244,233,16.256786,11
244,234,12.541868,10
244,235,1.66088900000001,9
244,236,9.82355399999999,8
244,237,9.265429,7
244,238,10.5966445,6
244,239,18.761257,5
244,240,15.867521,4
244,241,2.25239300000001,3
244,242,4.15734600000001,2
244,243,4.4870009,1
245,1,37.552089,244
245,2,44.93722,243
245,3,69.57191,242
245,4,60.267489,241
245,5,59.477757,240
245,6,59.1142246,239
245,7,61.324749,238
245,8,74.883725,237
245,9,88.170357,236
245,10,73.671646,235
245,11,63.193999,234
245,12,77.685016,233
245,13,78.880507,232
245,14,63.355777,231
245,15,54.712678,230
245,16,58.838418,229
245,17,67.829446,228
245,18,56.329932,227
245,19,50.539896,226
245,20,56.214025,225
245,21,81.338221,224
245,22,81.007507,223
245,23,83.042292,222
245,24,74.264567,221
245,25,56.221211,220
245,26,70.493907,219
245,27,59.514364,218
245,28,58.337793,217
245,29,59.266512,216
245,30,57.5913088,215
245,31,65.950321,214
245,32,61.351672,213
245,33,60.892043,212
245,34,73.273641,211
245,35,57.24318,210
245,36,55.67955,209
245,37,47.095907,208
245,38,51.5053869,207
245,39,75.859707,206
245,40,72.35572,205
245,41,73.783402,204
245,42,60.797243,203
245,43,60.028446,202
245,44,50.208168,201
245,45,49.593293,200
245,46,62.726915,199
245,47,50.785954,198
245,48,32.464225,197
245,49,22.298482,196
245,50,56.635378,195
245,51,54.703202,194
245,52,59.360389,193
245,53,66.551768,192
245,54,56.933322,191
245,55,54.750539,190
245,56,51.99492,189
245,57,51.517414,188
245,58,39.038477,187
245,59,40.737219,186
245,60,56.264582,185
245,61,53.960118,184
245,62,66.451525,183
245,63,56.618289,182
245,64,41.404464,181
245,65,49.408386,180
245,66,68.447391,179
245,67,46.652893,178
245,68,53.104807,177
245,69,41.041516,176
245,70,51.204947,175
245,71,47.275382,174
245,72,42.462775,173
245,73,41.122401,172
245,74,45.96796,171
245,75,39.915296,170
245,76,33.8378,169
245,77,17.772746,168
245,78,36.034396,167
245,79,46.400764,166
245,80,39.234168,165
245,81,30.374907,164
245,82,46.350594,163
245,83,57.054736,162
245,84,58.357732,161
245,85,56.751564,160
245,86,56.143207,159
245,87,56.927525,158
245,88,52.618489,157
245,89,48.326953,156
245,90,57.291989,155
245,91,56.161293,154
245,92,47.209189,153
245,93,36.739178,152
245,94,25.739864,151
245,95,47.593946,150
245,96,40.829978,149
245,97,27.166461,148
245,98,47.882571,147
245,99,39.950532,146
245,100,27.168796,145
245,101,18.303165,144
245,102,25.80475,143
245,103,35.544846,142
245,104,23.268243,141
245,105,30.226132,140
245,106,40.356293,139
245,107,34.825789,138
245,108,16.833046,137
245,109,18.541314,136
245,110,12.896132,135
245,111,35.054443,134
245,112,47.760764,133
245,113,29.286382,132
245,114,11.457232,131
245,115,7.588268,130
245,116,14.109007,129
245,117,15.992057,128
245,118,16.007443,127
245,119,22.810728,126
245,120,27.492832,125
245,121,25.740125,124
245,122,13.712425,123
245,123,16.992796,122
245,124,42.691189,121
245,125,34.849671,120
245,126,25.520889,119
245,127,15.202957,118
245,128,17.2557805,117
245,129,14.351057,116
245,130,13.938336,115
245,131,12.753429,114
245,132,15.549196,113
245,133,19.242532,112
245,134,15.960443,111
245,135,11.19555,110
245,136,9.019286,109
245,137,19.149325,108
245,138,15.772221,107
245,139,16.234872,106
245,140,12.364272,105
245,141,6.21664300000001,104
245,142,5.087493,103
245,143,8.468971,102
245,144,4.500671,101
245,145,2.568468,100
245,146,11.482771,99
245,147,11.58025,98
245,148,7.176571,97
245,149,6.56990300000001,96
245,150,10.525768,95
245,151,20.00245,94
245,152,21.923771,93
245,153,16.078086,92
245,154,10.235114,91
245,155,2.641529,90
245,156,1.88227899999999,89
245,157,3.765711,88
245,158,10.879193,87
245,159,18.579154,86
245,160,23.582568,85
245,161,14.814475,84
245,162,11.984207,83
245,163,7.36129600000001,82
245,164,11.556307,81
245,165,10.656018,80
245,166,4.43296100000001,79
245,167,5.877614,78
245,168,0.871450000000003,77
245,169,7.24680700000001,76
245,170,8.69694300000001,75
245,171,2.460882,74
245,172,7.009132,73
245,173,15.519461,72
245,174,19.978375,71
245,175,13.266682,70
245,176,10.441764,69
245,177,7.9646619,68
245,178,6.996247,67
245,179,13.454218,66
245,180,15.648764,65
245,181,7.870661,64
245,182,9.603607,63
245,183,11.041089,62
245,184,15.523293,61
245,185,13.0074866,60
245,186,14.645457,59
245,187,12.790668,58
245,188,13.600607,57
245,189,15.55965,56
245,190,10.777361,55
245,191,15.699864,54
245,192,28.290736,53
245,193,24.211825,52
245,194,13.105068,51
245,195,11.293846,50
245,196,5.809018,49
245,197,9.601921,48
245,198,16.795718,47
245,199,19.951175,46
245,200,22.025693,45
245,201,23.055804,44
245,202,38.734614,43
245,203,35.870743,42
245,204,30.505286,41
245,205,30.462364,40
245,206,20.7135869,39
245,207,17.867693,38
245,208,15.795628,37
245,209,22.84665,36
245,210,29.465853,35
245,211,20.476086,34
245,212,20.415428,33
245,213,15.897396,32
245,214,19.756157,31
245,215,11.560532,30
245,216,12.830807,29
245,217,10.763239,28
245,218,16.619407,27
245,219,20.696986,26
245,220,18.271732,25
245,221,18.646814,24
245,222,16.068293,23
245,223,8.673039,22
245,224,8.343736,21
245,225,10.949675,20
245,226,8.47816800000001,19
245,227,6.328525,18
245,228,12.61315,17
245,229,9.529896,16
245,230,14.867193,15
245,231,4.30355700000001,14
245,232,9.00415400000001,13
245,233,17.898825,12
245,234,14.183907,11
245,235,0.646728000000003,10
245,236,11.465593,9
245,237,10.907468,8
245,238,11.9885055,7
245,239,20.403296,6
245,240,17.50956,5
245,241,1.805532,4
245,242,2.51530700000001,3
245,243,4.7388619,2
245,244,1.64203900000001,1
246,1,42.105093,245
246,2,46.156438,244
246,3,70.791128,243
246,4,64.840593,242
246,5,60.696975,241
246,6,66.4165066,240
246,7,64.768233,239
246,8,76.102943,238
246,9,89.389575,237
246,10,74.890864,236
246,11,70.496281,235
246,12,78.904234,234
246,13,80.099725,233
246,14,70.658059,232
246,15,59.598404,231
246,16,60.057636,230
246,17,69.048664,229
246,18,62.71485,228
246,19,51.759114,227
246,20,57.433243,226
246,21,82.557439,225
246,22,84.016295,224
246,23,84.26151,223
246,24,79.101115,222
246,25,63.523493,221
246,26,71.713125,220
246,27,66.816646,219
246,28,65.640075,218
246,29,65.84037,217
246,30,64.8935908,216
246,31,67.169539,215
246,32,68.653954,214
246,33,62.111261,213
246,34,74.492859,212
246,35,64.545462,211
246,36,60.147732,210
246,37,54.147475,209
246,38,58.8076689,208
246,39,77.078925,207
246,40,73.574938,206
246,41,75.00262,205
246,42,68.099525,204
246,43,61.247664,203
246,44,51.427386,202
246,45,50.812511,201
246,46,63.946133,200
246,47,52.005172,199
246,48,33.683443,198
246,49,23.5177,197
246,50,57.854596,196
246,51,55.92242,195
246,52,60.579607,194
246,53,67.770986,193
246,54,64.235604,192
246,55,55.969757,191
246,56,53.214138,190
246,57,52.736632,189
246,58,46.340759,188
246,59,41.956437,187
246,60,57.4838,186
246,61,55.179336,185
246,62,67.670743,184
246,63,57.837507,183
246,64,42.623682,182
246,65,50.627604,181
246,66,69.666609,180
246,67,53.955175,179
246,68,54.324025,178
246,69,42.260734,177
246,70,52.424165,176
246,71,48.4946,175
246,72,43.681993,174
246,73,48.424683,173
246,74,47.323322,172
246,75,41.134514,171
246,76,35.057018,170
246,77,18.991964,169
246,78,37.253614,168
246,79,47.619982,167
246,80,40.453386,166
246,81,31.594125,165
246,82,47.569812,164
246,83,58.273954,163
246,84,59.57695,162
246,85,57.970782,161
246,86,57.499775,160
246,87,58.146743,159
246,88,53.837707,158
246,89,51.212729,157
246,90,58.511207,156
246,91,57.380511,155
246,92,48.428407,154
246,93,38.375404,153
246,94,26.959082,152
246,95,48.813164,151
246,96,42.049196,150
246,97,31.469421,149
246,98,49.101789,148
246,99,47.252814,147
246,100,33.554786,146
246,101,19.522383,145
246,102,27.023968,144
246,103,36.764064,143
246,104,30.570525,142
246,105,31.44535,141
246,106,41.575511,140
246,107,36.045007,139
246,108,20.967836,138
246,109,23.425968,137
246,110,14.11535,136
246,111,36.273661,135
246,112,48.979982,134
246,113,30.5056,133
246,114,12.67645,132
246,115,8.807486,131
246,116,15.328225,130
246,117,17.211275,129
246,118,17.226661,128
246,119,24.029946,127
246,120,28.71205,126
246,121,33.042407,125
246,122,15.182357,124
246,123,18.212014,123
246,124,43.910407,122
246,125,36.068889,121
246,126,26.740107,120
246,127,19.755425,119
246,128,24.5580625,118
246,129,16.819825,117
246,130,21.240618,116
246,131,20.055711,115
246,132,16.768414,114
246,133,21.21215,113
246,134,23.262725,112
246,135,16.749132,111
246,136,16.321568,110
246,137,20.368543,109
246,138,16.991439,108
246,139,23.537154,107
246,140,19.666554,106
246,141,13.518925,105
246,142,11.307189,104
246,143,9.688189,103
246,144,5.71838899999999,102
246,145,4.733814,101
246,146,4.180489,100
246,147,4.277968,99
246,148,6.124489,98
246,149,4.56652099999999,97
246,150,9.30655,96
246,151,18.783232,95
246,152,14.621489,94
246,153,8.775804,93
246,154,11.454332,92
246,155,9.943811,91
246,156,5.585761,90
246,157,5.952993,89
246,158,3.576911,88
246,159,17.359936,87
246,160,21.029514,86
246,161,13.511507,85
246,162,8.76557500000001,84
246,163,2.97458600000001,83
246,164,12.775525,82
246,165,11.875236,81
246,166,7.985521,80
246,167,7.09683199999999,79
246,168,7.758332,78
246,169,6.02758900000001,77
246,170,7.47772500000001,76
246,171,7.67999999999999,75
246,172,1.62305,74
246,173,9.96762100000001,73
246,174,12.676093,72
246,175,5.96439999999999,71
246,176,3.139482,70
246,177,6.7454439,69
246,178,5.777029,68
246,179,11.651564,67
246,180,8.346482,66
246,181,0.570120999999999,65
246,182,8.384389,64
246,183,9.821871,63
246,184,8.221011,62
246,185,11.7882686,61
246,186,13.426239,60
246,187,10.237614,59
246,188,9.799075,58
246,189,8.25736800000002,57
246,190,5.808421,56
246,191,8.64601799999999,55
246,192,20.988454,54
246,193,16.909543,53
246,194,11.054514,52
246,195,3.991564,51
246,196,1.493264,50
246,197,2.299639,49
246,198,9.493436,48
246,199,12.648893,47
246,200,20.806475,46
246,201,21.836586,45
246,202,31.432332,44
246,203,34.651525,43
246,204,29.286068,42
246,205,25.324718,41
246,206,19.4943689,40
246,207,10.565411,39
246,208,8.742854,38
246,209,16.461732,37
246,210,23.662629,36
246,211,15.423396,35
246,212,15.861754,34
246,213,12.428586,33
246,214,12.453875,32
246,215,10.341314,31
246,216,5.52852500000001,30
246,217,3.545243,29
246,218,9.31712500000001,28
246,219,13.394704,27
246,220,10.96945,26
246,221,15.927868,25
246,222,8.766011,24
246,223,4.121643,23
246,224,7.124518,22
246,225,3.64739300000001,21
246,226,3.82338599999999,20
246,227,4.140043,19
246,228,5.31086799999999,18
246,229,7.80978600000001,17
246,230,7.56491100000001,16
246,231,3.08433900000001,15
246,232,7.78493600000001,14
246,233,10.596543,13
246,234,6.881625,12
246,235,6.655554,11
246,236,4.919611,10
246,237,3.60518600000001,9
246,238,10.7692875,8
246,239,13.101014,7
246,240,10.207278,6
246,241,5.49675,5
246,242,9.817589,4
246,243,10.1472439,3
246,244,5.66024299999999,2
246,245,7.302282,1
247,1,48.354007,246
247,2,49.572324,245
247,3,74.207014,244
247,4,71.089507,243
247,5,66.734839,242
247,6,72.6654206,241
247,7,71.017147,240
247,8,79.518829,239
247,9,92.805461,238
247,10,78.30675,237
247,11,76.745195,236
247,12,82.32012,235
247,13,83.515611,234
247,14,76.906973,233
247,15,65.847318,232
247,16,65.890078,231
247,17,74.13285,230
247,18,68.963764,229
247,19,55.175,228
247,20,62.264571,227
247,21,85.973325,226
247,22,90.265209,225
247,23,87.677396,224
247,24,85.350029,223
247,25,69.772407,222
247,26,75.129011,221
247,27,73.06556,220
247,28,71.888989,219
247,29,72.089284,218
247,30,71.1425048,217
247,31,73.168275,216
247,32,74.902868,215
247,33,65.527147,214
247,34,77.908745,213
247,35,70.794376,212
247,36,66.396646,211
247,37,60.396389,210
247,38,65.0565829,209
247,39,80.494811,208
247,40,79.352976,207
247,41,78.418506,206
247,42,74.348439,205
247,43,65.07895,204
247,44,54.843272,203
247,45,54.228397,202
247,46,67.362019,201
247,47,55.421058,200
247,48,37.099329,199
247,49,26.933586,198
247,50,61.270482,197
247,51,59.338306,196
247,52,63.995493,195
247,53,72.631928,194
247,54,70.484518,193
247,55,59.385643,192
247,56,56.630024,191
247,57,58.818582,190
247,58,52.589673,189
247,59,45.372323,188
247,60,60.899686,187
247,61,58.595222,186
247,62,71.086629,185
247,63,61.671607,184
247,64,46.039568,183
247,65,54.04349,182
247,66,73.082495,181
247,67,60.204089,180
247,68,57.739911,179
247,69,45.67662,178
247,70,55.840051,177
247,71,51.910486,176
247,72,47.097879,175
247,73,54.673597,174
247,74,53.572236,173
247,75,44.9993,172
247,76,38.472904,171
247,77,22.40785,170
247,78,40.6695,169
247,79,51.035868,168
247,80,43.869272,167
247,81,35.010011,166
247,82,50.985698,165
247,83,61.68984,164
247,84,62.992836,163
247,85,61.386668,162
247,86,63.748689,161
247,87,61.562629,160
247,88,57.253593,159
247,89,57.461643,158
247,90,61.927093,157
247,91,60.796397,156
247,92,53.093307,155
247,93,44.624318,154
247,94,30.374968,153
247,95,52.22905,152
247,96,45.465082,151
247,97,37.718335,150
247,98,52.517675,149
247,99,53.501728,148
247,100,39.8037,147
247,101,22.938269,146
247,102,30.439854,145
247,103,40.17995,144
247,104,36.819439,143
247,105,34.861236,142
247,106,44.991397,141
247,107,39.460893,140
247,108,27.21675,139
247,109,29.674882,138
247,110,17.531236,137
247,111,39.689547,136
247,112,52.395868,135
247,113,33.921486,134
247,114,18.007464,133
247,115,15.055328,132
247,116,18.744111,131
247,117,20.627161,130
247,118,20.642547,129
247,119,27.445832,128
247,120,32.127936,127
247,121,39.291321,126
247,122,21.431271,125
247,123,21.6279,124
247,124,47.326293,123
247,125,39.484775,122
247,126,30.155993,121
247,127,26.004339,120
247,128,30.8069765,119
247,129,23.068739,118
247,130,27.489532,117
247,131,26.304625,116
247,132,22.4355,115
247,133,27.461064,114
247,134,29.511639,113
247,135,22.998046,112
247,136,22.570482,111
247,137,23.784429,110
247,138,21.073975,109
247,139,29.786068,108
247,140,25.915468,107
247,141,19.767839,106
247,142,17.556103,105
247,143,13.104075,104
247,144,9.134275,103
247,145,10.982728,102
247,146,2.068425,101
247,147,6.555354,100
247,148,9.540375,99
247,149,7.98240699999999,98
247,150,5.890664,97
247,151,15.367346,96
247,152,8.37257499999999,95
247,153,8.97299000000001,94
247,154,14.870218,93
247,155,16.192725,92
247,156,11.834675,91
247,157,12.201907,90
247,158,2.67200300000001,89
247,159,13.94405,88
247,160,17.613628,87
247,161,10.095621,86
247,162,5.34968900000001,85
247,163,6.18989999999999,84
247,164,16.191411,83
247,165,15.291122,82
247,166,14.234435,81
247,167,10.512718,80
247,168,14.007246,79
247,169,9.05420299999999,78
247,170,9.93673899999999,77
247,171,13.928914,76
247,172,6.542064,75
247,173,6.55173500000001,74
247,174,6.427179,73
247,175,2.36928600000001,72
247,176,3.52536800000001,71
247,177,11.6695579,70
247,178,10.888643,69
247,179,8.23567799999999,68
247,180,5.319868,67
247,181,5.680535,66
247,182,8.948603,65
247,183,6.405985,64
247,184,1.972097,63
247,185,8.3759826,62
247,186,10.010353,61
247,187,6.82172799999999,60
247,188,6.383189,59
247,189,2.00845400000001,58
247,190,2.773835,57
247,191,5.23013199999999,56
247,192,14.73954,55
247,193,11.493171,54
247,194,7.63862799999999,53
247,195,6.84015000000001,52
247,196,7.742178,51
247,197,4.200525,50
247,198,3.244522,49
247,199,6.39997899999999,48
247,200,17.390589,47
247,201,18.4207,46
247,202,25.183418,45
247,203,31.235639,44
247,204,25.870182,43
247,205,21.908832,42
247,206,16.0784829,41
247,207,5.148503,40
247,208,5.32696799999999,39
247,209,13.045846,38
247,210,20.246743,37
247,211,12.00751,36
247,212,12.445868,35
247,213,9.0127,34
247,214,6.28763899999999,33
247,215,6.925428,32
247,216,0.720388999999996,31
247,217,2.787957,30
247,218,3.06821100000001,29
247,219,7.81311,28
247,220,6.63566399999999,27
247,221,12.511982,26
247,222,3.349103,25
247,223,4.878157,24
247,224,7.124732,23
247,225,3.26977899999999,22
247,226,7.23927199999999,21
247,227,7.555929,20
247,228,4.93955400000002,19
247,229,4.3939,18
247,230,2.26729699999999,17
247,231,9.330853,16
247,232,9.29894999999999,15
247,233,4.34762900000001,14
247,234,8.785211,13
247,235,12.904468,12
247,236,8.335497,11
247,237,3.22877199999999,10
247,238,9.06220150000001,9
247,239,15.814,8
247,240,9.19936400000002,7
247,241,11.745664,6
247,242,16.066503,5
247,243,16.3961579,4
247,244,11.909157,3
247,245,13.551196,2
247,246,6.248914,1
248,1,42.8039,247
248,2,43.187531,246
248,3,67.822221,245
248,4,65.5394,244
248,5,61.184732,243
248,6,67.1153136,242
248,7,65.46704,241
248,8,73.134036,240
248,9,86.420668,239
248,10,71.921957,238
248,11,71.195088,237
248,12,75.935327,236
248,13,77.130818,235
248,14,71.356866,234
248,15,60.297211,233
248,16,60.339971,232
248,17,68.582743,231
248,18,63.413657,230
248,19,49.376993,229
248,20,56.714464,228
248,21,79.588532,227
248,22,84.715102,226
248,23,81.292603,225
248,24,79.799922,224
248,25,64.2223,223
248,26,68.744218,222
248,27,67.515453,221
248,28,66.338882,220
248,29,66.539177,219
248,30,65.5923978,218
248,31,67.618168,217
248,32,69.352761,216
248,33,59.142354,215
248,34,71.523952,214
248,35,65.244269,213
248,36,60.846539,212
248,37,54.846282,211
248,38,59.5064759,210
248,39,74.110018,209
248,40,73.802869,208
248,41,72.033713,207
248,42,68.798332,206
248,43,59.528843,205
248,44,48.458479,204
248,45,47.843604,203
248,46,60.977226,202
248,47,49.036265,201
248,48,30.714536,200
248,49,20.548793,199
248,50,54.885689,198
248,51,52.953513,197
248,52,57.6107,196
248,53,67.081821,195
248,54,64.934411,194
248,55,53.00085,193
248,56,50.245231,192
248,57,53.268475,191
248,58,47.039566,190
248,59,38.98753,189
248,60,54.514893,188
248,61,52.210429,187
248,62,64.701836,186
248,63,56.1215,185
248,64,39.654775,184
248,65,47.658697,183
248,66,66.697702,182
248,67,54.653982,181
248,68,51.355118,180
248,69,39.291827,179
248,70,49.455258,178
248,71,45.525693,177
248,72,40.713086,176
248,73,49.12349,175
248,74,48.022129,174
248,75,39.449193,173
248,76,32.505789,172
248,77,16.023057,171
248,78,34.284707,170
248,79,45.317725,169
248,80,37.484479,168
248,81,28.625218,167
248,82,44.600905,166
248,83,55.305047,165
248,84,56.608043,164
248,85,55.420625,163
248,86,58.198582,162
248,87,55.243764,161
248,88,50.8688,160
248,89,51.911536,159
248,90,55.5423,158
248,91,54.411604,157
248,92,47.5432,156
248,93,39.074211,155
248,94,23.990175,154
248,95,45.844257,153
248,96,39.080289,152
248,97,32.168228,151
248,98,46.132882,150
248,99,47.951621,149
248,100,34.253593,148
248,101,16.553476,147
248,102,24.055061,146
248,103,33.795157,145
248,104,31.269332,144
248,105,28.476443,143
248,106,38.606604,142
248,107,33.0761,141
248,108,21.666643,140
248,109,24.124775,139
248,110,11.146443,138
248,111,33.304754,137
248,112,46.011075,136
248,113,27.536693,135
248,114,12.457357,134
248,115,9.505221,133
248,116,12.359318,132
248,117,14.242368,131
248,118,14.257754,130
248,119,21.061039,129
248,120,25.743143,128
248,121,33.741214,127
248,122,15.881164,126
248,123,15.243107,125
248,124,40.9415,124
248,125,33.099982,123
248,126,23.7712,122
248,127,20.454232,121
248,128,25.2568695,120
248,129,17.518632,119
248,130,21.939425,118
248,131,20.754518,117
248,132,16.885393,116
248,133,21.910957,115
248,134,23.961532,114
248,135,17.447939,113
248,136,17.020375,112
248,137,17.399636,111
248,138,15.523868,110
248,139,24.235961,109
248,140,20.365361,108
248,141,14.217732,107
248,142,12.005996,106
248,143,6.71928200000001,105
248,144,3.500418,104
248,145,5.432621,103
248,146,5.23091799999999,102
248,147,3.57916099999999,101
248,148,3.155582,100
248,149,1.597614,99
248,150,12.275457,98
248,151,21.752139,97
248,152,14.673618,96
248,153,8.07699699999999,95
248,154,8.485425,94
248,155,10.642618,93
248,156,6.28456800000001,92
248,157,6.65180000000001,91
248,158,6.21309599999999,90
248,159,20.328843,89
248,160,23.998421,88
248,161,16.480414,87
248,162,11.734482,86
248,163,5.94349300000001,85
248,164,9.806618,84
248,165,8.90632900000001,83
248,166,8.68432800000001,82
248,167,4.962075,81
248,168,8.45713900000001,80
248,169,8.996496,79
248,170,10.446632,78
248,171,8.378807,77
248,172,4.59195699999999,76
248,173,12.936528,75
248,174,11.977286,74
248,175,5.26559299999999,73
248,176,2.85942499999999,72
248,177,9.71435089999999,71
248,178,8.74593599999999,70
248,179,14.620471,69
248,180,7.647675,68
248,181,3.53902799999999,67
248,182,11.353296,66
248,183,12.790778,65
248,184,7.522204,64
248,185,14.7571756,63
248,186,16.395146,62
248,187,13.206521,61
248,188,12.767982,60
248,189,7.55856100000001,59
248,190,8.777328,58
248,191,11.614925,57
248,192,20.289647,56
248,193,17.877964,55
248,194,14.023421,54
248,195,3.29275699999999,53
248,196,2.19207100000001,52
248,197,2.184268,51
248,198,8.79462899999999,50
248,199,11.950086,49
248,200,23.775382,48
248,201,24.805493,47
248,202,30.733525,46
248,203,37.620432,45
248,204,32.254975,44
248,205,28.293625,43
248,206,22.4632759,42
248,207,11.533296,41
248,208,11.711761,40
248,209,19.430639,39
248,210,26.631536,38
248,211,18.392303,37
248,212,18.830661,36
248,213,15.397493,35
248,214,12.672432,34
248,215,13.310221,33
248,216,6.912882,32
248,217,6.51414999999999,31
248,218,8.618318,30
248,219,14.197903,29
248,220,13.020457,28
248,221,18.896775,27
248,222,9.73389599999999,26
248,223,7.09055,25
248,224,10.093425,24
248,225,3.115014,23
248,226,0.854478999999998,22
248,227,1.67256400000001,21
248,228,4.61206099999998,20
248,229,10.778693,19
248,230,6.866104,18
248,231,6.053246,17
248,232,10.753843,16
248,233,9.89773600000001,15
248,234,6.18281799999999,14
248,235,7.354361,13
248,236,3.46450399999999,12
248,237,3.156021,11
248,238,13.7381945,10
248,239,12.402207,9
248,240,9.50847099999998,8
248,241,6.19555700000001,7
248,242,10.516396,6
248,243,10.8460509,5
248,244,6.35905,4
248,245,8.00108900000001,3
248,246,2.96890699999999,2
248,247,6.38479299999999,1
249,1,35.030549,248
249,2,30.611218,247
249,3,55.276728,246
249,4,57.766049,245
249,5,53.411381,244
249,6,59.3419626,243
249,7,57.693689,242
249,8,58.110213,241
249,9,61.060219,240
249,10,62.732092,239
249,11,63.421737,238
249,12,55.843222,237
249,13,57.524731,236
249,14,63.583515,235
249,15,52.52386,234
249,16,52.56662,233
249,17,60.809392,232
249,18,55.640306,231
249,19,41.603642,230
249,20,48.941113,229
249,21,54.228083,228
249,22,76.941751,227
249,23,68.976116,226
249,24,72.026571,225
249,25,56.448949,224
249,26,50.096231,223
249,27,59.742102,222
249,28,58.565531,221
249,29,58.765826,220
249,30,57.8190468,219
249,31,59.844817,218
249,32,61.57941,217
249,33,44.452995,216
249,34,55.033097,215
249,35,57.470918,214
249,36,53.073188,213
249,37,47.072931,212
249,38,51.7331249,211
249,39,48.749569,210
249,40,66.029518,209
249,41,63.022336,208
249,42,61.024981,207
249,43,51.755492,206
249,44,34.22807,205
249,45,22.483155,204
249,46,42.661023,203
249,47,36.024184,202
249,48,20.608513,201
249,49,5.776756,200
249,50,29.52524,199
249,51,43.767936,198
249,52,37.087249,197
249,53,59.30847,196
249,54,57.16106,195
249,55,40.162299,194
249,56,24.884782,193
249,57,45.495124,192
249,58,39.266215,191
249,59,20.897519,190
249,60,46.241856,189
249,61,31.68872,188
249,62,55.178713,187
249,63,48.348149,186
249,64,26.631974,185
249,65,22.386152,184
249,66,41.684447,183
249,67,46.880631,182
249,68,42.582931,181
249,69,24.928222,180
249,70,38.965191,179
249,71,36.669756,178
249,72,25.180063,177
249,73,41.350139,176
249,74,40.248778,175
249,75,31.675842,174
249,76,24.732438,173
249,77,9.337392,172
249,78,8.92425799999999,171
249,79,37.544374,170
249,80,19.51547,169
249,81,19.102631,168
249,82,33.937844,167
249,83,43.365502,166
249,84,46.418806,165
249,85,47.647274,164
249,86,50.425231,163
249,87,47.470413,162
249,88,41.179249,161
249,89,44.138185,160
249,90,47.105649,159
249,91,40.472645,158
249,92,39.769849,157
249,93,31.30086,156
249,94,6.94842600000001,155
249,95,20.483808,154
249,96,24.55776,153
249,97,24.394877,152
249,98,36.443867,151
249,99,40.17827,150
249,100,26.480242,149
249,101,8.806973,148
249,102,7.949188,147
249,103,20.940392,146
249,104,23.495981,145
249,105,18.870106,144
249,106,13.666245,143
249,107,13.135549,142
249,108,13.893292,141
249,109,16.351424,140
249,110,14.214006,139
249,111,10.448095,138
249,112,37.323174,137
249,113,17.347456,136
249,114,15.652906,135
249,115,19.52187,134
249,116,13.001131,133
249,117,11.118081,132
249,118,11.102695,131
249,119,9.62051,130
249,120,14.971006,129
249,121,25.967863,128
249,122,13.397713,127
249,123,10.117342,126
249,124,17.583949,125
249,125,14.245367,124
249,126,13.914149,123
249,127,12.680881,122
249,128,18.6034185,121
249,129,12.759081,120
249,130,16.422374,119
249,131,16.941167,118
249,132,11.560942,117
249,133,14.137606,116
249,134,16.188181,115
249,135,15.914588,114
249,136,19.840624,113
249,137,7.96081300000001,112
249,138,11.337917,111
249,139,16.46261,110
249,140,16.74461,109
249,141,23.476881,108
249,142,22.022645,107
249,143,18.641167,106
249,144,22.610967,105
249,145,27.76187,104
249,146,30.591367,103
249,147,25.189888,102
249,148,22.204867,101
249,149,23.762835,100
249,150,37.635906,99
249,151,47.112588,98
249,152,40.034067,97
249,153,22.772252,96
249,154,16.875024,95
249,155,26.718067,94
249,156,28.992417,93
249,157,30.875849,92
249,158,31.573545,91
249,159,45.689292,90
249,160,49.35887,89
249,161,41.840863,88
249,162,37.094931,87
249,163,31.303942,86
249,164,15.553831,85
249,165,16.45412,84
249,166,22.677177,83
249,167,21.232524,82
249,168,26.238688,81
249,169,34.356945,80
249,170,35.807081,79
249,171,24.649256,78
249,172,29.952406,77
249,173,38.296977,76
249,174,33.839263,75
249,175,29.375956,74
249,176,28.219874,73
249,177,35.0747999,72
249,178,34.106385,71
249,179,39.98092,70
249,180,26.425374,69
249,181,28.899477,68
249,182,36.713745,67
249,183,38.151227,66
249,184,30.716945,65
249,185,40.1176246,64
249,186,41.755595,63
249,187,38.56697,62
249,188,38.128431,61
249,189,31.252988,60
249,190,34.137777,59
249,191,36.975374,58
249,192,36.318202,57
249,193,43.238413,56
249,194,39.38387,55
249,195,24.905092,54
249,196,27.17002,53
249,197,27.544717,52
249,198,29.82192,51
249,199,36.894063,50
249,200,49.135831,49
249,201,50.165942,48
249,202,54.844424,47
249,203,62.980881,46
249,204,57.615424,45
249,205,53.654074,44
249,206,47.8237249,43
249,207,36.893745,42
249,208,37.07221,41
249,209,44.791088,40
249,210,51.991985,39
249,211,43.752752,38
249,212,44.19111,37
249,213,40.757942,36
249,214,38.032881,35
249,215,38.67067,34
249,216,32.273331,33
249,217,31.874599,32
249,218,31.894531,31
249,219,39.558352,30
249,220,38.380906,29
249,221,44.257224,28
249,222,35.094345,27
249,223,32.450999,26
249,224,35.453874,25
249,225,28.475463,24
249,226,24.50597,23
249,227,24.189313,22
249,228,26.805688,21
249,229,36.139142,20
249,230,29.477945,19
249,231,31.413695,18
249,232,36.114292,17
249,233,30.426413,16
249,234,22.960031,15
249,235,26.84111,14
249,236,23.409745,13
249,237,28.51647,12
249,238,39.0986435,11
249,239,20.175558,10
249,240,22.545878,9
249,241,26.249606,8
249,242,26.594245,7
249,243,31.8489999,6
249,244,28.501999,5
249,245,27.110138,4
249,246,28.329356,3
249,247,31.745242,2
249,248,25.360449,1
250,1,31.3400884,249
250,2,38.7252194,248
250,3,63.3599094,247
250,4,54.0554884,246
250,5,53.2657564,245
250,6,47.1525252,244
250,7,55.1127484,243
250,8,68.6717244,242
250,9,81.9583564,241
250,10,67.4596454,240
250,11,54.5972004,239
250,12,71.4730154,238
250,13,72.6685064,237
250,14,55.3507224,236
250,15,48.5006774,235
250,16,52.6264174,234
250,17,61.6174454,233
250,18,50.1179314,232
250,19,44.3278954,231
250,20,50.0020244,230
250,21,75.1262204,229
250,22,74.7955064,228
250,23,76.8302914,227
250,24,68.0525664,226
250,25,48.6513884,225
250,26,64.2819064,224
250,27,49.8060354,223
250,28,49.8975064,222
250,29,53.0545114,221
250,30,45.6296094,220
250,31,59.7383204,219
250,32,49.3899726,218
250,33,54.6800424,217
250,34,67.0616404,216
250,35,49.4111194,215
250,36,49.4675494,214
250,37,40.8839064,213
250,38,39.5436875,212
250,39,69.6477064,211
250,40,66.1437194,210
250,41,67.5714014,209
250,42,50.3804564,208
250,43,53.8164454,207
250,44,43.9961674,206
250,45,43.3812924,205
250,46,56.5149144,204
250,47,44.5739534,203
250,48,26.2522244,202
250,49,16.0864814,201
250,50,50.4233774,200
250,51,48.4912014,199
250,52,53.1483884,198
250,53,60.3397674,197
250,54,44.9716226,196
250,55,48.5385384,195
250,56,45.7829194,194
250,57,45.3054134,193
250,58,30.8592224,192
250,59,34.5252184,191
250,60,50.0525814,190
250,61,47.7481174,189
250,62,60.2395244,188
250,63,50.4062884,187
250,64,35.1924634,186
250,65,43.1963854,185
250,66,62.2353904,184
250,67,37.8575064,183
250,68,46.8928064,182
250,69,34.8295154,181
250,70,44.9929464,180
250,71,41.0633814,179
250,72,36.2507744,178
250,73,34.5079984,177
250,74,39.7559594,176
250,75,33.7032954,175
250,76,27.6257994,174
250,77,11.5607454,173
250,78,29.8223954,172
250,79,40.1887634,171
250,80,33.0221674,170
250,81,24.1629064,169
250,82,40.1385934,168
250,83,50.8427354,167
250,84,52.1457314,166
250,85,50.5395634,165
250,86,49.9312064,164
250,87,50.7155244,163
250,88,46.4064884,162
250,89,42.1149524,161
250,90,51.0799884,160
250,91,49.9492924,159
250,92,40.9971884,158
250,93,30.5271774,157
250,94,19.5278634,156
250,95,41.3819454,155
250,96,34.6179774,154
250,97,20.9544604,153
250,98,41.6705704,152
250,99,32.8211674,151
250,100,20.9567954,150
250,101,18.3875644,149
250,102,19.5927494,148
250,103,29.3328454,147
250,104,13.1395564,146
250,105,24.0141314,145
250,106,34.1442924,144
250,107,28.6137884,143
250,108,10.6210454,142
250,109,12.3293134,141
250,110,12.7330314,140
250,111,28.8424424,139
250,112,41.5487634,138
250,113,23.0743814,137
250,114,7.5054314,136
250,115,10.4575674,135
250,116,22.8532064,134
250,117,19.0539564,133
250,118,20.2054424,132
250,119,16.5987274,131
250,120,21.2808314,130
250,121,15.0290744,129
250,122,7.5004244,128
250,123,22.1357954,127
250,124,36.4791884,126
250,125,28.6376704,125
250,126,19.3088884,124
250,127,8.9909564,123
250,128,5.2940811,122
250,129,8.1390564,121
250,130,4.47576339999999,120
250,131,3.9569704,119
250,132,9.3371954,118
250,133,13.0305314,117
250,134,9.0812564,116
250,135,4.9835494,115
250,136,2.9424134,114
250,137,12.9373244,113
250,138,9.5602204,112
250,139,5.77292739999999,111
250,140,4.15352739999999,110
250,141,5.7450564,109
250,142,7.95679240000001,108
250,143,16.0770704,107
250,144,16.4623704,106
250,145,14.5301674,105
250,146,23.4444704,104
250,147,23.5419494,103
250,148,19.1382704,102
250,149,18.5316024,101
250,150,21.3211314,100
250,151,28.1317494,99
250,152,33.8854704,98
250,153,28.0397854,97
250,154,16.8943134,96
250,155,9.3201704,95
250,156,13.6782204,94
250,157,13.3109884,93
250,158,22.8408924,92
250,159,30.1238454,91
250,160,35.5442674,90
250,161,26.7761744,89
250,162,23.9459064,88
250,163,19.3229954,87
250,164,22.5718064,86
250,165,18.6391174,85
250,166,11.2784604,84
250,167,15.0007134,83
250,168,11.5056494,82
250,169,16.4586924,81
250,170,15.5761564,80
250,171,11.5839814,79
250,172,18.9708314,78
250,173,27.4811604,77
250,174,31.9400744,76
250,175,25.2283814,75
250,176,22.4034634,74
250,177,14.1766625,73
250,178,14.6242524,72
250,179,25.4159174,71
250,180,27.6104634,70
250,181,19.8323604,69
250,182,16.5642924,68
250,183,19.6706104,67
250,184,27.4849924,66
250,185,19.2194872,65
250,186,24.7752424,64
250,187,24.7523674,63
250,188,25.5623064,62
250,189,27.5213494,61
250,190,22.7390604,60
250,191,27.6615634,59
250,192,40.2524354,58
250,193,36.1735244,57
250,194,25.0667674,56
250,195,23.2555454,55
250,196,17.7707174,54
250,197,21.5636204,53
250,198,28.7574174,52
250,199,31.9128744,51
250,200,32.7373064,50
250,201,31.5184954,49
250,202,50.6963134,48
250,203,46.9173564,47
250,204,41.3001134,46
250,205,42.4240634,45
250,206,26.9255875,44
250,207,29.8293924,43
250,208,27.7573274,42
250,209,34.8083494,41
250,210,41.4275524,40
250,211,32.4377854,39
250,212,32.3771274,38
250,213,27.8590954,37
250,214,31.7178564,36
250,215,22.9398674,35
250,216,24.7925064,34
250,217,22.7249384,33
250,218,28.5811064,32
250,219,32.6586854,31
250,220,30.2334314,30
250,221,30.6085134,29
250,222,28.0299924,28
250,223,20.6347384,27
250,224,18.3881634,26
250,225,22.9113744,25
250,226,20.4398674,24
250,227,18.2902244,23
250,228,24.5748494,22
250,229,21.4915954,21
250,230,26.8288924,20
250,231,16.1820424,19
250,232,16.2139454,18
250,233,29.8605244,17
250,234,26.1456064,16
250,235,12.6084274,15
250,236,23.4272924,14
250,237,22.8691674,13
250,238,18.2005061,12
250,239,32.3649954,11
250,240,29.4712594,10
250,241,13.7672314,9
250,242,9.4463924,8
250,243,10.9508625,7
250,244,13.6037384,6
250,245,11.9616994,5
250,246,19.2639814,4
250,247,25.5128954,3
250,248,19.9627884,2
250,249,20.8981374,1
251,1,30.924634,250
251,2,33.981297,249
251,3,58.615987,248
251,4,53.660134,247
251,5,49.305466,246
251,6,55.2360476,245
251,7,53.587774,244
251,8,63.927802,243
251,9,77.214434,242
251,10,62.715723,241
251,11,59.315822,240
251,12,66.729093,239
251,13,67.924584,238
251,14,59.4776,237
251,15,48.417945,236
251,16,48.460705,235
251,17,56.873523,234
251,18,51.534391,233
251,19,39.583973,232
251,20,45.258102,231
251,21,70.382298,230
251,22,72.835836,229
251,23,72.086369,228
251,24,67.920656,227
251,25,52.343034,226
251,26,59.537984,225
251,27,55.636187,224
251,28,54.459616,223
251,29,54.659911,222
251,30,53.7131318,221
251,31,55.738902,220
251,32,57.473495,219
251,33,49.93612,218
251,34,62.317718,217
251,35,53.365003,216
251,36,48.967273,215
251,37,42.967016,214
251,38,47.6272099,213
251,39,64.903784,212
251,40,61.923603,211
251,41,62.827479,210
251,42,56.919066,209
251,43,49.072523,208
251,44,39.252245,207
251,45,38.63737,206
251,46,51.770992,205
251,47,39.830031,204
251,48,21.508302,203
251,49,11.342559,202
251,50,45.679455,201
251,51,43.747279,200
251,52,48.404466,199
251,53,55.595845,198
251,54,53.055145,197
251,55,43.794616,196
251,56,41.038997,195
251,57,41.389209,194
251,58,35.1603,193
251,59,29.781296,192
251,60,45.308659,191
251,61,43.004195,190
251,62,55.495602,189
251,63,45.662366,188
251,64,30.448541,187
251,65,38.452463,186
251,66,57.491468,185
251,67,42.774716,184
251,68,42.148884,183
251,69,30.085593,182
251,70,40.249024,181
251,71,36.319459,180
251,72,31.506852,179
251,73,37.244224,178
251,74,36.142863,177
251,75,28.959373,176
251,76,22.881877,175
251,77,6.816823,174
251,78,25.078473,173
251,79,35.444841,172
251,80,28.278245,171
251,81,19.418984,170
251,82,35.394671,169
251,83,46.098813,168
251,84,47.401809,167
251,85,45.795641,166
251,86,46.319316,165
251,87,45.971602,164
251,88,41.662566,163
251,89,40.03227,162
251,90,46.336066,161
251,91,45.20537,160
251,92,36.253266,159
251,93,27.194945,158
251,94,14.783941,157
251,95,36.638023,156
251,96,29.874055,155
251,97,20.288962,154
251,98,36.926648,153
251,99,36.072355,152
251,100,22.374327,151
251,101,10.304042,150
251,102,14.848827,149
251,103,24.588923,148
251,104,19.390066,147
251,105,19.270209,146
251,106,29.40037,145
251,107,23.869866,144
251,108,9.787377,143
251,109,12.245509,142
251,110,4.649509,141
251,111,24.09852,140
251,112,36.804841,139
251,113,18.330459,138
251,114,0.578090999999999,137
251,115,3.36765500000001,136
251,116,14.769684,135
251,117,10.970434,134
251,118,12.12192,133
251,119,11.854805,132
251,120,16.536909,131
251,121,21.861948,130
251,122,4.001898,129
251,123,14.052273,128
251,124,31.735266,127
251,125,23.893748,126
251,126,14.564966,125
251,127,8.574966,124
251,128,13.3776035,123
251,129,5.639366,122
251,130,10.060159,121
251,131,8.875252,120
251,132,5.00612699999999,119
251,133,10.031691,118
251,134,12.082266,117
251,135,5.56867299999999,116
251,136,5.14110899999999,115
251,137,8.19340199999999,114
251,138,4.81629799999999,113
251,139,12.356695,112
251,140,8.48609499999999,111
251,141,7.322666,110
251,142,5.86843000000001,109
251,143,7.99354800000001,108
251,144,8.37884800000001,107
251,145,11.607655,106
251,146,15.360948,105
251,147,15.458427,104
251,148,11.054748,103
251,149,10.44808,102
251,150,21.481691,101
251,151,30.958373,100
251,152,25.801948,99
251,153,19.956263,98
251,154,8.81079100000001,97
251,155,10.563852,96
251,156,12.838202,95
251,157,14.721634,94
251,158,15.41933,93
251,159,29.535077,92
251,160,33.204655,91
251,161,25.686648,90
251,162,20.940716,89
251,163,15.149727,88
251,164,14.488284,87
251,165,10.555595,86
251,166,6.522962,85
251,167,6.91719100000001,84
251,168,10.084473,83
251,169,18.20273,82
251,170,19.652866,81
251,171,8.49504100000001,80
251,172,13.798191,79
251,173,22.142762,78
251,174,23.856552,77
251,175,17.144859,76
251,176,14.319941,75
251,177,18.9205849,74
251,178,17.95217,73
251,179,23.826705,72
251,180,19.526941,71
251,181,12.745262,70
251,182,20.55953,69
251,183,21.997012,68
251,184,19.40147,67
251,185,23.9634096,66
251,186,25.60138,65
251,187,22.412755,64
251,188,21.974216,63
251,189,19.437827,62
251,190,17.983562,61
251,191,20.821159,60
251,192,32.168913,59
251,193,28.090002,58
251,194,23.229655,57
251,195,15.172023,56
251,196,11.015805,55
251,197,13.480098,54
251,198,20.673895,53
251,199,23.829352,52
251,200,32.981616,51
251,201,34.011727,50
251,202,42.612791,49
251,203,46.826666,48
251,204,41.461209,47
251,205,37.499859,46
251,206,31.6695099,45
251,207,21.74587,44
251,208,20.917995,43
251,209,28.636873,42
251,210,35.83777,41
251,211,27.598537,40
251,212,28.036895,39
251,213,24.603727,38
251,214,23.634334,37
251,215,22.516455,36
251,216,16.708984,35
251,217,15.720384,34
251,218,20.497584,33
251,219,24.575163,32
251,220,22.226691,31
251,221,28.103009,30
251,222,19.94647,29
251,223,16.296784,28
251,224,19.299659,27
251,225,14.827852,26
251,226,12.356345,25
251,227,10.206702,24
251,228,16.491327,23
251,229,19.984927,22
251,230,18.74537,21
251,231,15.25948,20
251,232,19.960077,19
251,233,21.777002,18
251,234,18.062084,17
251,235,10.686895,16
251,236,15.34377,15
251,237,14.785645,14
251,238,22.9444285,13
251,239,24.281473,12
251,240,21.387737,11
251,241,10.095391,10
251,242,10.44003,9
251,243,15.6947849,8
251,244,12.347784,7
251,245,10.955923,6
251,246,12.175141,5
251,247,17.429373,4
251,248,11.879266,3
251,249,16.154215,2
251,250,8.0835224,1
252,1,34.714639,251
252,2,42.09977,250
252,3,66.73446,249
252,4,57.430039,248
252,5,56.640307,247
252,6,54.1930746,246
252,7,58.487299,245
252,8,72.046275,244
252,9,85.332907,243
252,10,70.834196,242
252,11,58.272849,241
252,12,74.847566,240
252,13,76.043057,239
252,14,58.725273,238
252,15,51.875228,237
252,16,56.000968,236
252,17,64.991996,235
252,18,53.492482,234
252,19,47.702446,233
252,20,53.376575,232
252,21,78.500771,231
252,22,78.170057,230
252,23,80.204842,229
252,24,71.427117,228
252,25,52.025939,227
252,26,67.656457,226
252,27,54.593214,225
252,28,53.416643,224
252,29,56.429062,223
252,30,52.6701588,222
252,31,63.112871,221
252,32,56.430522,220
252,33,58.054593,219
252,34,70.436191,218
252,35,52.78567,217
252,36,52.8421,216
252,37,44.258457,215
252,38,46.5842369,214
252,39,73.022257,213
252,40,69.51827,212
252,41,70.945952,211
252,42,55.876093,210
252,43,57.190996,209
252,44,47.370718,208
252,45,46.755843,207
252,46,59.889465,206
252,47,47.948504,205
252,48,29.626775,204
252,49,19.461032,203
252,50,53.797928,202
252,51,51.865752,201
252,52,56.522939,200
252,53,63.714318,199
252,54,52.012172,198
252,55,51.913089,197
252,56,49.15747,196
252,57,48.679964,195
252,58,34.233773,194
252,59,37.899769,193
252,60,53.427132,192
252,61,51.122668,191
252,62,63.614075,190
252,63,53.780839,189
252,64,38.567014,188
252,65,46.570936,187
252,66,65.609941,186
252,67,41.731743,185
252,68,50.267357,184
252,69,38.204066,183
252,70,48.367497,182
252,71,44.437932,181
252,72,39.625325,180
252,73,37.882549,179
252,74,43.13051,178
252,75,37.077846,177
252,76,31.00035,176
252,77,14.935296,175
252,78,33.196946,174
252,79,43.563314,173
252,80,36.396718,172
252,81,27.537457,171
252,82,43.513144,170
252,83,54.217286,169
252,84,55.520282,168
252,85,53.914114,167
252,86,53.305757,166
252,87,54.090075,165
252,88,49.781039,164
252,89,45.489503,163
252,90,54.454539,162
252,91,53.323843,161
252,92,44.371739,160
252,93,33.901728,159
252,94,22.902414,158
252,95,44.756496,157
252,96,37.992528,156
252,97,24.329011,155
252,98,45.045121,154
252,99,36.195718,153
252,100,24.331346,152
252,101,15.465715,151
252,102,22.9673,150
252,103,32.707396,149
252,104,18.347093,148
252,105,27.388682,147
252,106,37.518843,146
252,107,31.988339,145
252,108,13.995596,144
252,109,15.703864,143
252,110,10.058682,142
252,111,32.216993,141
252,112,44.923314,140
252,113,26.448932,139
252,114,8.619782,138
252,115,4.75081799999999,137
252,116,15.812657,136
252,117,13.154607,135
252,118,13.169993,134
252,119,19.973278,133
252,120,24.655382,132
252,121,20.818975,131
252,122,10.874975,130
252,123,15.095246,129
252,124,39.853739,128
252,125,32.012221,127
252,126,22.683439,126
252,127,12.365507,125
252,128,12.3346305,124
252,129,11.513607,123
252,130,9.017186,122
252,131,7.832279,121
252,132,12.711746,120
252,133,16.405082,119
252,134,12.455807,118
252,135,8.35809999999999,117
252,136,4.43206399999999,116
252,137,16.311875,115
252,138,12.934771,114
252,139,11.313722,113
252,140,7.52807799999999,112
252,141,1.295493,111
252,142,2.25004299999999,110
252,143,9.03652100000001,109
252,144,9.42182100000001,108
252,145,7.48961800000001,107
252,146,16.403921,106
252,147,16.5014,105
252,148,12.097721,104
252,149,11.491053,103
252,150,14.280582,102
252,151,22.8399,101
252,152,26.844921,100
252,153,20.999236,99
252,154,9.85376400000001,98
252,155,2.445379,97
252,156,6.637671,96
252,157,6.60316100000001,95
252,158,15.800343,94
252,159,23.083296,93
252,160,28.503718,92
252,161,19.735625,91
252,162,16.905357,90
252,163,12.282446,89
252,164,15.531257,88
252,165,11.598568,87
252,166,4.237911,86
252,167,7.96016400000001,85
252,168,4.4651,84
252,169,10.084257,83
252,170,11.534393,82
252,171,4.54343200000001,81
252,172,11.930282,80
252,173,20.440611,79
252,174,24.899525,78
252,175,18.187832,77
252,176,15.362914,76
252,177,10.8021119,75
252,178,9.83369700000001,74
252,179,18.375368,73
252,180,20.569914,72
252,181,12.791811,71
252,182,12.441057,70
252,183,13.878539,69
252,184,20.444443,68
252,185,15.8449366,67
252,186,17.734693,66
252,187,17.711818,65
252,188,18.521757,64
252,189,20.4808,63
252,190,15.698511,62
252,191,20.621014,61
252,192,33.211886,60
252,193,29.132975,59
252,194,18.026218,58
252,195,16.214996,57
252,196,10.730168,56
252,197,14.523071,55
252,198,21.716868,54
252,199,24.872325,53
252,200,25.696757,52
252,201,25.893254,51
252,202,43.655764,50
252,203,39.876807,49
252,204,34.259564,48
252,205,35.383514,47
252,206,23.5510369,46
252,207,22.788843,45
252,208,20.716778,44
252,209,27.7678,43
252,210,34.387003,42
252,211,25.397236,41
252,212,25.336578,40
252,213,20.818546,39
252,214,24.677307,38
252,215,15.899318,37
252,216,17.751957,36
252,217,15.684389,35
252,218,21.540557,34
252,219,25.618136,33
252,220,23.192882,32
252,221,23.567964,31
252,222,20.989443,30
252,223,13.594189,29
252,224,11.347614,28
252,225,15.870825,27
252,226,13.399318,26
252,227,11.249675,25
252,228,17.5343,24
252,229,14.451046,23
252,230,19.788343,22
252,231,9.14149300000001,21
252,232,11.841604,20
252,233,22.819975,19
252,234,19.105057,18
252,235,5.56787800000001,17
252,236,16.386743,16
252,237,15.828618,15
252,238,14.8259555,14
252,239,25.324446,13
252,240,22.43071,12
252,241,6.726682,11
252,242,2.405843,10
252,243,7.57631190000001,9
252,244,6.56318900000002,8
252,245,4.92115000000001,7
252,246,12.223432,6
252,247,18.472346,5
252,248,12.922239,4
252,249,24.272688,3
252,250,7.0405494,2
252,251,8.118473,1
253,1,37.108696,252
253,2,44.493827,251
253,3,69.128517,250
253,4,59.824096,249
253,5,59.034364,248
253,6,60.5038176,247
253,7,60.881356,246
253,8,74.440332,245
253,9,87.726964,244
253,10,73.228253,243
253,11,64.583592,242
253,12,77.241623,241
253,13,78.437114,240
253,14,64.74537,239
253,15,54.269285,238
253,16,58.395025,237
253,17,67.386053,236
253,18,56.802161,235
253,19,50.096503,234
253,20,55.770632,233
253,21,80.894828,232
253,22,80.564114,231
253,23,82.598899,230
253,24,73.821174,229
253,25,57.610804,228
253,26,70.050514,227
253,27,60.903957,226
253,28,59.727386,225
253,29,59.927681,224
253,30,58.9809018,223
253,31,65.506928,222
253,32,62.741265,221
253,33,60.44865,220
253,34,72.830248,219
253,35,58.632773,218
253,36,55.236157,217
253,37,48.234786,216
253,38,52.8949799,215
253,39,75.416314,214
253,40,71.912327,213
253,41,73.340009,212
253,42,62.186836,211
253,43,59.585053,210
253,44,49.764775,209
253,45,49.1499,208
253,46,62.283522,207
253,47,50.342561,206
253,48,32.020832,205
253,49,21.855089,204
253,50,56.191985,203
253,51,54.259809,202
253,52,58.916996,201
253,53,66.108375,200
253,54,58.322915,199
253,55,54.307146,198
253,56,51.551527,197
253,57,51.074021,196
253,58,40.42807,195
253,59,40.293826,194
253,60,55.821189,193
253,61,53.516725,192
253,62,66.008132,191
253,63,56.174896,190
253,64,40.961071,189
253,65,48.964993,188
253,66,68.003998,187
253,67,48.042486,186
253,68,52.661414,185
253,69,40.598123,184
253,70,50.761554,183
253,71,46.831989,182
253,72,42.019382,181
253,73,42.511994,180
253,74,45.524567,179
253,75,39.471903,178
253,76,33.394407,177
253,77,17.329353,176
253,78,35.591003,175
253,79,45.957371,174
253,80,38.790775,173
253,81,29.931514,172
253,82,45.907201,171
253,83,56.611343,170
253,84,57.914339,169
253,85,56.308171,168
253,86,55.699814,167
253,87,56.484132,166
253,88,52.175096,165
253,89,47.88356,164
253,90,56.848596,163
253,91,55.7179,162
253,92,46.765796,161
253,93,36.295785,160
253,94,25.296471,159
253,95,47.150553,158
253,96,40.386585,157
253,97,26.723068,156
253,98,47.439178,155
253,99,41.340125,154
253,100,27.642097,153
253,101,17.859772,152
253,102,25.361357,151
253,103,35.101453,150
253,104,24.657836,149
253,105,29.782739,148
253,106,39.9129,147
253,107,34.382396,146
253,108,16.389653,145
253,109,18.097921,144
253,110,12.452739,143
253,111,34.61105,142
253,112,47.317371,141
253,113,28.842989,140
253,114,11.013839,139
253,115,7.14487499999999,138
253,116,13.665614,137
253,117,15.548664,136
253,118,15.56405,135
253,119,22.367335,134
253,120,27.049439,133
253,121,27.129718,132
253,122,13.269032,131
253,123,16.549403,130
253,124,42.247796,129
253,125,34.406278,128
253,126,25.077496,127
253,127,14.759564,126
253,128,18.6453735,125
253,129,13.907664,124
253,130,15.327929,123
253,131,14.143022,122
253,132,15.105803,121
253,133,18.799139,120
253,134,17.350036,119
253,135,10.836443,118
253,136,10.408879,117
253,137,18.705932,116
253,138,15.328828,115
253,139,17.624465,114
253,140,13.753865,113
253,141,7.606236,112
253,142,5.39449999999999,111
253,143,8.02557799999999,110
253,144,4.05577799999999,109
253,145,1.17887500000001,108
253,146,10.093178,107
253,147,10.190657,106
253,148,5.78697800000001,105
253,149,5.18031000000001,104
253,150,10.969161,103
253,151,20.445843,102
253,152,20.534178,101
253,153,14.688493,100
253,154,9.79172099999999,99
253,155,4.031122,98
253,156,2.325672,97
253,157,4.209104,96
253,158,9.4896,95
253,159,19.022547,94
253,160,22.692125,93
253,161,15.174118,92
253,162,10.594614,91
253,163,5.97170300000002,90
253,164,11.112914,89
253,165,10.212625,88
253,166,3.989568,87
253,167,5.43422099999999,86
253,168,1.845643,85
253,169,7.69020000000002,84
253,170,9.14033600000002,83
253,171,2.01748899999999,82
253,172,5.619539,81
253,173,14.129868,80
253,174,18.588782,79
253,175,11.877089,78
253,176,9.052171,77
253,177,8.40805490000001,76
253,178,7.43964,75
253,179,13.314175,74
253,180,14.259171,73
253,181,6.481068,72
253,182,10.047,71
253,183,11.484482,70
253,184,14.1337,69
253,185,13.4508796,68
253,186,15.08885,67
253,187,11.900225,66
253,188,12.211014,65
253,189,14.170057,64
253,190,9.38776800000001,63
253,191,14.310271,62
253,192,26.901143,61
253,193,22.822232,60
253,194,12.717125,59
253,195,9.904253,58
253,196,4.419425,57
253,197,8.21232800000001,56
253,198,15.406125,55
253,199,18.561582,54
253,200,22.469086,53
253,201,23.499197,52
253,202,37.345021,51
253,203,36.314136,50
253,204,30.948679,49
253,205,29.072771,48
253,206,21.1569799,47
253,207,16.4781,46
253,208,14.406035,45
253,209,21.457057,44
253,210,28.07626,43
253,211,19.086493,42
253,212,19.025835,41
253,213,14.507803,40
253,214,18.366564,39
253,215,12.003925,38
253,216,11.441214,37
253,217,9.373646,36
253,218,15.229814,35
253,219,19.307393,34
253,220,16.882139,33
253,221,17.590479,32
253,222,14.6787,31
253,223,7.28344600000001,30
253,224,8.78712900000001,29
253,225,9.56008200000001,28
253,226,7.08857500000001,27
253,227,4.938932,26
253,228,11.223557,25
253,229,9.47239700000001,24
253,230,13.4776,23
253,231,4.74695000000001,22
253,232,9.44754700000001,21
253,233,16.509232,20
253,234,12.794314,19
253,235,0.742864999999993,18
253,236,10.076,17
253,237,9.51787500000001,16
253,238,12.4318985,15
253,239,19.013703,14
253,240,16.119967,13
253,241,0.417138999999999,12
253,242,3.9049,11
253,243,5.18225490000001,10
253,244,1.83525400000001,9
253,245,1.389593,8
253,246,5.912689,7
253,247,12.161603,6
253,248,6.61149600000001,5
253,249,26.666745,4
253,250,13.3512924,3
253,251,10.51253,2
253,252,6.310743,1
254,1,39.881864,253
254,2,47.266995,252
254,3,71.901685,251
254,4,62.597264,250
254,5,61.807532,249
254,6,58.1107496,248
254,7,63.654524,247
254,8,77.2135,246
254,9,90.500132,245
254,10,76.001421,244
254,11,63.138976,243
254,12,80.014791,242
254,13,81.210282,241
254,14,63.892498,240
254,15,57.042453,239
254,16,61.168193,238
254,17,70.159221,237
254,18,58.659707,236
254,19,52.869671,235
254,20,58.5438,234
254,21,83.667996,233
254,22,83.337282,232
254,23,85.372067,231
254,24,76.594342,230
254,25,57.193164,229
254,26,72.823682,228
254,27,58.510889,227
254,28,58.439282,226
254,29,61.596287,225
254,30,56.5878338,224
254,31,68.280096,223
254,32,60.348197,222
254,33,63.221818,221
254,34,75.603416,220
254,35,57.952895,219
254,36,58.009325,218
254,37,49.425682,217
254,38,50.5019119,216
254,39,78.189482,215
254,40,74.685495,214
254,41,76.113177,213
254,42,59.793768,212
254,43,62.358221,211
254,44,52.537943,210
254,45,51.923068,209
254,46,65.05669,208
254,47,53.115729,207
254,48,34.794,206
254,49,24.628257,205
254,50,58.965153,204
254,51,57.032977,203
254,52,61.690164,202
254,53,68.881543,201
254,54,55.929847,200
254,55,57.080314,199
254,56,54.324695,198
254,57,53.847189,197
254,58,39.400998,196
254,59,43.066994,195
254,60,58.594357,194
254,61,56.289893,193
254,62,68.7813,192
254,63,58.948064,191
254,64,43.734239,190
254,65,51.738161,189
254,66,70.777166,188
254,67,46.399282,187
254,68,55.434582,186
254,69,43.371291,185
254,70,53.534722,184
254,71,49.605157,183
254,72,44.79255,182
254,73,43.049774,181
254,74,48.297735,180
254,75,42.245071,179
254,76,36.167575,178
254,77,20.102521,177
254,78,38.364171,176
254,79,48.730539,175
254,80,41.563943,174
254,81,32.704682,173
254,82,48.680369,172
254,83,59.384511,171
254,84,60.687507,170
254,85,59.081339,169
254,86,58.472982,168
254,87,59.2573,167
254,88,54.948264,166
254,89,50.656728,165
254,90,59.621764,164
254,91,58.491068,163
254,92,49.538964,162
254,93,39.068953,161
254,94,28.069639,160
254,95,49.923721,159
254,96,43.159753,158
254,97,29.496236,157
254,98,50.212346,156
254,99,41.362943,155
254,100,29.498571,154
254,101,20.63294,153
254,102,28.134525,152
254,103,37.874621,151
254,104,22.264768,150
254,105,32.555907,149
254,106,42.686068,148
254,107,37.155564,147
254,108,19.162821,146
254,109,20.871089,145
254,110,15.225907,144
254,111,37.384218,143
254,112,50.090539,142
254,113,31.616157,141
254,114,13.787007,140
254,115,9.91804299999999,139
254,116,16.438782,138
254,117,18.321832,137
254,118,18.337218,136
254,119,25.140503,135
254,120,29.822607,134
254,121,24.73665,133
254,122,16.0422,132
254,123,19.322571,131
254,124,45.020964,130
254,125,37.179446,129
254,126,27.850664,128
254,127,17.532732,127
254,128,16.2523055,126
254,129,16.680832,125
254,130,13.017539,124
254,131,12.498746,123
254,132,17.878971,122
254,133,21.572307,121
254,134,17.623032,120
254,135,13.525325,119
254,136,9.599289,118
254,137,21.4791,117
254,138,18.101996,116
254,139,15.231397,115
254,140,12.695303,114
254,141,5.963032,113
254,142,7.41726799999999,112
254,143,10.798746,111
254,144,6.82894599999999,110
254,145,3.57194300000001,109
254,146,12.486246,108
254,147,12.583725,107
254,148,8.18004600000001,106
254,149,7.57337800000001,105
254,150,10.362907,104
254,151,17.672675,103
254,152,22.927246,102
254,153,17.081561,101
254,154,12.564889,100
254,155,2.721846,99
254,156,2.719996,98
254,157,2.352764,97
254,158,11.882668,96
254,159,19.165621,95
254,160,24.586043,94
254,161,15.81795,93
254,162,12.987682,92
254,163,8.36477100000002,91
254,164,13.886082,90
254,165,12.985793,89
254,166,6.762736,88
254,167,8.20738899999999,87
254,168,3.201225,86
254,169,5.50046800000002,85
254,170,6.36716800000002,84
254,171,4.79065699999999,83
254,172,8.01260700000001,82
254,173,16.522936,81
254,174,20.98185,80
254,175,14.270157,79
254,176,11.445239,78
254,177,5.63488690000001,77
254,178,4.66647200000001,76
254,179,14.457693,75
254,180,16.652239,74
254,181,8.874136,73
254,182,7.273832,72
254,183,8.71238600000001,71
254,184,16.526768,70
254,185,10.6777116,69
254,186,13.817018,68
254,187,13.794143,67
254,188,14.604082,66
254,189,16.563125,65
254,190,11.780836,64
254,191,16.703339,63
254,192,29.294211,62
254,193,25.2153,61
254,194,14.108543,60
254,195,12.297321,59
254,196,6.812493,58
254,197,10.605396,57
254,198,17.799193,56
254,199,20.95465,55
254,200,21.779082,54
254,201,20.726029,53
254,202,39.738089,52
254,203,35.959132,51
254,204,30.341889,50
254,205,31.465839,49
254,206,18.3838119,48
254,207,18.871168,47
254,208,16.799103,46
254,209,23.850125,45
254,210,30.469328,44
254,211,21.479561,43
254,212,21.418903,42
254,213,16.900871,41
254,214,20.759632,40
254,215,11.981643,39
254,216,13.834282,38
254,217,11.766714,37
254,218,17.622882,36
254,219,21.700461,35
254,220,19.275207,34
254,221,19.650289,33
254,222,17.071768,32
254,223,9.67651400000001,31
254,224,7.42993900000001,30
254,225,11.95315,29
254,226,9.48164300000001,28
254,227,7.332,27
254,228,13.616625,26
254,229,10.533371,25
254,230,15.870668,24
254,231,5.22381800000001,23
254,232,6.67437900000001,22
254,233,18.9023,21
254,234,15.187382,20
254,235,2.59880299999999,19
254,236,12.469068,18
254,237,11.910943,17
254,238,9.6587305,16
254,239,21.406771,15
254,240,18.513035,14
254,241,3.190307,13
254,242,2.845668,12
254,243,2.40908690000001,11
254,244,2.64551400000001,10
254,245,2.32977499999999,9
254,246,8.305757,8
254,247,14.554671,7
254,248,9.00456400000001,6
254,249,29.439913,5
254,250,10.9582244,4
254,251,13.285698,3
254,252,5.167225,2
254,253,2.773168,1
255,1,40.568461,254
255,2,47.953592,253
255,3,72.588282,252
255,4,63.283861,251
255,5,62.494129,250
255,6,55.3818474,249
255,7,64.341121,248
255,8,77.900097,247
255,9,91.186729,246
255,10,76.688018,245
255,11,63.825573,244
255,12,80.701388,243
255,13,81.896879,242
255,14,64.579095,241
255,15,57.72905,240
255,16,61.85479,239
255,17,70.845818,238
255,18,59.346304,237
255,19,53.556268,236
255,20,59.230397,235
255,21,84.354593,234
255,22,84.023879,233
255,23,86.058664,232
255,24,77.280939,231
255,25,57.879761,230
255,26,73.510279,229
255,27,59.034408,228
255,28,59.125879,227
255,29,62.282884,226
255,30,53.7715368,225
255,31,68.966693,224
255,32,57.5319,223
255,33,63.908415,222
255,34,76.290013,221
255,35,58.639492,220
255,36,58.695922,219
255,37,50.112279,218
255,38,47.6856149,217
255,39,78.876079,216
255,40,75.372092,215
255,41,76.799774,214
255,42,59.608829,213
255,43,63.044818,212
255,44,53.22454,211
255,45,52.609665,210
255,46,65.743287,209
255,47,53.802326,208
255,48,35.480597,207
255,49,25.314854,206
255,50,59.65175,205
255,51,57.719574,204
255,52,62.376761,203
255,53,69.56814,202
255,54,53.81035,201
255,55,57.766911,200
255,56,55.011292,199
255,57,54.533786,198
255,58,40.087595,197
255,59,43.753591,196
255,60,59.280954,195
255,61,56.97649,194
255,62,69.467897,193
255,63,59.634661,192
255,64,44.420836,191
255,65,52.424758,190
255,66,71.463763,189
255,67,47.085879,188
255,68,56.121179,187
255,69,44.057888,186
255,70,54.221319,185
255,71,50.291754,184
255,72,45.479147,183
255,73,43.736371,182
255,74,48.984332,181
255,75,42.931668,180
255,76,36.854172,179
255,77,20.789118,178
255,78,39.050768,177
255,79,49.417136,176
255,80,42.25054,175
255,81,33.391279,174
255,82,49.366966,173
255,83,60.071108,172
255,84,61.374104,171
255,85,59.767936,170
255,86,59.159579,169
255,87,59.943897,168
255,88,55.634861,167
255,89,51.343325,166
255,90,60.308361,165
255,91,59.177665,164
255,92,50.225561,163
255,93,39.75555,162
255,94,28.756236,161
255,95,50.610318,160
255,96,43.84635,159
255,97,30.182833,158
255,98,50.898943,157
255,99,42.04954,156
255,100,30.185168,155
255,101,21.319537,154
255,102,28.821122,153
255,103,38.561218,152
255,104,22.367929,151
255,105,33.242504,150
255,106,43.372665,149
255,107,37.842161,148
255,108,19.849418,147
255,109,21.557686,146
255,110,15.912504,145
255,111,38.070815,144
255,112,50.777136,143
255,113,32.302754,142
255,114,14.473604,141
255,115,10.60464,140
255,116,17.125379,139
255,117,19.008429,138
255,118,19.023815,137
255,119,25.8271,136
255,120,30.509204,135
255,121,24.257447,134
255,122,16.728797,133
255,123,20.009168,132
255,124,45.707561,131
255,125,37.866043,130
255,126,28.537261,129
255,127,18.219329,128
255,128,13.4360085,127
255,129,17.367429,126
255,130,13.704136,125
255,131,13.185343,124
255,132,18.565568,123
255,133,22.258904,122
255,134,18.309629,121
255,135,14.211922,120
255,136,10.285886,119
255,137,22.165697,118
255,138,18.788593,117
255,139,15.0013,116
255,140,13.3819,115
255,141,6.64962900000001,114
255,142,8.10386500000001,113
255,143,11.485343,112
255,144,8.32044299999999,111
255,145,6.38823999999999,110
255,146,15.302543,109
255,147,15.400022,108
255,148,10.996343,107
255,149,10.389675,106
255,150,13.179204,105
255,151,19.989822,104
255,152,25.743543,103
255,153,19.897858,102
255,154,13.251486,101
255,155,3.40844300000001,100
255,156,5.53629299999999,99
255,157,5.16906099999999,98
255,158,14.698965,97
255,159,21.981918,96
255,160,27.40234,95
255,161,18.634247,94
255,162,15.803979,93
255,163,11.181068,92
255,164,14.572679,91
255,165,13.67239,90
255,166,7.44933300000002,89
255,167,8.893986,88
255,168,3.88782200000001,87
255,169,8.316765,86
255,170,7.434229,85
255,171,5.477254,84
255,172,10.828904,83
255,173,19.339233,82
255,174,23.798147,81
255,175,17.086454,80
255,176,14.261536,79
255,177,5.70141009999999,78
255,178,6.48232499999999,77
255,179,17.27399,76
255,180,19.468536,75
255,181,11.690433,74
255,182,8.42236499999999,73
255,183,11.528683,72
255,184,19.343065,71
255,185,9.9911146,70
255,186,16.633315,69
255,187,16.61044,68
255,188,17.420379,67
255,189,19.379422,66
255,190,14.597133,65
255,191,19.519636,64
255,192,32.110508,63
255,193,28.031597,62
255,194,16.92484,61
255,195,15.113618,60
255,196,9.62878999999999,59
255,197,13.421693,58
255,198,20.61549,57
255,199,23.770947,56
255,200,24.595379,55
255,201,23.376568,54
255,202,42.554386,53
255,203,38.775429,52
255,204,33.158186,51
255,205,34.282136,50
255,206,17.9511851,49
255,207,21.687465,48
255,208,19.6154,47
255,209,26.666422,46
255,210,33.285625,45
255,211,24.295858,44
255,212,24.2352,43
255,213,19.717168,42
255,214,23.575929,41
255,215,14.79794,40
255,216,16.650579,39
255,217,14.583011,38
255,218,20.439179,37
255,219,24.516758,36
255,220,22.091504,35
255,221,22.466586,34
255,222,19.888065,33
255,223,12.492811,32
255,224,10.246236,31
255,225,14.769447,30
255,226,12.29794,29
255,227,10.148297,28
255,228,16.432922,27
255,229,13.349668,26
255,230,18.686965,25
255,231,8.04011499999999,24
255,232,8.072018,23
255,233,21.718597,22
255,234,18.003679,21
255,235,4.46649999999999,20
255,236,15.285365,19
255,237,14.72724,18
255,238,8.97213349999998,17
255,239,24.223068,16
255,240,21.329332,15
255,241,5.62530399999999,14
255,242,3.53226500000001,13
255,243,1.7224899,12
255,244,5.461811,11
255,245,3.81977199999999,10
255,246,11.122054,9
255,247,17.370968,8
255,248,11.820861,7
255,249,30.12651,6
255,250,9.22837260000001,5
255,251,13.972295,4
255,252,5.85382200000002,3
255,253,5.20936499999999,2
255,254,2.81629699999999,1
256,1,37.238364,255
256,2,44.623495,254
256,3,69.258185,253
256,4,59.953764,252
256,5,59.164032,251
256,6,59.0517496,250
256,7,61.011024,249
256,8,74.57,248
256,9,87.856632,247
256,10,73.357921,246
256,11,63.131524,245
256,12,77.371291,244
256,13,78.566782,243
256,14,63.293302,242
256,15,54.398953,241
256,16,58.524693,240
256,17,67.515721,239
256,18,56.016207,238
256,19,50.226171,237
256,20,55.9003,236
256,21,81.024496,235
256,22,80.693782,234
256,23,82.728567,233
256,24,73.950842,232
256,25,56.158736,231
256,26,70.180182,230
256,27,59.451889,229
256,28,58.275318,228
256,29,58.952787,227
256,30,57.5288338,226
256,31,65.636596,225
256,32,61.289197,224
256,33,60.578318,223
256,34,72.959916,222
256,35,57.180705,221
256,36,55.365825,220
256,37,46.782718,219
256,38,51.4429119,218
256,39,75.545982,217
256,40,72.041995,216
256,41,73.469677,215
256,42,60.734768,214
256,43,59.714721,213
256,44,49.894443,212
256,45,49.279568,211
256,46,62.41319,210
256,47,50.472229,209
256,48,32.1505,208
256,49,21.984757,207
256,50,56.321653,206
256,51,54.389477,205
256,52,59.046664,204
256,53,66.238043,203
256,54,56.870847,202
256,55,54.436814,201
256,56,51.681195,200
256,57,51.203689,199
256,58,38.976002,198
256,59,40.423494,197
256,60,55.950857,196
256,61,53.646393,195
256,62,66.1378,194
256,63,56.304564,193
256,64,41.090739,192
256,65,49.094661,191
256,66,68.133666,190
256,67,46.590418,189
256,68,52.791082,188
256,69,40.727791,187
256,70,50.891222,186
256,71,46.961657,185
256,72,42.14905,184
256,73,41.059926,183
256,74,45.654235,182
256,75,39.601571,181
256,76,33.524075,180
256,77,17.459021,179
256,78,35.720671,178
256,79,46.087039,177
256,80,38.920443,176
256,81,30.061182,175
256,82,46.036869,174
256,83,56.741011,173
256,84,58.044007,172
256,85,56.437839,171
256,86,55.829482,170
256,87,56.6138,169
256,88,52.304764,168
256,89,48.013228,167
256,90,56.978264,166
256,91,55.847568,165
256,92,46.895464,164
256,93,36.425453,163
256,94,25.426139,162
256,95,47.280221,161
256,96,40.516253,160
256,97,26.852736,159
256,98,47.568846,158
256,99,39.888057,157
256,100,26.855071,156
256,101,17.98944,155
256,102,25.491025,154
256,103,35.231121,153
256,104,23.205768,152
256,105,29.912407,151
256,106,40.042568,150
256,107,34.512064,149
256,108,16.519321,148
256,109,18.227589,147
256,110,12.582407,146
256,111,34.740718,145
256,112,47.447039,144
256,113,28.972657,143
256,114,11.143507,142
256,115,7.274543,141
256,116,13.795282,140
256,117,15.678332,139
256,118,15.693718,138
256,119,22.497003,137
256,120,27.179107,136
256,121,25.67765,135
256,122,13.3987,134
256,123,16.679071,133
256,124,42.377464,132
256,125,34.535946,131
256,126,25.207164,130
256,127,14.889232,129
256,128,17.1933055,128
256,129,14.037332,127
256,130,13.875861,126
256,131,12.690954,125
256,132,15.235471,124
256,133,18.928807,123
256,134,15.897968,122
256,135,10.881825,121
256,136,8.956811,120
256,137,18.8356,119
256,138,15.458496,118
256,139,16.172397,117
256,140,12.301797,116
256,141,6.15416800000001,115
256,142,4.773768,114
256,143,8.155246,113
256,144,4.563146,112
256,145,2.630943,111
256,146,11.545246,110
256,147,11.642725,109
256,148,7.239046,108
256,149,6.632378,107
256,150,10.839493,106
256,151,20.316175,105
256,152,21.986246,104
256,153,16.140561,103
256,154,9.921389,102
256,155,2.579054,101
256,156,2.19600399999999,100
256,157,4.079436,99
256,158,10.941668,98
256,159,18.892879,97
256,160,23.645043,96
256,161,15.04445,95
256,162,12.046682,94
256,163,7.42377100000001,93
256,164,11.242582,92
256,165,10.342293,91
256,166,4.11923600000001,90
256,167,5.563889,89
256,168,0.557725000000003,88
256,169,7.56053200000001,87
256,170,9.01066800000001,86
256,171,2.147157,85
256,172,7.071607,84
256,173,15.581936,83
256,174,20.04085,82
256,175,13.329157,81
256,176,10.504239,80
256,177,8.2783869,79
256,178,7.309972,78
256,179,13.516693,77
256,180,15.711239,76
256,181,7.933136,75
256,182,9.917332,74
256,183,11.354814,73
256,184,15.585768,72
256,185,13.3212116,71
256,186,14.959182,70
256,187,12.853143,69
256,188,13.663082,68
256,189,15.622125,67
256,190,10.839836,66
256,191,15.762339,65
256,192,28.353211,64
256,193,24.2743,63
256,194,13.167543,62
256,195,11.356321,61
256,196,5.871493,60
256,197,9.664396,59
256,198,16.858193,58
256,199,20.01365,57
256,200,22.339418,56
256,201,23.369529,55
256,202,38.797089,54
256,203,36.184468,53
256,204,30.819011,52
256,205,30.524839,51
256,206,21.0273119,50
256,207,17.930168,49
256,208,15.858103,48
256,209,22.909125,47
256,210,29.528328,46
256,211,20.538561,45
256,212,20.477903,44
256,213,15.959871,43
256,214,19.818632,42
256,215,11.874257,41
256,216,12.893282,40
256,217,10.825714,39
256,218,16.681882,38
256,219,20.759461,37
256,220,18.334207,36
256,221,18.709289,35
256,222,16.130768,34
256,223,8.735514,33
256,224,8.657461,32
256,225,11.01215,31
256,226,8.54064300000001,30
256,227,6.391,29
256,228,12.675625,28
256,229,9.592371,27
256,230,14.929668,26
256,231,4.61728200000001,25
256,232,9.317879,24
256,233,17.9613,23
256,234,14.246382,22
256,235,0.709203,21
256,236,11.528068,20
256,237,10.969943,19
256,238,12.3022305,18
256,239,20.465771,17
256,240,17.572035,16
256,241,1.868007,15
256,242,2.45283200000001,14
256,243,5.0525869,13
256,244,1.70558600000001,12
256,245,0.313725,11
256,246,7.364757,10
256,247,13.613671,9
256,248,8.063564,8
256,249,26.796413,7
256,250,11.8992244,6
256,251,10.642198,5
256,252,4.85867500000001,4
256,253,1.45206799999999,3
256,254,2.64349999999999,2
256,255,3.75729699999999,1
257,1,39.950468,256
257,2,46.417163,255
257,3,71.051853,254
257,4,62.685968,253
257,5,60.9577,252
257,6,64.2618816,251
257,7,62.804692,250
257,8,76.363668,249
257,9,89.6503,248
257,10,75.151589,247
257,11,68.341656,246
257,12,79.164959,245
257,13,80.36045,244
257,14,68.503434,243
257,15,57.443779,242
257,16,60.318361,241
257,17,69.309389,240
257,18,60.560225,239
257,19,52.019839,238
257,20,57.693968,237
257,21,82.818164,236
257,22,82.48745,235
257,23,84.522235,234
257,24,76.94649,233
257,25,61.368868,232
257,26,71.97385,231
257,27,64.662021,230
257,28,63.48545,229
257,29,63.685745,228
257,30,62.7389658,227
257,31,67.430264,226
257,32,66.499329,225
257,33,62.371986,224
257,34,74.753584,223
257,35,62.390837,222
257,36,57.993107,221
257,37,51.99285,220
257,38,56.6530439,219
257,39,77.33965,218
257,40,73.835663,217
257,41,75.263345,216
257,42,65.9449,215
257,43,61.508389,214
257,44,51.688111,213
257,45,51.073236,212
257,46,64.206858,211
257,47,52.265897,210
257,48,33.944168,209
257,49,23.778425,208
257,50,58.115321,207
257,51,56.183145,206
257,52,60.840332,205
257,53,68.031711,204
257,54,62.080979,203
257,55,56.230482,202
257,56,53.474863,201
257,57,52.997357,200
257,58,44.186134,199
257,59,42.217162,198
257,60,57.744525,197
257,61,55.440061,196
257,62,67.931468,195
257,63,58.098232,194
257,64,42.884407,193
257,65,50.888329,192
257,66,69.927334,191
257,67,51.80055,190
257,68,54.58475,189
257,69,42.521459,188
257,70,52.68489,187
257,71,48.755325,186
257,72,43.942718,185
257,73,46.270058,184
257,74,47.447903,183
257,75,41.395239,182
257,76,35.317743,181
257,77,19.252689,180
257,78,37.514339,179
257,79,47.880707,178
257,80,40.714111,177
257,81,31.85485,176
257,82,47.830537,175
257,83,58.534679,174
257,84,59.837675,173
257,85,58.231507,172
257,86,57.62315,171
257,87,58.407468,170
257,88,54.098432,169
257,89,49.806896,168
257,90,58.771932,167
257,91,57.641236,166
257,92,48.689132,165
257,93,38.219121,164
257,94,27.219807,163
257,95,49.073889,162
257,96,42.309921,161
257,97,29.314796,160
257,98,49.362514,159
257,99,45.098189,158
257,100,31.400161,157
257,101,19.783108,156
257,102,27.284693,155
257,103,37.024789,154
257,104,28.4159,153
257,105,31.706075,152
257,106,41.836236,151
257,107,36.305732,150
257,108,18.813211,149
257,109,21.271343,148
257,110,14.376075,147
257,111,36.534386,146
257,112,49.240707,145
257,113,30.766325,144
257,114,12.937175,143
257,115,9.06821099999999,142
257,116,15.58895,141
257,117,17.472,140
257,118,17.487386,139
257,119,24.290671,138
257,120,28.972775,137
257,121,30.887782,136
257,122,15.192368,135
257,123,18.472739,134
257,124,44.171132,133
257,125,36.329614,132
257,126,27.000832,131
257,127,17.6008,130
257,128,22.4034375,129
257,129,15.831,128
257,130,19.085993,127
257,131,17.901086,126
257,132,17.029139,125
257,133,20.722475,124
257,134,21.1081,123
257,135,14.594507,122
257,136,14.166943,121
257,137,20.629268,120
257,138,17.252164,119
257,139,21.382529,118
257,140,17.511929,117
257,141,11.3643,116
257,142,9.15256399999999,115
257,143,9.94891399999999,114
257,144,5.97911399999999,113
257,145,2.57918899999999,112
257,146,6.33511400000001,111
257,147,6.432593,110
257,148,6.38521399999999,109
257,149,4.82724599999999,108
257,150,9.045825,107
257,151,18.522507,106
257,152,16.776114,105
257,153,10.930429,104
257,154,11.715057,103
257,155,7.789186,102
257,156,3.431136,101
257,157,3.79836799999999,100
257,158,5.731536,99
257,159,17.099211,98
257,160,20.768789,97
257,161,13.250782,96
257,162,8.50485000000002,95
257,163,2.71386100000002,94
257,164,13.03625,93
257,165,12.135961,92
257,166,5.912904,91
257,167,7.35755699999999,90
257,168,5.603707,89
257,169,5.76686400000002,88
257,170,7.21700000000002,87
257,171,5.52537499999999,86
257,172,1.86147500000001,85
257,173,10.371804,84
257,174,14.830718,83
257,175,8.119025,82
257,176,5.294107,81
257,177,6.48471890000001,80
257,178,5.51630400000001,79
257,179,11.390839,78
257,180,10.501107,77
257,181,2.72300400000001,76
257,182,8.123664,75
257,183,9.56114600000001,74
257,184,10.375636,73
257,185,11.5275436,72
257,186,13.165514,71
257,187,9.976889,70
257,188,9.53835,69
257,189,10.411993,68
257,190,5.62970400000001,67
257,191,10.552207,66
257,192,23.143079,65
257,193,19.064168,64
257,194,10.793789,63
257,195,6.146189,62
257,196,1.420061,61
257,197,4.45426400000001,60
257,198,11.648061,59
257,199,14.803518,58
257,200,20.54575,57
257,201,21.575861,56
257,202,33.586957,55
257,203,34.3908,54
257,204,29.025343,53
257,205,25.314707,52
257,206,19.2336439,51
257,207,12.720036,50
257,208,10.647971,49
257,209,17.698993,48
257,210,24.318196,47
257,211,15.328429,46
257,212,15.601029,45
257,213,12.167861,44
257,214,14.6085,43
257,215,10.080589,42
257,216,7.68315000000001,41
257,217,5.61558200000001,40
257,218,11.47175,39
257,219,15.549329,38
257,220,13.124075,37
257,221,15.667143,36
257,222,10.920636,35
257,223,3.86091800000001,34
257,224,6.86379300000001,33
257,225,5.80201800000001,32
257,226,4.08411099999999,31
257,227,4.40076799999999,30
257,228,7.465493,29
257,229,7.54906100000001,28
257,230,9.71953600000001,27
257,231,2.82361400000001,26
257,232,7.52421100000001,25
257,233,12.751168,24
257,234,9.03625000000001,23
257,235,4.50092899999999,22
257,236,6.31793600000001,21
257,237,5.75981100000001,20
257,238,10.5085625,19
257,239,15.255639,18
257,240,12.361903,17
257,241,3.342125,16
257,242,7.662964,15
257,243,7.99261889999999,14
257,244,3.50561799999998,13
257,245,5.14765699999999,12
257,246,2.154625,11
257,247,8.40353900000001,10
257,248,3.22963199999999,9
257,249,28.590081,8
257,250,17.1093564,7
257,251,12.435866,6
257,252,10.068807,5
257,253,3.758064,4
257,254,6.151132,3
257,255,8.96742899999998,2
257,256,5.21013199999999,1
258,1,35.9238,257
258,2,31.504469,256
258,3,56.169979,255
258,4,58.6593,254
258,5,54.304632,253
258,6,60.2352136,252
258,7,58.58694,251
258,8,59.003464,250
258,9,71.708268,249
258,10,63.625343,248
258,11,64.314988,247
258,12,61.222927,246
258,13,62.418418,245
258,14,64.476766,244
258,15,53.417111,243
258,16,53.459871,242
258,17,61.702643,241
258,18,56.533557,240
258,19,42.496893,239
258,20,49.834364,238
258,21,64.876132,237
258,22,77.835002,236
258,23,69.869367,235
258,24,72.919822,234
258,25,57.3422,233
258,26,54.031818,232
258,27,60.635353,231
258,28,59.458782,230
258,29,59.659077,229
258,30,58.7122978,228
258,31,60.738068,227
258,32,62.472661,226
258,33,45.346246,225
258,34,56.811552,224
258,35,58.364169,223
258,36,53.966439,222
258,37,47.966182,221
258,38,52.6263759,220
258,39,59.397618,219
258,40,66.922769,218
258,41,63.915587,217
258,42,61.918232,216
258,43,52.648743,215
258,44,35.121321,214
258,45,33.131204,213
258,46,46.264826,212
258,47,36.917435,211
258,48,21.501764,210
258,49,6.67000700000001,209
258,50,40.173289,208
258,51,44.661187,207
258,52,42.8983,206
258,53,60.201721,205
258,54,58.054311,204
258,55,41.05555,203
258,56,35.532831,202
258,57,46.388375,201
258,58,40.159466,200
258,59,24.27513,199
258,60,47.135107,198
258,61,37.498029,197
258,62,56.071964,196
258,63,49.2414,195
258,64,27.525225,194
258,65,32.946297,193
258,66,51.985302,192
258,67,47.773882,191
258,68,43.476182,190
258,69,25.821473,189
258,70,39.858442,188
258,71,37.563007,187
258,72,26.073314,186
258,73,42.24339,185
258,74,41.142029,184
258,75,32.569093,183
258,76,25.625689,182
258,77,6.68794300000001,181
258,78,19.572307,180
258,79,38.437625,179
258,80,22.772079,178
258,81,19.995882,177
258,82,34.831095,176
258,83,44.258753,175
258,84,47.312057,174
258,85,48.540525,173
258,86,51.318482,172
258,87,48.363664,171
258,88,42.0725,170
258,89,45.031436,169
258,90,47.9989,168
258,91,41.365896,167
258,92,40.6631,166
258,93,32.194111,165
258,94,9.27777499999999,164
258,95,31.131857,163
258,96,25.451011,162
258,97,25.288128,161
258,98,37.337118,160
258,99,41.071521,159
258,100,27.373493,158
258,101,5.30487599999999,157
258,102,9.342661,156
258,103,21.833643,155
258,104,24.389232,154
258,105,19.763357,153
258,106,23.894204,152
258,107,18.3637,151
258,108,14.786543,150
258,109,17.244675,149
258,110,3.565957,148
258,111,18.592354,147
258,112,38.216425,146
258,113,18.240707,145
258,114,5.577257,144
258,115,8.873821,143
258,116,9.77051800000001,142
258,117,5.971268,141
258,118,7.12275400000001,140
258,119,10.513761,139
258,120,15.864257,138
258,121,26.861114,137
258,122,9.00106400000001,136
258,123,9.053107,135
258,124,26.2291,134
258,125,18.387582,133
258,126,14.8074,132
258,127,13.574132,131
258,128,18.3767695,130
258,129,10.638532,129
258,130,15.059325,128
258,131,13.874418,127
258,132,10.005293,126
258,133,15.030857,125
258,134,17.081432,124
258,135,10.567839,123
258,136,10.140275,122
258,137,2.68723599999999,121
258,138,8.643768,120
258,139,17.355861,119
258,140,13.485261,118
258,141,12.828832,117
258,142,11.374596,116
258,143,7.993118,115
258,144,11.962918,114
258,145,17.113821,113
258,146,19.943318,112
258,147,14.541839,111
258,148,11.556818,110
258,149,13.114786,109
258,150,26.987857,108
258,151,36.464539,107
258,152,29.386018,106
258,153,14.957097,105
258,154,6.22697500000001,104
258,155,16.070018,103
258,156,18.344368,102
258,157,20.2278,101
258,158,20.925496,100
258,159,35.041243,99
258,160,38.710821,98
258,161,31.192814,97
258,162,26.446882,96
258,163,20.655893,95
258,164,9.489118,94
258,165,5.806071,93
258,166,12.029128,92
258,167,10.584475,91
258,168,15.590639,90
258,169,23.708896,89
258,170,25.159032,88
258,171,14.001207,87
258,172,19.304357,86
258,173,27.648928,85
258,174,23.191214,84
258,175,18.727907,83
258,176,17.571825,82
258,177,24.4267509,81
258,178,23.458336,80
258,179,29.332871,79
258,180,15.777325,78
258,181,18.251428,77
258,182,26.065696,76
258,183,27.503178,75
258,184,20.068896,74
258,185,29.4695756,73
258,186,31.107546,72
258,187,27.918921,71
258,188,27.480382,70
258,189,20.604939,69
258,190,23.489728,68
258,191,26.327325,67
258,192,27.169747,66
258,193,32.590364,65
258,194,28.735821,64
258,195,14.257043,63
258,196,16.521971,62
258,197,16.896668,61
258,198,19.173871,60
258,199,26.246014,59
258,200,38.487782,58
258,201,39.517893,57
258,202,44.196375,56
258,203,52.332832,55
258,204,46.967375,54
258,205,43.006025,53
258,206,37.1756759,52
258,207,26.245696,51
258,208,26.424161,50
258,209,34.143039,49
258,210,41.343936,48
258,211,33.104703,47
258,212,33.543061,46
258,213,30.109893,45
258,214,27.384832,44
258,215,28.022621,43
258,216,21.625282,42
258,217,21.22655,41
258,218,21.246482,40
258,219,28.910303,39
258,220,27.732857,38
258,221,33.609175,37
258,222,24.446296,36
258,223,21.80295,35
258,224,24.805825,34
258,225,17.827414,33
258,226,13.857921,32
258,227,13.541264,31
258,228,16.157639,30
258,229,25.491093,29
258,230,18.829896,28
258,231,20.765646,27
258,232,25.466243,26
258,233,19.778364,25
258,234,13.062918,24
258,235,16.193061,23
258,236,12.761696,22
258,237,17.868421,21
258,238,28.4505945,20
258,239,19.282307,19
258,240,16.388571,18
258,241,15.601557,17
258,242,15.946196,16
258,243,21.2009509,15
258,244,17.85395,14
258,245,16.462089,13
258,246,17.681307,12
258,247,21.097193,11
258,248,14.7124,10
258,249,10.648049,9
258,250,13.0826884,8
258,251,5.506166,7
258,252,13.624639,6
258,253,16.018696,5
258,254,18.791864,4
258,255,19.478461,3
258,256,16.148364,2
258,257,17.942032,1
259,1,14.927879,258
259,2,21.812252,257
259,3,46.446942,256
259,4,37.663379,255
259,5,36.352789,254
259,6,39.2392926,253
259,7,38.199781,252
259,8,51.758757,251
259,9,65.045389,250
259,10,50.546678,249
259,11,43.319067,248
259,12,54.560048,247
259,13,55.755539,246
259,14,43.480845,245
259,15,32.42119,244
259,16,35.71345,243
259,17,44.704478,242
259,18,35.537636,241
259,19,27.414928,240
259,20,33.089057,239
259,21,58.213253,238
259,22,57.882539,237
259,23,59.917324,236
259,24,51.923901,235
259,25,36.346279,234
259,26,47.368939,233
259,27,39.639432,232
259,28,38.462861,231
259,29,38.663156,230
259,30,37.7163768,229
259,31,42.825353,228
259,32,41.47674,227
259,33,37.767075,226
259,34,50.148673,225
259,35,37.368248,224
259,36,32.970518,223
259,37,26.970261,222
259,38,31.6304549,221
259,39,52.734739,220
259,40,49.230752,219
259,41,50.658434,218
259,42,40.922311,217
259,43,36.903478,216
259,44,27.0832,215
259,45,26.468325,214
259,46,39.601947,213
259,47,27.660986,212
259,48,9.339257,211
259,49,14.325914,210
259,50,33.51041,209
259,51,31.578234,208
259,52,36.235421,207
259,53,43.4268,206
259,54,37.05839,205
259,55,31.625571,204
259,56,28.869952,203
259,57,28.392446,202
259,58,19.163545,201
259,59,17.612251,200
259,60,33.139614,199
259,61,30.83515,198
259,62,43.326557,197
259,63,33.493321,196
259,64,18.279496,195
259,65,26.283418,194
259,66,45.322423,193
259,67,26.777961,192
259,68,29.979839,191
259,69,17.916548,190
259,70,28.079979,189
259,71,24.150414,188
259,72,19.337807,187
259,73,21.247469,186
259,74,22.842992,185
259,75,16.790328,184
259,76,10.712832,183
259,77,14.307978,182
259,78,14.424428,181
259,79,23.275796,180
259,80,16.1092,179
259,81,7.249939,178
259,82,23.225626,177
259,83,33.929768,176
259,84,35.232764,175
259,85,33.626596,174
259,86,33.018239,173
259,87,33.802557,172
259,88,29.493521,171
259,89,25.201985,170
259,90,34.167021,169
259,91,33.036325,168
259,92,24.084221,167
259,93,13.61421,166
259,94,27.051096,165
259,95,24.468978,164
259,96,17.70501,163
259,97,4.29220699999999,162
259,98,24.757603,161
259,99,20.0756,160
259,100,6.37757200000001,159
259,101,26.300797,158
259,102,12.153482,157
259,103,12.419878,156
259,104,3.773411,155
259,105,7.101164,154
259,106,17.231325,153
259,107,11.700821,152
259,108,6.291922,151
259,109,4.583654,150
259,110,20.646264,149
259,111,11.929475,148
259,112,24.635796,147
259,113,6.16141400000001,146
259,114,15.418664,145
259,115,18.3708,144
259,116,30.766439,143
259,117,26.967189,142
259,118,28.118675,141
259,119,10.48216,140
259,120,5.13166400000001,139
259,121,5.865193,138
259,122,11.994857,137
259,123,30.049028,136
259,124,19.566221,135
259,125,11.724703,134
259,126,6.188521,133
259,127,7.92201099999999,132
259,128,14.6182485,131
259,129,10.357389,130
259,130,12.437204,129
259,131,12.955997,128
259,132,10.990628,127
259,133,5.965064,126
259,134,7.831711,125
259,135,11.929418,124
259,136,15.855454,123
259,137,19.140557,122
259,138,12.352153,121
259,139,11.14004,120
259,140,12.75944,119
259,141,19.491711,118
259,142,18.037475,117
259,143,23.990303,116
259,144,24.375603,115
259,145,23.7767,114
259,146,31.357703,113
259,147,31.455182,112
259,148,27.051503,111
259,149,26.444835,110
259,150,33.650736,109
259,151,43.127418,108
259,152,41.798703,107
259,153,35.953018,106
259,154,24.807546,105
259,155,22.732897,104
259,156,25.007247,103
259,157,26.890679,102
259,158,30.754125,101
259,159,41.704122,100
259,160,45.3737,99
259,161,37.855693,98
259,162,33.109761,97
259,163,27.318772,96
259,164,30.485039,95
259,165,26.55235,94
259,166,19.191693,93
259,167,22.913946,92
259,168,22.253518,91
259,169,30.371775,90
259,170,31.821911,89
259,171,20.664086,88
259,172,26.884064,87
259,173,35.394393,86
259,174,39.853307,85
259,175,33.141614,84
259,176,30.316696,83
259,177,31.0896299,82
259,178,30.121215,81
259,179,35.99575,80
259,180,35.523696,79
259,181,27.745593,78
259,182,32.728575,77
259,183,34.166057,76
259,184,35.398225,75
259,185,36.1324546,74
259,186,37.770425,73
259,187,34.5818,72
259,188,34.143261,71
259,189,35.434582,70
259,190,30.652293,69
259,191,35.574796,68
259,192,48.165668,67
259,193,44.086757,66
259,194,35.3987,65
259,195,31.168778,64
259,196,25.68395,63
259,197,29.476853,62
259,198,36.67065,61
259,199,39.826107,60
259,200,45.150661,59
259,201,46.180772,58
259,202,58.609546,57
259,203,58.995711,56
259,204,53.630254,55
259,205,50.337296,54
259,206,43.8385549,53
259,207,37.742625,52
259,208,35.67056,51
259,209,42.721582,50
259,210,49.340785,49
259,211,40.351018,48
259,212,40.29036,47
259,213,36.772772,46
259,214,39.631089,45
259,215,34.6855,44
259,216,32.705739,43
259,217,30.638171,42
259,218,36.494339,41
259,219,40.571918,40
259,220,38.146664,39
259,221,40.272054,38
259,222,35.943225,37
259,223,28.547971,36
259,224,31.468704,35
259,225,30.824607,34
259,226,28.3531,33
259,227,26.203457,32
259,228,32.488082,31
259,229,32.153972,30
259,230,34.742125,29
259,231,27.428525,28
259,232,32.129122,27
259,233,37.773757,26
259,234,34.058839,25
259,235,22.85594,24
259,236,31.340525,23
259,237,30.7824,22
259,238,35.1134735,21
259,239,40.278228,20
259,240,37.384492,19
259,241,22.264436,18
259,242,22.609075,17
259,243,27.8638299,16
259,244,24.516829,15
259,245,23.124968,14
259,246,27.177214,13
259,247,33.426128,12
259,248,27.876021,11
259,249,20.10267,10
259,250,16.9129674,9
259,251,15.996755,8
259,252,20.287518,7
259,253,22.681575,6
259,254,25.454743,5
259,255,26.14134,4
259,256,22.811243,3
259,257,25.022589,2
259,258,20.995921,1
260,1,19.191393,259
260,2,22.659838,258
260,3,47.294528,257
260,4,41.926893,256
260,5,37.572225,255
260,6,43.5028066,254
260,7,41.854533,253
260,8,52.606343,252
260,9,65.892975,251
260,10,51.394264,250
260,11,47.582581,249
260,12,55.407634,248
260,13,56.603125,247
260,14,47.744359,246
260,15,36.684704,245
260,16,36.727464,244
260,17,45.552064,243
260,18,39.80115,242
260,19,28.262514,241
260,20,33.936643,240
260,21,59.060839,239
260,22,61.102595,238
260,23,60.76491,237
260,24,56.187415,236
260,25,40.609793,235
260,26,48.216525,234
260,27,43.902946,233
260,28,42.726375,232
260,29,42.92667,231
260,30,41.9798908,230
260,31,44.005661,229
260,32,45.740254,228
260,33,38.614661,227
260,34,50.996259,226
260,35,41.631762,225
260,36,37.234032,224
260,37,31.233775,223
260,38,35.8939689,222
260,39,53.582325,221
260,40,50.190362,220
260,41,51.50602,219
260,42,45.185825,218
260,43,37.751064,217
260,44,27.930786,216
260,45,27.315911,215
260,46,40.449533,214
260,47,28.508572,213
260,48,10.186843,212
260,49,10.0624,211
260,50,34.357996,210
260,51,32.42582,209
260,52,37.083007,208
260,53,44.274386,207
260,54,41.321904,206
260,55,32.473157,205
260,56,29.717538,204
260,57,29.655968,203
260,58,23.427059,202
260,59,18.459837,201
260,60,33.9872,200
260,61,31.682736,199
260,62,44.174143,198
260,63,34.340907,197
260,64,19.127082,196
260,65,27.131004,195
260,66,46.170009,194
260,67,31.041475,193
260,68,30.827425,192
260,69,18.764134,191
260,70,28.927565,190
260,71,24.998,189
260,72,20.185393,188
260,73,25.510983,187
260,74,24.409622,186
260,75,17.637914,185
260,76,11.560418,184
260,77,10.044464,183
260,78,13.757014,182
260,79,24.123382,181
260,80,16.956786,180
260,81,8.097525,179
260,82,24.073212,178
260,83,34.777354,177
260,84,36.08035,176
260,85,34.474182,175
260,86,34.586075,174
260,87,34.650143,173
260,88,30.341107,172
260,89,28.299029,171
260,90,35.014607,170
260,91,33.883911,169
260,92,24.931807,168
260,93,15.461704,167
260,94,22.787582,166
260,95,25.316564,165
260,96,18.552596,164
260,97,8.55572099999999,163
260,98,25.605189,162
260,99,24.339114,161
260,100,10.641086,160
260,101,22.037283,159
260,102,7.889968,158
260,103,13.267464,157
260,104,7.656825,156
260,105,7.94875,155
260,106,18.078911,154
260,107,12.548407,153
260,108,5.444336,152
260,109,3.73606800000001,151
260,110,16.38275,150
260,111,12.777061,149
260,112,25.483382,148
260,113,7.009,147
260,114,11.15515,146
260,115,14.689114,145
260,116,26.502925,144
260,117,22.703675,143
260,118,23.855161,142
260,119,6.218646,141
260,120,5.21544999999999,140
260,121,10.128707,139
260,122,8.564957,138
260,123,25.785514,137
260,124,20.413807,136
260,125,12.572289,135
260,126,3.24350699999999,134
260,127,7.074425,133
260,128,13.7706625,132
260,129,7.926325,131
260,130,11.589618,130
260,131,12.108411,129
260,132,6.728186,128
260,133,3.03485,127
260,134,6.984125,126
260,135,11.081832,125
260,136,15.007868,124
260,137,14.877043,123
260,138,8.088639,122
260,139,10.292454,121
260,140,11.911854,120
260,141,18.644125,119
260,142,17.189889,118
260,143,19.726789,117
260,144,20.112089,116
260,145,22.929114,115
260,146,27.094189,114
260,147,27.191668,113
260,148,22.787989,112
260,149,22.181321,111
260,150,32.80315,110
260,151,42.279832,109
260,152,37.535189,108
260,153,31.689504,107
260,154,20.544032,106
260,155,21.885311,105
260,156,24.159661,104
260,157,26.043093,103
260,158,26.740789,102
260,159,40.856536,101
260,160,44.526114,100
260,161,37.008107,99
260,162,32.262175,98
260,163,26.471186,97
260,164,26.221525,96
260,165,22.288836,95
260,166,17.844421,94
260,167,18.650432,93
260,168,21.405932,92
260,169,29.524189,91
260,170,30.974325,90
260,171,19.8165,89
260,172,25.11965,88
260,173,33.464221,87
260,174,35.589793,86
260,175,28.8781,85
260,176,26.053182,84
260,177,30.2420439,83
260,178,29.273629,82
260,179,35.148164,81
260,180,31.260182,80
260,181,24.066721,79
260,182,31.880989,78
260,183,33.318471,77
260,184,31.134711,76
260,185,35.2848686,75
260,186,36.922839,74
260,187,33.734214,73
260,188,33.295675,72
260,189,31.171068,71
260,190,29.305021,70
260,191,32.142618,69
260,192,43.902154,68
260,193,39.823243,67
260,194,34.551114,66
260,195,26.905264,65
260,196,22.337264,64
260,197,25.213339,63
260,198,32.407136,62
260,199,35.562593,61
260,200,44.303075,60
260,201,45.333186,59
260,202,54.346032,58
260,203,58.148125,57
260,204,52.782668,56
260,205,48.821318,55
260,206,42.9909689,54
260,207,33.479111,53
260,208,32.239454,52
260,209,39.958332,51
260,210,47.159229,50
260,211,38.919996,49
260,212,39.358354,48
260,213,35.925186,47
260,214,35.367575,46
260,215,33.837914,45
260,216,28.442225,44
260,217,27.041843,43
260,218,32.230825,42
260,219,36.308404,41
260,220,33.88315,40
260,221,39.424468,39
260,222,31.679711,38
260,223,27.618243,37
260,224,30.621118,36
260,225,26.561093,35
260,226,24.089586,34
260,227,21.939943,33
260,228,28.224568,32
260,229,31.306386,31
260,230,30.478611,30
260,231,26.580939,29
260,232,31.281536,28
260,233,33.510243,27
260,234,29.795325,26
260,235,22.008354,25
260,236,27.077011,24
260,237,26.518886,23
260,238,34.2658875,22
260,239,36.014714,21
260,240,33.120978,20
260,241,21.41685,19
260,242,21.761489,18
260,243,27.0162439,17
260,244,23.669243,16
260,245,22.277382,15
260,246,23.4966,14
260,247,29.162614,13
260,248,23.612507,12
260,249,15.839156,11
260,250,16.0653814,10
260,251,11.733241,9
260,252,19.439932,8
260,253,21.833989,7
260,254,24.607157,6
260,255,25.293754,5
260,256,21.963657,4
260,257,23.757325,3
260,258,16.732407,2
260,259,4.263514,1
261,1,20.245279,260
261,2,25.213452,259
261,3,49.848142,258
261,4,42.980779,257
261,5,39.753989,256
261,6,44.5566926,255
261,7,42.908419,254
261,8,55.159957,253
261,9,68.446589,252
261,10,53.947878,251
261,11,48.636467,250
261,12,57.961248,249
261,13,59.156739,248
261,14,48.798245,247
261,15,37.73859,246
261,16,39.11465,245
261,17,48.105678,244
261,18,40.855036,243
261,19,30.816128,242
261,20,36.490257,241
261,21,61.614453,240
261,22,62.156481,239
261,23,63.318524,238
261,24,57.241301,237
261,25,41.663679,236
261,26,50.770139,235
261,27,44.956832,234
261,28,43.780261,233
261,29,43.980556,232
261,30,43.0337768,231
261,31,46.226553,230
261,32,46.79414,229
261,33,41.168275,228
261,34,53.549873,227
261,35,42.685648,226
261,36,38.287918,225
261,37,32.287661,224
261,38,36.9478549,223
261,39,56.135939,222
261,40,52.631952,221
261,41,54.059634,220
261,42,46.239711,219
261,43,40.304678,218
261,44,30.4844,217
261,45,29.869525,216
261,46,43.003147,215
261,47,31.062186,214
261,48,12.740457,213
261,49,9.008514,212
261,50,36.91161,211
261,51,34.979434,210
261,52,39.636621,209
261,53,46.828,208
261,54,42.37579,207
261,55,35.026771,206
261,56,32.271152,205
261,57,31.793646,204
261,58,24.480945,203
261,59,21.013451,202
261,60,36.540814,201
261,61,34.23635,200
261,62,46.727757,199
261,63,36.894521,198
261,64,21.680696,197
261,65,29.684618,196
261,66,48.723623,195
261,67,32.095361,194
261,68,33.381039,193
261,69,21.317748,192
261,70,31.481179,191
261,71,27.551614,190
261,72,22.739007,189
261,73,26.564869,188
261,74,26.244192,187
261,75,20.191528,186
261,76,14.114032,185
261,77,8.990578,184
261,78,16.310628,183
261,79,26.676996,182
261,80,19.5104,181
261,81,10.651139,180
261,82,26.626826,179
261,83,37.330968,178
261,84,38.633964,177
261,85,37.027796,176
261,86,36.419439,175
261,87,37.203757,174
261,88,32.894721,173
261,89,29.352915,172
261,90,37.568221,171
261,91,36.437525,170
261,92,27.485421,169
261,93,17.01541,168
261,94,21.733696,167
261,95,27.870178,166
261,96,21.10621,165
261,97,9.60960699999999,164
261,98,28.158803,163
261,99,25.393,162
261,100,11.694972,161
261,101,20.983397,160
261,102,6.836082,159
261,103,15.821078,158
261,104,8.710711,157
261,105,10.502364,156
261,106,20.632525,155
261,107,15.102021,154
261,108,2.890722,153
261,109,1.566154,152
261,110,15.328864,151
261,111,15.330675,150
261,112,28.036996,149
261,113,9.56261400000001,148
261,114,10.101264,147
261,115,13.0534,146
261,116,25.449039,145
261,117,21.649789,144
261,118,22.801275,143
261,119,5.16476,142
261,120,7.76906399999999,141
261,121,11.182593,140
261,122,6.677457,139
261,123,24.731628,138
261,124,22.967421,137
261,125,15.125903,136
261,126,5.79712099999999,135
261,127,4.52081099999999,134
261,128,11.2170485,133
261,129,5.372711,132
261,130,9.03600400000001,131
261,131,9.554797,130
261,132,5.673228,129
261,133,0.647664000000001,128
261,134,4.430511,127
261,135,8.528218,126
261,136,12.454254,125
261,137,13.823157,124
261,138,7.034753,123
261,139,7.73884000000001,122
261,140,9.35824000000001,121
261,141,16.090511,120
261,142,14.636275,119
261,143,18.672903,118
261,144,19.058203,117
261,145,20.3755,116
261,146,26.040303,115
261,147,26.137782,114
261,148,21.734103,113
261,149,21.127435,112
261,150,30.249536,111
261,151,39.726218,110
261,152,36.481303,109
261,153,30.635618,108
261,154,19.490146,107
261,155,19.331697,106
261,156,21.606047,105
261,157,23.489479,104
261,158,25.436725,103
261,159,38.302922,102
261,160,41.9725,101
261,161,34.454493,100
261,162,29.708561,99
261,163,23.917572,98
261,164,25.167639,97
261,165,21.23495,96
261,166,15.290807,95
261,167,17.596546,94
261,168,18.852318,93
261,169,26.970575,92
261,170,28.420711,91
261,171,17.262886,90
261,172,22.566036,89
261,173,30.910607,88
261,174,34.535907,87
261,175,27.824214,86
261,176,24.999296,85
261,177,27.6884299,84
261,178,26.720015,83
261,179,32.59455,82
261,180,30.206296,81
261,181,22.428193,80
261,182,29.327375,79
261,183,30.764857,78
261,184,30.080825,77
261,185,32.7312546,76
261,186,34.369225,75
261,187,31.1806,74
261,188,30.742061,73
261,189,30.117182,72
261,190,26.751407,71
261,191,30.257396,70
261,192,42.848268,69
261,193,38.769357,68
261,194,31.9975,67
261,195,25.851378,66
261,196,20.36655,65
261,197,24.159453,64
261,198,31.35325,63
261,199,34.508707,62
261,200,41.749461,61
261,201,42.779572,60
261,202,53.292146,59
261,203,55.594511,58
261,204,50.229054,57
261,205,46.267704,56
261,206,40.4373549,55
261,207,32.425225,54
261,208,30.35316,53
261,209,37.404718,52
261,210,44.605615,51
261,211,36.366382,50
261,212,36.80474,49
261,213,33.371572,48
261,214,34.313689,47
261,215,31.2843,46
261,216,27.388339,45
261,217,25.320771,44
261,218,31.176939,43
261,219,35.254518,42
261,220,32.829264,41
261,221,36.870854,40
261,222,30.625825,39
261,223,25.064629,38
261,224,28.067504,37
261,225,25.507207,36
261,226,23.0357,35
261,227,20.886057,34
261,228,27.170682,33
261,229,28.752772,32
261,230,29.424725,31
261,231,24.027325,30
261,232,28.727922,29
261,233,32.456357,28
261,234,28.741439,27
261,235,19.45474,26
261,236,26.023125,25
261,237,25.465,24
261,238,31.7122735,23
261,239,34.960828,22
261,240,32.067092,21
261,241,18.863236,20
261,242,19.207875,19
261,243,24.4626299,18
261,244,21.115629,17
261,245,19.723768,16
261,246,21.859814,15
261,247,28.108728,14
261,248,22.558621,13
261,249,14.78527,12
261,250,13.5117674,11
261,251,10.679355,10
261,252,16.886318,9
261,253,19.280375,8
261,254,22.053543,7
261,255,22.74014,6
261,256,19.410043,5
261,257,21.203711,4
261,258,15.678521,3
261,259,5.3174,2
261,260,2.553614,1
262,1,25.490668,261
262,2,32.875799,260
262,3,57.510489,259
262,4,48.206068,258
262,5,47.416336,257
262,6,48.6357456,256
262,7,49.263328,255
262,8,62.822304,254
262,9,76.108936,253
262,10,61.610225,252
262,11,52.71552,251
262,12,65.623595,250
262,13,66.819086,249
262,14,52.877298,248
262,15,42.651257,247
262,16,46.776997,246
262,17,55.768025,245
262,18,44.934089,244
262,19,38.478475,243
262,20,44.152604,242
262,21,69.2768,241
262,22,68.946086,240
262,23,70.980871,239
262,24,62.203146,238
262,25,45.742732,237
262,26,58.432486,236
262,27,49.035885,235
262,28,47.859314,234
262,29,48.059609,233
262,30,47.1128298,232
262,31,53.8889,231
262,32,50.873193,230
262,33,48.830622,229
262,34,61.21222,228
262,35,46.764701,227
262,36,43.618129,226
262,37,36.366714,225
262,38,41.0269079,224
262,39,63.798286,223
262,40,60.294299,222
262,41,61.721981,221
262,42,50.318764,220
262,43,47.967025,219
262,44,38.146747,218
262,45,37.531872,217
262,46,50.665494,216
262,47,38.724533,215
262,48,20.402804,214
262,49,10.237061,213
262,50,44.573957,212
262,51,42.641781,211
262,52,47.298968,210
262,53,54.490347,209
262,54,46.454843,208
262,55,42.689118,207
262,56,39.933499,206
262,57,39.455993,205
262,58,28.559998,204
262,59,28.675798,203
262,60,44.203161,202
262,61,41.898697,201
262,62,54.390104,200
262,63,44.556868,199
262,64,29.343043,198
262,65,37.346965,197
262,66,56.38597,196
262,67,36.174414,195
262,68,41.043386,194
262,69,28.980095,193
262,70,39.143526,192
262,71,35.213961,191
262,72,30.401354,190
262,73,30.643922,189
262,74,33.906539,188
262,75,27.853875,187
262,76,21.776379,186
262,77,5.71132500000001,185
262,78,23.972975,184
262,79,34.339343,183
262,80,27.172747,182
262,81,18.313486,181
262,82,34.289173,180
262,83,44.993315,179
262,84,46.296311,178
262,85,44.690143,177
262,86,44.081786,176
262,87,44.866104,175
262,88,40.557068,174
262,89,36.265532,173
262,90,45.230568,172
262,91,44.099872,171
262,92,35.147768,170
262,93,24.677757,169
262,94,17.654643,168
262,95,35.532525,167
262,96,28.768557,166
262,97,15.10504,165
262,98,35.82115,164
262,99,29.472053,163
262,100,15.774025,162
262,101,16.904344,161
262,102,13.743329,160
262,103,23.483425,159
262,104,12.789764,158
262,105,18.164711,157
262,106,28.294872,156
262,107,22.764368,155
262,108,4.771625,154
262,109,6.479893,153
262,110,11.249811,152
262,111,22.993022,151
262,112,35.699343,150
262,113,17.224961,149
262,114,6.022211,148
262,115,8.974347,147
262,116,21.369986,146
262,117,17.570736,145
262,118,18.722222,144
262,119,10.749307,143
262,120,15.431411,142
262,121,15.261646,141
262,122,2.598404,140
262,123,20.652575,139
262,124,30.629768,138
262,125,22.78825,137
262,126,13.459468,136
262,127,3.14153600000001,135
262,128,6.77730150000001,134
262,129,2.289636,133
262,130,3.459857,132
262,131,2.27495000000001,131
262,132,3.487775,130
262,133,7.181111,129
262,134,5.481964,128
262,135,1.031629,127
262,136,4.791907,126
262,137,9.74410400000001,125
262,138,3.7108,124
262,139,5.75639299999999,123
262,140,1.885793,122
262,141,8.428164,121
262,142,6.973928,120
262,143,14.59385,119
262,144,14.97915,118
262,145,13.046947,117
262,146,21.96125,116
262,147,22.058729,115
262,148,17.65505,114
262,149,17.048382,113
262,150,22.587189,112
262,151,32.063871,111
262,152,32.40225,110
262,153,26.556565,109
262,154,15.411093,108
262,155,11.66935,107
262,156,13.9437,106
262,157,15.827132,105
262,158,21.357672,104
262,159,30.640575,103
262,160,34.310153,102
262,161,26.792146,101
262,162,22.462686,100
262,163,17.839775,99
262,164,21.088586,98
262,165,17.155897,97
262,166,9.79524,96
262,167,13.517493,95
262,168,11.189971,94
262,169,19.308228,93
262,170,20.758364,92
262,171,10.100761,91
262,172,17.487611,90
262,173,25.99794,89
262,174,30.456854,88
262,175,23.745161,87
262,176,20.920243,86
262,177,20.0260829,85
262,178,19.057668,84
262,179,24.932203,83
262,180,26.127243,82
262,181,18.34914,81
262,182,21.665028,80
262,183,23.10251,79
262,184,26.001772,78
262,185,25.0689076,77
262,186,26.706878,76
262,187,23.518253,75
262,188,24.079086,74
262,189,26.038129,73
262,190,21.25584,72
262,191,26.178343,71
262,192,38.769215,70
262,193,34.690304,69
262,194,24.335153,68
262,195,21.772325,67
262,196,16.287497,66
262,197,20.0804,65
262,198,27.274197,64
262,199,30.429654,63
262,200,34.087114,62
262,201,35.117225,61
262,202,49.213093,60
262,203,47.932164,59
262,204,42.566707,58
262,205,40.940843,57
262,206,32.7750079,56
262,207,28.346172,55
262,208,26.274107,54
262,209,33.325129,53
262,210,39.944332,52
262,211,30.954565,51
262,212,30.893907,50
262,213,26.375875,49
262,214,30.234636,48
262,215,23.621953,47
262,216,23.309286,46
262,217,21.241718,45
262,218,27.097886,44
262,219,31.175465,43
262,220,28.750211,42
262,221,29.208507,41
262,222,26.546772,40
262,223,19.151518,39
262,224,20.405157,38
262,225,21.428154,37
262,226,18.956647,36
262,227,16.807004,35
262,228,23.091629,34
262,229,21.090425,33
262,230,25.345672,32
262,231,16.364978,31
262,232,21.065575,30
262,233,28.377304,29
262,234,24.662386,28
262,235,11.792393,27
262,236,21.944072,26
262,237,21.385947,25
262,238,24.0499265,24
262,239,30.881775,23
262,240,27.988039,22
262,241,12.284011,21
262,242,11.545528,20
262,243,16.8002829,19
262,244,13.453282,18
262,245,12.061421,17
262,246,17.780761,16
262,247,24.029675,15
262,248,18.479568,14
262,249,15.048717,13
262,250,5.84942039999999,12
262,251,6.600302,11
262,252,9.22397099999999,10
262,253,11.868072,9
262,254,14.391196,8
262,255,15.077793,7
262,256,11.747696,6
262,257,15.626136,5
262,258,11.599468,4
262,259,11.063547,3
262,260,10.215961,2
262,261,7.662347,1
263,1,26.996764,262
263,2,34.381895,261
263,3,59.016585,260
263,4,49.712164,259
263,5,48.922432,258
263,6,47.8922496,257
263,7,50.769424,256
263,8,64.3284,255
263,9,77.615032,254
263,10,63.116321,253
263,11,51.972024,252
263,12,67.129691,251
263,13,68.325182,250
263,14,52.133802,249
263,15,44.157353,248
263,16,48.283093,247
263,17,57.274121,246
263,18,45.774607,245
263,19,39.984571,244
263,20,45.6587,243
263,21,70.782896,242
263,22,70.452182,241
263,23,72.486967,240
263,24,63.709242,239
263,25,44.999236,238
263,26,59.938582,237
263,27,48.292389,236
263,28,47.115818,235
263,29,48.711187,234
263,30,46.3693338,233
263,31,55.394996,232
263,32,50.129697,231
263,33,50.336718,230
263,34,62.718316,229
263,35,46.021205,228
263,36,45.124225,227
263,37,36.540582,226
263,38,40.2834119,225
263,39,65.304382,224
263,40,61.800395,223
263,41,63.228077,222
263,42,49.575268,221
263,43,49.473121,220
263,44,39.652843,219
263,45,39.037968,218
263,46,52.17159,217
263,47,40.230629,216
263,48,21.9089,215
263,49,11.743157,214
263,50,46.080053,213
263,51,44.147877,212
263,52,48.805064,211
263,53,55.996443,210
263,54,45.711347,209
263,55,44.195214,208
263,56,41.439595,207
263,57,40.962089,206
263,58,27.816502,205
263,59,30.181894,204
263,60,45.709257,203
263,61,43.404793,202
263,62,55.8962,201
263,63,46.062964,200
263,64,30.849139,199
263,65,38.853061,198
263,66,57.892066,197
263,67,35.430918,196
263,68,42.549482,195
263,69,30.486191,194
263,70,40.649622,193
263,71,36.720057,192
263,72,31.90745,191
263,73,30.164674,190
263,74,35.412635,189
263,75,29.359971,188
263,76,23.282475,187
263,77,7.21742100000001,186
263,78,25.479071,185
263,79,35.845439,184
263,80,28.678843,183
263,81,19.819582,182
263,82,35.795269,181
263,83,46.499411,180
263,84,47.802407,179
263,85,46.196239,178
263,86,45.587882,177
263,87,46.3722,176
263,88,42.063164,175
263,89,37.771628,174
263,90,46.736664,173
263,91,45.605968,172
263,92,36.653864,171
263,93,26.183853,170
263,94,18.398139,169
263,95,37.038621,168
263,96,30.274653,167
263,97,16.611136,166
263,98,37.327246,165
263,99,28.728557,164
263,100,16.613471,163
263,101,17.64784,162
263,102,15.249425,161
263,103,24.989521,160
263,104,12.046268,159
263,105,19.670807,158
263,106,29.800968,157
263,107,24.270464,156
263,108,6.27772100000001,155
263,109,7.98598900000001,154
263,110,11.993307,153
263,111,24.499118,152
263,112,37.205439,151
263,113,18.731057,150
263,114,6.76570699999999,149
263,115,9.717843,148
263,116,22.113482,147
263,117,18.314232,146
263,118,19.465718,145
263,119,12.255403,144
263,120,16.937507,143
263,121,14.51815,142
263,122,3.34189999999999,141
263,123,21.396071,140
263,124,32.135864,139
263,125,24.294346,138
263,126,14.965564,137
263,127,4.64763200000002,136
263,128,6.03380550000001,135
263,129,3.79573200000001,134
263,130,2.71636100000001,133
263,131,1.53145400000001,132
263,132,4.99387100000001,131
263,133,8.68720700000001,130
263,134,4.73846800000001,129
263,135,1.775125,128
263,136,3.28581099999999,127
263,137,10.4876,126
263,138,5.21689600000001,125
263,139,5.012897,124
263,140,1.142297,123
263,141,6.92206799999999,122
263,142,7.217068,121
263,143,15.337346,120
263,144,15.722646,119
263,145,13.790443,118
263,146,22.704746,117
263,147,22.802225,116
263,148,18.398546,115
263,149,17.791878,114
263,150,21.081093,113
263,151,30.557775,112
263,152,33.145746,111
263,153,27.300061,110
263,154,16.154589,109
263,155,10.163254,108
263,156,12.938496,107
263,157,14.321036,106
263,158,22.101168,105
263,159,29.384121,104
263,160,34.804543,103
263,161,26.03645,102
263,162,23.206182,101
263,163,18.583271,100
263,164,21.832082,99
263,165,17.899393,98
263,166,10.538736,97
263,167,14.260989,96
263,168,10.765925,95
263,169,17.802132,94
263,170,19.252268,93
263,171,10.844257,92
263,172,18.231107,91
263,173,26.741436,90
263,174,31.20035,89
263,175,24.488657,88
263,176,21.663739,87
263,177,18.5199869,86
263,178,17.551572,85
263,179,24.676193,84
263,180,26.870739,83
263,181,19.092636,82
263,182,20.158932,81
263,183,21.596414,80
263,184,26.745268,79
263,185,23.5628116,78
263,186,25.200782,77
263,187,24.012643,76
263,188,24.822582,75
263,189,26.781625,74
263,190,21.999336,73
263,191,26.921839,72
263,192,39.512711,71
263,193,35.4338,70
263,194,24.327043,69
263,195,22.515821,68
263,196,17.030993,67
263,197,20.823896,66
263,198,28.017693,65
263,199,31.17315,64
263,200,32.581018,63
263,201,33.611129,62
263,202,49.956589,61
263,203,46.426068,60
263,204,41.060611,59
263,205,41.684339,58
263,206,31.2689119,57
263,207,29.089668,56
263,208,27.017603,55
263,209,34.068625,54
263,210,40.687828,53
263,211,31.698061,52
263,212,31.637403,51
263,213,27.119371,50
263,214,30.978132,49
263,215,22.200143,48
263,216,24.052782,47
263,217,21.985214,46
263,218,27.841382,45
263,219,31.918961,44
263,220,29.493707,43
263,221,29.868789,42
263,222,27.290268,41
263,223,19.895014,40
263,224,18.899061,39
263,225,22.17165,38
263,226,19.700143,37
263,227,17.5505,36
263,228,23.835125,35
263,229,20.751871,34
263,230,26.089168,33
263,231,15.442318,32
263,232,19.559479,31
263,233,29.1208,30
263,234,25.405882,29
263,235,11.868703,28
263,236,22.687568,27
263,237,22.129443,26
263,238,22.5438305,25
263,239,31.625271,24
263,240,28.731535,23
263,241,13.027507,22
263,242,10.039432,21
263,243,15.2941869,20
263,244,12.864014,19
263,245,11.221975,18
263,246,18.524257,17
263,247,24.773171,16
263,248,19.223064,15
263,249,16.554813,14
263,250,4.34332439999999,13
263,251,7.34379799999999,12
263,252,7.71787499999999,11
263,253,12.611568,10
263,254,12.8851,9
263,255,13.571697,8
263,256,11.1595,7
263,257,16.369632,6
263,258,12.342964,5
263,259,12.569643,4
263,260,11.722057,3
263,261,9.16844300000001,2
263,262,1.50609600000001,1
264,1,32.3270006,263
264,2,39.7121316,262
264,3,64.3468216,261
264,4,55.0424006,260
264,5,54.2526686,259
264,6,48.056813,258
264,7,56.0996606,257
264,8,69.6586366,256
264,9,82.9452686,255
264,10,68.4465576,254
264,11,55.5841126,253
264,12,72.4599276,252
264,13,73.6554186,251
264,14,56.3376346,250
264,15,49.4875896,249
264,16,53.6133296,248
264,17,62.6043576,247
264,18,51.1048436,246
264,19,45.3148076,245
264,20,50.9889366,244
264,21,76.1131326,243
264,22,75.7824186,242
264,23,77.8172036,241
264,24,69.0394786,240
264,25,49.6383006,239
264,26,65.2688186,238
264,27,50.7929476,237
264,28,50.8844186,236
264,29,54.0414236,235
264,30,46.5338972,234
264,31,60.7252326,233
264,32,50.2942604,232
264,33,55.6669546,231
264,34,68.0485526,230
264,35,50.3980316,229
264,36,50.4544616,228
264,37,41.8708186,227
264,38,40.4479753,226
264,39,70.6346186,225
264,40,67.1306316,224
264,41,68.5583136,223
264,42,51.3673686,222
264,43,54.8033576,221
264,44,44.9830796,220
264,45,44.3682046,219
264,46,57.5018266,218
264,47,45.5608656,217
264,48,27.2391366,216
264,49,17.0733936,215
264,50,51.4102896,214
264,51,49.4781136,213
264,52,54.1353006,212
264,53,61.3266796,211
264,54,45.8759104,210
264,55,49.5254506,209
264,56,46.7698316,208
264,57,46.2923256,207
264,58,31.8461346,206
264,59,35.5121306,205
264,60,51.0394936,204
264,61,48.7350296,203
264,62,61.2264366,202
264,63,51.3932006,201
264,64,36.1793756,200
264,65,44.1832976,199
264,66,63.2223026,198
264,67,38.8444186,197
264,68,47.8797186,196
264,69,35.8164276,195
264,70,45.9798586,194
264,71,42.0502936,193
264,72,37.2376866,192
264,73,35.4949106,191
264,74,40.7428716,190
264,75,34.6902076,189
264,76,28.6127116,188
264,77,12.5476576,187
264,78,30.8093076,186
264,79,41.1756756,185
264,80,34.0090796,184
264,81,25.1498186,183
264,82,41.1255056,182
264,83,51.8296476,181
264,84,53.1326436,180
264,85,51.5264756,179
264,86,50.9181186,178
264,87,51.7024366,177
264,88,47.3934006,176
264,89,43.1018646,175
264,90,52.0669006,174
264,91,50.9362046,173
264,92,41.9841006,172
264,93,31.5140896,171
264,94,20.5147756,170
264,95,42.3688576,169
264,96,35.6048896,168
264,97,21.9413726,167
264,98,42.6574826,166
264,99,33.8080796,165
264,100,21.9437076,164
264,101,17.4832766,163
264,102,20.5796616,162
264,103,30.3197576,161
264,104,14.1264686,160
264,105,25.0010436,159
264,106,35.1312046,158
264,107,29.6007006,157
264,108,11.6079576,156
264,109,13.3162256,155
264,110,11.8287436,154
264,111,29.8293546,153
264,112,42.5356756,152
264,113,24.0612936,151
264,114,6.60114359999999,150
264,115,9.55327959999999,149
264,116,21.9489186,148
264,117,18.1496686,147
264,118,19.3011546,146
264,119,17.5856396,145
264,120,22.2677436,144
264,121,16.0159866,143
264,122,8.48733660000002,142
264,123,21.2315076,141
264,124,37.4661006,140
264,125,29.6245826,139
264,126,20.2958006,138
264,127,9.97786860000002,137
264,128,6.19836890000002,136
264,129,9.12596860000001,135
264,130,5.46267560000001,134
264,131,4.94388260000002,133
264,132,10.3241076,132
264,133,14.0174436,131
264,134,10.0681686,130
264,135,5.97046160000001,129
264,136,2.04442560000001,128
264,137,13.9242366,127
264,138,10.5471326,126
264,139,6.7598396,125
264,140,5.14043960000001,124
264,141,4.84076859999999,123
264,142,7.05250459999999,122
264,143,15.1727826,121
264,144,15.5580826,120
264,145,13.6258796,119
264,146,22.5401826,118
264,147,22.6376616,117
264,148,18.2339826,116
264,149,17.6273146,115
264,150,20.4168436,114
264,151,27.2274616,113
264,152,32.9811826,112
264,153,27.1354976,111
264,154,15.9900256,110
264,155,8.41588259999999,109
264,156,12.7739326,108
264,157,12.4067006,107
264,158,21.9366046,106
264,159,29.2195576,105
264,160,34.6399796,104
264,161,25.8718866,103
264,162,23.0416186,102
264,163,18.4187076,101
264,164,21.6675186,100
264,165,17.7348296,99
264,166,10.3741726,98
264,167,14.0964256,97
264,168,10.6013616,96
264,169,15.5544046,95
264,170,14.6718686,94
264,171,10.6796936,93
264,172,18.0665436,92
264,173,26.5768726,91
264,174,31.0357866,90
264,175,24.3240936,89
264,176,21.4991756,88
264,177,13.1897503,87
264,178,13.7199646,86
264,179,24.5116296,85
264,180,26.7061756,84
264,181,18.9280726,83
264,182,15.6600046,82
264,183,18.7663226,81
264,184,26.5807046,80
264,185,18.232575,79
264,186,23.8709546,78
264,187,23.8480796,77
264,188,24.6580186,76
264,189,26.6170616,75
264,190,21.8347726,74
264,191,26.7572756,73
264,192,39.3481476,72
264,193,35.2692366,71
264,194,24.1624796,70
264,195,22.3512576,69
264,196,16.8664296,68
264,197,20.6593326,67
264,198,27.8531296,66
264,199,31.0085866,65
264,200,31.8330186,64
264,201,30.6142076,63
264,202,49.7920256,62
264,203,46.0130686,61
264,204,40.3958256,60
264,205,41.5197756,59
264,206,25.9386753,58
264,207,28.9251046,57
264,208,26.8530396,56
264,209,33.9040616,55
264,210,40.5232646,54
264,211,31.5334976,53
264,212,31.4728396,52
264,213,26.9548076,51
264,214,30.8135686,50
264,215,22.0355796,49
264,216,23.8882186,48
264,217,21.8206506,47
264,218,27.6768186,46
264,219,31.7543976,45
264,220,29.3291436,44
264,221,29.7042256,43
264,222,27.1257046,42
264,223,19.7304506,41
264,224,17.4838756,40
264,225,22.0070866,39
264,226,19.5355796,38
264,227,17.3859366,37
264,228,23.6705616,36
264,229,20.5873076,35
264,230,25.9246046,34
264,231,15.2777546,33
264,232,15.3096576,32
264,233,28.9562366,31
264,234,25.2413186,30
264,235,11.7041396,29
264,236,22.5230046,28
264,237,21.9648796,27
264,238,17.2135939,26
264,239,31.4607076,25
264,240,28.5669716,24
264,241,12.8629436,23
264,242,8.54210459999999,22
264,243,9.9639503,21
264,244,12.6994506,20
264,245,11.0574116,19
264,246,18.3596936,18
264,247,24.6086076,17
264,248,19.0585006,16
264,249,21.8850496,15
264,250,0.986912200000014,14
264,251,7.17923459999999,13
264,252,6.13626159999999,12
264,253,12.4470046,11
264,254,10.0539366,10
264,255,8.2414604,9
264,256,10.9949366,8
264,257,16.2050686,7
264,258,12.1784006,6
264,259,17.8998796,5
264,260,17.0522936,4
264,261,14.4986796,3
264,262,6.83633260000001,2
264,263,5.3302366,1
265,1,30.866207,264
265,2,38.251338,263
265,3,62.886028,262
265,4,53.581607,261
265,5,52.791875,260
265,6,50.8466066,259
265,7,54.638867,258
265,8,68.197843,257
265,9,81.484475,256
265,10,66.985764,255
265,11,54.926381,254
265,12,70.999134,253
265,13,72.194625,252
265,14,55.088159,251
265,15,48.026796,250
265,16,52.152536,249
265,17,61.143564,248
265,18,49.64405,247
265,19,43.854014,246
265,20,49.528143,245
265,21,74.652339,244
265,22,74.321625,243
265,23,76.35641,242
265,24,67.578685,241
265,25,48.177507,240
265,26,63.808025,239
265,27,51.246746,238
265,28,50.070175,237
265,29,52.58063,236
265,30,49.3236908,235
265,31,59.264439,234
265,32,53.084054,233
265,33,54.206161,232
265,34,66.587759,231
265,35,48.975562,230
265,36,48.993668,229
265,37,40.410025,228
265,38,43.2377689,227
265,39,69.173825,226
265,40,65.669838,225
265,41,67.09752,224
265,42,52.529625,223
265,43,53.342564,222
265,44,43.522286,221
265,45,42.907411,220
265,46,56.041033,219
265,47,44.100072,218
265,48,25.778343,217
265,49,15.6126,216
265,50,49.949496,215
265,51,48.01732,214
265,52,52.674507,213
265,53,59.865886,212
265,54,48.665704,211
265,55,48.064657,210
265,56,45.309038,209
265,57,44.831532,208
265,58,30.770859,207
265,59,34.051337,206
265,60,49.5787,205
265,61,47.274236,204
265,62,59.765643,203
265,63,49.932407,202
265,64,34.718582,201
265,65,42.722504,200
265,66,61.761509,199
265,67,38.385275,198
265,68,46.418925,197
265,69,34.355634,196
265,70,44.519065,195
265,71,40.5895,194
265,72,35.776893,193
265,73,34.034117,192
265,74,39.282078,191
265,75,33.229414,190
265,76,27.151918,189
265,77,11.086864,188
265,78,29.348514,187
265,79,39.714882,186
265,80,32.548286,185
265,81,23.689025,184
265,82,39.664712,183
265,83,50.368854,182
265,84,51.67185,181
265,85,50.065682,180
265,86,49.457325,179
265,87,50.241643,178
265,88,45.932607,177
265,89,41.641071,176
265,90,50.606107,175
265,91,49.475411,174
265,92,40.523307,173
265,93,30.053296,172
265,94,19.053982,171
265,95,40.908064,170
265,96,34.144096,169
265,97,20.480579,168
265,98,41.196689,167
265,99,32.347286,166
265,100,20.482914,165
265,101,14.693483,164
265,102,19.118868,163
265,103,28.858964,162
265,104,15.000625,161
265,105,23.54025,160
265,106,33.670411,159
265,107,28.139907,158
265,108,10.147164,157
265,109,11.855432,156
265,110,9.03895,155
265,111,28.368561,154
265,112,41.074882,153
265,113,22.6005,152
265,114,4.77135,151
265,115,6.76348600000001,150
265,116,19.159125,149
265,117,15.359875,148
265,118,16.511361,147
265,119,16.124846,146
265,120,20.80695,145
265,121,17.472507,144
265,122,7.026543,143
265,123,18.441714,142
265,124,36.005307,141
265,125,28.163789,140
265,126,18.835007,139
265,127,8.517075,138
265,128,8.9881625,137
265,129,7.665175,136
265,130,5.67071799999999,135
265,131,4.485811,134
265,132,8.863314,133
265,133,12.55665,132
265,134,8.607375,131
265,135,4.509668,130
265,136,0.751667999999993,129
265,137,12.463443,128
265,138,9.086339,127
265,139,7.96725399999999,126
265,140,4.09665399999999,125
265,141,3.052625,124
265,142,4.26271100000001,123
265,143,12.382989,122
265,144,12.768289,121
265,145,10.836086,120
265,146,19.750389,119
265,147,19.847868,118
265,148,15.444189,117
265,149,14.837521,116
265,150,17.62705,115
265,151,26.688332,114
265,152,30.191389,113
265,153,24.345704,112
265,154,13.200232,111
265,155,6.293811,110
265,156,9.984139,109
265,157,10.451593,108
265,158,19.146811,107
265,159,26.429764,106
265,160,31.850186,105
265,161,23.082093,104
265,162,20.251825,103
265,163,15.628914,102
265,164,18.877725,101
265,165,14.945036,100
265,166,7.584379,99
265,167,11.306632,98
265,168,7.811568,97
265,169,13.932689,96
265,170,15.382825,95
265,171,7.88990000000001,94
265,172,15.27675,93
265,173,23.787079,92
265,174,28.245993,91
265,175,21.5343,90
265,176,18.709382,89
265,177,14.6505439,88
265,178,13.682129,87
265,179,21.721836,86
265,180,23.916382,85
265,181,16.138279,84
265,182,16.289489,83
265,183,17.726971,82
265,184,23.790911,81
265,185,19.6933686,80
265,186,21.331339,79
265,187,21.058286,78
265,188,21.868225,77
265,189,23.827268,76
265,190,19.044979,75
265,191,23.967482,74
265,192,36.558354,73
265,193,32.479443,72
265,194,21.372686,71
265,195,19.561464,70
265,196,14.076636,69
265,197,17.869539,68
265,198,25.063336,67
265,199,28.218793,66
265,200,29.043225,65
265,201,29.741686,64
265,202,47.002232,63
265,203,43.223275,62
265,204,37.606032,61
265,205,38.729982,60
265,206,27.3994689,59
265,207,26.135311,58
265,208,24.063246,57
265,209,31.114268,56
265,210,37.733471,55
265,211,28.743704,54
265,212,28.683046,53
265,213,24.165014,52
265,214,28.023775,51
265,215,19.245786,50
265,216,21.098425,49
265,217,19.030857,48
265,218,24.887025,47
265,219,28.964604,46
265,220,26.53935,45
265,221,26.914432,44
265,222,24.335911,43
265,223,16.940657,42
265,224,15.029618,41
265,225,19.217293,40
265,226,16.745786,39
265,227,14.596143,38
265,228,20.880768,37
265,229,17.797514,36
265,230,23.134811,35
265,231,12.487961,34
265,232,15.690036,33
265,233,26.166443,32
265,234,22.451525,31
265,235,8.91434600000001,30
265,236,19.733211,29
265,237,19.175086,28
265,238,18.6743875,27
265,239,28.670914,26
265,240,25.777178,25
265,241,10.07315,24
265,242,6.169989,23
265,243,11.4247439,22
265,244,9.90965700000002,21
265,245,8.26761800000001,20
265,246,15.5699,19
265,247,21.818814,18
265,248,16.268707,17
265,249,20.424256,16
265,250,3.6940814,15
265,251,4.389441,14
265,252,3.848432,13
265,253,9.657211,12
265,254,9.015657,11
265,255,9.70225400000001,10
265,256,8.20514300000001,9
265,257,13.415275,8
265,258,9.776207,7
265,259,16.439086,6
265,260,15.5915,5
265,261,13.037886,4
265,262,5.37553899999999,3
265,263,3.86944299999999,2
265,264,2.78979359999999,1
266,1,29.2743131,265
266,2,36.6594441,264
266,3,61.2941341,263
266,4,51.9897131,262
266,5,51.1999811,261
266,6,44.0876995,260
266,7,53.0469731,259
266,8,66.6059491,258
266,9,79.8925811,257
266,10,65.3938701,256
266,11,52.5314251,255
266,12,69.4072401,254
266,13,70.6027311,253
266,14,53.2849471,252
266,15,46.4349021,251
266,16,50.5606421,250
266,17,59.5516701,249
266,18,48.0521561,248
266,19,42.2621201,247
266,20,47.9362491,246
266,21,73.0604451,245
266,22,72.7297311,244
266,23,74.7645161,243
266,24,65.9867911,242
266,25,46.5856131,241
266,26,62.2161311,240
266,27,47.7402601,239
266,28,47.8317311,238
266,29,50.9887361,237
266,30,41.0641847,236
266,31,57.6725451,235
266,32,44.8245479,234
266,33,52.6142671,233
266,34,64.9958651,232
266,35,47.3453441,231
266,36,47.4017741,230
266,37,38.8181311,229
266,38,34.9782628,228
266,39,67.5819311,227
266,40,64.0779441,226
266,41,65.5056261,225
266,42,48.3146811,224
266,43,51.7506701,223
266,44,41.9303921,222
266,45,41.3155171,221
266,46,54.4491391,220
266,47,42.5081781,219
266,48,24.1864491,218
266,49,14.0207061,217
266,50,48.3576021,216
266,51,46.4254261,215
266,52,51.0826131,214
266,53,58.2739921,213
266,54,42.5162021,212
266,55,46.4727631,211
266,56,43.7171441,210
266,57,43.2396381,209
266,58,28.7934471,208
266,59,32.4594431,207
266,60,47.9868061,206
266,61,45.6823421,205
266,62,58.1737491,204
266,63,48.3405131,203
266,64,33.1266881,202
266,65,41.1306101,201
266,66,60.1696151,200
266,67,35.7917311,199
266,68,44.8270311,198
266,69,32.7637401,197
266,70,42.9271711,196
266,71,38.9976061,195
266,72,34.1849991,194
266,73,32.4422231,193
266,74,37.6901841,192
266,75,31.6375201,191
266,76,25.5600241,190
266,77,10.9601701,189
266,78,27.7566201,188
266,79,38.1229881,187
266,80,30.9563921,186
266,81,22.0971311,185
266,82,38.0728181,184
266,83,48.7769601,183
266,84,50.0799561,182
266,85,48.4737881,181
266,86,47.8654311,180
266,87,48.6497491,179
266,88,44.3407131,178
266,89,40.0491771,177
266,90,49.0142131,176
266,91,47.8835171,175
266,92,38.9314131,174
266,93,28.4614021,173
266,94,23.7032881,172
266,95,39.3161701,171
266,96,32.5522021,170
266,97,18.8886851,169
266,98,39.6047951,168
266,99,30.7553921,167
266,100,18.8910201,166
266,101,22.9529891,165
266,102,17.5269741,164
266,103,27.2670701,163
266,104,11.0737811,162
266,105,21.9483561,161
266,106,32.0785171,160
266,107,26.5480131,159
266,108,8.55527009999999,158
266,109,10.2635381,157
266,110,17.2984561,156
266,111,26.7766671,155
266,112,39.4829881,154
266,113,21.0086061,153
266,114,12.0708561,152
266,115,15.0229921,151
266,116,27.4186311,150
266,117,23.6193811,149
266,118,24.7708671,148
266,119,14.5329521,147
266,120,19.2150561,146
266,121,12.9632991,145
266,122,8.64704910000001,144
266,123,26.7012201,143
266,124,34.4134131,142
266,125,26.5718951,141
266,126,17.2431131,140
266,127,6.92518109999999,139
266,128,0.728656399999993,138
266,129,7.00958110000001,137
266,130,2.58878810000001,136
266,131,3.77369510000001,135
266,132,7.64282010000001,134
266,133,10.9647561,133
266,134,7.01548109999999,132
266,135,7.08027410000002,131
266,136,7.50783810000002,130
266,137,15.7927491,129
266,138,9.00434510000002,128
266,139,3.70715209999998,127
266,140,4.16285210000002,126
266,141,10.3104811,125
266,142,12.5222171,124
266,143,20.6424951,123
266,144,21.0277951,122
266,145,19.0955921,121
266,146,28.0098951,120
266,147,28.1073741,119
266,148,23.7036951,118
266,149,23.0970271,117
266,150,25.8865561,116
266,151,32.6971741,115
266,152,38.4508951,114
266,153,32.6052101,113
266,154,21.4597381,112
266,155,13.8855951,111
266,156,18.2436451,110
266,157,17.8764131,109
266,158,27.4063171,108
266,159,34.6892701,107
266,160,40.1096921,106
266,161,31.3415991,105
266,162,28.5113311,104
266,163,23.8884201,103
266,164,27.1372311,102
266,165,23.2045421,101
266,166,15.8438851,100
266,167,19.5661381,99
266,168,16.0710741,98
266,169,21.0241171,97
266,170,20.1415811,96
266,171,16.1494061,95
266,172,23.5362561,94
266,173,32.0465851,93
266,174,36.5054991,92
266,175,29.7938061,91
266,176,26.9688881,90
266,177,18.4087622,89
266,178,19.1896771,88
266,179,29.9813421,87
266,180,32.1758881,86
266,181,24.3977851,85
266,182,21.1297171,84
266,183,24.2360351,83
266,184,32.0504171,82
266,185,21.7023375,81
266,186,29.3406671,80
266,187,29.3177921,79
266,188,30.1277311,78
266,189,32.0867741,77
266,190,27.3044851,76
266,191,32.2269881,75
266,192,44.8178601,74
266,193,40.7389491,73
266,194,29.6321921,72
266,195,27.8209701,71
266,196,22.3361421,70
266,197,26.1290451,69
266,198,33.3228421,68
266,199,36.4782991,67
266,200,37.3027311,66
266,201,36.0839201,65
266,202,55.2617381,64
266,203,51.4827811,63
266,204,45.8655381,62
266,205,46.9894881,61
266,206,30.6585372,60
266,207,34.3948171,59
266,208,32.3227521,58
266,209,39.3737741,57
266,210,45.9929771,56
266,211,37.0032101,55
266,212,36.9425521,54
266,213,32.4245201,53
266,214,36.2832811,52
266,215,27.5052921,51
266,216,29.3579311,50
266,217,27.2903631,49
266,218,33.1465311,48
266,219,37.2241101,47
266,220,34.7988561,46
266,221,35.1739381,45
266,222,32.5954171,44
266,223,25.2001631,43
266,224,22.9535881,42
266,225,27.4767991,41
266,226,25.0052921,40
266,227,22.8556491,39
266,228,29.1402741,38
266,229,26.0570201,37
266,230,31.3943171,36
266,231,20.7474671,35
266,232,20.7793701,34
266,233,34.4259491,33
266,234,30.7110311,32
266,235,17.1738521,31
266,236,27.9927171,30
266,237,27.4345921,29
266,238,21.0161186,28
266,239,36.9304201,27
266,240,34.0366841,26
266,241,18.3326561,25
266,242,14.0118171,24
266,243,13.6821622,23
266,244,18.1691631,22
266,245,16.5271241,21
266,246,23.8294061,20
266,247,30.0783201,19
266,248,24.5282131,18
266,249,18.8323621,17
266,250,4.56542470000001,16
266,251,12.6489471,15
266,252,11.6059741,14
266,253,17.9167171,13
266,254,15.5236491,12
266,255,12.7073521,11
266,256,16.4646491,10
266,257,21.6747811,9
266,258,17.6481131,8
266,259,14.8471921,7
266,260,13.9996061,6
266,261,11.4459921,5
266,262,6.04864510000001,4
266,263,5.30514910000002,3
266,264,5.46971250000002,2
266,265,8.25950610000001,1
267,1,35.6162509,266
267,2,43.0013819,265
267,3,67.6360719,264
267,4,58.3316509,263
267,5,57.5419189,262
267,6,50.4296373,261
267,7,59.3889109,260
267,8,72.9478869,259
267,9,86.2345189,258
267,10,71.7358079,257
267,11,58.8733629,256
267,12,75.7491779,255
267,13,76.9446689,254
267,14,59.6268849,253
267,15,52.7768399,252
267,16,56.9025799,251
267,17,65.8936079,250
267,18,54.3940939,249
267,19,48.6040579,248
267,20,54.2781869,247
267,21,79.4023829,246
267,22,79.0716689,245
267,23,81.1064539,244
267,24,72.3287289,243
267,25,52.9275509,242
267,26,68.5580689,241
267,27,54.0821979,240
267,28,54.1736689,239
267,29,57.3306739,238
267,30,47.4083469,237
267,31,64.0144829,236
267,32,51.1687101,235
267,33,58.9562049,234
267,34,71.3378029,233
267,35,53.6872819,232
267,36,53.7437119,231
267,37,45.1600689,230
267,38,41.322425,229
267,39,73.9238689,228
267,40,70.4198819,227
267,41,71.8475639,226
267,42,54.6566189,225
267,43,58.0926079,224
267,44,48.2723299,223
267,45,47.6574549,222
267,46,60.7910769,221
267,47,48.8501159,220
267,48,30.5283869,219
267,49,20.3626439,218
267,50,54.6995399,217
267,51,52.7673639,216
267,52,57.4245509,215
267,53,64.6159299,214
267,54,48.8581399,213
267,55,52.8147009,212
267,56,50.0590819,211
267,57,49.5815759,210
267,58,35.1353849,209
267,59,38.8013809,208
267,60,54.3287439,207
267,61,52.0242799,206
267,62,64.5156869,205
267,63,54.6824509,204
267,64,39.4686259,203
267,65,47.4725479,202
267,66,66.5115529,201
267,67,42.1336689,200
267,68,51.1689689,199
267,69,39.1056779,198
267,70,49.2691089,197
267,71,45.3395439,196
267,72,40.5269369,195
267,73,38.7841609,194
267,74,44.0321219,193
267,75,37.9794579,192
267,76,31.9019619,191
267,77,15.8369079,190
267,78,34.0985579,189
267,79,44.4649259,188
267,80,37.2983299,187
267,81,28.4390689,186
267,82,44.4147559,185
267,83,55.1188979,184
267,84,56.4218939,183
267,85,54.8157259,182
267,86,54.2073689,181
267,87,54.9916869,180
267,88,50.6826509,179
267,89,46.3911149,178
267,90,55.3561509,177
267,91,54.2254549,176
267,92,45.2733509,175
267,93,34.8033399,174
267,94,23.8040259,173
267,95,45.6581079,172
267,96,38.8941399,171
267,97,25.2306229,170
267,98,45.9467329,169
267,99,37.0973299,168
267,100,25.2329579,167
267,101,16.6088269,166
267,102,23.8689119,165
267,103,33.6090079,164
267,104,17.4157189,163
267,105,28.2902939,162
267,106,38.4204549,161
267,107,32.8899509,160
267,108,14.8972079,159
267,109,16.6054759,158
267,110,10.9602939,157
267,111,33.1186049,156
267,112,45.8249259,155
267,113,27.3505439,154
267,114,9.52139390000001,153
267,115,8.6788299,152
267,116,21.0744689,151
267,117,17.2752189,150
267,118,18.4267049,149
267,119,20.8748899,148
267,120,25.5569939,147
267,121,19.3052369,146
267,122,11.7765869,145
267,123,20.3570579,144
267,124,40.7553509,143
267,125,32.9138329,142
267,126,23.5850509,141
267,127,13.2671189,140
267,128,7.07281860000001,139
267,129,12.4152189,138
267,130,8.7519259,137
267,131,8.23313290000001,136
267,132,13.6133579,135
267,133,17.3066939,134
267,134,13.3574189,133
267,135,9.2597119,132
267,136,5.3336759,131
267,137,17.2134869,130
267,138,13.8363829,129
267,139,10.0490899,128
267,140,8.4296899,127
267,141,3.96631889999999,126
267,142,6.1780549,125
267,143,14.2983329,124
267,144,14.6836329,123
267,145,12.7514299,122
267,146,21.6657329,121
267,147,21.7632119,120
267,148,17.3595329,119
267,149,16.7528649,118
267,150,19.5423939,117
267,151,26.3530119,116
267,152,32.1067329,115
267,153,26.2610479,114
267,154,15.1155759,113
267,155,7.5414329,112
267,156,11.8994829,111
267,157,11.5322509,110
267,158,21.0621549,109
267,159,28.3451079,108
267,160,33.7655299,107
267,161,24.9974369,106
267,162,22.1671689,105
267,163,17.5442579,104
267,164,20.7930689,103
267,165,16.8603799,102
267,166,9.49972289999999,101
267,167,13.2219759,100
267,168,9.72691189999999,99
267,169,14.6799549,98
267,170,13.7974189,97
267,171,9.8052439,96
267,172,17.1920939,95
267,173,25.7024229,94
267,174,30.1613369,93
267,175,23.4496439,92
267,176,20.6247259,91
267,177,12.0646,90
267,178,12.8455149,89
267,179,23.6371799,88
267,180,25.8317259,87
267,181,18.0536229,86
267,182,14.7855549,85
267,183,17.8918729,84
267,184,25.7062549,83
267,185,15.3581753,82
267,186,22.9965049,81
267,187,22.9736299,80
267,188,23.7835689,79
267,189,25.7426119,78
267,190,20.9603229,77
267,191,25.8828259,76
267,192,38.4736979,75
267,193,34.3947869,74
267,194,23.2880299,73
267,195,21.4768079,72
267,196,15.9919799,71
267,197,19.7848829,70
267,198,26.9786799,69
267,199,30.1341369,68
267,200,30.9585689,67
267,201,29.7397579,66
267,202,48.9175759,65
267,203,45.1386189,64
267,204,39.5213759,63
267,205,40.6453259,62
267,206,24.314375,61
267,207,28.0506549,60
267,208,25.9785899,59
267,209,33.0296119,58
267,210,39.6488149,57
267,211,30.6590479,56
267,212,30.5983899,55
267,213,26.0803579,54
267,214,29.9391189,53
267,215,21.1611299,52
267,216,23.0137689,51
267,217,20.9462009,50
267,218,26.8023689,49
267,219,30.8799479,48
267,220,28.4546939,47
267,221,28.8297759,46
267,222,26.2512549,45
267,223,18.8560009,44
267,224,16.6094259,43
267,225,21.1326369,42
267,226,18.6611299,41
267,227,16.5114869,40
267,228,22.7961119,39
267,229,19.7128579,38
267,230,25.0501549,37
267,231,14.4033049,36
267,232,14.4352079,35
267,233,28.0817869,34
267,234,24.3668689,33
267,235,10.8296899,32
267,236,21.6485549,31
267,237,21.0904299,30
267,238,14.6719564,29
267,239,30.5862579,28
267,240,27.6925219,27
267,241,11.9884939,26
267,242,7.66765489999999,25
267,243,7.338,24
267,244,11.8250009,23
267,245,10.1829619,22
267,246,17.4852439,21
267,247,23.7341579,20
267,248,18.1840509,19
267,249,25.1742999,18
267,250,4.27616250000001,17
267,251,9.02008490000001,16
267,252,5.26181189999999,15
267,253,11.5725549,14
267,254,9.1794869,13
267,255,6.36318990000001,12
267,256,10.1204869,11
267,257,15.3306189,10
267,258,14.5262509,9
267,259,21.1891299,8
267,260,20.3415439,7
267,261,17.7879299,6
267,262,10.1255829,5
267,263,8.61948689999999,4
267,264,3.28925029999999,3
267,265,4.75004390000001,2
267,266,6.34416220000002,1
268,1,38.7262756,267
268,2,46.1114066,266
268,3,70.7460966,265
268,4,61.4416756,264
268,5,60.6519436,263
268,6,53.539662,262
268,7,62.4989356,261
268,8,76.0579116,260
268,9,89.3445436,259
268,10,74.8458326,258
268,11,61.9833876,257
268,12,78.8592026,256
268,13,80.0546936,255
268,14,62.7369096,254
268,15,55.8868646,253
268,16,60.0126046,252
268,17,69.0036326,251
268,18,57.5041186,250
268,19,51.7140826,249
268,20,57.3882116,248
268,21,82.5124076,247
268,22,82.1816936,246
268,23,84.2164786,245
268,24,75.4387536,244
268,25,56.0375756,243
268,26,71.6680936,242
268,27,57.1922226,241
268,28,57.2836936,240
268,29,60.4406986,239
268,30,49.9286778,238
268,31,67.1245076,237
268,32,50.9059146,236
268,33,62.0662296,235
268,34,74.4478276,234
268,35,56.7973066,233
268,36,56.8537366,232
268,37,48.2700936,231
268,38,40.6799003,230
268,39,77.0338936,229
268,40,73.5299066,228
268,41,74.9575886,227
268,42,57.7666436,226
268,43,61.2026326,225
268,44,51.3823546,224
268,45,50.7674796,223
268,46,63.9011016,222
268,47,51.9601406,221
268,48,33.6384116,220
268,49,23.4726686,219
268,50,57.8095646,218
268,51,55.8773886,217
268,52,60.5345756,216
268,53,67.7259546,215
268,54,51.9681646,214
268,55,55.9247256,213
268,56,53.1691066,212
268,57,52.6916006,211
268,58,38.2454096,210
268,59,41.9114056,209
268,60,57.4387686,208
268,61,55.1343046,207
268,62,67.6257116,206
268,63,57.7924756,205
268,64,42.5786506,204
268,65,50.5825726,203
268,66,69.6215776,202
268,67,45.2436936,201
268,68,54.2789936,200
268,69,42.2157026,199
268,70,52.3791336,198
268,71,48.4495686,197
268,72,43.6369616,196
268,73,41.8941856,195
268,74,47.1421466,194
268,75,41.0894826,193
268,76,35.0119866,192
268,77,18.9469326,191
268,78,37.2085826,190
268,79,47.5749506,189
268,80,40.4083546,188
268,81,31.5490936,187
268,82,47.5247806,186
268,83,58.2289226,185
268,84,59.5319186,184
268,85,57.9257506,183
268,86,57.3173936,182
268,87,58.1017116,181
268,88,53.7926756,180
268,89,49.5011396,179
268,90,58.4661756,178
268,91,57.3354796,177
268,92,48.3833756,176
268,93,37.9133646,175
268,94,26.9140506,174
268,95,48.7681326,173
268,96,42.0041646,172
268,97,28.3406476,171
268,98,49.0567576,170
268,99,40.2073546,169
268,100,28.3429826,168
268,101,19.4773516,167
268,102,26.9789366,166
268,103,36.7190326,165
268,104,20.5257436,164
268,105,31.4003186,163
268,106,41.5304796,162
268,107,35.9999756,161
268,108,18.0072326,160
268,109,19.7155006,159
268,110,14.0703186,158
268,111,36.2286296,157
268,112,48.9349506,156
268,113,30.4605686,155
268,114,12.6314186,154
268,115,9.32135460000001,153
268,116,21.7169936,152
268,117,17.9177436,151
268,118,19.0692296,150
268,119,23.9849146,149
268,120,28.6670186,148
268,121,22.4152616,147
268,122,14.8866116,146
268,123,20.9995826,145
268,124,43.8653756,144
268,125,36.0238576,143
268,126,26.6950756,142
268,127,16.3771436,141
268,128,9.68090609999999,140
268,129,15.5252436,139
268,130,11.8619506,138
268,131,11.3431576,137
268,132,16.7233826,136
268,133,20.4167186,135
268,134,16.4674436,134
268,135,12.3697366,133
268,136,8.44370059999999,132
268,137,20.3235116,131
268,138,16.9464076,130
268,139,13.1591146,129
268,140,11.5397146,128
268,141,4.80744359999999,127
268,142,6.82057960000002,126
268,143,14.9408576,125
268,144,15.3261576,124
268,145,13.3939546,123
268,146,22.3082576,122
268,147,22.4057366,121
268,148,18.0020576,120
268,149,17.3953896,119
268,150,20.1849186,118
268,151,26.9955366,117
268,152,32.7492576,116
268,153,26.9035726,115
268,154,15.7581006,114
268,155,8.18395760000001,113
268,156,12.5420076,112
268,157,12.1747756,111
268,158,21.7046796,110
268,159,28.9876326,109
268,160,34.4080546,108
268,161,25.6399616,107
268,162,22.8096936,106
268,163,18.1867826,105
268,164,21.4355936,104
268,165,17.5029046,103
268,166,10.1422476,102
268,167,13.8645006,101
268,168,10.3694366,100
268,169,15.3224796,99
268,170,14.4399436,98
268,171,10.4477686,97
268,172,17.8346186,96
268,173,26.3449476,95
268,174,30.8038616,94
268,175,24.0921686,93
268,176,21.2672506,92
268,177,12.7071247,91
268,178,13.4880396,90
268,179,24.2797046,89
268,180,26.4742506,88
268,181,18.6961476,87
268,182,15.4280796,86
268,183,18.5343976,85
268,184,26.3487796,84
268,185,16.0007,83
268,186,23.6390296,82
268,187,23.6161546,81
268,188,24.4260936,80
268,189,26.3851366,79
268,190,21.6028476,78
268,191,26.5253506,77
268,192,39.1162226,76
268,193,35.0373116,75
268,194,23.9305546,74
268,195,22.1193326,73
268,196,16.6345046,72
268,197,20.4274076,71
268,198,27.6212046,70
268,199,30.7766616,69
268,200,31.6010936,68
268,201,30.3822826,67
268,202,49.5601006,66
268,203,45.7811436,65
268,204,40.1639006,64
268,205,41.2878506,63
268,206,24.9568997,62
268,207,28.6931796,61
268,208,26.6211146,60
268,209,33.6721366,59
268,210,40.2913396,58
268,211,31.3015726,57
268,212,31.2409146,56
268,213,26.7228826,55
268,214,30.5816436,54
268,215,21.8036546,53
268,216,23.6562936,52
268,217,21.5887256,51
268,218,27.4448936,50
268,219,31.5224726,49
268,220,29.0972186,48
268,221,29.4723006,47
268,222,26.8937796,46
268,223,19.4985256,45
268,224,17.2519506,44
268,225,21.7751616,43
268,226,19.3036546,42
268,227,17.1540116,41
268,228,23.4386366,40
268,229,20.3553826,39
268,230,25.6926796,38
268,231,15.0458296,37
268,232,15.0777326,36
268,233,28.7243116,35
268,234,25.0093936,34
268,235,11.4722146,33
268,236,22.2910796,32
268,237,21.7329546,31
268,238,15.3144811,30
268,239,31.2287826,29
268,240,28.3350466,28
268,241,12.6310186,27
268,242,8.31017960000001,26
268,243,7.98052470000002,25
268,244,12.4675256,24
268,245,10.8254866,23
268,246,18.1277686,22
268,247,24.3766826,21
268,248,18.8265756,20
268,249,28.2843246,19
268,250,7.38618719999999,18
268,251,12.1301096,17
268,252,5.90433660000001,16
268,253,12.2150796,15
268,254,9.82201160000001,14
268,255,7.00571460000002,13
268,256,10.7630116,12
268,257,15.9731436,11
268,258,17.6362756,10
268,259,24.2991546,9
268,260,23.4515686,8
268,261,20.8979546,7
268,262,13.2356076,6
268,263,11.7295116,5
268,264,6.39927499999998,4
268,265,7.86006859999999,3
268,266,9.4519625,2
268,267,3.11002469999999,1
269,1,37.145532,268
269,2,44.530663,267
269,3,69.165353,266
269,4,59.860932,265
269,5,59.0712,264
269,6,54.7909816,263
269,7,60.918192,262
269,8,74.477168,261
269,9,87.7638,260
269,10,73.265089,259
269,11,60.402644,258
269,12,77.278459,257
269,13,78.47395,256
269,14,61.156166,255
269,15,54.306121,254
269,16,58.431861,253
269,17,67.422889,252
269,18,55.923375,251
269,19,50.133339,250
269,20,55.807468,249
269,21,80.931664,248
269,22,80.60095,247
269,23,82.635735,246
269,24,73.85801,245
269,25,54.456832,244
269,26,70.08735,243
269,27,55.611479,242
269,28,55.70295,241
269,29,58.859955,240
269,30,53.2680658,239
269,31,65.543764,238
269,32,57.028429,237
269,33,60.485486,236
269,34,72.867084,235
269,35,55.216563,234
269,36,55.272993,233
269,37,46.68935,232
269,38,47.1821439,231
269,39,75.45315,230
269,40,71.949163,229
269,41,73.376845,228
269,42,56.474,227
269,43,59.621889,226
269,44,49.801611,225
269,45,49.186736,224
269,46,62.320358,223
269,47,50.379397,222
269,48,32.057668,221
269,49,21.891925,220
269,50,56.228821,219
269,51,54.296645,218
269,52,58.953832,217
269,53,66.145211,216
269,54,52.610079,215
269,55,54.343982,214
269,56,51.588363,213
269,57,51.110857,212
269,58,36.664666,211
269,59,40.330662,210
269,60,55.858025,209
269,61,53.553561,208
269,62,66.044968,207
269,63,56.211732,206
269,64,40.997907,205
269,65,49.001829,204
269,66,68.040834,203
269,67,43.66295,202
269,68,52.69825,201
269,69,40.634959,200
269,70,50.79839,199
269,71,46.868825,198
269,72,42.056218,197
269,73,40.313442,196
269,74,45.561403,195
269,75,39.508739,194
269,76,33.431243,193
269,77,17.366189,192
269,78,35.627839,191
269,79,45.994207,190
269,80,38.827611,189
269,81,29.96835,188
269,82,45.944037,187
269,83,56.648179,186
269,84,57.951175,185
269,85,56.345007,184
269,86,55.73665,183
269,87,56.520968,182
269,88,52.211932,181
269,89,47.920396,180
269,90,56.885432,179
269,91,55.754736,178
269,92,46.802632,177
269,93,36.332621,176
269,94,25.333307,175
269,95,47.187389,174
269,96,40.423421,173
269,97,26.759904,172
269,98,47.476014,171
269,99,38.626611,170
269,100,26.762239,169
269,101,17.896608,168
269,102,25.398193,167
269,103,35.138289,166
269,104,18.945,165
269,105,29.819575,164
269,106,39.949736,163
269,107,34.419232,162
269,108,16.426489,161
269,109,18.134757,160
269,110,12.489575,159
269,111,34.647886,158
269,112,47.354207,157
269,113,28.879825,156
269,114,11.050675,155
269,115,7.18171099999999,154
269,116,15.21475,153
269,117,15.5855,152
269,118,15.600886,151
269,119,22.404171,150
269,120,27.086275,149
269,121,21.416882,148
269,122,13.305868,147
269,123,16.586239,146
269,124,42.284632,145
269,125,34.443114,144
269,126,25.114332,143
269,127,14.7964,142
269,128,12.9325375,141
269,129,13.9445,140
269,130,10.281207,139
269,131,9.762414,138
269,132,15.142639,137
269,133,18.835975,136
269,134,14.8867,135
269,135,10.788993,134
269,136,6.86295699999999,133
269,137,18.742768,132
269,138,15.365664,131
269,139,11.911629,130
269,140,9.95897099999999,129
269,141,3.2267,128
269,142,4.68093599999999,127
269,143,8.43861400000001,126
269,144,8.82391400000001,125
269,145,6.89171100000001,124
269,146,15.806014,123
269,147,15.903493,122
269,148,11.499814,121
269,149,10.893146,120
269,150,13.682675,119
269,151,20.493293,118
269,152,26.247014,117
269,153,20.401329,116
269,154,9.82855699999999,115
269,155,1.68171400000001,114
269,156,6.03976400000001,113
269,157,5.67253200000001,112
269,158,15.202436,111
269,159,22.485389,110
269,160,27.905811,109
269,161,19.137718,108
269,162,16.30745,107
269,163,11.684539,106
269,164,14.93335,105
269,165,11.000661,104
269,166,4.026404,103
269,167,7.36225700000001,102
269,168,3.867193,101
269,169,8.82023600000002,100
269,170,9.10350000000002,99
269,171,3.94552500000001,98
269,172,11.332375,97
269,173,19.842704,96
269,174,24.301618,95
269,175,17.589925,94
269,176,14.765007,93
269,177,8.37121890000001,92
269,178,7.40280400000001,91
269,179,17.777461,90
269,180,19.972007,89
269,181,12.193904,88
269,182,10.010164,87
269,183,12.032154,86
269,184,19.846536,85
269,185,13.4140436,84
269,186,17.136786,83
269,187,17.113911,82
269,188,17.92385,81
269,189,19.882893,80
269,190,15.100604,79
269,191,20.023107,78
269,192,32.613979,77
269,193,28.535068,76
269,194,17.428311,75
269,195,15.617089,74
269,196,10.132261,73
269,197,13.925164,72
269,198,21.118961,71
269,199,24.274418,70
269,200,25.09885,69
269,201,23.880039,68
269,202,43.057857,67
269,203,39.2789,66
269,204,33.661657,65
269,205,34.785607,64
269,206,21.1201439,63
269,207,22.190936,62
269,208,20.118871,61
269,209,27.169893,60
269,210,33.789096,59
269,211,24.799329,58
269,212,24.738671,57
269,213,20.220639,56
269,214,24.0794,55
269,215,15.301411,54
269,216,17.15405,53
269,217,15.086482,52
269,218,20.94265,51
269,219,25.020229,50
269,220,22.594975,49
269,221,22.970057,48
269,222,20.391536,47
269,223,12.996282,46
269,224,10.749707,45
269,225,15.272918,44
269,226,12.801411,43
269,227,10.651768,42
269,228,16.936393,41
269,229,13.853139,40
269,230,19.190436,39
269,231,8.54358600000001,38
269,232,9.41071100000002,37
269,233,22.222068,36
269,234,18.50715,35
269,235,4.96997100000001,34
269,236,15.788836,33
269,237,15.230711,32
269,238,12.3950625,31
269,239,24.726539,30
269,240,21.832803,29
269,241,6.12877500000001,28
269,242,1.807936,27
269,243,5.14541890000001,26
269,244,5.96528200000002,25
269,245,4.32324300000001,24
269,246,11.625525,23
269,247,17.874439,22
269,248,12.324332,21
269,249,26.703581,20
269,250,7.6384564,19
269,251,10.549366,18
269,252,2.430893,17
269,253,5.712836,16
269,254,3.319768,15
269,255,3.42292900000002,14
269,256,4.26076800000001,13
269,257,9.4709,12
269,258,16.055532,11
269,259,22.718411,10
269,260,21.870825,9
269,261,19.317211,8
269,262,11.654864,7
269,263,10.148768,6
269,264,6.73416859999998,5
269,265,6.279325,4
269,266,12.2038811,3
269,267,5.85971889999999,2
269,268,6.5022436,1
270,1,34.467425,269
270,2,41.852556,268
270,3,66.487246,267
270,4,57.182825,266
270,5,56.393093,265
270,6,53.1139886,264
270,7,58.240085,263
270,8,71.799061,262
270,9,85.085693,261
270,10,70.586982,260
270,11,57.724537,259
270,12,74.600352,258
270,13,75.795843,257
270,14,58.478059,256
270,15,51.628014,255
270,16,55.753754,254
270,17,64.744782,253
270,18,53.245268,252
270,19,47.455232,251
270,20,53.129361,250
270,21,78.253557,249
270,22,77.922843,248
270,23,79.957628,247
270,24,71.179903,246
270,25,51.778725,245
270,26,67.409243,244
270,27,53.514128,243
270,28,53.024843,242
270,29,56.181848,241
270,30,51.5910728,240
270,31,62.865657,239
270,32,55.351436,238
270,33,57.807379,237
270,34,70.188977,236
270,35,52.538456,235
270,36,52.594886,234
270,37,44.011243,233
270,38,45.5051509,232
270,39,72.775043,231
270,40,69.271056,230
270,41,70.698738,229
270,42,54.797007,228
270,43,56.943782,227
270,44,47.123504,226
270,45,46.508629,225
270,46,59.642251,224
270,47,47.70129,223
270,48,29.379561,222
270,49,19.213818,221
270,50,53.550714,220
270,51,51.618538,219
270,52,56.275725,218
270,53,63.467104,217
270,54,50.933086,216
270,55,51.665875,215
270,56,48.910256,214
270,57,48.43275,213
270,58,33.986559,212
270,59,37.652555,211
270,60,53.179918,210
270,61,50.875454,209
270,62,63.366861,208
270,63,53.533625,207
270,64,38.3198,206
270,65,46.323722,205
270,66,65.362727,204
270,67,40.984843,203
270,68,50.020143,202
270,69,37.956852,201
270,70,48.120283,200
270,71,44.190718,199
270,72,39.378111,198
270,73,37.635335,197
270,74,42.883296,196
270,75,36.830632,195
270,76,30.753136,194
270,77,14.688082,193
270,78,32.949732,192
270,79,43.3161,191
270,80,36.149504,190
270,81,27.290243,189
270,82,43.26593,188
270,83,53.970072,187
270,84,55.273068,186
270,85,53.6669,185
270,86,53.058543,184
270,87,53.842861,183
270,88,49.533825,182
270,89,45.242289,181
270,90,54.207325,180
270,91,53.076629,179
270,92,44.124525,178
270,93,33.654514,177
270,94,22.6552,176
270,95,44.509282,175
270,96,37.745314,174
270,97,24.081797,173
270,98,44.797907,172
270,99,35.948504,171
270,100,24.084132,170
270,101,15.218501,169
270,102,22.720086,168
270,103,32.460182,167
270,104,17.268007,166
270,105,27.141468,165
270,106,37.271629,164
270,107,31.741125,163
270,108,13.748382,162
270,109,15.45665,161
270,110,9.81146799999999,160
270,111,31.969779,159
270,112,44.6761,158
270,113,26.201718,157
270,114,8.37256799999999,156
270,115,4.50360399999999,155
270,116,16.891743,154
270,117,13.092493,153
270,118,14.243979,152
270,119,19.726064,151
270,120,24.408168,150
270,121,19.739889,149
270,122,10.627761,148
270,123,16.174332,147
270,124,39.606525,146
270,125,31.765007,145
270,126,22.436225,144
270,127,12.118293,143
270,128,11.2555445,142
270,129,11.266393,141
270,130,7.93809999999999,140
270,131,7.084307,139
270,132,12.464532,138
270,133,16.157868,137
270,134,12.208593,136
270,135,8.11088599999999,135
270,136,4.18484999999999,134
270,137,16.064661,133
270,138,12.687557,132
270,139,10.234636,131
270,140,7.28086399999999,130
270,141,0.548592999999992,129
270,142,2.00282899999999,128
270,143,10.115607,127
270,144,10.500907,126
270,145,8.56870400000001,125
270,146,17.483007,124
270,147,17.580486,123
270,148,13.176807,122
270,149,12.570139,121
270,150,15.359668,120
270,151,23.087114,119
270,152,27.924007,118
270,153,22.078322,117
270,154,10.93285,116
270,155,3.35870700000001,115
270,156,7.71675700000001,114
270,157,7.34952500000001,113
270,158,16.879429,112
270,159,24.162382,111
270,160,29.582804,110
270,161,20.814711,109
270,162,17.984443,108
270,163,13.361532,107
270,164,16.610343,106
270,165,12.677654,105
270,166,5.31699700000001,104
270,167,9.03925000000002,103
270,168,5.54418600000001,102
270,169,10.497229,101
270,170,11.781607,100
270,171,5.62251800000002,99
270,172,13.009368,98
270,173,21.519697,97
270,174,25.978611,96
270,175,19.266918,95
270,176,16.442,94
270,177,11.0493259,93
270,178,10.080911,92
270,179,19.454454,91
270,180,21.649,90
270,181,13.870897,89
270,182,12.688271,88
270,183,14.125753,87
270,184,21.523529,86
270,185,16.0921506,85
270,186,18.813779,84
270,187,18.790904,83
270,188,19.600843,82
270,189,21.559886,81
270,190,16.777597,80
270,191,21.7001,79
270,192,34.290972,78
270,193,30.212061,77
270,194,19.105304,76
270,195,17.294082,75
270,196,11.809254,74
270,197,15.602157,73
270,198,22.795954,72
270,199,25.951411,71
270,200,26.775843,70
270,201,26.140468,69
270,202,44.73485,68
270,203,40.955893,67
270,204,35.33865,66
270,205,36.4626,65
270,206,23.7982509,64
270,207,23.867929,63
270,208,21.795864,62
270,209,28.846886,61
270,210,35.466089,60
270,211,26.476322,59
270,212,26.415664,58
270,213,21.897632,57
270,214,25.756393,56
270,215,16.978404,55
270,216,18.831043,54
270,217,16.763475,53
270,218,22.619643,52
270,219,26.697222,51
270,220,24.271968,50
270,221,24.64705,49
270,222,22.068529,48
270,223,14.673275,47
270,224,12.4267,46
270,225,16.949911,45
270,226,14.478404,44
270,227,12.328761,43
270,228,18.613386,42
270,229,15.530132,41
270,230,20.867429,40
270,231,10.220579,39
270,232,12.088818,38
270,233,23.899061,37
270,234,20.184143,36
270,235,6.64696400000002,35
270,236,17.465829,34
270,237,16.907704,33
270,238,15.0731695,32
270,239,26.403532,31
270,240,23.509796,30
270,241,7.80576800000001,29
270,242,3.48492900000001,28
270,243,7.82352590000002,27
270,244,7.64227500000002,26
270,245,6.00023600000001,25
270,246,13.302518,24
270,247,19.551432,23
270,248,14.001325,22
270,249,24.025474,21
270,250,5.96146339999999,20
270,251,7.87125899999999,19
270,252,1.07908600000001,18
270,253,7.38982900000001,17
270,254,5.41443900000001,16
270,255,6.10103600000002,15
270,256,5.93776100000002,14
270,257,11.147893,13
270,258,13.377425,12
270,259,20.040304,11
270,260,19.192718,10
270,261,16.639104,9
270,262,8.97675699999999,8
270,263,7.47066099999998,7
270,264,5.05717559999998,6
270,265,3.60121799999999,5
270,266,10.5268881,4
270,267,4.18272589999999,3
270,268,4.8252506,2
270,269,2.678107,1
271,1,32.521689,270
271,2,39.90682,269
271,3,64.54151,268
271,4,55.237089,267
271,5,54.447357,266
271,6,55.2496246,265
271,7,56.294349,264
271,8,69.853325,263
271,9,83.139957,262
271,10,68.641246,261
271,11,59.329399,260
271,12,72.654616,259
271,13,73.850107,258
271,14,59.491177,257
271,15,49.682278,256
271,16,53.808018,255
271,17,62.799046,254
271,18,51.547968,253
271,19,45.509496,252
271,20,51.183625,251
271,21,76.307821,250
271,22,75.977107,249
271,23,78.011892,248
271,24,69.234167,247
271,25,52.356611,246
271,26,65.463507,245
271,27,55.649764,244
271,28,54.473193,243
271,29,54.673488,242
271,30,53.7267088,241
271,31,60.919921,240
271,32,57.487072,239
271,33,55.861643,238
271,34,68.243241,237
271,35,53.37858,236
271,36,50.64915,235
271,37,42.980593,234
271,38,47.6407869,233
271,39,70.829307,232
271,40,67.32532,231
271,41,68.753002,230
271,42,56.932643,229
271,43,54.998046,228
271,44,45.177768,227
271,45,44.562893,226
271,46,57.696515,225
271,47,45.755554,224
271,48,27.433825,223
271,49,17.268082,222
271,50,51.604978,221
271,51,49.672802,220
271,52,54.329989,219
271,53,61.521368,218
271,54,53.068722,217
271,55,49.720139,216
271,56,46.96452,215
271,57,46.487014,214
271,58,35.173877,213
271,59,35.706819,212
271,60,51.234182,211
271,61,48.929718,210
271,62,61.421125,209
271,63,51.587889,208
271,64,36.374064,207
271,65,44.377986,206
271,66,63.416991,205
271,67,42.788293,204
271,68,48.074407,203
271,69,36.011116,202
271,70,46.174547,201
271,71,42.244982,200
271,72,37.432375,199
271,73,37.257801,198
271,74,40.93756,197
271,75,34.884896,196
271,76,28.8074,195
271,77,12.742346,194
271,78,31.003996,193
271,79,41.370364,192
271,80,34.203768,191
271,81,25.344507,190
271,82,41.320194,189
271,83,52.024336,188
271,84,53.327332,187
271,85,51.721164,186
271,86,51.112807,185
271,87,51.897125,184
271,88,47.588089,183
271,89,43.296553,182
271,90,52.261589,181
271,91,51.130893,180
271,92,42.178789,179
271,93,31.708778,178
271,94,20.709464,177
271,95,42.563546,176
271,96,35.799578,175
271,97,22.136061,174
271,98,42.852171,173
271,99,36.085932,172
271,100,22.387904,171
271,101,13.272765,170
271,102,20.77435,169
271,103,30.514446,168
271,104,19.403643,167
271,105,25.195732,166
271,106,35.325893,165
271,107,29.795389,164
271,108,11.802646,163
271,109,13.510914,162
271,110,7.86573199999999,161
271,111,30.024043,160
271,112,42.730364,159
271,113,24.255982,158
271,114,6.42683199999999,157
271,115,2.55786799999998,156
271,116,14.756107,155
271,117,10.961657,154
271,118,12.108343,153
271,119,17.780328,152
271,120,22.462432,151
271,121,21.875525,150
271,122,8.68202499999999,149
271,123,14.038696,148
271,124,37.660789,147
271,125,29.819271,146
271,126,20.490489,145
271,127,10.172557,144
271,128,13.3911805,143
271,129,9.32065699999999,142
271,130,10.073736,141
271,131,8.88882899999999,140
271,132,10.518796,139
271,133,14.212132,138
271,134,12.095843,137
271,135,6.16514999999998,136
271,136,5.15468599999999,135
271,137,14.118925,134
271,138,10.741821,133
271,139,12.370272,132
271,140,8.49967199999998,131
271,141,2.35204299999999,130
271,142,0.140306999999984,129
271,143,7.97997100000001,128
271,144,8.36527100000002,127
271,145,6.43306800000001,126
271,146,15.347371,125
271,147,15.44485,124
271,148,11.041171,123
271,149,10.434503,122
271,150,15.556168,121
271,151,25.03285,120
271,152,25.788371,119
271,153,19.942686,118
271,154,8.79721400000002,117
271,155,4.63832900000001,116
271,156,6.91267900000001,115
271,157,8.79611100000001,114
271,158,14.743793,113
271,159,23.609554,112
271,160,27.447168,111
271,161,19.761125,110
271,162,15.848807,109
271,163,11.225896,108
271,164,14.474707,107
271,165,10.542018,106
271,166,3.18136100000001,105
271,167,6.90361400000002,104
271,168,4.15895000000002,103
271,169,12.277207,102
271,170,13.727343,101
271,171,3.48688200000002,100
271,172,10.873732,99
271,173,19.384061,98
271,174,23.842975,97
271,175,17.131282,96
271,176,14.306364,95
271,177,12.9950619,94
271,178,12.026647,93
271,179,17.901182,92
271,180,19.513364,91
271,181,11.735261,90
271,182,14.634007,89
271,183,16.071489,88
271,184,19.387893,87
271,185,18.0378866,86
271,186,19.675857,85
271,187,16.655268,84
271,188,17.465207,83
271,189,19.42425,82
271,190,14.641961,81
271,191,19.564464,80
271,192,32.155336,79
271,193,28.076425,78
271,194,17.304132,77
271,195,15.158446,76
271,196,9.67361800000001,75
271,197,13.466521,74
271,198,20.660318,73
271,199,23.815775,72
271,200,27.056093,71
271,201,28.086204,70
271,202,42.599214,69
271,203,40.901143,68
271,204,35.535686,67
271,205,34.326964,66
271,206,25.7439869,65
271,207,21.732293,64
271,208,19.660228,63
271,209,26.71125,62
271,210,33.330453,61
271,211,24.340686,60
271,212,24.280028,59
271,213,19.761996,58
271,214,23.620757,57
271,215,16.590932,56
271,216,16.695407,55
271,217,14.627839,54
271,218,20.484007,53
271,219,24.561586,52
271,220,22.136332,51
271,221,22.511414,50
271,222,19.932893,49
271,223,12.537639,48
271,224,13.374136,47
271,225,14.814275,46
271,226,12.342768,45
271,227,10.193125,44
271,228,16.47775,43
271,229,14.059404,42
271,230,18.731793,41
271,231,9.33395700000002,40
271,232,14.034554,39
271,233,21.763425,38
271,234,18.048507,37
271,235,4.76137200000002,36
271,236,15.330193,35
271,237,14.772068,34
271,238,17.0189055,33
271,239,24.267896,32
271,240,21.37416,31
271,241,5.67013200000001,30
271,242,4.51450700000001,29
271,243,9.76926190000002,28
271,244,6.42226100000003,27
271,245,5.03040000000002,26
271,246,11.166882,25
271,247,17.415796,24
271,248,11.865689,23
271,249,22.079738,22
271,250,8.09709939999999,21
271,251,5.92552299999999,20
271,252,2.19295000000001,19
271,253,5.25419300000001,18
271,254,7.36017500000001,17
271,255,8.04677200000003,16
271,256,4.71667500000002,15
271,257,9.01225700000001,14
271,258,11.431689,13
271,259,18.094568,12
271,260,17.246982,11
271,261,14.693368,10
271,262,7.03102099999998,9
271,263,7.35737499999998,8
271,264,7.19281159999998,7
271,265,4.40301799999999,6
271,266,12.6625241,5
271,267,6.31836189999999,4
271,268,6.9608866,3
271,269,4.62384300000001,2
271,270,2.135636,1
272,1,32.466329,271
272,2,38.184902,270
272,3,62.819592,269
272,4,55.201829,268
272,5,52.725439,267
272,6,56.7777426,266
272,7,55.129469,265
272,8,68.131407,264
272,9,81.418039,263
272,10,66.919328,262
272,11,60.857517,261
272,12,70.932698,260
272,13,72.128189,259
272,14,61.019295,258
272,15,49.95964,257
272,16,52.0861,256
272,17,61.077128,255
272,18,53.076086,254
272,19,43.787578,253
272,20,49.461707,252
272,21,74.585903,251
272,22,74.377531,250
272,23,76.289974,249
272,24,69.462351,248
272,25,53.884729,247
272,26,63.741589,246
272,27,57.177882,245
272,28,56.001311,244
272,29,56.201606,243
272,30,55.2548268,242
272,31,59.198003,241
272,32,59.01519,240
272,33,54.139725,239
272,34,66.521323,238
272,35,54.906698,237
272,36,50.508968,236
272,37,44.508711,235
272,38,49.1689049,234
272,39,69.107389,233
272,40,65.603402,232
272,41,67.031084,231
272,42,58.460761,230
272,43,53.276128,229
272,44,43.45585,228
272,45,42.840975,227
272,46,55.974597,226
272,47,44.033636,225
272,48,25.711907,224
272,49,15.546164,223
272,50,49.88306,222
272,51,47.950884,221
272,52,52.608071,220
272,53,59.79945,219
272,54,54.59684,218
272,55,47.998221,217
272,56,45.242602,216
272,57,44.765096,215
272,58,36.701995,214
272,59,33.984901,213
272,60,49.512264,212
272,61,47.2078,211
272,62,59.699207,210
272,63,49.865971,209
272,64,34.652146,208
272,65,42.656068,207
272,66,61.695073,206
272,67,44.316411,205
272,68,46.352489,204
272,69,34.289198,203
272,70,44.452629,202
272,71,40.523064,201
272,72,35.710457,200
272,73,38.785919,199
272,74,39.215642,198
272,75,33.162978,197
272,76,27.085482,196
272,77,11.020428,195
272,78,29.282078,194
272,79,39.648446,193
272,80,32.48185,192
272,81,23.622589,191
272,82,39.598276,190
272,83,50.302418,189
272,84,51.605414,188
272,85,49.999246,187
272,86,49.390889,186
272,87,50.175207,185
272,88,45.866171,184
272,89,41.574635,183
272,90,50.539671,182
272,91,49.408975,181
272,92,40.456871,180
272,93,29.98686,179
272,94,18.987546,178
272,95,40.841628,177
272,96,34.07766,176
272,97,21.830657,175
272,98,41.130253,174
272,99,37.61405,173
272,100,23.916022,172
272,101,11.550847,171
272,102,19.052432,170
272,103,28.792528,169
272,104,20.931761,168
272,105,23.473814,167
272,106,33.603975,166
272,107,28.073471,165
272,108,11.329072,164
272,109,13.787204,163
272,110,6.143814,162
272,111,28.302125,161
272,112,41.008446,160
272,113,22.534064,159
272,114,4.704914,158
272,115,0.835949999999995,157
272,116,13.227989,156
272,117,9.428739,155
272,118,10.580225,154
272,119,16.05841,153
272,120,20.740514,152
272,121,23.403643,151
272,122,6.960107,150
272,123,12.510578,149
272,124,35.938871,148
272,125,28.097353,147
272,126,18.768571,146
272,127,10.116661,145
272,128,14.9192985,144
272,129,7.598739,143
272,130,11.601854,142
272,131,10.416947,141
272,132,8.796878,140
272,133,12.490214,139
272,134,13.623961,138
272,135,7.110368,137
272,136,6.682804,136
272,137,12.397007,135
272,138,9.019903,134
272,139,13.89839,133
272,140,10.02779,132
272,141,3.880161,131
272,142,1.668425,130
272,143,6.451853,129
272,144,6.83715300000001,128
272,145,7.40405,127
272,146,13.819253,126
272,147,13.916732,125
272,148,9.513053,124
272,149,8.90638500000001,123
272,150,17.278086,122
272,151,26.754768,121
272,152,24.260253,120
272,153,18.414568,119
272,154,7.269096,118
272,155,6.360247,117
272,156,8.634597,116
272,157,10.518029,115
272,158,13.215675,114
272,159,25.331472,113
272,160,29.00105,112
272,161,21.483043,111
272,162,16.737111,110
272,163,10.946122,109
272,164,12.946589,108
272,165,9.0139,107
272,166,2.319357,106
272,167,5.37549600000001,105
272,168,5.880868,104
272,169,13.999125,103
272,170,15.449261,102
272,171,4.29143600000001,101
272,172,9.594586,100
272,173,17.939157,99
272,174,22.314857,98
272,175,15.603164,97
272,176,12.778246,96
272,177,14.7169799,95
272,178,13.748565,94
272,179,19.6231,93
272,180,17.985246,92
272,181,10.207143,91
272,182,16.355925,90
272,183,17.793407,89
272,184,17.859775,88
272,185,19.7598046,87
272,186,21.397775,86
272,187,18.20915,85
272,188,17.770611,84
272,189,17.896132,83
272,190,13.779957,82
272,191,18.036346,81
272,192,30.627218,80
272,193,26.548307,79
272,194,19.02605,78
272,195,13.630328,77
272,196,8.1455,76
272,197,11.938403,75
272,198,19.1322,74
272,199,22.287657,73
272,200,28.778011,72
272,201,29.808122,71
272,202,41.071096,70
272,203,42.623061,69
272,204,37.257604,68
272,205,33.296254,67
272,206,27.4659049,66
272,207,20.204175,65
272,208,18.13211,64
272,209,25.183132,63
272,210,31.802335,62
272,211,23.394932,61
272,212,23.83329,60
272,213,20.400122,59
272,214,22.092639,58
272,215,18.31285,57
272,216,15.167289,56
272,217,13.099721,55
272,218,18.955889,54
272,219,23.033468,53
272,220,20.608214,52
272,221,23.899404,51
272,222,18.404775,50
272,223,12.093179,49
272,224,15.096054,48
272,225,13.286157,47
272,226,10.81465,46
272,227,8.665007,45
272,228,14.949632,44
272,229,15.781322,43
272,230,17.203675,42
272,231,11.055875,41
272,232,15.756472,40
272,233,20.235307,39
272,234,16.520389,38
272,235,6.48329000000001,37
272,236,13.802075,36
272,237,13.24395,35
272,238,18.7408235,34
272,239,22.739778,33
272,240,19.846042,32
272,241,5.891786,31
272,242,6.236425,30
272,243,11.4911799,29
272,244,8.14417900000001,28
272,245,6.752318,27
272,246,9.638764,26
272,247,15.887678,25
272,248,10.337571,24
272,249,20.35782,23
272,250,9.6252174,22
272,251,4.203605,21
272,252,3.91486799999999,20
272,253,6.308925,19
272,254,9.082093,18
272,255,9.76869000000001,17
272,256,6.438593,16
272,257,8.232261,15
272,258,9.709771,14
272,259,17.53845,13
272,260,15.525064,12
272,261,12.97145,11
272,262,8.141997,10
272,263,8.88549299999999,9
272,264,8.72092959999999,8
272,265,5.931136,7
272,266,14.1906421,6
272,267,7.8464799,5
272,268,8.48900460000001,4
272,269,6.34576099999999,3
272,270,3.66765399999999,2
272,271,1.72191799999999,1
273,1,30.264543,272
273,2,31.481788,271
273,3,56.116478,270
273,4,53.000043,269
273,5,48.645375,268
273,6,54.5759566,267
273,7,52.927683,266
273,8,61.428293,265
273,9,74.714925,264
273,10,60.216214,263
273,11,58.655731,262
273,12,64.229584,261
273,13,65.425075,260
273,14,58.817509,259
273,15,47.757854,258
273,16,47.800614,257
273,17,56.043386,256
273,18,50.8743,255
273,19,37.084464,254
273,20,44.175107,253
273,21,67.882789,252
273,22,72.175745,251
273,23,69.58686,250
273,24,67.260565,249
273,25,51.682943,248
273,26,57.038475,247
273,27,54.976096,246
273,28,53.799525,245
273,29,53.99982,244
273,30,53.0530408,243
273,31,55.078811,242
273,32,56.813404,241
273,33,47.436611,240
273,34,59.818209,239
273,35,52.704912,238
273,36,48.307182,237
273,37,42.306925,236
273,38,46.9671189,235
273,39,62.404275,234
273,40,61.263512,233
273,41,60.32797,232
273,42,56.258975,231
273,43,46.989486,230
273,44,36.752736,229
273,45,36.137861,228
273,46,49.271483,227
273,47,37.330522,226
273,48,19.008793,225
273,49,8.84305000000001,224
273,50,43.179946,223
273,51,41.24777,222
273,52,45.904957,221
273,53,54.542464,220
273,54,52.395054,219
273,55,41.295107,218
273,56,38.539488,217
273,57,40.729118,216
273,58,34.500209,215
273,59,27.281787,214
273,60,42.80915,213
273,61,40.504686,212
273,62,52.996093,211
273,63,43.582143,210
273,64,27.949032,209
273,65,35.952954,208
273,66,54.991959,207
273,67,42.114625,206
273,68,39.649375,205
273,69,27.586084,204
273,70,37.749515,203
273,71,33.81995,202
273,72,29.007343,201
273,73,36.584133,200
273,74,35.482772,199
273,75,26.909836,198
273,76,20.382368,197
273,77,4.31731400000001,196
273,78,22.578964,195
273,79,32.945332,194
273,80,25.778736,193
273,81,16.919475,192
273,82,32.895162,191
273,83,43.599304,190
273,84,44.9023,189
273,85,43.296132,188
273,86,45.659225,187
273,87,43.472093,186
273,88,39.163057,185
273,89,39.372179,184
273,90,43.836557,183
273,91,42.705861,182
273,92,35.003843,181
273,93,26.534854,180
273,94,12.284432,179
273,95,34.138514,178
273,96,27.374546,177
273,97,19.628871,176
273,98,34.427139,175
273,99,35.412264,174
273,100,21.714236,173
273,101,10.964133,172
273,102,12.349318,171
273,103,22.089414,170
273,104,18.729975,169
273,105,16.7707,168
273,106,26.900861,167
273,107,21.370357,166
273,108,9.127286,165
273,109,11.585418,164
273,110,5.3096,163
273,111,21.599011,162
273,112,34.305332,161
273,113,15.83095,160
273,114,1.99819999999999,159
273,115,5.867164,158
273,116,15.429775,157
273,117,11.630525,156
273,118,12.782011,155
273,119,9.355296,154
273,120,14.0374,153
273,121,21.201857,152
273,122,3.341807,151
273,123,14.712364,150
273,124,29.235757,149
273,125,21.394239,148
273,126,12.065457,147
273,127,7.914875,146
273,128,12.7175125,145
273,129,4.979275,144
273,130,9.400068,143
273,131,8.21516100000001,142
273,132,4.346036,141
273,133,9.3716,140
273,134,11.422175,139
273,135,4.908582,138
273,136,6.185918,137
273,137,5.69389299999999,136
273,138,2.984511,135
273,139,11.696604,134
273,140,7.826004,133
273,141,9.822175,132
273,142,8.367939,131
273,143,8.653639,130
273,144,9.03893900000001,129
273,145,14.107164,128
273,146,16.936661,127
273,147,16.118518,126
273,148,11.714839,125
273,149,11.108171,124
273,150,23.9812,123
273,151,33.457882,122
273,152,26.462039,121
273,153,20.616354,120
273,154,9.470882,119
273,155,13.063361,118
273,156,15.337711,117
273,157,17.221143,116
273,158,17.918839,115
273,159,32.034586,114
273,160,35.704164,113
273,161,28.186157,112
273,162,23.440225,111
273,163,17.649236,110
273,164,15.148375,109
273,165,11.215686,108
273,166,9.02247099999999,107
273,167,7.57781800000001,106
273,168,12.583982,105
273,169,20.702239,104
273,170,22.152375,103
273,171,10.99455,102
273,172,16.2977,101
273,173,24.642271,100
273,174,24.516643,99
273,175,17.80495,98
273,176,14.980032,97
273,177,21.4200939,96
273,178,20.451679,95
273,179,26.326214,94
273,180,20.187032,93
273,181,15.244771,92
273,182,23.059039,91
273,183,24.496521,90
273,184,20.061561,89
273,185,26.4629186,88
273,186,28.100889,87
273,187,24.912264,86
273,188,24.473725,85
273,189,20.097918,84
273,190,20.483071,83
273,191,23.320668,82
273,192,32.829004,81
273,193,29.583707,80
273,194,25.729164,79
273,195,15.832114,78
273,196,13.515314,77
273,197,14.140189,76
273,198,21.333986,75
273,199,24.489443,74
273,200,35.481125,73
273,201,36.511236,72
273,202,43.272882,71
273,203,49.326175,70
273,204,43.960718,69
273,205,39.999368,68
273,206,34.1690189,67
273,207,23.239039,66
273,208,23.417504,65
273,209,31.136382,64
273,210,38.337279,63
273,211,30.098046,62
273,212,30.536404,61
273,213,27.103236,60
273,214,24.378175,59
273,215,25.015964,58
273,216,18.618625,57
273,217,18.219893,56
273,218,21.157675,55
273,219,25.903646,54
273,220,24.7262,53
273,221,30.602518,52
273,222,21.439639,51
273,223,18.796293,50
273,224,21.799168,49
273,225,15.487943,48
273,226,13.016436,47
273,227,10.866793,46
273,228,17.151418,45
273,229,22.484436,44
273,230,19.405461,43
273,231,17.758989,42
273,232,22.459586,41
273,233,22.437093,40
273,234,18.722175,39
273,235,13.186404,38
273,236,16.003861,37
273,237,15.445736,36
273,238,25.4439375,35
273,239,24.941564,34
273,240,22.047828,33
273,241,12.5949,32
273,242,12.939539,31
273,243,18.1942939,30
273,244,14.847293,29
273,245,13.455432,28
273,246,14.67465,27
273,247,18.090536,26
273,248,12.539357,25
273,249,13.654706,24
273,250,7.4234314,23
273,251,2.49950899999999,22
273,252,10.617982,21
273,253,13.012039,20
273,254,15.785207,19
273,255,16.471804,18
273,256,13.141707,17
273,257,14.935375,16
273,258,5.659257,15
273,259,15.336664,14
273,260,11.07315,13
273,261,10.019264,12
273,262,5.940211,11
273,263,6.68370699999999,10
273,264,8.23034360000001,9
273,265,6.76955,8
273,266,11.9888561,7
273,267,11.5195939,6
273,268,14.6296186,5
273,269,13.048875,4
273,270,10.370768,3
273,271,8.42503199999998,2
273,272,6.703114,1
274,1,16.21965,273
274,2,11.800319,272
274,3,36.465829,271
274,4,38.95515,270
274,5,34.600482,269
274,6,40.5310636,268
274,7,38.88279,267
274,8,39.299314,266
274,9,49.170018,265
274,10,43.921193,264
274,11,44.610838,263
274,12,38.684677,262
274,13,39.880168,261
274,14,44.772616,260
274,15,33.712961,259
274,16,33.755721,258
274,17,41.998493,257
274,18,36.829407,256
274,19,22.792743,255
274,20,30.130214,254
274,21,42.337882,253
274,22,58.130852,252
274,23,50.165217,251
274,24,53.215672,250
274,25,37.63805,249
274,26,31.493568,248
274,27,40.931203,247
274,28,39.754632,246
274,29,39.954927,245
274,30,39.0081478,244
274,31,41.033918,243
274,32,42.768511,242
274,33,25.642096,241
274,34,36.222198,240
274,35,38.660019,239
274,36,34.262289,238
274,37,28.262032,237
274,38,32.9222259,236
274,39,36.859368,235
274,40,47.218619,234
274,41,44.211437,233
274,42,42.214082,232
274,43,32.944593,231
274,44,15.417171,230
274,45,10.592954,229
274,46,23.850124,228
274,47,17.213285,227
274,48,6.536114,226
274,49,16.701857,225
274,50,17.635039,224
274,51,24.957037,223
274,52,20.36005,222
274,53,40.497571,221
274,54,38.350161,220
274,55,21.3514,219
274,56,12.994581,218
274,57,26.684225,217
274,58,20.455316,216
274,59,2.08662000000001,215
274,60,27.430957,214
274,61,14.959779,213
274,62,36.367814,212
274,63,29.53725,211
274,64,7.821075,210
274,65,10.408047,209
274,66,29.447052,208
274,67,28.069732,207
274,68,23.772032,206
274,69,6.117323,205
274,70,20.154292,204
274,71,17.858857,203
274,72,6.36916399999999,202
274,73,22.53924,201
274,74,21.437879,200
274,75,12.864943,199
274,76,5.921539,198
274,77,21.227593,197
274,78,13.132657,196
274,79,18.733475,195
274,80,0.704570999999994,194
274,81,8.625432,193
274,82,15.126945,192
274,83,24.554603,191
274,84,27.607907,190
274,85,28.836375,189
274,86,31.614332,188
274,87,28.659514,187
274,88,22.36835,186
274,89,25.327286,185
274,90,28.29475,184
274,91,21.661746,183
274,92,20.95895,182
274,93,12.489961,181
274,94,25.759325,180
274,95,8.59360699999999,179
274,96,5.74686099999999,178
274,97,11.833878,177
274,98,17.632968,176
274,99,21.367371,175
274,100,11.831543,174
274,101,25.009026,173
274,102,13.195589,172
274,103,3.45549300000001,171
274,104,19.648782,170
274,105,8.774207,169
274,106,5.144654,168
274,107,5.67535000000001,167
274,108,22.167293,166
274,109,20.459025,165
274,110,26.104207,164
274,111,8.36280400000001,163
274,112,18.512275,162
274,113,9.713957,161
274,114,27.543107,160
274,115,31.412071,159
274,116,29.474668,158
274,117,25.675418,157
274,118,26.826904,156
274,119,16.189611,155
274,120,11.507507,154
274,121,17.759264,153
274,122,25.287914,152
274,123,28.757257,151
274,124,3.69084999999999,150
274,125,4.565532,149
274,126,13.47945,148
274,127,23.797382,147
274,128,30.4936195,146
274,129,24.649282,145
274,130,28.312575,144
274,131,28.831368,143
274,132,23.451143,142
274,133,19.757807,141
274,134,23.707082,140
274,135,27.804789,139
274,136,31.730825,138
274,137,19.851014,137
274,138,23.228118,136
274,139,27.015411,135
274,140,28.634811,134
274,141,35.367082,133
274,142,33.912846,132
274,143,30.531368,131
274,144,34.501168,130
274,145,39.652071,129
274,146,42.481568,128
274,147,37.080089,127
274,148,34.095068,126
274,149,35.653036,125
274,150,49.526107,124
274,151,59.002789,123
274,152,51.924268,122
274,153,34.662453,121
274,154,28.765225,120
274,155,38.608268,119
274,156,40.882618,118
274,157,42.76605,117
274,158,43.463746,116
274,159,57.579493,115
274,160,61.249071,114
274,161,53.731064,113
274,162,48.985132,112
274,163,43.194143,111
274,164,29.193268,110
274,165,28.344321,109
274,166,34.567378,108
274,167,33.122725,107
274,168,38.128889,106
274,169,46.247146,105
274,170,47.697282,104
274,171,36.539457,103
274,172,41.842607,102
274,173,50.187178,101
274,174,45.729464,100
274,175,41.266157,99
274,176,40.110075,98
274,177,46.9650009,97
274,178,45.996586,96
274,179,51.871121,95
274,180,38.315575,94
274,181,40.789678,93
274,182,48.603946,92
274,183,50.041428,91
274,184,42.607146,90
274,185,52.0078256,89
274,186,53.645796,88
274,187,50.457171,87
274,188,50.018632,86
274,189,43.143189,85
274,190,46.027978,84
274,191,48.865575,83
274,192,48.208403,82
274,193,55.128614,81
274,194,51.274071,80
274,195,36.795293,79
274,196,39.060221,78
274,197,39.434918,77
274,198,41.712121,76
274,199,48.784264,75
274,200,61.026032,74
274,201,62.056143,73
274,202,66.734625,72
274,203,74.871082,71
274,204,69.505625,70
274,205,65.544275,69
274,206,59.7139259,68
274,207,48.783946,67
274,208,48.962411,66
274,209,56.681289,65
274,210,63.882186,64
274,211,55.642953,63
274,212,56.081311,62
274,213,52.648143,61
274,214,49.923082,60
274,215,50.560871,59
274,216,44.163532,58
274,217,43.7648,57
274,218,43.784732,56
274,219,51.448553,55
274,220,50.271107,54
274,221,56.147425,53
274,222,46.984546,52
274,223,44.3412,51
274,224,47.344075,50
274,225,40.365664,49
274,226,36.396171,48
274,227,36.079514,47
274,228,38.695889,46
274,229,48.029343,45
274,230,41.368146,44
274,231,43.303896,43
274,232,48.004493,42
274,233,42.316614,41
274,234,34.850232,40
274,235,38.731311,39
274,236,35.299946,38
274,237,40.406671,37
274,238,50.9888445,36
274,239,38.986457,35
274,240,36.092721,34
274,241,38.139807,33
274,242,38.484446,32
274,243,43.7392009,31
274,244,40.3922,30
274,245,39.000339,29
274,246,40.219557,28
274,247,43.635443,27
274,248,37.25065,26
274,249,18.810899,25
274,250,32.7883384,24
274,251,28.044416,23
274,252,36.162889,22
274,253,38.556946,21
274,254,41.330114,20
274,255,42.016711,19
274,256,38.686614,18
274,257,40.480282,17
274,258,22.53825,16
274,259,15.875371,15
274,260,16.722957,14
274,261,19.276571,13
274,262,26.938918,12
274,263,28.445014,11
274,264,33.7752506,10
274,265,32.314457,9
274,266,30.7225631,8
274,267,37.0645009,7
274,268,40.1745256,6
274,269,38.593782,5
274,270,35.915675,4
274,271,33.969939,3
274,272,32.248021,2
274,273,25.544907,1
275,1,6.87118899999999,274
275,2,3.04054200000001,273
275,3,25.148632,272
275,4,24.114289,271
275,5,19.759621,270
275,6,25.6902026,269
275,7,24.041929,268
275,8,30.460447,267
275,9,43.747079,266
275,10,29.248368,265
275,11,29.769977,264
275,12,33.261738,263
275,13,34.457229,262
275,14,29.931755,261
275,15,18.8721,260
275,16,18.91486,259
275,17,27.157632,258
275,18,21.988546,257
275,19,7.951882,256
275,20,15.289353,255
275,21,36.914943,254
275,22,43.289991,253
275,23,38.619014,252
275,24,38.374811,251
275,25,22.797189,250
275,26,26.070629,249
275,27,26.090342,248
275,28,24.913771,247
275,29,25.114066,246
275,30,24.1672868,245
275,31,26.193057,244
275,32,27.92765,243
275,33,16.468765,242
275,34,28.850363,241
275,35,23.819158,240
275,36,19.421428,239
275,37,13.421171,238
275,38,18.0813649,237
275,39,31.436429,236
275,40,32.377758,235
275,41,29.370576,234
275,42,27.373221,233
275,43,18.103732,232
275,44,5.78489,231
275,45,21.079915,230
275,46,18.303637,229
275,47,6.362676,228
275,48,13.043247,227
275,49,27.875004,226
275,50,26.0382,225
275,51,10.279924,224
275,52,14.937111,223
275,53,25.65671,222
275,54,23.5093,221
275,55,10.327261,220
275,56,9.114842,219
275,57,11.843364,218
275,58,7.352055,217
275,59,12.754241,216
275,60,12.590096,215
275,61,9.53684,214
275,62,22.028247,213
275,63,14.696389,212
275,64,7.019786,211
275,65,11.265608,210
275,66,24.024113,209
275,67,13.228871,208
275,68,8.931171,207
275,69,8.723538,206
275,70,6.781669,205
275,71,3.01799600000001,204
275,72,8.47169700000001,203
275,73,7.698379,202
275,74,6.597018,201
275,75,4.50798199999999,200
275,76,10.585478,199
275,77,27.857068,198
275,78,27.973518,197
275,79,3.89261400000001,196
275,80,14.13629,195
275,81,14.549129,194
275,82,1.927316,193
275,83,12.631458,192
275,84,13.934454,191
275,85,13.995514,190
275,86,16.773471,189
275,87,13.818653,188
275,88,8.195211,187
275,89,10.486425,186
275,90,13.453889,185
275,91,11.738015,184
275,92,6.118089,183
275,93,7.6841,182
275,94,40.600186,181
275,95,19.080568,180
275,96,9.094,179
275,97,17.256817,178
275,98,3.459293,177
275,99,6.52651,176
275,100,17.254482,175
275,101,39.849887,174
275,102,25.702572,173
275,103,12.711368,172
275,104,25.071721,171
275,105,14.781654,170
275,106,19.985515,169
275,107,20.516211,168
275,108,27.590232,167
275,109,25.881964,166
275,110,34.195354,165
275,111,23.203665,164
275,112,3.671414,163
275,113,16.304304,162
275,114,32.966046,161
275,115,36.83501,160
275,116,44.315529,159
275,117,40.516279,158
275,118,41.667765,157
275,119,24.03125,156
275,120,18.680754,155
275,121,23.182203,154
275,122,30.710853,153
275,123,43.598118,152
275,124,16.067811,151
275,125,19.406393,150
275,126,19.737611,149
275,127,29.220321,148
275,128,35.9165585,147
275,129,30.072221,146
275,130,33.735514,145
275,131,34.254307,144
275,132,28.874082,143
275,133,25.180746,142
275,134,29.130021,141
275,135,33.227728,140
275,136,37.153764,139
275,137,32.689647,138
275,138,28.651057,137
275,139,32.43835,136
275,140,34.05775,135
275,141,40.790021,134
275,142,39.335785,133
275,143,37.539393,132
275,144,39.924107,131
275,145,45.07501,130
275,146,47.904507,129
275,147,45.004272,128
275,148,40.600593,127
275,149,41.075975,126
275,150,54.949046,125
275,151,64.425728,124
275,152,57.347207,123
275,153,49.502108,122
275,154,38.356636,121
275,155,44.031207,120
275,156,46.305557,119
275,157,48.188989,118
275,158,48.886685,117
275,159,63.002432,116
275,160,66.67201,115
275,161,59.154003,114
275,162,54.408071,113
275,163,48.617082,112
275,164,44.034129,111
275,165,40.10144,110
275,166,39.990317,109
275,167,38.545664,108
275,168,43.551828,107
275,169,51.670085,106
275,170,53.120221,105
275,171,41.962396,104
275,172,47.265546,103
275,173,55.610117,102
275,174,53.402397,101
275,175,46.690704,100
275,176,45.533014,99
275,177,52.3879399,98
275,178,51.419525,97
275,179,57.29406,96
275,180,49.072786,95
275,181,46.212617,94
275,182,54.026885,93
275,183,55.464367,92
275,184,48.947315,91
275,185,57.4307646,90
275,186,59.068735,89
275,187,55.88011,88
275,188,55.441571,87
275,189,48.983672,86
275,190,51.450917,85
275,191,54.288514,84
275,192,61.714758,83
275,193,60.551553,82
275,194,56.69701,81
275,195,44.717868,80
275,196,44.48316,79
275,197,44.857857,78
275,198,50.21974,77
275,199,54.207203,76
275,200,66.448971,75
275,201,67.479082,74
275,202,72.158636,73
275,203,80.294021,72
275,204,74.928564,71
275,205,70.967214,70
275,206,65.1368649,69
275,207,54.206885,68
275,208,54.38535,67
275,209,62.104228,66
275,210,69.305125,65
275,211,61.065892,64
275,212,61.50425,63
275,213,58.071082,62
275,214,55.346021,61
275,215,55.98381,60
275,216,49.586471,59
275,217,49.187739,58
275,218,50.043429,57
275,219,56.871492,56
275,220,55.694046,55
275,221,61.570364,54
275,222,52.407485,53
275,223,49.764139,52
275,224,52.767014,51
275,225,45.788603,50
275,226,41.90219,49
275,227,41.502453,48
275,228,46.037172,47
275,229,53.452282,46
275,230,48.291215,45
275,231,48.726835,44
275,232,53.427432,43
275,233,51.322847,42
275,234,47.607929,41
275,235,44.15425,40
275,236,44.889615,39
275,237,45.82961,38
275,238,56.4117835,37
275,239,53.827318,36
275,240,50.933582,35
275,241,43.562746,34
275,242,43.907385,33
275,243,49.1621399,32
275,244,45.815139,31
275,245,44.423278,30
275,246,45.642496,29
275,247,49.058382,28
275,248,42.673589,27
275,249,33.65176,26
275,250,38.2112774,25
275,251,33.467355,24
275,252,41.585828,23
275,253,43.979885,22
275,254,46.753053,21
275,255,47.43965,20
275,256,44.109553,19
275,257,45.903221,18
275,258,34.545011,17
275,259,21.29831,16
275,260,22.145896,15
275,261,24.69951,14
275,262,32.361857,13
275,263,33.867953,12
275,264,39.1981896,11
275,265,37.737396,10
275,266,36.1455021,9
275,267,42.4874399,8
275,268,45.5974646,7
275,269,44.016721,6
275,270,41.338614,5
275,271,39.392878,4
275,272,37.67096,3
275,273,30.967846,2
275,274,14.840861,1
276,1,9.4288634,275
276,2,16.8139944,274
276,3,41.4486844,273
276,4,32.1442634,272
276,5,31.3545314,271
276,6,24.2422498,270
276,7,33.2015234,269
276,8,46.7604994,268
276,9,60.0471314,267
276,10,45.5484204,266
276,11,32.6859754,265
276,12,49.5617904,264
276,13,50.7572814,263
276,14,33.4394974,262
276,15,26.5894524,261
276,16,30.7151924,260
276,17,39.7062204,259
276,18,28.2067064,258
276,19,22.4166704,257
276,20,28.0907994,256
276,21,53.2149954,255
276,22,52.8842814,254
276,23,54.9190664,253
276,24,46.1413414,252
276,25,26.7401634,251
276,26,42.3706814,250
276,27,27.8948104,249
276,28,27.9862814,248
276,29,31.1432864,247
276,30,21.8859344,246
276,31,37.8270954,245
276,32,25.6462976,244
276,33,32.7688174,243
276,34,45.1504154,242
276,35,27.4998944,241
276,36,27.5563244,240
276,37,18.9726814,239
276,38,15.8000125,238
276,39,47.7364814,237
276,40,44.2324944,236
276,41,45.6601764,235
276,42,28.4692314,234
276,43,31.9052204,233
276,44,22.0849424,232
276,45,23.3612674,231
276,46,34.6036894,230
276,47,22.6627284,229
276,48,15.3245994,228
276,49,30.1563564,227
276,50,28.5121524,226
276,51,26.5799764,225
276,52,31.2371634,224
276,53,38.4285424,223
276,54,22.6707524,222
276,55,26.6273134,221
276,56,23.8716944,220
276,57,23.3941884,219
276,58,8.9479974,218
276,59,15.0355934,217
276,60,28.1413564,216
276,61,25.8368924,215
276,62,38.3282994,214
276,63,28.4950634,213
276,64,13.2812384,212
276,65,21.2851604,211
276,66,40.3241654,210
276,67,15.9462814,209
276,68,24.9815814,208
276,69,12.9182904,207
276,70,23.0817214,206
276,71,19.1521564,205
276,72,14.3395494,204
276,73,12.5967734,203
276,74,17.8447344,202
276,75,11.7920704,201
276,76,11.2006744,200
276,77,30.1384204,199
276,78,30.2548704,198
276,79,18.2775384,197
276,80,16.4176424,196
276,81,16.8304814,195
276,82,18.2273684,194
276,83,28.9315104,193
276,84,30.2345064,192
276,85,28.6283384,191
276,86,28.0199814,190
276,87,28.8042994,189
276,88,24.4952634,188
276,89,20.2037274,187
276,90,29.1687634,186
276,91,28.0380674,185
276,92,19.0859634,184
276,93,8.6159524,183
276,94,42.8815384,182
276,95,21.3619204,181
276,96,12.7067524,180
276,97,11.5382354,179
276,98,19.7593454,178
276,99,10.9099424,177
276,100,9.4528704,176
276,101,42.1312394,175
276,102,27.9839244,174
276,103,14.9927204,173
276,104,12.4371314,172
276,105,17.0630064,171
276,106,22.2668674,170
276,107,22.7975634,169
276,108,22.0398204,168
276,109,19.5816884,167
276,110,36.4767064,166
276,111,25.4850174,165
276,112,19.6375384,164
276,113,18.5856564,163
276,114,31.2491064,162
276,115,34.2012424,161
276,116,46.5968814,160
276,117,42.7976314,159
276,118,43.9491174,158
276,119,26.3126024,157
276,120,20.9621064,156
276,121,9.9652494,155
276,122,27.8252994,154
276,123,45.8794704,153
276,124,18.3491634,152
276,125,21.6877454,151
276,126,22.0189634,150
276,127,23.2522314,149
276,128,19.6165061,148
276,129,26.1878314,147
276,130,21.7670384,146
276,131,22.9519454,145
276,132,26.8210704,144
276,133,21.7955064,143
276,134,19.7449314,142
276,135,26.2585244,141
276,136,26.6860884,140
276,137,34.9709994,139
276,138,28.1825954,138
276,139,19.4705024,137
276,140,23.3411024,136
276,141,29.4887314,135
276,142,31.7004674,134
276,143,39.8207454,133
276,144,40.2060454,132
276,145,38.2738424,131
276,146,47.1881454,130
276,147,47.2856244,129
276,148,42.8819454,128
276,149,42.2752774,127
276,150,45.0648064,126
276,151,51.8754244,125
276,152,57.6291454,124
276,153,51.7834604,123
276,154,40.6379884,122
276,155,33.0638454,121
276,156,37.4218954,120
276,157,37.0546634,119
276,158,46.5845674,118
276,159,53.8675204,117
276,160,59.2879424,116
276,161,50.5198494,115
276,162,47.6895814,114
276,163,43.0666704,113
276,164,46.3154814,112
276,165,42.3827924,111
276,166,35.0221354,110
276,167,38.7443884,109
276,168,35.2493244,108
276,169,40.2023674,107
276,170,39.3198314,106
276,171,35.3276564,105
276,172,42.7145064,104
276,173,51.2248354,103
276,174,55.6837494,102
276,175,48.9720564,101
276,176,46.1471384,100
276,177,37.5870125,99
276,178,38.3679274,98
276,179,49.1595924,97
276,180,51.3541384,96
276,181,43.5760354,95
276,182,40.3079674,94
276,183,43.4142854,93
276,184,51.2286674,92
276,185,41.1307122,91
276,186,48.5189174,90
276,187,48.4960424,89
276,188,49.3059814,88
276,189,51.2650244,87
276,190,46.4827354,86
276,191,51.4052384,85
276,192,63.9961104,84
276,193,59.9171994,83
276,194,48.8104424,82
276,195,46.9992204,81
276,196,41.5143924,80
276,197,45.3072954,79
276,198,52.5010924,78
276,199,55.6565494,77
276,200,56.4809814,76
276,201,55.2621704,75
276,202,74.4399884,74
276,203,70.6610314,73
276,204,65.0437884,72
276,205,66.1677384,71
276,206,49.8367875,70
276,207,53.5730674,69
276,208,51.5010024,68
276,209,58.5520244,67
276,210,65.1712274,66
276,211,56.1814604,65
276,212,56.1208024,64
276,213,51.6027704,63
276,214,55.4615314,62
276,215,46.6835424,61
276,216,48.5361814,60
276,217,46.4686134,59
276,218,52.3247814,58
276,219,56.4023604,57
276,220,53.9771064,56
276,221,54.3521884,55
276,222,51.7736674,54
276,223,44.3784134,53
276,224,42.1318384,52
276,225,46.6550494,51
276,226,44.1835424,50
276,227,42.0338994,49
276,228,48.3185244,48
276,229,45.2352704,47
276,230,50.5725674,46
276,231,39.9257174,45
276,232,39.9576204,44
276,233,53.6041994,43
276,234,49.8892814,42
276,235,36.3521024,41
276,236,47.1709674,40
276,237,46.6128424,39
276,238,40.1943689,38
276,239,56.1086704,37
276,240,53.2149344,36
276,241,37.5109064,35
276,242,33.1900674,34
276,243,32.8620875,33
276,244,37.3474134,32
276,245,35.7053744,31
276,246,43.0076564,30
276,247,49.2565704,29
276,248,43.7064634,28
276,249,35.9331124,27
276,250,23.743675,26
276,251,31.8271974,25
276,252,30.7842244,24
276,253,37.0949674,23
276,254,34.7018994,22
276,255,31.8856024,21
276,256,35.6428994,20
276,257,40.8530314,19
276,258,36.8263634,18
276,259,15.8304424,17
276,260,20.0939564,16
276,261,21.1478424,15
276,262,25.2268954,14
276,263,24.4833994,13
276,264,24.6479628,12
276,265,27.4377564,11
276,266,19.8454497,10
276,267,26.1873875,9
276,268,29.2974122,8
276,269,31.3821314,7
276,270,29.7051384,6
276,271,31.8407744,5
276,272,33.3688924,4
276,273,31.1671064,3
276,274,17.1222134,2
276,275,16.3000524,1
277,1,19.427286,276
277,2,20.727745,275
277,3,45.362435,274
277,4,42.162786,273
277,5,37.808118,272
277,6,43.7386996,271
277,7,42.090426,270
277,8,50.67425,269
277,9,63.960882,268
277,10,49.462171,267
277,11,47.818474,266
277,12,53.475541,265
277,13,54.671032,264
277,14,47.980252,263
277,15,36.920597,262
277,16,36.963357,261
277,17,45.206129,260
277,18,40.037043,259
277,19,26.330421,258
277,20,33.33785,257
277,21,57.128746,256
277,22,61.338488,255
277,23,58.832817,254
277,24,56.423308,253
277,25,40.845686,252
277,26,46.284432,251
277,27,44.138839,250
277,28,42.962268,249
277,29,43.162563,248
277,30,42.2157838,247
277,31,44.241554,246
277,32,45.976147,245
277,33,36.682568,244
277,34,49.064166,243
277,35,41.867655,242
277,36,37.469925,241
277,37,31.469668,240
277,38,36.1298619,239
277,39,51.650232,238
277,40,50.426255,237
277,41,49.573927,236
277,42,45.421718,235
277,43,36.152229,234
277,44,25.998693,233
277,45,25.383818,232
277,46,38.51744,231
277,47,26.576479,230
277,48,8.25475,229
277,49,9.82650699999999,228
277,50,32.425903,227
277,51,30.493727,226
277,52,35.150914,225
277,53,43.705207,224
277,54,41.557797,223
277,55,30.541064,222
277,56,27.785445,221
277,57,29.891861,220
277,58,23.662952,219
277,59,16.527744,218
277,60,32.055107,217
277,61,29.750643,216
277,62,42.24205,215
277,63,32.744886,214
277,64,17.194989,213
277,65,25.198911,212
277,66,44.237916,211
277,67,31.277368,210
277,68,28.895332,209
277,69,16.832041,208
277,70,26.995472,207
277,71,23.065907,206
277,72,18.2533,205
277,73,25.746876,204
277,74,24.645515,203
277,75,16.072579,202
277,76,9.62832500000001,201
277,77,9.80857099999999,200
277,78,11.824921,199
277,79,22.191289,198
277,80,15.024693,197
277,81,6.165432,196
277,82,22.141119,195
277,83,32.845261,194
277,84,34.148257,193
277,85,32.542089,192
277,86,34.821968,191
277,87,32.71805,190
277,88,28.409014,189
277,89,28.534922,188
277,90,33.082514,187
277,91,31.951818,186
277,92,24.166586,185
277,93,15.697597,184
277,94,22.551689,183
277,95,23.384471,182
277,96,16.620503,181
277,97,8.79161399999999,180
277,98,23.673096,179
277,99,24.575007,178
277,100,10.876979,177
277,101,21.80139,176
277,102,7.65407499999999,175
277,103,11.335371,174
277,104,7.892718,173
277,105,6.016657,172
277,106,16.146818,171
277,107,10.616314,170
277,108,7.376429,169
277,109,5.668161,168
277,110,16.146857,167
277,111,10.844968,166
277,112,23.551289,165
277,113,5.07690700000001,164
277,114,12.752243,163
277,115,16.621207,162
277,116,26.267032,161
277,117,22.467782,160
277,118,23.619268,159
277,119,5.98275299999999,158
277,120,3.283357,157
277,121,10.3646,156
277,122,10.49705,155
277,123,25.549621,154
277,124,18.481714,153
277,125,10.640196,152
277,126,1.689114,151
277,127,9.00651799999999,150
277,128,15.7027555,149
277,129,9.858418,148
277,130,13.521711,147
277,131,14.040504,146
277,132,8.660279,145
277,133,4.966943,144
277,134,8.916218,143
277,135,13.013925,142
277,136,16.939961,141
277,137,14.64115,140
277,138,8.437254,139
277,139,12.224547,138
277,140,13.843947,137
277,141,20.576218,136
277,142,19.121982,135
277,143,19.490896,134
277,144,19.876196,133
277,145,24.861207,132
277,146,27.690704,131
277,147,26.955775,130
277,148,22.552096,129
277,149,21.945428,128
277,150,34.735243,127
277,151,44.211925,126
277,152,37.299296,125
277,153,31.453611,124
277,154,20.308139,123
277,155,23.817404,122
277,156,26.091754,121
277,157,27.975186,120
277,158,28.672882,119
277,159,42.788629,118
277,160,46.458207,117
277,161,38.9402,116
277,162,34.194268,115
277,163,28.403279,114
277,164,25.985632,113
277,165,22.052943,112
277,166,19.776514,111
277,167,18.414539,110
277,168,23.338025,109
277,169,31.456282,108
277,170,32.906418,107
277,171,21.748593,106
277,172,27.051743,105
277,173,35.396314,104
277,174,35.3539,103
277,175,28.642207,102
277,176,25.817289,101
277,177,32.1741369,100
277,178,31.205722,99
277,179,37.080257,98
277,180,31.024289,97
277,181,25.998814,96
277,182,33.813082,95
277,183,35.250564,94
277,184,30.898818,93
277,185,37.2169616,92
277,186,38.854932,91
277,187,35.666307,90
277,188,35.227768,89
277,189,30.935175,88
277,190,31.237114,87
277,191,34.074711,86
277,192,43.666261,85
277,193,40.33775,84
277,194,36.483207,83
277,195,26.669371,82
277,196,24.269357,81
277,197,24.977446,80
277,198,32.171243,79
277,199,35.3267,78
277,200,46.235168,77
277,201,47.265279,76
277,202,54.110139,75
277,203,60.080218,74
277,204,54.714761,73
277,205,50.753411,72
277,206,44.9230619,71
277,207,33.993082,70
277,208,34.171547,69
277,209,41.890425,68
277,210,49.091322,67
277,211,40.852089,66
277,212,41.290447,65
277,213,37.857279,64
277,214,35.132218,63
277,215,35.770007,62
277,216,29.372668,61
277,217,28.973936,60
277,218,31.994932,59
277,219,36.657689,58
277,220,35.480243,57
277,221,41.356561,56
277,222,32.193682,55
277,223,29.550336,54
277,224,32.553211,53
277,225,26.3252,52
277,226,23.853693,51
277,227,21.70405,50
277,228,27.988675,49
277,229,33.238479,48
277,230,30.242718,47
277,231,28.513032,46
277,232,33.213629,45
277,233,33.27435,44
277,234,29.559432,43
277,235,23.940447,42
277,236,26.841118,41
277,237,26.282993,40
277,238,36.1979805,39
277,239,35.778821,38
277,240,32.885085,37
277,241,23.348943,36
277,242,23.693582,35
277,243,28.9483369,34
277,244,25.601336,33
277,245,24.209475,32
277,246,25.428693,31
277,247,28.926721,30
277,248,23.376614,29
277,249,15.603263,28
277,250,17.9974744,27
277,251,13.253552,26
277,252,21.372025,25
277,253,23.766082,24
277,254,26.53925,23
277,255,27.225847,22
277,256,23.89575,21
277,257,25.689418,20
277,258,16.496514,19
277,259,4.499407,18
277,260,1.93209299999999,17
277,261,4.485707,16
277,262,12.148054,15
277,263,13.65415,14
277,264,18.9843866,13
277,265,17.523593,12
277,266,15.9316991,11
277,267,22.2736369,10
277,268,25.3836616,9
277,269,23.802918,8
277,270,21.124811,7
277,271,19.179075,6
277,272,17.457157,5
277,273,10.837257,4
277,274,14.790864,3
277,275,20.213803,2
277,276,20.3298494,1
278,1,25.652818,277
278,2,30.786213,276
278,3,55.420903,275
278,4,48.388318,274
278,5,45.32675,273
278,6,49.9642316,272
278,7,48.315958,271
278,8,60.732718,270
278,9,74.01935,269
278,10,59.520639,268
278,11,54.044006,267
278,12,63.534009,266
278,13,64.7295,265
278,14,54.205784,264
278,15,43.146129,263
278,16,44.687411,262
278,17,53.678439,261
278,18,46.262575,260
278,19,36.388889,259
278,20,42.063018,258
278,21,67.187214,257
278,22,67.56402,256
278,23,68.891285,255
278,24,62.64884,254
278,25,47.071218,253
278,26,56.3429,252
278,27,50.364371,251
278,28,49.1878,250
278,29,49.388095,249
278,30,48.4413158,248
278,31,51.799314,247
278,32,52.201679,246
278,33,46.741036,245
278,34,59.122634,244
278,35,48.093187,243
278,36,43.695457,242
278,37,37.6952,241
278,38,42.3553939,240
278,39,61.7087,239
278,40,58.204713,238
278,41,59.632395,237
278,42,51.64725,236
278,43,45.877439,235
278,44,36.057161,234
278,45,35.442286,233
278,46,48.575908,232
278,47,36.634947,231
278,48,18.313218,230
278,49,8.14747500000001,229
278,50,42.484371,228
278,51,40.552195,227
278,52,45.209382,226
278,53,52.400761,225
278,54,47.783329,224
278,55,40.599532,223
278,56,37.843913,222
278,57,37.366407,221
278,58,29.888484,220
278,59,26.586212,219
278,60,42.113575,218
278,61,39.809111,217
278,62,52.300518,216
278,63,42.467282,215
278,64,27.253457,214
278,65,35.257379,213
278,66,54.296384,212
278,67,37.5029,211
278,68,38.9538,210
278,69,26.890509,209
278,70,37.05394,208
278,71,33.124375,207
278,72,28.311768,206
278,73,31.972408,205
278,74,31.816953,204
278,75,25.764289,203
278,76,19.686793,202
278,77,3.621739,201
278,78,21.883389,200
278,79,32.249757,199
278,80,25.083161,198
278,81,16.2239,197
278,82,32.199587,196
278,83,42.903729,195
278,84,44.206725,194
278,85,42.600557,193
278,86,41.9922,192
278,87,42.776518,191
278,88,38.467482,190
278,89,34.760454,189
278,90,43.140982,188
278,91,42.010286,187
278,92,33.058182,186
278,93,22.588171,185
278,94,16.326157,184
278,95,33.442939,183
278,96,26.678971,182
278,97,15.017146,181
278,98,33.731564,180
278,99,30.800539,179
278,100,17.102511,178
278,101,15.575858,177
278,102,11.653743,176
278,103,21.393839,175
278,104,14.11825,174
278,105,16.075125,173
278,106,26.205286,172
278,107,20.674782,171
278,108,4.515561,170
278,109,6.973693,169
278,110,9.921325,168
278,111,20.903436,167
278,112,33.609757,166
278,113,15.135375,165
278,114,4.693725,164
278,115,7.64586100000001,163
278,116,20.0415,162
278,117,16.24225,161
278,118,17.393736,160
278,119,8.659721,159
278,120,13.341825,158
278,121,16.590132,157
278,122,1.269918,156
278,123,19.324089,155
278,124,28.540182,154
278,125,20.698664,153
278,126,11.369882,152
278,127,3.30315,151
278,128,8.10578750000001,150
278,129,0.36755,149
278,130,4.788343,148
278,131,3.982036,147
278,132,1.398189,146
278,133,5.091525,145
278,134,6.81045,144
278,135,2.955457,143
278,136,6.881493,142
278,137,8.41561800000001,141
278,138,1.627214,140
278,139,7.08487899999999,139
278,140,3.78547900000001,138
278,141,10.51775,137
278,142,9.063514,136
278,143,13.265364,135
278,144,13.650664,134
278,145,14.802739,133
278,146,20.632764,132
278,147,20.730243,131
278,148,16.326564,130
278,149,15.719896,129
278,150,24.676775,128
278,151,34.153457,127
278,152,31.073764,126
278,153,25.228079,125
278,154,14.082607,124
278,155,13.758936,123
278,156,16.033286,122
278,157,17.916718,121
278,158,20.029186,120
278,159,32.730161,119
278,160,36.399739,118
278,161,28.881732,117
278,162,24.1358,116
278,163,18.344811,115
278,164,19.7601,114
278,165,15.827411,113
278,166,9.718046,112
278,167,12.189007,111
278,168,13.279557,110
278,169,21.397814,109
278,170,22.84795,108
278,171,11.690125,107
278,172,16.993275,106
278,173,25.337846,105
278,174,29.128368,104
278,175,22.416675,103
278,176,19.591757,102
278,177,22.1156689,101
278,178,21.147254,100
278,179,27.021789,99
278,180,24.798757,98
278,181,17.020654,97
278,182,23.754614,96
278,183,25.192096,95
278,184,24.673286,94
278,185,27.1584936,93
278,186,28.796464,92
278,187,25.607839,91
278,188,25.1693,90
278,189,24.709643,89
278,190,21.178646,88
278,191,24.849857,87
278,192,37.440729,86
278,193,33.361818,85
278,194,26.424739,84
278,195,20.443839,83
278,196,14.959011,82
278,197,18.751914,81
278,198,25.945711,80
278,199,29.101168,79
278,200,36.1767,78
278,201,37.206811,77
278,202,47.884607,76
278,203,50.02175,75
278,204,44.656293,74
278,205,40.694943,73
278,206,34.8645939,72
278,207,27.017686,71
278,208,24.945621,70
278,209,31.996643,69
278,210,39.032854,68
278,211,30.793621,67
278,212,31.231979,66
278,213,27.798811,65
278,214,28.90615,64
278,215,25.711539,63
278,216,21.9808,62
278,217,19.913232,61
278,218,25.7694,60
278,219,29.846979,59
278,220,27.421725,58
278,221,31.298093,57
278,222,25.218286,56
278,223,19.491868,55
278,224,22.494743,54
278,225,20.099668,53
278,226,17.628161,52
278,227,15.478518,51
278,228,21.763143,50
278,229,23.180011,49
278,230,24.017186,48
278,231,18.454564,47
278,232,23.155161,46
278,233,27.048818,45
278,234,23.3339,44
278,235,13.881979,43
278,236,20.615586,42
278,237,20.057461,41
278,238,26.1395125,40
278,239,29.553289,39
278,240,26.659553,38
278,241,13.290475,37
278,242,13.635114,36
278,243,18.8898689,35
278,244,15.542868,34
278,245,14.151007,33
278,246,16.452275,32
278,247,22.701189,31
278,248,17.151082,30
278,249,12.959131,29
278,250,7.9390064,28
278,251,5.271816,27
278,252,11.313557,26
278,253,13.707614,25
278,254,16.480782,24
278,255,17.167379,23
278,256,13.837282,22
278,257,15.63095,21
278,258,10.270982,20
278,259,10.724939,19
278,260,8.126375,18
278,261,5.572761,17
278,262,2.089586,16
278,263,3.59568200000001,15
278,264,8.92591860000001,14
278,265,7.465125,13
278,266,7.37713110000001,12
278,267,12.2151689,11
278,268,15.3251936,10
278,269,13.74445,9
278,270,11.066343,8
278,271,9.12060699999999,7
278,272,7.398689,6
278,273,4.611725,5
278,274,24.849332,4
278,275,30.272271,3
278,276,26.5553814,2
278,277,10.058468,1
279,1,19.227964,278
279,2,26.613095,277
279,3,51.247785,276
279,4,41.943364,275
279,5,41.153632,274
279,6,40.1234496,273
279,7,43.000624,272
279,8,56.5596,271
279,9,69.846232,270
279,10,55.347521,269
279,11,44.203224,268
279,12,59.360891,267
279,13,60.556382,266
279,14,44.365002,265
279,15,36.388553,264
279,16,40.514293,263
279,17,49.505321,262
279,18,38.005807,261
279,19,32.215771,260
279,20,37.8899,259
279,21,63.014096,258
279,22,62.683382,257
279,23,64.718167,256
279,24,55.940442,255
279,25,37.230436,254
279,26,52.169782,253
279,27,40.523589,252
279,28,39.347018,251
279,29,40.942387,250
279,30,38.6005338,249
279,31,47.626196,248
279,32,42.360897,247
279,33,42.567918,246
279,34,54.949516,245
279,35,38.252405,244
279,36,37.355425,243
279,37,28.771782,242
279,38,32.5146119,241
279,39,57.535582,240
279,40,54.031595,239
279,41,55.459277,238
279,42,41.806468,237
279,43,41.704321,236
279,44,31.884043,235
279,45,31.269168,234
279,46,44.40279,233
279,47,32.461829,232
279,48,14.1401,231
279,49,13.441757,230
279,50,38.311253,229
279,51,36.379077,228
279,52,41.036264,227
279,53,48.227643,226
279,54,37.942547,225
279,55,36.426414,224
279,56,33.670795,223
279,57,33.193289,222
279,58,20.047702,221
279,59,22.413094,220
279,60,37.940457,219
279,61,35.635993,218
279,62,48.1274,217
279,63,38.294164,216
279,64,23.080339,215
279,65,31.084261,214
279,66,50.123266,213
279,67,27.662118,212
279,68,34.780682,211
279,69,22.717391,210
279,70,32.880822,209
279,71,28.951257,208
279,72,24.13865,207
279,73,22.395874,206
279,74,27.643835,205
279,75,21.591171,204
279,76,15.513675,203
279,77,13.423821,202
279,78,17.710271,201
279,79,28.076639,200
279,80,20.910043,199
279,81,12.050782,198
279,82,28.026469,197
279,83,38.730611,196
279,84,40.033607,195
279,85,38.427439,194
279,86,37.819082,193
279,87,38.6034,192
279,88,34.294364,191
279,89,30.002828,190
279,90,38.967864,189
279,91,37.837168,188
279,92,28.885064,187
279,93,18.415053,186
279,94,26.166939,185
279,95,29.269821,184
279,96,22.505853,183
279,97,8.84233599999999,182
279,98,29.558446,181
279,99,20.959757,180
279,100,8.844671,179
279,101,25.41664,178
279,102,11.269325,177
279,103,17.220721,176
279,104,4.27746799999999,175
279,105,11.902007,174
279,106,22.032168,173
279,107,16.501664,172
279,108,5.325221,171
279,109,2.86708900000001,170
279,110,19.762107,169
279,111,16.730318,168
279,112,29.436639,167
279,113,10.962257,166
279,114,14.534507,165
279,115,17.486643,164
279,116,29.882282,163
279,117,26.083032,162
279,118,27.234518,161
279,119,9.598003,160
279,120,9.16870699999999,159
279,121,6.74935,158
279,122,11.1107,157
279,123,29.164871,156
279,124,24.367064,155
279,125,16.525546,154
279,126,7.19676399999999,153
279,127,6.537632,152
279,128,9.8174055,151
279,129,9.473232,150
279,130,7.63636100000001,149
279,131,8.155154,148
279,132,10.106471,147
279,133,5.08090700000001,146
279,134,3.030868,145
279,135,9.54392500000001,144
279,136,11.054611,143
279,137,18.2564,142
279,138,11.467996,141
279,139,6.33919700000001,140
279,140,7.95859700000001,139
279,141,14.690868,138
279,142,14.985868,137
279,143,23.106146,136
279,144,23.491446,135
279,145,21.559243,134
279,146,30.473546,133
279,147,30.571025,132
279,148,26.167346,131
279,149,25.560678,130
279,150,28.849893,129
279,151,38.326575,128
279,152,40.914546,127
279,153,35.068861,126
279,154,23.923389,125
279,155,17.932054,124
279,156,20.707296,123
279,157,22.089836,122
279,158,29.869968,121
279,159,37.152921,120
279,160,42.573343,119
279,161,33.80525,118
279,162,30.974982,117
279,163,26.352071,116
279,164,29.600882,115
279,165,25.668193,114
279,166,18.307536,113
279,167,22.029789,112
279,168,18.534725,111
279,169,25.570932,110
279,170,27.021068,109
279,171,18.613057,108
279,172,25.999907,107
279,173,34.510236,106
279,174,38.96915,105
279,175,32.257457,104
279,176,29.432539,103
279,177,26.2887869,102
279,178,25.320372,101
279,179,32.444993,100
279,180,34.639539,99
279,181,26.861436,98
279,182,27.927732,97
279,183,29.365214,96
279,184,34.514068,95
279,185,31.3316116,94
279,186,32.969582,93
279,187,31.781443,92
279,188,32.591382,91
279,189,34.550425,90
279,190,29.768136,89
279,191,34.690639,88
279,192,47.281511,87
279,193,43.2026,86
279,194,32.095843,85
279,195,30.284621,84
279,196,24.799793,83
279,197,28.592696,82
279,198,35.786493,81
279,199,38.94195,80
279,200,40.349818,79
279,201,41.379929,78
279,202,57.725389,77
279,203,54.194868,76
279,204,48.829411,75
279,205,49.453139,74
279,206,39.0377119,73
279,207,36.858468,72
279,208,34.786403,71
279,209,41.837425,70
279,210,48.456628,69
279,211,39.466861,68
279,212,39.406203,67
279,213,34.888171,66
279,214,38.746932,65
279,215,29.968943,64
279,216,31.821582,63
279,217,29.754014,62
279,218,35.610182,61
279,219,39.687761,60
279,220,37.262507,59
279,221,37.637589,58
279,222,35.059068,57
279,223,27.663814,56
279,224,26.667861,55
279,225,29.94045,54
279,226,27.468943,53
279,227,25.3193,52
279,228,31.603925,51
279,229,28.520671,50
279,230,33.857968,49
279,231,23.211118,48
279,232,27.328279,47
279,233,36.8896,46
279,234,33.174682,45
279,235,19.637503,44
279,236,30.456368,43
279,237,29.898243,42
279,238,30.3126305,41
279,239,39.394071,40
279,240,36.500335,39
279,241,20.796307,38
279,242,17.808232,37
279,243,23.0629869,36
279,244,20.632814,35
279,245,18.990775,34
279,246,26.293057,33
279,247,32.541971,32
279,248,26.991864,31
279,249,19.218513,30
279,250,12.1121244,29
279,251,15.112598,28
279,252,15.486675,27
279,253,20.380368,26
279,254,20.6539,25
279,255,21.340497,24
279,256,18.9283,23
279,257,24.138432,22
279,258,20.111764,21
279,259,4.800843,20
279,260,3.953257,19
279,261,4.433243,18
279,262,8.51229600000001,17
279,263,7.76880000000001,16
279,264,13.0990366,15
279,265,11.638243,14
279,266,10.0463491,13
279,267,16.3882869,12
279,268,19.4983116,11
279,269,17.917568,10
279,270,15.239461,9
279,271,15.126175,8
279,272,16.654293,7
279,273,14.452507,6
279,274,20.676214,5
279,275,26.099153,4
279,276,16.7145994,3
279,277,5.88534999999999,2
279,278,9.840782,1
280,1,30.3664881,279
280,2,37.7516191,278
280,3,62.3863091,277
280,4,53.0818881,276
280,5,52.2921561,275
280,6,45.1798745,274
280,7,54.1391481,273
280,8,67.6981241,272
280,9,80.9847561,271
280,10,66.4860451,270
280,11,53.6236001,269
280,12,70.4994151,268
280,13,71.6949061,267
280,14,54.3771221,266
280,15,47.5270771,265
280,16,51.6528171,264
280,17,60.6438451,263
280,18,49.1443311,262
280,19,43.3542951,261
280,20,49.0284241,260
280,21,74.1526201,259
280,22,73.8219061,258
280,23,75.8566911,257
280,24,67.0789661,256
280,25,47.6777881,255
280,26,63.3083061,254
280,27,48.8324351,253
280,28,48.9239061,252
280,29,52.0809111,251
280,30,41.5688903,250
280,31,58.7647201,249
280,32,42.5461271,248
280,33,53.7064421,247
280,34,66.0880401,246
280,35,48.4375191,245
280,36,48.4939491,244
280,37,39.9103061,243
280,38,31.6540122,242
280,39,68.6741061,241
280,40,65.1701191,240
280,41,66.5978011,239
280,42,49.4068561,238
280,43,52.8428451,237
280,44,43.0225671,236
280,45,42.4076921,235
280,46,55.5413141,234
280,47,43.6003531,233
280,48,25.2786241,232
280,49,17.3865811,231
280,50,49.4497771,230
280,51,47.5176011,229
280,52,52.1747881,228
280,53,59.3661671,227
280,54,43.6083771,226
280,55,47.5649381,225
280,56,44.8093191,224
280,57,44.3318131,223
280,58,29.8856221,222
280,59,33.5516181,221
280,60,49.0789811,220
280,61,46.7745171,219
280,62,59.2659241,218
280,63,49.4326881,217
280,64,34.2188631,216
280,65,42.2227851,215
280,66,61.2617901,214
280,67,36.8839061,213
280,68,45.9192061,212
280,69,33.8559151,211
280,70,44.0193461,210
280,71,40.0897811,209
280,72,35.2771741,208
280,73,33.5343981,207
280,74,38.7823591,206
280,75,32.7296951,205
280,76,26.6521991,204
280,77,17.3686451,203
280,78,28.8487951,202
280,79,39.2151631,201
280,80,32.0485671,200
280,81,23.1893061,199
280,82,39.1649931,198
280,83,49.8691351,197
280,84,51.1721311,196
280,85,49.5659631,195
280,86,48.9576061,194
280,87,49.7419241,193
280,88,45.4328881,192
280,89,41.1413521,191
280,90,50.1063881,190
280,91,48.9756921,189
280,92,40.0235881,188
280,93,29.5535771,187
280,94,30.1117631,186
280,95,40.4083451,185
280,96,33.6443771,184
280,97,19.9808601,183
280,98,40.6969701,182
280,99,31.8475671,181
280,100,19.9831951,180
280,101,29.3614641,179
280,102,18.6191491,178
280,103,28.3592451,177
280,104,12.1659561,176
280,105,23.0405311,175
280,106,33.1706921,174
280,107,27.6401881,173
280,108,9.6474451,172
280,109,11.3557131,171
280,110,23.7069311,170
280,111,27.8688421,169
280,112,40.5751631,168
280,113,22.1007811,167
280,114,18.4793311,166
280,115,21.4314671,165
280,116,33.8271061,164
280,117,30.0278561,163
280,118,31.1793421,162
280,119,15.6251271,161
280,120,20.3072311,160
280,121,14.0554741,159
280,122,15.0555241,158
280,123,33.1096951,157
280,124,35.5055881,156
280,125,27.6640701,155
280,126,18.3352881,154
280,127,10.4824561,153
280,128,5.6798186,152
280,129,13.4180561,151
280,130,8.99726310000001,150
280,131,10.1821701,149
280,132,14.0512951,148
280,133,12.0569311,147
280,134,8.1076561,146
280,135,13.4887491,145
280,136,13.9163131,144
280,137,22.2012241,143
280,138,15.4128201,142
280,139,6.70072710000001,141
280,140,10.5713271,140
280,141,16.7189561,139
280,142,18.9306921,138
280,143,27.0509701,137
280,144,27.4362701,136
280,145,25.5040671,135
280,146,34.4183701,134
280,147,34.5158491,133
280,148,30.1121701,132
280,149,29.5055021,131
280,150,32.2950311,130
280,151,39.1056491,129
280,152,44.8593701,128
280,153,39.0136851,127
280,154,27.8682131,126
280,155,20.2940701,125
280,156,24.6521201,124
280,157,24.2848881,123
280,158,33.8147921,122
280,159,41.0977451,121
280,160,46.5181671,120
280,161,37.7500741,119
280,162,34.9198061,118
280,163,30.2968951,117
280,164,33.5457061,116
280,165,29.6130171,115
280,166,22.2523601,114
280,167,25.9746131,113
280,168,22.4795491,112
280,169,27.4325921,111
280,170,26.5500561,110
280,171,22.5578811,109
280,172,29.9447311,108
280,173,38.4550601,107
280,174,42.9139741,106
280,175,36.2022811,105
280,176,33.3773631,104
280,177,24.8172372,103
280,178,25.5981521,102
280,179,36.3898171,101
280,180,38.5843631,100
280,181,30.8062601,99
280,182,27.5381921,98
280,183,30.6445101,97
280,184,38.4588921,96
280,185,28.1108125,95
280,186,35.7491421,94
280,187,35.7262671,93
280,188,36.5362061,92
280,189,38.4952491,91
280,190,33.7129601,90
280,191,38.6354631,89
280,192,51.2263351,88
280,193,47.1474241,87
280,194,36.0406671,86
280,195,34.2294451,85
280,196,28.7446171,84
280,197,32.5375201,83
280,198,39.7313171,82
280,199,42.8867741,81
280,200,43.7112061,80
280,201,42.4923951,79
280,202,61.6702131,78
280,203,57.8912561,77
280,204,52.2740131,76
280,205,53.3979631,75
280,206,37.0670122,74
280,207,40.8032921,73
280,208,38.7312271,72
280,209,45.7822491,71
280,210,52.4014521,70
280,211,43.4116851,69
280,212,43.3510271,68
280,213,38.8329951,67
280,214,42.6917561,66
280,215,33.9137671,65
280,216,35.7664061,64
280,217,33.6988381,63
280,218,39.5550061,62
280,219,43.6325851,61
280,220,41.2073311,60
280,221,41.5824131,59
280,222,39.0038921,58
280,223,31.6086381,57
280,224,29.3620631,56
280,225,33.8852741,55
280,226,31.4137671,54
280,227,29.2641241,53
280,228,35.5487491,52
280,229,32.4654951,51
280,230,37.8027921,50
280,231,27.1559421,49
280,232,27.1878451,48
280,233,40.8344241,47
280,234,37.1195061,46
280,235,23.5823271,45
280,236,34.4011921,44
280,237,33.8430671,43
280,238,27.4245936,42
280,239,43.3388951,41
280,240,40.4451591,40
280,241,24.7411311,39
280,242,20.4202921,38
280,243,20.0906372,37
280,244,24.5776381,36
280,245,22.9355991,35
280,246,30.2378811,34
280,247,36.4867951,33
280,248,30.9366881,32
280,249,23.1633371,31
280,250,10.9738997,30
280,251,19.0574221,29
280,252,18.0144491,28
280,253,24.3251921,27
280,254,21.9321241,26
280,255,19.1158271,25
280,256,22.8731241,24
280,257,28.0832561,23
280,258,24.0565881,22
280,259,15.9393671,21
280,260,15.0917811,20
280,261,12.5381671,19
280,262,12.4571201,18
280,263,11.7136241,17
280,264,11.8781875,16
280,265,14.6679811,15
280,266,6.40847499999999,14
280,267,12.7526372,13
280,268,12.1101125,12
280,269,18.6123561,11
280,270,16.9353631,10
280,271,19.0709991,9
280,272,20.5991171,8
280,273,18.3973311,7
280,274,31.8147381,6
280,275,37.2376771,5
280,276,20.9376247,4
280,277,17.0238741,3
280,278,13.7856061,2
280,279,11.1385241,1
281,1,30.1503506,280
281,2,37.5354816,279
281,3,62.1701716,278
281,4,52.8657506,277
281,5,52.0760186,276
281,6,44.963737,275
281,7,53.9230106,274
281,8,67.4819866,273
281,9,80.7686186,272
281,10,66.2699076,271
281,11,53.4074626,270
281,12,70.2832776,269
281,13,71.4787686,268
281,14,54.1609846,267
281,15,47.3109396,266
281,16,51.4366796,265
281,17,60.4277076,264
281,18,48.9281936,263
281,19,43.1381576,262
281,20,48.8122866,261
281,21,73.9364826,260
281,22,73.6057686,259
281,23,75.6405536,258
281,24,66.8628286,257
281,25,47.4616506,256
281,26,63.0921686,255
281,27,48.6162976,254
281,28,48.7077686,253
281,29,51.8647736,252
281,30,41.3527528,251
281,31,58.5485826,250
281,32,42.3299896,249
281,33,53.4903046,248
281,34,65.8719026,247
281,35,48.2213816,246
281,36,48.2778116,245
281,37,39.6941686,244
281,38,31.4378747,243
281,39,68.4579686,242
281,40,64.9539816,241
281,41,66.3816636,240
281,42,49.1907186,239
281,43,52.6267076,238
281,44,42.8064296,237
281,45,42.1915546,236
281,46,55.3251766,235
281,47,43.3842156,234
281,48,25.0624866,233
281,49,14.8967436,232
281,50,49.2336396,231
281,51,47.3014636,230
281,52,51.9586506,229
281,53,59.1500296,228
281,54,43.3922396,227
281,55,47.3488006,226
281,56,44.5931816,225
281,57,44.1156756,224
281,58,29.6694846,223
281,59,33.3354806,222
281,60,48.8628436,221
281,61,46.5583796,220
281,62,59.0497866,219
281,63,49.2165506,218
281,64,34.0027256,217
281,65,42.0066476,216
281,66,61.0456526,215
281,67,36.6677686,214
281,68,45.7030686,213
281,69,33.6397776,212
281,70,43.8032086,211
281,71,39.8736436,210
281,72,35.0610366,209
281,73,33.3182606,208
281,74,38.5662216,207
281,75,32.5135576,206
281,76,26.4360616,205
281,77,14.5011076,204
281,78,28.6326576,203
281,79,38.9990256,202
281,80,31.8324296,201
281,81,22.9731686,200
281,82,38.9488556,199
281,83,49.6529976,198
281,84,50.9559936,197
281,85,49.3498256,196
281,86,48.7414686,195
281,87,49.5257866,194
281,88,45.2167506,193
281,89,40.9252146,192
281,90,49.8902506,191
281,91,48.7595546,190
281,92,39.8074506,189
281,93,29.3374396,188
281,94,27.2442256,187
281,95,40.1922076,186
281,96,33.4282396,185
281,97,19.7647226,184
281,98,40.4808326,183
281,99,31.6314296,182
281,100,19.7670576,181
281,101,26.4939266,180
281,102,18.4030116,179
281,103,28.1431076,178
281,104,11.9498186,177
281,105,22.8243936,176
281,106,32.9545546,175
281,107,27.4240506,174
281,108,9.4313076,173
281,109,11.1395756,172
281,110,20.8393936,171
281,111,27.6527046,170
281,112,40.3590256,169
281,113,21.8846436,168
281,114,15.6117936,167
281,115,18.5639296,166
281,116,30.9595686,165
281,117,27.1603186,164
281,118,28.3118046,163
281,119,15.4089896,162
281,120,20.0910936,161
281,121,13.8393366,160
281,122,12.1879866,159
281,123,30.2421576,158
281,124,35.2894506,157
281,125,27.4479326,156
281,126,18.1191506,155
281,127,7.8012186,154
281,128,2.8122811,153
281,129,10.5505186,152
281,130,6.12972560000001,151
281,131,7.3146326,150
281,132,11.1837576,149
281,133,11.8407936,148
281,134,7.8915186,147
281,135,10.6212116,146
281,136,11.0487756,145
281,137,19.3336866,144
281,138,12.5452826,143
281,139,4.58318959999999,142
281,140,7.70378960000001,141
281,141,13.8514186,140
281,142,16.0631546,139
281,143,24.1834326,138
281,144,24.5687326,137
281,145,22.6365296,136
281,146,31.5508326,135
281,147,31.6483116,134
281,148,27.2446326,133
281,149,26.6379646,132
281,150,29.4274936,131
281,151,36.2381116,130
281,152,41.9918326,129
281,153,36.1461476,128
281,154,25.0006756,127
281,155,17.4265326,126
281,156,21.7845826,125
281,157,21.4173506,124
281,158,30.9472546,123
281,159,38.2302076,122
281,160,43.6506296,121
281,161,34.8825366,120
281,162,32.0522686,119
281,163,27.4293576,118
281,164,30.6781686,117
281,165,26.7454796,116
281,166,19.3848226,115
281,167,23.1070756,114
281,168,19.6120116,113
281,169,24.5650546,112
281,170,23.6825186,111
281,171,19.6903436,110
281,172,27.0771936,109
281,173,35.5875226,108
281,174,40.0464366,107
281,175,33.3347436,106
281,176,30.5098256,105
281,177,21.9496997,104
281,178,22.7306146,103
281,179,33.5222796,102
281,180,35.7168256,101
281,181,27.9387226,100
281,182,24.6706546,99
281,183,27.7769726,98
281,184,35.5913546,97
281,185,25.243275,96
281,186,32.8816046,95
281,187,32.8587296,94
281,188,33.6686686,93
281,189,35.6277116,92
281,190,30.8454226,91
281,191,35.7679256,90
281,192,48.3587976,89
281,193,44.2798866,88
281,194,33.1731296,87
281,195,31.3619076,86
281,196,25.8770796,85
281,197,29.6699826,84
281,198,36.8637796,83
281,199,40.0192366,82
281,200,40.8436686,81
281,201,39.6248576,80
281,202,58.8026756,79
281,203,55.0237186,78
281,204,49.4064756,77
281,205,50.5304256,76
281,206,34.1994747,75
281,207,37.9357546,74
281,208,35.8636896,73
281,209,42.9147116,72
281,210,49.5339146,71
281,211,40.5441476,70
281,212,40.4834896,69
281,213,35.9654576,68
281,214,39.8242186,67
281,215,31.0462296,66
281,216,32.8988686,65
281,217,30.8313006,64
281,218,36.6874686,63
281,219,40.7650476,62
281,220,38.3397936,61
281,221,38.7148756,60
281,222,36.1363546,59
281,223,28.7411006,58
281,224,26.4945256,57
281,225,31.0177366,56
281,226,28.5462296,55
281,227,26.3965866,54
281,228,32.6812116,53
281,229,29.5979576,52
281,230,34.9352546,51
281,231,24.2884046,50
281,232,24.3203076,49
281,233,37.9668866,48
281,234,34.2519686,47
281,235,20.7147896,46
281,236,31.5336546,45
281,237,30.9755296,44
281,238,24.5570561,43
281,239,40.4713576,42
281,240,37.5776216,41
281,241,21.8735936,40
281,242,17.5527546,39
281,243,17.2230997,38
281,244,21.7101006,37
281,245,20.0680616,36
281,246,27.3703436,35
281,247,33.6192576,34
281,248,28.0691506,33
281,249,20.2957996,32
281,250,8.1063622,31
281,251,16.1898846,30
281,252,15.1469116,29
281,253,21.4576546,28
281,254,19.0645866,27
281,255,16.2482896,26
281,256,20.0055866,25
281,257,25.2157186,24
281,258,21.1890506,23
281,259,15.7232296,22
281,260,14.8756436,21
281,261,12.3220296,20
281,262,9.5895826,19
281,263,8.84608660000001,18
281,264,9.01065000000001,17
281,265,11.8004436,16
281,266,3.54093749999999,15
281,267,9.88509970000001,14
281,268,9.24257499999999,13
281,269,15.7448186,12
281,270,14.0678256,11
281,271,16.2034616,10
281,272,17.7315796,9
281,273,15.5297936,8
281,274,31.5986006,7
281,275,37.0215396,6
281,276,20.7214872,5
281,277,16.8077366,4
281,278,10.9180686,3
281,279,10.9223866,2
281,280,2.8675375,1
282,1,30.552432,281
282,2,37.937563,280
282,3,62.572253,279
282,4,53.267832,278
282,5,52.4781,277
282,6,45.3658184,276
282,7,54.325092,275
282,8,67.884068,274
282,9,81.1707,273
282,10,66.671989,272
282,11,53.809544,271
282,12,70.685359,270
282,13,71.88085,269
282,14,54.563066,268
282,15,47.713021,267
282,16,51.838761,266
282,17,60.829789,265
282,18,49.330275,264
282,19,43.540239,263
282,20,49.214368,262
282,21,74.338564,261
282,22,74.00785,260
282,23,76.042635,259
282,24,67.26491,258
282,25,47.863732,257
282,26,63.49425,256
282,27,49.018379,255
282,28,49.10985,254
282,29,52.266855,253
282,30,41.7548342,252
282,31,58.950664,251
282,32,44.103829,250
282,33,53.892386,249
282,34,66.273984,248
282,35,48.623463,247
282,36,48.679893,246
282,37,40.09625,245
282,38,34.2575439,244
282,39,68.86005,243
282,40,65.356063,242
282,41,66.783745,241
282,42,49.5928,240
282,43,53.028789,239
282,44,43.208511,238
282,45,42.593636,237
282,46,55.727258,236
282,47,43.786297,235
282,48,25.464568,234
282,49,15.298825,233
282,50,49.635721,232
282,51,47.703545,231
282,52,52.360732,230
282,53,59.552111,229
282,54,43.794321,228
282,55,47.750882,227
282,56,44.995263,226
282,57,44.517757,225
282,58,30.071566,224
282,59,33.737562,223
282,60,49.264925,222
282,61,46.960461,221
282,62,59.451868,220
282,63,49.618632,219
282,64,34.404807,218
282,65,42.408729,217
282,66,61.447734,216
282,67,37.06985,215
282,68,46.10515,214
282,69,34.041859,213
282,70,44.20529,212
282,71,40.275725,211
282,72,35.463118,210
282,73,33.720342,209
282,74,38.968303,208
282,75,32.915639,207
282,76,26.838143,206
282,77,11.680889,205
282,78,29.034739,204
282,79,39.401107,203
282,80,32.234511,202
282,81,23.37525,201
282,82,39.350937,200
282,83,50.055079,199
282,84,51.358075,198
282,85,49.751907,197
282,86,49.14355,196
282,87,49.927868,195
282,88,45.618832,194
282,89,41.327296,193
282,90,50.292332,192
282,91,49.161636,191
282,92,40.209532,190
282,93,29.739521,189
282,94,24.424007,188
282,95,40.594289,187
282,96,33.830321,186
282,97,20.166804,185
282,98,40.882914,184
282,99,32.033511,183
282,100,20.169139,182
282,101,23.673708,181
282,102,18.805093,180
282,103,28.545189,179
282,104,12.3519,178
282,105,23.226475,177
282,106,33.356636,176
282,107,27.826132,175
282,108,9.833389,174
282,109,11.541657,173
282,110,18.019175,172
282,111,28.054786,171
282,112,40.761107,170
282,113,22.286725,169
282,114,12.791575,168
282,115,15.743711,167
282,116,28.13935,166
282,117,24.3401,165
282,118,25.491586,164
282,119,15.811071,163
282,120,20.493175,162
282,121,14.241418,161
282,122,9.367768,160
282,123,27.421939,159
282,124,35.691532,158
282,125,27.850014,157
282,126,18.521232,156
282,127,8.2033,155
282,128,1.5070625,154
282,129,7.7303,153
282,130,3.68810699999999,152
282,131,4.494414,151
282,132,8.549539,150
282,133,12.242875,149
282,134,8.2936,148
282,135,7.800993,147
282,136,8.228557,146
282,137,16.513468,145
282,138,9.725064,144
282,139,4.98527099999999,143
282,140,4.88357100000001,142
282,141,11.0312,141
282,142,13.242936,140
282,143,21.363214,139
282,144,21.748514,138
282,145,19.816311,137
282,146,28.730614,136
282,147,28.828093,135
282,148,24.424414,134
282,149,23.817746,133
282,150,26.607275,132
282,151,33.417893,131
282,152,39.171614,130
282,153,33.325929,129
282,154,22.180457,128
282,155,14.606314,127
282,156,18.964364,126
282,157,18.597132,125
282,158,28.127036,124
282,159,35.409989,123
282,160,40.830411,122
282,161,32.062318,121
282,162,29.23205,120
282,163,24.609139,119
282,164,27.85795,118
282,165,23.925261,117
282,166,16.564604,116
282,167,20.286857,115
282,168,16.791793,114
282,169,21.744836,113
282,170,20.8623,112
282,171,16.870125,111
282,172,24.256975,110
282,173,32.767304,109
282,174,37.226218,108
282,175,30.514525,107
282,176,27.689607,106
282,177,19.1294811,105
282,178,19.910396,104
282,179,30.702061,103
282,180,32.896607,102
282,181,25.118504,101
282,182,21.850436,100
282,183,24.956754,99
282,184,32.771136,98
282,185,22.4230564,97
282,186,30.061386,96
282,187,30.038511,95
282,188,30.84845,94
282,189,32.807493,93
282,190,28.025204,92
282,191,32.947707,91
282,192,45.538579,90
282,193,41.459668,89
282,194,30.352911,88
282,195,28.541689,87
282,196,23.056861,86
282,197,26.849764,85
282,198,34.043561,84
282,199,37.199018,83
282,200,38.02345,82
282,201,36.804639,81
282,202,55.982457,80
282,203,52.2035,79
282,204,46.586257,78
282,205,47.710207,77
282,206,31.3792561,76
282,207,35.115536,75
282,208,33.043471,74
282,209,40.094493,73
282,210,46.713696,72
282,211,37.723929,71
282,212,37.663271,70
282,213,33.145239,69
282,214,37.004,68
282,215,28.226011,67
282,216,30.07865,66
282,217,28.011082,65
282,218,33.86725,64
282,219,37.944829,63
282,220,35.519575,62
282,221,35.894657,61
282,222,33.316136,60
282,223,25.920882,59
282,224,23.674307,58
282,225,28.197518,57
282,226,25.726011,56
282,227,23.576368,55
282,228,29.860993,54
282,229,26.777739,53
282,230,32.115036,52
282,231,21.468186,51
282,232,21.500089,50
282,233,35.146668,49
282,234,31.43175,48
282,235,17.894571,47
282,236,28.713436,46
282,237,28.155311,45
282,238,21.7368375,44
282,239,37.651139,43
282,240,34.757403,42
282,241,19.053375,41
282,242,14.732536,40
282,243,14.4028811,39
282,244,18.889882,38
282,245,17.247843,37
282,246,24.550125,36
282,247,30.799039,35
282,248,25.248932,34
282,249,20.110481,33
282,250,5.2861436,32
282,251,13.369666,31
282,252,12.326693,30
282,253,18.637436,29
282,254,16.244368,28
282,255,13.428071,27
282,256,17.185368,26
282,257,22.3955,25
282,258,18.368832,24
282,259,16.125311,23
282,260,15.277725,22
282,261,12.724111,21
282,262,6.769364,20
282,263,6.02586800000001,19
282,264,6.19043140000001,18
282,265,8.980225,17
282,266,1.27811890000001,16
282,267,7.0648811,15
282,268,8.17384359999999,14
282,269,12.9246,13
282,270,11.247607,12
282,271,13.383243,11
282,272,14.911361,10
282,273,12.709575,9
282,274,32.000682,8
282,275,37.423621,7
282,276,21.1235686,6
282,277,17.209818,5
282,278,8.09785,4
282,279,11.324468,3
282,280,5.6877561,2
282,281,2.8202186,1
283,1,34.8105006,282
283,2,42.1956316,281
283,3,66.8303216,280
283,4,57.5259006,279
283,5,56.7361686,278
283,6,49.623887,277
283,7,58.5831606,276
283,8,72.1421366,275
283,9,85.4287686,274
283,10,70.9300576,273
283,11,58.0676126,272
283,12,74.9434276,271
283,13,76.1389186,270
283,14,58.8211346,269
283,15,51.9710896,268
283,16,56.0968296,267
283,17,65.0878576,266
283,18,53.5883436,265
283,19,47.7983076,264
283,20,53.4724366,263
283,21,78.5966326,262
283,22,78.2659186,261
283,23,80.3007036,260
283,24,71.5229786,259
283,25,52.1218006,258
283,26,67.7523186,257
283,27,53.2764476,256
283,28,53.3679186,255
283,29,56.5249236,254
283,30,46.0129028,253
283,31,63.2087326,252
283,32,46.9901396,251
283,33,58.1504546,250
283,34,70.5320526,249
283,35,52.8815316,248
283,36,52.9379616,247
283,37,44.3543186,246
283,38,36.0980247,245
283,39,73.1181186,244
283,40,69.6141316,243
283,41,71.0418136,242
283,42,53.8508686,241
283,43,57.2868576,240
283,44,47.4665796,239
283,45,46.8517046,238
283,46,59.9853266,237
283,47,48.0443656,236
283,48,29.7226366,235
283,49,19.5568936,234
283,50,53.8937896,233
283,51,51.9616136,232
283,52,56.6188006,231
283,53,63.8101796,230
283,54,48.0523896,229
283,55,52.0089506,228
283,56,49.2533316,227
283,57,48.7758256,226
283,58,34.3296346,225
283,59,37.9956306,224
283,60,53.5229936,223
283,61,51.2185296,222
283,62,63.7099366,221
283,63,53.8767006,220
283,64,38.6628756,219
283,65,46.6667976,218
283,66,65.7058026,217
283,67,41.3279186,216
283,68,50.3632186,215
283,69,38.2999276,214
283,70,48.4633586,213
283,71,44.5337936,212
283,72,39.7211866,211
283,73,37.9784106,210
283,74,43.2263716,209
283,75,37.1737076,208
283,76,31.0962116,207
283,77,15.0311576,206
283,78,33.2928076,205
283,79,43.6591756,204
283,80,36.4925796,203
283,81,27.6333186,202
283,82,43.6090056,201
283,83,54.3131476,200
283,84,55.6161436,199
283,85,54.0099756,198
283,86,53.4016186,197
283,87,54.1859366,196
283,88,49.8769006,195
283,89,45.5853646,194
283,90,54.5504006,193
283,91,53.4197046,192
283,92,44.4676006,191
283,93,33.9975896,190
283,94,22.9994756,189
283,95,44.8523576,188
283,96,38.0883896,187
283,97,24.4248726,186
283,98,45.1409826,185
283,99,36.2915796,184
283,100,24.4272076,183
283,101,22.2491766,182
283,102,23.0631616,181
283,103,32.8032576,180
283,104,16.6099686,179
283,105,27.4845436,178
283,106,37.6147046,177
283,107,32.0842006,176
283,108,14.0914576,175
283,109,15.7997256,174
283,110,16.5946436,173
283,111,32.3128546,172
283,112,45.0191756,171
283,113,26.5447936,170
283,114,11.3670436,169
283,115,14.3191796,168
283,116,26.7148186,167
283,117,22.9155686,166
283,118,24.0670546,165
283,119,20.0691396,164
283,120,24.7512436,163
283,121,18.4994866,162
283,122,10.9708366,161
283,123,25.9974076,160
283,124,39.9496006,159
283,125,32.1080826,158
283,126,22.7793006,157
283,127,12.4613686,156
283,128,5.7651311,155
283,129,11.6094686,154
283,130,7.94617559999999,153
283,131,7.4273826,152
283,132,12.8076076,151
283,133,16.5009436,150
283,134,12.5516686,149
283,135,8.45396159999999,148
283,136,6.80402560000001,147
283,137,16.4077366,146
283,138,13.0306326,145
283,139,9.24333959999999,144
283,140,7.62393959999999,143
283,141,9.6066686,142
283,142,11.8184046,141
283,143,19.9386826,140
283,144,20.3239826,139
283,145,18.3917796,138
283,146,27.3060826,137
283,147,27.4035616,136
283,148,22.9998826,135
283,149,22.3932146,134
283,150,25.1827436,133
283,151,31.9933616,132
283,152,37.7470826,131
283,153,31.9013976,130
283,154,20.7559256,129
283,155,13.1817826,128
283,156,17.5398326,127
283,157,17.1726006,126
283,158,26.7025046,125
283,159,33.9854576,124
283,160,39.4058796,123
283,161,30.6377866,122
283,162,27.8075186,121
283,163,23.1846076,120
283,164,26.4334186,119
283,165,22.5007296,118
283,166,15.1400726,117
283,167,18.8623256,116
283,168,15.3672616,115
283,169,20.3203046,114
283,170,19.4377686,113
283,171,15.4455936,112
283,172,22.8324436,111
283,173,31.3427726,110
283,174,35.8016866,109
283,175,29.0899936,108
283,176,26.2650756,107
283,177,17.7049497,106
283,178,18.4858646,105
283,179,29.2775296,104
283,180,31.4720756,103
283,181,23.6939726,102
283,182,20.4259046,101
283,183,23.5322226,100
283,184,31.3466046,99
283,185,20.998525,98
283,186,28.6368546,97
283,187,28.6139796,96
283,188,29.4239186,95
283,189,31.3829616,94
283,190,26.6006726,93
283,191,31.5231756,92
283,192,44.1140476,91
283,193,40.0351366,90
283,194,28.9283796,89
283,195,27.1171576,88
283,196,21.6323296,87
283,197,25.4252326,86
283,198,32.6190296,85
283,199,35.7744866,84
283,200,36.5989186,83
283,201,35.3801076,82
283,202,54.5579256,81
283,203,50.7789686,80
283,204,45.1617256,79
283,205,46.2856756,78
283,206,29.9547247,77
283,207,33.6910046,76
283,208,31.6189396,75
283,209,38.6699616,74
283,210,45.2891646,73
283,211,36.2993976,72
283,212,36.2387396,71
283,213,31.7207076,70
283,214,35.5794686,69
283,215,26.8014796,68
283,216,28.6541186,67
283,217,26.5865506,66
283,218,32.4427186,65
283,219,36.5202976,64
283,220,34.0950436,63
283,221,34.4701256,62
283,222,31.8916046,61
283,223,24.4963506,60
283,224,22.2497756,59
283,225,26.7729866,58
283,226,24.3014796,57
283,227,22.1518366,56
283,228,28.4364616,55
283,229,25.3532076,54
283,230,30.6905046,53
283,231,20.0436546,52
283,232,20.0755576,51
283,233,33.7221366,50
283,234,30.0072186,49
283,235,16.4700396,48
283,236,27.2889046,47
283,237,26.7307796,46
283,238,20.3123061,45
283,239,36.2266076,44
283,240,33.3328716,43
283,241,17.6288436,42
283,242,13.3080046,41
283,243,12.9783497,40
283,244,17.4653506,39
283,245,15.8233116,38
283,246,23.1255936,37
283,247,29.3745076,36
283,248,23.8244006,35
283,249,24.3685496,34
283,250,3.8616122,33
283,251,11.9451346,32
283,252,10.9021616,31
283,253,17.2129046,30
283,254,14.8198366,29
283,255,12.0035396,28
283,256,15.7608366,27
283,257,20.9709686,26
283,258,16.9443006,25
283,259,20.3833796,24
283,260,19.5357936,23
283,261,16.9821796,22
283,262,9.31983259999999,21
283,263,7.81373659999999,20
283,264,4.76590000000002,19
283,265,7.5556936,18
283,266,5.53618750000001,17
283,267,5.64034970000001,16
283,268,4.99782499999999,15
283,269,11.5000686,14
283,270,9.8230756,13
283,271,11.9587116,12
283,272,13.4868296,11
283,273,11.2850436,10
283,274,36.2587506,9
283,275,41.6816896,8
283,276,25.3816372,7
283,277,21.4678866,6
283,278,11.4094186,5
283,279,15.5825366,4
283,280,7.1122875,3
283,281,4.66015,2
283,282,4.2580686,1
284,1,28.536718,283
284,2,35.921849,282
284,3,60.556539,281
284,4,51.252118,280
284,5,50.462386,279
284,6,50.5159956,278
284,7,52.309378,277
284,8,65.868354,276
284,9,79.154986,275
284,10,64.656275,274
284,11,54.59577,273
284,12,68.669645,272
284,13,69.865136,271
284,14,54.757548,270
284,15,45.697307,269
284,16,49.823047,268
284,17,58.814075,267
284,18,47.314561,266
284,19,41.524525,265
284,20,47.198654,264
284,21,72.32285,263
284,22,71.992136,262
284,23,74.026921,261
284,24,65.249196,260
284,25,47.622982,259
284,26,61.478536,258
284,27,50.916135,257
284,28,49.739564,256
284,29,50.251141,255
284,30,48.9930798,254
284,31,56.93495,253
284,32,52.753443,252
284,33,51.876672,251
284,34,64.25827,250
284,35,48.644951,249
284,36,46.664179,248
284,37,38.246964,247
284,38,42.9071579,246
284,39,66.844336,245
284,40,63.340349,244
284,41,64.768031,243
284,42,52.199014,242
284,43,51.013075,241
284,44,41.192797,240
284,45,40.577922,239
284,46,53.711544,238
284,47,41.770583,237
284,48,23.448854,236
284,49,13.283111,235
284,50,47.620007,234
284,51,45.687831,233
284,52,50.345018,232
284,53,57.536397,231
284,54,48.335093,230
284,55,45.735168,229
284,56,42.979549,228
284,57,42.502043,227
284,58,30.440248,226
284,59,31.721848,225
284,60,47.249211,224
284,61,44.944747,223
284,62,57.436154,222
284,63,47.602918,221
284,64,32.389093,220
284,65,40.393015,219
284,66,59.43202,218
284,67,38.054664,217
284,68,44.089436,216
284,69,32.026145,215
284,70,42.189576,214
284,71,38.260011,213
284,72,33.447404,212
284,73,32.524172,211
284,74,36.952589,210
284,75,30.899925,209
284,76,24.822429,208
284,77,8.75737500000001,207
284,78,27.019025,206
284,79,37.385393,205
284,80,30.218797,204
284,81,21.359536,203
284,82,37.335223,202
284,83,48.039365,201
284,84,49.342361,200
284,85,47.736193,199
284,86,47.127836,198
284,87,47.912154,197
284,88,43.603118,196
284,89,39.311582,195
284,90,48.276618,194
284,91,47.145922,193
284,92,38.193818,192
284,93,27.723807,191
284,94,16.724493,190
284,95,38.578575,189
284,96,31.814607,188
284,97,18.15109,187
284,98,38.8672,186
284,99,31.352303,185
284,100,18.153425,184
284,101,15.024094,183
284,102,16.789379,182
284,103,26.529475,181
284,104,14.670014,180
284,105,21.210761,179
284,106,31.340922,178
284,107,25.810418,177
284,108,7.817675,176
284,109,9.525943,175
284,110,9.369561,174
284,111,26.039072,173
284,112,38.745393,172
284,113,20.271011,171
284,114,4.141961,170
284,115,7.094097,169
284,116,19.489736,168
284,117,15.690486,167
284,118,16.841972,166
284,119,13.795357,165
284,120,18.477461,164
284,121,17.141896,163
284,122,4.697054,162
284,123,18.772325,161
284,124,33.675818,160
284,125,25.8343,159
284,126,16.505518,158
284,127,6.18758600000001,157
284,128,8.65755150000001,156
284,129,5.335686,155
284,130,5.340107,154
284,131,4.15520000000001,153
284,132,6.533825,152
284,133,10.227161,151
284,134,7.362214,150
284,135,2.180179,149
284,136,1.745857,148
284,137,10.133954,147
284,138,6.75685,146
284,139,7.63664299999999,145
284,140,3.766043,144
284,141,5.382114,143
284,142,4.593322,142
284,143,12.7136,141
284,144,13.0989,140
284,145,11.166697,139
284,146,20.081,138
284,147,20.178479,137
284,148,15.7748,136
284,149,15.168132,135
284,150,19.541139,134
284,151,29.017821,133
284,152,30.522,132
284,153,24.676315,131
284,154,13.530843,130
284,155,8.6233,129
284,156,10.89765,128
284,157,12.781082,127
284,158,19.477422,126
284,159,27.594525,125
284,160,32.180797,124
284,161,23.746096,123
284,162,20.582436,122
284,163,15.959525,121
284,164,19.208336,120
284,165,15.275647,119
284,166,7.91499,118
284,167,11.637243,117
284,168,8.143921,116
284,169,16.262178,115
284,170,17.712314,114
284,171,8.22051100000001,113
284,172,15.607361,112
284,173,24.11769,111
284,174,28.576604,110
284,175,21.864911,109
284,176,19.039993,108
284,177,16.9800329,107
284,178,16.011618,106
284,179,22.052447,105
284,180,24.246993,104
284,181,16.46889,103
284,182,18.618978,102
284,183,20.05646,101
284,184,24.121522,100
284,185,22.0228576,99
284,186,23.660828,98
284,187,21.388897,97
284,188,22.198836,96
284,189,24.157879,95
284,190,19.37559,94
284,191,24.298093,93
284,192,36.888965,92
284,193,32.810054,91
284,194,21.703297,90
284,195,19.892075,89
284,196,14.407247,88
284,197,18.20015,87
284,198,25.393947,86
284,199,28.549404,85
284,200,31.041064,84
284,201,32.071175,83
284,202,47.332843,82
284,203,44.886114,81
284,204,39.520657,80
284,205,39.060593,79
284,206,29.7289579,78
284,207,26.465922,77
284,208,24.393857,76
284,209,31.444879,75
284,210,38.064082,74
284,211,29.074315,73
284,212,29.013657,72
284,213,24.495625,71
284,214,28.354386,70
284,215,20.575903,69
284,216,21.429036,68
284,217,19.361468,67
284,218,25.217636,66
284,219,29.295215,65
284,220,26.869961,64
284,221,27.245043,63
284,222,24.666522,62
284,223,17.271268,61
284,224,17.359107,60
284,225,19.547904,59
284,226,17.076397,58
284,227,14.926754,57
284,228,21.211379,56
284,229,18.128125,55
284,230,23.465422,54
284,231,13.318928,53
284,232,18.019525,52
284,233,26.497054,51
284,234,22.782136,50
284,235,9.244957,49
284,236,20.063822,48
284,237,19.505697,47
284,238,21.0038765,46
284,239,29.001525,45
284,240,26.107789,44
284,241,10.403761,43
284,242,8.499478,42
284,243,13.7542329,41
284,244,10.407232,40
284,245,9.015371,39
284,246,15.900511,38
284,247,22.149425,37
284,248,16.599318,36
284,249,18.094767,35
284,250,3.3634704,34
284,251,4.720052,33
284,252,6.17792099999999,32
284,253,9.987822,31
284,254,11.345146,30
284,255,12.031743,29
284,256,8.701646,28
284,257,13.745886,27
284,258,9.719218,26
284,259,14.109597,25
284,260,13.262011,24
284,261,10.708397,23
284,262,3.04605,22
284,263,2.62374599999999,21
284,264,3.79028260000001,20
284,265,2.329489,19
284,266,7.92889510000001,18
284,267,7.0795329,17
284,268,10.1895576,16
284,269,8.60881399999999,15
284,270,5.93070699999999,14
284,271,4.73362899999999,13
284,272,6.261747,12
284,273,4.440061,11
284,274,29.984968,10
284,275,35.407907,9
284,276,27.1071454,8
284,277,15.194104,7
284,278,5.135636,6
284,279,10.392546,5
284,280,14.3373701,4
284,281,11.4698326,3
284,282,8.649614,2
284,283,7.22508260000001,1
285,1,28.989968,284
285,2,24.622763,283
285,3,49.257453,282
285,4,51.725468,281
285,5,47.3708,280
285,6,53.3013816,279
285,7,51.653108,278
285,8,54.569268,277
285,9,67.8559,276
285,10,56.691511,275
285,11,57.381156,274
285,12,57.370559,273
285,13,58.56605,272
285,14,57.542934,271
285,15,46.483279,270
285,16,46.526039,269
285,17,54.768811,268
285,18,49.599725,267
285,19,35.563061,266
285,20,42.900532,265
285,21,61.023764,264
285,22,70.90117,263
285,23,62.935535,262
285,24,65.98599,261
285,25,50.408368,260
285,26,50.17945,259
285,27,53.701521,258
285,28,52.52495,257
285,29,52.725245,256
285,30,51.7784658,255
285,31,53.804236,254
285,32,55.538829,253
285,33,40.577586,252
285,34,52.959184,251
285,35,51.430337,250
285,36,47.032607,249
285,37,41.03235,248
285,38,45.6925439,247
285,39,55.54525,246
285,40,59.988937,245
285,41,56.981755,244
285,42,54.9844,243
285,43,45.714911,242
285,44,29.893711,241
285,45,29.278836,240
285,46,42.412458,239
285,47,30.471497,238
285,48,14.567932,237
285,49,1.984025,236
285,50,36.320921,235
285,51,37.727355,234
285,52,39.045932,233
285,53,53.267889,232
285,54,51.120479,231
285,55,34.436082,230
285,56,31.680463,229
285,57,39.454543,228
285,58,33.225634,227
285,59,20.422762,226
285,60,40.201275,225
285,61,33.645661,224
285,62,49.138132,223
285,63,42.307568,222
285,64,21.090007,221
285,65,29.093929,220
285,66,48.132934,219
285,67,40.84005,218
285,68,36.54235,217
285,69,20.727059,216
285,70,32.92461,215
285,71,30.629175,214
285,72,22.148318,213
285,73,35.309558,212
285,74,34.208197,211
285,75,25.635261,210
285,76,18.691857,209
285,77,2.541711,208
285,78,15.719939,207
285,79,31.503793,206
285,80,18.919711,205
285,81,13.06205,204
285,82,27.897263,203
285,83,37.324921,202
285,84,40.378225,201
285,85,41.606693,200
285,86,44.38465,199
285,87,41.429832,198
285,88,35.138668,197
285,89,38.097604,196
285,90,41.065068,195
285,91,35.846836,194
285,92,33.729268,193
285,93,25.260279,192
285,94,12.989007,191
285,95,27.279489,190
285,96,20.515521,189
285,97,18.354296,188
285,98,30.403286,187
285,99,34.137689,186
285,100,20.439661,185
285,101,12.238708,184
285,102,5.49029299999999,183
285,103,15.230389,182
285,104,17.4554,181
285,105,12.829525,180
285,106,20.041836,179
285,107,14.511332,178
285,108,7.852711,177
285,109,10.310843,176
285,110,7.41832500000001,175
285,111,14.739986,174
285,112,31.282593,173
285,113,11.306875,172
285,114,8.857225,171
285,115,12.726189,170
285,116,16.70435,169
285,117,12.9051,168
285,118,14.056586,167
285,119,3.579929,166
285,120,8.93042499999999,165
285,121,19.927282,164
285,122,6.602032,163
285,123,15.986939,162
285,124,22.376732,161
285,125,14.535214,160
285,126,7.87356799999999,159
285,127,6.6403,158
285,128,11.8077375,157
285,129,5.96340000000001,156
285,130,9.62669300000001,155
285,131,10.145486,154
285,132,4.76526100000001,153
285,133,8.09702499999999,152
285,134,10.1476,151
285,135,9.11890700000001,150
285,136,13.044943,149
285,137,5.07846800000002,148
285,138,4.54223600000001,147
285,139,10.422029,146
285,140,9.94892900000001,145
285,141,16.6812,144
285,142,15.226964,143
285,143,11.845486,142
285,144,15.815286,141
285,145,20.966189,140
285,146,23.795686,139
285,147,18.394207,138
285,148,15.409186,137
285,149,16.967154,136
285,150,30.840225,135
285,151,40.316907,134
285,152,33.238386,133
285,153,21.890929,132
285,154,10.745457,131
285,155,19.922386,130
285,156,22.196736,129
285,157,24.080168,128
285,158,24.777864,127
285,159,38.893611,126
285,160,42.563189,125
285,161,35.045182,124
285,162,30.29925,123
285,163,24.508261,122
285,164,16.42295,121
285,165,12.490261,120
285,166,15.881496,119
285,167,14.436843,118
285,168,19.443007,117
285,169,27.561264,116
285,170,29.0114,115
285,171,17.853575,114
285,172,23.156725,113
285,173,31.501296,112
285,174,27.043582,111
285,175,22.580275,110
285,176,21.424193,109
285,177,28.2791189,108
285,178,27.310704,107
285,179,33.185239,106
285,180,21.461607,105
285,181,22.103796,104
285,182,29.918064,103
285,183,31.355546,102
285,184,23.921264,101
285,185,33.3219436,100
285,186,34.959914,99
285,187,31.771289,98
285,188,31.33275,97
285,189,24.457307,96
285,190,27.342096,95
285,191,30.179693,94
285,192,34.103579,93
285,193,36.442732,92
285,194,32.588189,91
285,195,18.109411,90
285,196,20.374339,89
285,197,20.749036,88
285,198,23.026239,87
285,199,30.098382,86
285,200,42.34015,85
285,201,43.370261,84
285,202,48.048743,83
285,203,56.1852,82
285,204,50.819743,81
285,205,46.858393,80
285,206,41.0280439,79
285,207,30.098064,78
285,208,30.276529,77
285,209,37.995407,76
285,210,45.196304,75
285,211,36.957071,74
285,212,37.395429,73
285,213,33.962261,72
285,214,31.2372,71
285,215,31.874989,70
285,216,25.47765,69
285,217,25.078918,68
285,218,25.09885,67
285,219,32.762671,66
285,220,31.585225,65
285,221,37.461543,64
285,222,28.298664,63
285,223,25.655318,62
285,224,28.658193,61
285,225,21.679782,60
285,226,17.710289,59
285,227,17.393632,58
285,228,20.010007,57
285,229,29.343461,56
285,230,22.682264,55
285,231,24.618014,54
285,232,29.318611,53
285,233,23.711668,52
285,234,19.99675,51
285,235,20.045429,50
285,236,17.278436,49
285,237,21.720789,48
285,238,32.3029625,47
285,239,26.216139,46
285,240,23.322403,45
285,241,19.453925,44
285,242,19.798564,43
285,243,25.0533189,42
285,244,21.706318,41
285,245,20.314457,40
285,246,21.533675,39
285,247,24.949561,38
285,248,18.564768,37
285,249,6.795681,36
285,250,14.1024564,35
285,251,9.358534,34
285,252,17.477007,33
285,253,19.871064,32
285,254,22.644232,31
285,255,23.330829,30
285,256,20.000732,29
285,257,21.7944,28
285,258,6.93383200000001,27
285,259,14.062089,26
285,260,9.79857499999999,25
285,261,8.74468899999999,24
285,262,8.25303600000001,23
285,263,9.75913200000002,22
285,264,15.0893686,21
285,265,13.628575,20
285,266,12.0366811,19
285,267,18.3786189,18
285,268,21.4886436,17
285,269,19.9079,16
285,270,17.229793,15
285,271,15.284057,14
285,272,13.562139,13
285,273,6.85902500000001,12
285,274,18.685882,11
285,275,27.611179,10
285,276,29.8925314,9
285,277,9.56268199999999,8
285,278,6.16345,7
285,279,13.177932,6
285,280,17.1227561,5
285,281,14.2552186,4
285,282,13.3148,3
285,283,17.5728686,2
285,284,11.299086,1
286,1,29.477003,285
286,2,36.862134,284
286,3,61.496824,283
286,4,52.192403,282
286,5,51.402671,281
286,6,51.2881106,280
286,7,53.249663,279
286,8,66.808639,278
286,9,80.095271,277
286,10,65.59656,276
286,11,55.367885,275
286,12,69.60993,274
286,13,70.805421,273
286,14,55.529663,272
286,15,46.637592,271
286,16,50.763332,270
286,17,59.75436,269
286,18,48.254846,268
286,19,42.46481,267
286,20,48.138939,266
286,21,73.263135,265
286,22,72.932421,264
286,23,74.967206,263
286,24,66.189481,262
286,25,48.395097,261
286,26,62.418821,260
286,27,51.68825,259
286,28,50.511679,258
286,29,51.191426,257
286,30,49.7651948,256
286,31,57.875235,255
286,32,53.525558,254
286,33,52.816957,253
286,34,65.198555,252
286,35,49.417066,251
286,36,47.604464,250
286,37,39.020821,249
286,38,43.6792729,248
286,39,67.784621,247
286,40,64.280634,246
286,41,65.708316,245
286,42,52.971129,244
286,43,51.95336,243
286,44,42.133082,242
286,45,41.518207,241
286,46,54.651829,240
286,47,42.710868,239
286,48,24.389139,238
286,49,14.223396,237
286,50,48.560292,236
286,51,46.628116,235
286,52,51.285303,234
286,53,58.476682,233
286,54,49.107208,232
286,55,46.675453,231
286,56,43.919834,230
286,57,43.442328,229
286,58,31.212363,228
286,59,32.662133,227
286,60,48.189496,226
286,61,45.885032,225
286,62,58.376439,224
286,63,48.543203,223
286,64,33.329378,222
286,65,41.3333,221
286,66,60.372305,220
286,67,38.826779,219
286,68,45.029721,218
286,69,32.96643,217
286,70,43.129861,216
286,71,39.200296,215
286,72,34.387689,214
286,73,33.296287,213
286,74,37.892874,212
286,75,31.84021,211
286,76,25.762714,210
286,77,9.69766,209
286,78,27.95931,208
286,79,38.325678,207
286,80,31.159082,206
286,81,22.299821,205
286,82,38.275508,204
286,83,48.97965,203
286,84,50.282646,202
286,85,48.676478,201
286,86,48.068121,200
286,87,48.852439,199
286,88,44.543403,198
286,89,40.251867,197
286,90,49.216903,196
286,91,48.086207,195
286,92,39.134103,194
286,93,28.664092,193
286,94,17.664778,192
286,95,39.51886,191
286,96,32.754892,190
286,97,19.091375,189
286,98,39.807485,188
286,99,32.124418,187
286,100,19.09371,186
286,101,14.251979,185
286,102,17.729664,184
286,103,27.46976,183
286,104,15.442129,182
286,105,22.151046,181
286,106,32.281207,180
286,107,26.750703,179
286,108,8.75796,178
286,109,10.466228,177
286,110,8.597446,176
286,111,26.979357,175
286,112,39.685678,174
286,113,21.211296,173
286,114,3.382146,172
286,115,6.32198200000001,171
286,116,18.717621,170
286,117,14.918371,169
286,118,16.069857,168
286,119,14.735642,167
286,120,19.417746,166
286,121,17.914011,165
286,122,5.637339,164
286,123,18.00021,163
286,124,34.616103,162
286,125,26.774585,161
286,126,17.445803,160
286,127,7.127871,159
286,128,9.4296665,158
286,129,6.275971,157
286,130,6.112222,156
286,131,4.927315,155
286,132,7.47411,154
286,133,11.167446,153
286,134,8.134329,152
286,135,3.120464,151
286,136,1.193172,150
286,137,11.074239,149
286,138,7.697135,148
286,139,8.40875799999999,147
286,140,4.53815799999999,146
286,141,4.441829,145
286,142,3.82120700000001,144
286,143,11.941485,143
286,144,12.326785,142
286,145,10.394582,141
286,146,19.308885,140
286,147,19.406364,139
286,148,15.002685,138
286,149,14.396017,137
286,150,18.600854,136
286,151,28.077536,135
286,152,29.749885,134
286,153,23.9042,133
286,154,12.758728,132
286,155,7.683015,131
286,156,9.957365,130
286,157,11.840797,129
286,158,18.705307,128
286,159,26.65424,127
286,160,31.408682,126
286,161,22.805811,125
286,162,19.810321,124
286,163,15.18741,123
286,164,18.436221,122
286,165,14.503532,121
286,166,7.142875,120
286,167,10.865128,119
286,168,7.370064,118
286,169,15.321893,117
286,170,16.772029,116
286,171,7.44839600000001,115
286,172,14.835246,114
286,173,23.345575,113
286,174,27.804489,112
286,175,21.092796,111
286,176,18.267878,110
286,177,16.0397479,109
286,178,15.071333,108
286,179,21.280332,107
286,180,23.474878,106
286,181,15.696775,105
286,182,17.678693,104
286,183,19.116175,103
286,184,23.349407,102
286,185,21.0825726,101
286,186,22.720543,100
286,187,20.616782,99
286,188,21.426721,98
286,189,23.385764,97
286,190,18.603475,96
286,191,23.525978,95
286,192,36.11685,94
286,193,32.037939,93
286,194,20.931182,92
286,195,19.11996,91
286,196,13.635132,90
286,197,17.428035,89
286,198,24.621832,88
286,199,27.777289,87
286,200,30.100779,86
286,201,31.13089,85
286,202,46.560728,84
286,203,43.945829,83
286,204,38.580372,82
286,205,38.288478,81
286,206,28.7886729,80
286,207,25.693807,79
286,208,23.621742,78
286,209,30.672764,77
286,210,37.291967,76
286,211,28.3022,75
286,212,28.241542,74
286,213,23.72351,73
286,214,27.582271,72
286,215,19.635618,71
286,216,20.656921,70
286,217,18.589353,69
286,218,24.445521,68
286,219,28.5231,67
286,220,26.097846,66
286,221,26.472928,65
286,222,23.894407,64
286,223,16.499153,63
286,224,16.418822,62
286,225,18.775789,61
286,226,16.304282,60
286,227,14.154639,59
286,228,20.439264,58
286,229,17.35601,57
286,230,22.693307,56
286,231,12.378643,55
286,232,17.07924,54
286,233,25.724939,53
286,234,22.010021,52
286,235,8.47284200000001,51
286,236,19.291707,50
286,237,18.733582,49
286,238,20.0635915,48
286,239,28.22941,47
286,240,25.335674,46
286,241,9.631646,45
286,242,7.559193,44
286,243,12.8139479,43
286,244,9.46815300000001,42
286,245,8.07508600000001,41
286,246,15.128396,40
286,247,21.37731,39
286,248,15.827203,38
286,249,19.035052,37
286,250,4.1355854,36
286,251,3.947937,35
286,252,5.237636,34
286,253,9.215707,33
286,254,10.404861,32
286,255,11.091458,31
286,256,7.76363900000001,30
286,257,12.973771,29
286,258,8.947103,28
286,259,15.049882,27
286,260,14.202296,26
286,261,11.648682,25
286,262,3.986335,24
286,263,3.39586099999999,23
286,264,3.23129759999999,22
286,265,1.389204,21
286,266,8.70101010000001,20
286,267,6.13924790000001,19
286,268,9.24927259999999,18
286,269,7.668529,17
286,270,4.99042199999999,16
286,271,3.96151399999999,15
286,272,5.489632,14
286,273,5.380346,13
286,274,30.925253,12
286,275,36.348192,11
286,276,27.8792604,10
286,277,16.134389,9
286,278,6.075921,8
286,279,11.164661,7
286,280,15.1094851,6
286,281,12.2419476,5
286,282,9.421729,4
286,283,7.9971976,3
286,284,0.940284999999998,2
286,285,12.239371,1
287,1,29.157779,286
287,2,28.042352,285
287,3,52.677042,284
287,4,51.893279,283
287,5,47.538611,282
287,6,53.4691926,281
287,7,51.820919,280
287,8,57.988857,279
287,9,71.275489,278
287,10,56.859322,277
287,11,57.548967,276
287,12,60.790148,275
287,13,61.985639,274
287,14,57.710745,273
287,15,46.65109,272
287,16,46.69385,271
287,17,54.936622,270
287,18,49.767536,269
287,19,35.730872,268
287,20,43.068343,267
287,21,64.443353,266
287,22,71.068981,265
287,23,66.147424,264
287,24,66.153801,263
287,25,50.576179,262
287,26,53.599039,261
287,27,53.869332,260
287,28,52.692761,259
287,29,52.893056,258
287,30,51.9462768,257
287,31,53.972047,256
287,32,55.70664,255
287,33,43.997175,254
287,34,56.378773,253
287,35,51.598148,252
287,36,47.200418,251
287,37,41.200161,250
287,38,45.8603549,249
287,39,58.964839,248
287,40,60.156748,247
287,41,57.149566,246
287,42,55.152211,245
287,43,45.882722,244
287,44,33.3133,243
287,45,32.698425,242
287,46,45.832047,241
287,47,33.891086,240
287,48,15.569357,239
287,49,5.40361400000001,238
287,50,39.74051,237
287,51,37.895166,236
287,52,42.465521,235
287,53,53.4357,234
287,54,51.28829,233
287,55,37.855671,232
287,56,35.100052,231
287,57,39.622354,230
287,58,33.393445,229
287,59,23.842351,228
287,60,40.369086,227
287,61,37.06525,226
287,62,49.556657,225
287,63,42.475379,224
287,64,24.509596,223
287,65,32.513518,222
287,66,51.552523,221
287,67,41.007861,220
287,68,36.710161,219
287,69,24.146648,218
287,70,34.310079,217
287,71,30.796986,216
287,72,25.567907,215
287,73,35.477369,214
287,74,34.376008,213
287,75,25.803072,212
287,76,18.859668,211
287,77,0.877878000000006,210
287,78,19.139528,209
287,79,31.671604,208
287,80,22.3393,207
287,81,13.480039,206
287,82,29.455726,205
287,83,40.159868,204
287,84,41.462864,203
287,85,41.774504,202
287,86,44.552461,201
287,87,41.597643,200
287,88,35.723621,199
287,89,38.265415,198
287,90,41.232879,197
287,91,39.266425,196
287,92,33.897079,195
287,93,25.42809,194
287,94,12.821196,193
287,95,30.699078,192
287,96,23.93511,191
287,97,18.522107,190
287,98,30.987703,189
287,99,34.3055,188
287,100,20.607472,187
287,101,12.070897,186
287,102,8.909882,185
287,103,18.649978,184
287,104,17.623211,183
287,105,13.331264,182
287,106,23.461425,181
287,107,17.930921,180
287,108,8.02052200000001,179
287,109,10.478654,178
287,110,6.416364,177
287,111,18.159575,176
287,112,31.450404,175
287,113,12.391514,174
287,114,5.43763599999999,173
287,115,9.3066,172
287,116,16.536539,171
287,117,12.737289,170
287,118,13.888775,169
287,119,5.91586,168
287,120,10.597964,167
287,121,20.095093,166
287,122,3.18244299999999,165
287,123,15.819128,164
287,124,25.796321,163
287,125,17.954803,162
287,126,8.626021,161
287,127,6.80811100000001,160
287,128,11.6107485,159
287,129,3.872511,158
287,130,8.293304,157
287,131,7.10839700000001,156
287,132,3.239272,155
287,133,8.264836,154
287,134,10.315411,153
287,135,5.699318,152
287,136,9.625354,151
287,137,4.91065700000001,150
287,138,1.877747,149
287,139,10.58984,148
287,140,6.71924,147
287,141,13.261611,146
287,142,11.807375,145
287,143,9.760403,144
287,144,12.395697,143
287,145,17.5466,142
287,146,20.376097,141
287,147,17.225282,140
287,148,12.821603,139
287,149,13.547565,138
287,150,27.420636,137
287,151,36.897318,136
287,152,29.818797,135
287,153,21.723118,134
287,154,10.577646,133
287,155,16.502797,132
287,156,18.777147,131
287,157,20.660579,130
287,158,21.358275,129
287,159,35.474022,128
287,160,39.1436,127
287,161,31.625593,126
287,162,26.879661,125
287,163,21.088672,124
287,164,16.255139,123
287,165,12.32245,122
287,166,12.461907,121
287,167,11.017254,120
287,168,16.023418,119
287,169,24.141675,118
287,170,25.591811,117
287,171,14.433986,116
287,172,19.737136,115
287,173,28.081707,114
287,174,25.623407,113
287,175,19.160686,112
287,176,18.004604,111
287,177,24.8595299,110
287,178,23.891115,109
287,179,29.76565,108
287,180,21.293796,107
287,181,18.684207,106
287,182,26.498475,105
287,183,27.935957,104
287,184,21.168325,103
287,185,29.9023546,102
287,186,31.540325,101
287,187,28.3517,100
287,188,27.913161,99
287,189,21.204682,98
287,190,23.922507,97
287,191,26.760104,96
287,192,33.935768,95
287,193,33.023143,94
287,194,29.1686,93
287,195,16.938878,92
287,196,16.95475,91
287,197,17.329447,90
287,198,22.44075,89
287,199,26.678793,88
287,200,38.920561,87
287,201,39.950672,86
287,202,44.629154,85
287,203,52.765611,84
287,204,47.400154,83
287,205,43.438804,82
287,206,37.6084549,81
287,207,26.678475,80
287,208,26.85694,79
287,209,34.575818,78
287,210,41.776715,77
287,211,33.537482,76
287,212,33.97584,75
287,213,30.542672,74
287,214,27.817611,73
287,215,28.4554,72
287,216,22.058061,71
287,217,21.659329,70
287,218,22.264439,69
287,219,29.343082,68
287,220,28.165636,67
287,221,34.041954,66
287,222,24.879075,65
287,223,22.235729,64
287,224,25.238604,63
287,225,18.260193,62
287,226,14.2907,61
287,227,13.974043,60
287,228,18.258182,59
287,229,25.923872,58
287,230,20.512225,57
287,231,21.198425,56
287,232,25.899022,55
287,233,23.543857,54
287,234,19.828939,53
287,235,16.62584,52
287,236,17.110625,51
287,237,18.3012,50
287,238,28.8833735,49
287,239,26.048328,48
287,240,23.154592,47
287,241,16.034336,46
287,242,16.378975,45
287,243,21.6337299,44
287,244,18.286729,43
287,245,16.894868,42
287,246,18.114086,41
287,247,21.529972,40
287,248,15.145179,39
287,249,10.21527,38
287,250,10.6828674,37
287,251,5.938945,36
287,252,14.057418,35
287,253,16.451475,34
287,254,19.224643,33
287,255,19.91124,32
287,256,16.581143,31
287,257,18.374811,30
287,258,6.766021,29
287,259,14.2299,28
287,260,9.966386,27
287,261,8.9125,26
287,262,4.833447,25
287,263,6.33954300000001,24
287,264,11.6697796,23
287,265,10.208986,22
287,266,10.8820921,21
287,267,14.9590299,20
287,268,18.0690546,19
287,269,16.488311,18
287,270,13.810204,17
287,271,11.864468,16
287,272,10.14255,15
287,273,3.439436,14
287,274,22.105471,13
287,275,27.77899,12
287,276,30.0603424,11
287,277,9.730493,10
287,278,3.504961,9
287,279,13.345743,8
287,280,17.2905671,7
287,281,14.4230296,6
287,282,11.602811,5
287,283,14.1532796,4
287,284,7.879497,3
287,285,3.41958900000001,2
287,286,8.819782,1
288,1,26.806679,287
288,2,22.387348,286
288,3,47.052858,285
288,4,49.542179,284
288,5,45.187511,283
288,6,51.1180926,282
288,7,49.469819,281
288,8,51.054957,280
288,9,64.341589,279
288,10,54.508222,278
288,11,55.197867,277
288,12,53.856248,276
288,13,55.051739,275
288,14,55.359645,274
288,15,44.29999,273
288,16,44.34275,272
288,17,52.585522,271
288,18,47.416436,270
288,19,33.379772,269
288,20,40.717243,268
288,21,57.509453,267
288,22,68.717881,266
288,23,60.752246,265
288,24,63.802701,264
288,25,48.225079,263
288,26,46.665139,262
288,27,51.518232,261
288,28,50.341661,260
288,29,50.541956,259
288,30,49.5951768,258
288,31,51.620947,257
288,32,53.35554,256
288,33,37.063275,255
288,34,49.444873,254
288,35,49.247048,253
288,36,44.849318,252
288,37,38.849061,251
288,38,43.5092549,250
288,39,52.030939,249
288,40,57.805648,248
288,41,54.798466,247
288,42,52.801111,246
288,43,43.531622,245
288,44,26.3794,244
288,45,25.764525,243
288,46,38.898147,242
288,47,27.800314,241
288,48,12.384643,240
288,49,2.447114,239
288,50,32.80661,238
288,51,35.544066,237
288,52,35.531621,236
288,53,51.0846,235
288,54,48.93719,234
288,55,31.938429,233
288,56,28.166152,232
288,57,37.271254,231
288,58,31.042345,230
288,59,16.908451,229
288,60,38.017986,228
288,61,30.13135,227
288,62,46.954843,226
288,63,40.124279,225
288,64,18.408104,224
288,65,25.579618,223
288,66,44.618623,222
288,67,38.656761,221
288,68,34.359061,220
288,69,17.212748,219
288,70,30.741321,218
288,71,28.445886,217
288,72,18.634007,216
288,73,33.126269,215
288,74,32.024908,214
288,75,23.451972,213
288,76,16.508568,212
288,77,6.056022,211
288,78,12.205628,210
288,79,29.320504,209
288,80,15.4054,208
288,81,10.878761,207
288,82,25.713974,206
288,83,35.141632,205
288,84,38.194936,204
288,85,39.423404,203
288,86,42.201361,202
288,87,39.246543,201
288,88,32.955379,200
288,89,35.914315,199
288,90,38.881779,198
288,91,32.332525,197
288,92,31.545979,196
288,93,23.07699,195
288,94,15.172296,194
288,95,23.765178,193
288,96,17.00121,192
288,97,16.171007,191
288,98,28.219997,190
288,99,31.9544,189
288,100,18.256372,188
288,101,14.421997,187
288,102,1.97598199999999,186
288,103,12.716522,185
288,104,15.272111,184
288,105,10.646236,183
288,106,16.527525,182
288,107,10.997021,181
288,108,6.99572200000001,180
288,109,8.12755399999999,179
288,110,10.932636,178
288,111,11.225675,177
288,112,29.099304,176
288,113,9.123586,175
288,114,12.371536,174
288,115,16.2405,173
288,116,18.887639,172
288,117,15.088389,171
288,118,16.239875,170
288,119,1.39664,169
288,120,6.74713599999999,168
288,121,17.743993,167
288,122,10.116343,166
288,123,18.170228,165
288,124,18.862421,164
288,125,11.020903,163
288,126,5.69027899999999,162
288,127,8.625811,161
288,128,15.3220485,160
288,129,9.47771100000001,159
288,130,13.141004,158
288,131,13.659797,157
288,132,8.27957200000001,156
288,133,5.91373599999999,155
288,134,8.53551100000001,154
288,135,12.633218,153
288,136,16.559254,152
288,137,7.26175700000001,151
288,138,8.05654700000001,150
288,139,11.84384,149
288,140,13.46324,148
288,141,20.195511,147
288,142,18.741275,146
288,143,15.359797,145
288,144,19.329597,144
288,145,24.4805,143
288,146,27.309997,142
288,147,21.908518,141
288,148,18.923497,140
288,149,20.481465,139
288,150,34.354536,138
288,151,43.831218,137
288,152,36.752697,136
288,153,24.074218,135
288,154,13.593654,134
288,155,23.436697,133
288,156,25.711047,132
288,157,27.594479,131
288,158,28.292175,130
288,159,42.407922,129
288,160,46.0775,128
288,161,38.559493,127
288,162,33.813561,126
288,163,28.022572,125
288,164,18.606239,124
288,165,14.67355,123
288,166,19.395807,122
288,167,17.951154,121
288,168,22.957318,120
288,169,31.075575,119
288,170,32.525711,118
288,171,21.367886,117
288,172,26.671036,116
288,173,35.015607,115
288,174,30.557893,114
288,175,26.094586,113
288,176,24.938504,112
288,177,31.7934299,111
288,178,30.825015,110
288,179,36.69955,109
288,180,23.644896,108
288,181,25.618107,107
288,182,33.432375,106
288,183,34.869857,105
288,184,27.435575,104
288,185,36.8362546,103
288,186,38.474225,102
288,187,35.2856,101
288,188,34.847061,100
288,189,27.971618,99
288,190,30.856407,98
288,191,33.694004,97
288,192,36.286868,96
288,193,39.957043,95
288,194,36.1025,94
288,195,21.623722,93
288,196,23.88865,92
288,197,24.263347,91
288,198,26.54055,90
288,199,33.612693,89
288,200,45.854461,88
288,201,46.884572,87
288,202,51.563054,86
288,203,59.699511,85
288,204,54.334054,84
288,205,50.372704,83
288,206,44.5423549,82
288,207,33.612375,81
288,208,33.79084,80
288,209,41.509718,79
288,210,48.710615,78
288,211,40.471382,77
288,212,40.90974,76
288,213,37.476572,75
288,214,34.751511,74
288,215,35.3893,73
288,216,28.991961,72
288,217,28.593229,71
288,218,28.613161,70
288,219,36.276982,69
288,220,35.099536,68
288,221,40.975854,67
288,222,31.812975,66
288,223,29.169629,65
288,224,32.172504,64
288,225,25.194093,63
288,226,21.2246,62
288,227,20.907943,61
288,228,23.524318,60
288,229,32.857772,59
288,230,26.196575,58
288,231,28.132325,57
288,232,32.832922,56
288,233,27.145043,55
288,234,22.180039,54
288,235,23.55974,53
288,236,20.128375,52
288,237,25.2351,51
288,238,35.8172735,50
288,239,28.399428,49
288,240,25.505692,48
288,241,22.968236,47
288,242,23.312875,46
288,243,28.5676299,45
288,244,25.220629,44
288,245,23.828768,43
288,246,25.047986,42
288,247,28.463872,41
288,248,22.079079,40
288,249,8.22387,39
288,250,17.6167674,38
288,251,12.872845,37
288,252,20.991318,36
288,253,23.385375,35
288,254,26.158543,34
288,255,26.84514,33
288,256,23.515043,32
288,257,25.308711,31
288,258,9.11712100000001,30
288,259,11.8788,29
288,260,7.615286,28
288,261,6.5614,27
288,262,11.767347,26
288,263,13.273443,25
288,264,18.6036796,24
288,265,17.142886,23
288,266,15.5509921,22
288,267,21.8929299,21
288,268,25.0029546,20
288,269,23.422211,19
288,270,20.744104,18
288,271,18.798368,17
288,272,17.07645,16
288,273,10.373336,15
288,274,15.171571,14
288,275,25.42789,13
288,276,27.7092424,12
288,277,7.37939299999999,11
288,278,9.67776100000001,10
288,279,10.994643,9
288,280,16.6431671,8
288,281,16.4270296,7
288,282,16.829111,6
288,283,21.0871796,5
288,284,14.813397,4
288,285,3.514311,3
288,286,15.753682,2
288,287,6.93390000000001,1
289,1,29.054507,288
289,2,24.635176,287
289,3,49.300686,286
289,4,51.790007,285
289,5,47.435339,284
289,6,53.3659206,283
289,7,51.717647,282
289,8,52.134171,281
289,9,63.422461,280
289,10,56.75605,279
289,11,57.445695,278
289,12,52.93712,277
289,13,54.132611,276
289,14,57.607473,275
289,15,46.547818,274
289,16,46.590578,273
289,17,54.83335,272
289,18,49.664264,271
289,19,35.6276,270
289,20,42.965071,269
289,21,56.590325,268
289,22,70.965709,267
289,23,63.000074,266
289,24,66.050529,265
289,25,50.472907,264
289,26,45.746011,263
289,27,53.76606,262
289,28,52.589489,261
289,29,52.789784,260
289,30,51.8430048,259
289,31,53.868775,258
289,32,55.603368,257
289,33,38.476953,256
289,34,49.057055,255
289,35,51.494876,254
289,36,47.097146,253
289,37,41.096889,252
289,38,45.7570829,251
289,39,51.111811,250
289,40,60.053476,249
289,41,57.046294,248
289,42,55.048939,247
289,43,45.77945,246
289,44,28.252028,245
289,45,24.845397,244
289,46,37.979019,243
289,47,30.048142,242
289,48,14.632471,241
289,49,2.449414,240
289,50,31.887482,239
289,51,37.791894,238
289,52,34.612493,237
289,53,53.332428,236
289,54,51.185018,235
289,55,34.186257,234
289,56,27.247024,233
289,57,39.519082,232
289,58,33.290173,231
289,59,15.989323,230
289,60,40.265814,229
289,61,29.212222,228
289,62,49.202671,227
289,63,42.372107,226
289,64,20.655932,225
289,65,24.66049,224
289,66,43.699495,223
289,67,40.904589,222
289,68,36.606889,221
289,69,18.95218,220
289,70,32.989149,219
289,71,30.693714,218
289,72,19.204021,217
289,73,35.374097,216
289,74,34.272736,215
289,75,25.6998,214
289,76,18.756396,213
289,77,6.97515,212
289,78,11.2865,211
289,79,31.568332,210
289,80,14.486272,209
289,81,13.126589,208
289,82,27.961802,207
289,83,37.38946,206
289,84,40.442764,205
289,85,41.671232,204
289,86,44.449189,203
289,87,41.494371,202
289,88,35.203207,201
289,89,38.162143,200
289,90,41.129607,199
289,91,34.496603,198
289,92,33.793807,197
289,93,25.324818,196
289,94,12.924468,195
289,95,22.84605,194
289,96,18.581718,193
289,97,18.418835,192
289,98,30.467825,191
289,99,34.202228,190
289,100,20.5042,189
289,101,12.174169,188
289,102,1.973146,187
289,103,14.96435,186
289,104,17.519939,185
289,105,12.894064,184
289,106,15.608397,183
289,107,10.077893,182
289,108,7.91725,181
289,109,10.375382,180
289,110,11.851764,179
289,111,10.306547,178
289,112,31.347132,177
289,113,11.371414,176
289,114,13.290664,175
289,115,17.159628,174
289,116,16.639811,173
289,117,12.840561,172
289,118,13.992047,171
289,119,3.644468,170
289,120,8.99496399999999,169
289,121,19.991821,168
289,122,11.035471,167
289,123,15.9224,166
289,124,17.943293,165
289,125,10.101775,164
289,126,7.93810699999999,163
289,127,9.544939,162
289,128,16.2411765,161
289,129,10.396839,160
289,130,14.060132,159
289,131,14.578925,158
289,132,9.19870000000001,157
289,133,8.161564,156
289,134,10.212139,155
289,135,13.552346,154
289,136,17.478382,153
289,137,5.59857100000001,152
289,138,8.97567500000001,151
289,139,12.762968,150
289,140,14.382368,149
289,141,21.114639,148
289,142,19.660403,147
289,143,16.278925,146
289,144,20.248725,145
289,145,25.399628,144
289,146,28.229125,143
289,147,22.827646,142
289,148,19.842625,141
289,149,21.400593,140
289,150,35.273664,139
289,151,44.750346,138
289,152,37.671825,137
289,153,21.82639,136
289,154,14.512782,135
289,155,24.355825,134
289,156,26.630175,133
289,157,28.513607,132
289,158,29.211303,131
289,159,43.32705,130
289,160,46.996628,129
289,161,39.478621,128
289,162,34.732689,127
289,163,28.9417,126
289,164,16.358411,125
289,165,14.091878,124
289,166,20.314935,123
289,167,18.870282,122
289,168,23.876446,121
289,169,31.994703,120
289,170,33.444839,119
289,171,22.287014,118
289,172,27.590164,117
289,173,35.934735,116
289,174,31.477021,115
289,175,27.013714,114
289,176,25.857632,113
289,177,32.7125579,112
289,178,31.744143,111
289,179,37.618678,110
289,180,24.063132,109
289,181,26.537235,108
289,182,34.351503,107
289,183,35.788985,106
289,184,28.354703,105
289,185,37.7553826,104
289,186,39.393353,103
289,187,36.204728,102
289,188,35.766189,101
289,189,28.890746,100
289,190,31.775535,99
289,191,34.613132,98
289,192,34.03904,97
289,193,40.876171,96
289,194,37.021628,95
289,195,22.54285,94
289,196,24.807778,93
289,197,25.182475,92
289,198,27.459678,91
289,199,34.531821,90
289,200,46.773589,89
289,201,47.8037,88
289,202,52.482182,87
289,203,60.618639,86
289,204,55.253182,85
289,205,51.291832,84
289,206,45.4614829,83
289,207,34.531503,82
289,208,34.709968,81
289,209,42.428846,80
289,210,49.629743,79
289,211,41.39051,78
289,212,41.828868,77
289,213,38.3957,76
289,214,35.670639,75
289,215,36.308428,74
289,216,29.911089,73
289,217,29.512357,72
289,218,29.532289,71
289,219,37.19611,70
289,220,36.018664,69
289,221,41.894982,68
289,222,32.732103,67
289,223,30.088757,66
289,224,33.091632,65
289,225,26.113221,64
289,226,22.143728,63
289,227,21.827071,62
289,228,24.443446,61
289,229,33.7769,60
289,230,27.115703,59
289,231,29.051453,58
289,232,33.75205,57
289,233,28.064171,56
289,234,20.597789,55
289,235,24.478868,54
289,236,21.047503,53
289,237,26.154228,52
289,238,36.7364015,51
289,239,26.1516,50
289,240,23.257864,49
289,241,23.887364,48
289,242,24.232003,47
289,243,29.4867579,46
289,244,26.139757,45
289,245,24.747896,44
289,246,25.967114,43
289,247,29.383,42
289,248,22.998207,41
289,249,5.976042,40
289,250,18.5358954,39
289,251,13.791973,38
289,252,21.910446,37
289,253,24.304503,36
289,254,27.077671,35
289,255,27.764268,34
289,256,24.434171,33
289,257,26.227839,32
289,258,8.28580700000001,31
289,259,14.126628,30
289,260,9.863114,29
289,261,8.809228,28
289,262,12.686475,27
289,263,14.192571,26
289,264,19.5228076,25
289,265,18.062014,24
289,266,16.4701201,23
289,267,22.8120579,22
289,268,25.9220826,21
289,269,24.341339,20
289,270,21.663232,19
289,271,19.717496,18
289,272,17.995578,17
289,273,11.292464,16
289,274,14.252443,15
289,275,27.675718,14
289,276,29.9570704,13
289,277,9.62722099999999,12
289,278,10.596889,11
289,279,13.242471,10
289,280,17.5622951,9
289,281,17.3461576,8
289,282,17.748239,7
289,283,22.0063076,6
289,284,15.732525,5
289,285,4.433439,4
289,286,16.67281,3
289,287,7.85302800000001,2
289,288,2.247828,1
290,1,23.065511,289
290,2,28.44962,288
290,3,53.08431,287
290,4,45.801011,286
290,5,42.990157,285
290,6,47.3769246,284
290,7,45.728651,283
290,8,58.396125,282
290,9,71.682757,281
290,10,57.184046,280
290,11,51.456699,279
290,12,61.197416,278
290,13,62.392907,277
290,14,51.618477,276
290,15,40.558822,275
290,16,42.350818,274
290,17,51.341846,273
290,18,43.675268,272
290,19,34.052296,271
290,20,39.726425,270
290,21,64.850621,269
290,22,64.976713,268
290,23,66.554692,267
290,24,60.061533,266
290,25,44.483911,265
290,26,54.006307,264
290,27,47.777064,263
290,28,46.600493,262
290,29,46.800788,261
290,30,45.8540088,260
290,31,49.462721,259
290,32,49.614372,258
290,33,44.404443,257
290,34,56.786041,256
290,35,45.50588,255
290,36,41.10815,254
290,37,35.107893,253
290,38,39.7680869,252
290,39,59.372107,251
290,40,55.86812,250
290,41,57.295802,249
290,42,49.059943,248
290,43,43.540846,247
290,44,33.720568,246
290,45,33.105693,245
290,46,46.239315,244
290,47,34.298354,243
290,48,15.976625,242
290,49,6.188282,241
290,50,40.147778,240
290,51,38.215602,239
290,52,42.872789,238
290,53,50.064168,237
290,54,45.196022,236
290,55,38.262939,235
290,56,35.50732,234
290,57,35.029814,233
290,58,27.301177,232
290,59,24.249619,231
290,60,39.776982,230
290,61,37.472518,229
290,62,49.963925,228
290,63,40.130689,227
290,64,24.916864,226
290,65,32.920786,225
290,66,51.959791,224
290,67,34.915593,223
290,68,36.617207,222
290,69,24.553916,221
290,70,34.717347,220
290,71,30.787782,219
290,72,25.975175,218
290,73,29.385101,217
290,74,29.48036,216
290,75,23.427696,215
290,76,17.3502,214
290,77,6.170346,213
290,78,19.546796,212
290,79,29.913164,211
290,80,22.746568,210
290,81,13.887307,209
290,82,29.862994,208
290,83,40.567136,207
290,84,41.870132,206
290,85,40.263964,205
290,86,39.655607,204
290,87,40.439925,203
290,88,36.130889,202
290,89,32.173147,201
290,90,40.804389,200
290,91,39.673693,199
290,92,30.721589,198
290,93,20.251578,197
290,94,18.913464,196
290,95,31.106346,195
290,96,24.342378,194
290,97,12.429839,193
290,98,31.394971,192
290,99,28.213232,191
290,100,14.515204,190
290,101,18.163165,189
290,102,9.31715,188
290,103,19.057246,187
290,104,11.530943,186
290,105,13.738532,185
290,106,23.868693,184
290,107,18.338189,183
290,108,1.928254,182
290,109,4.38638599999999,181
290,110,12.508632,180
290,111,18.566843,179
290,112,31.273164,178
290,113,12.798782,177
290,114,7.281032,176
290,115,10.233168,175
290,116,22.628807,174
290,117,18.829557,173
290,118,19.981043,172
290,119,6.323128,171
290,120,11.005232,170
290,121,14.002825,169
290,122,3.857225,168
290,123,21.911396,167
290,124,26.203589,166
290,125,18.362071,165
290,126,9.03328899999999,164
290,127,1.284643,163
290,128,7.9808805,162
290,129,2.219757,161
290,130,5.79983600000001,160
290,131,6.318629,159
290,132,2.852996,158
290,133,2.754932,157
290,134,4.223143,156
290,135,5.29205000000001,155
290,136,9.218086,154
290,137,11.002925,153
290,138,4.214521,152
290,139,4.50267200000001,151
290,140,6.12207200000001,150
290,141,12.854343,149
290,142,11.400107,148
290,143,15.852671,147
290,144,16.237971,146
290,145,17.139332,145
290,146,23.220071,144
290,147,23.31755,143
290,148,18.913871,142
290,149,18.307203,141
290,150,27.013368,140
290,151,36.49005,139
290,152,33.661071,138
290,153,27.815386,137
290,154,16.669914,136
290,155,16.095529,135
290,156,18.369879,134
290,157,20.253311,133
290,158,22.616493,132
290,159,35.066754,131
290,160,38.736332,130
290,161,31.218325,129
290,162,26.472393,128
290,163,20.681404,127
290,164,22.347407,126
290,165,18.414718,125
290,166,12.054639,124
290,167,14.776314,123
290,168,15.61615,122
290,169,23.734407,121
290,170,25.184543,120
290,171,14.026718,119
290,172,19.329868,118
290,173,27.674439,117
290,174,31.715675,116
290,175,25.003982,115
290,176,22.179064,114
290,177,24.4522619,113
290,178,23.483847,112
290,179,29.358382,111
290,180,27.386064,110
290,181,19.607961,109
290,182,26.091207,108
290,183,27.528689,107
290,184,27.260593,106
290,185,29.4950866,105
290,186,31.133057,104
290,187,27.944432,103
290,188,27.505893,102
290,189,27.29695,101
290,190,23.515239,100
290,191,27.437164,99
290,192,40.028036,98
290,193,35.949125,97
290,194,28.761332,96
290,195,23.031146,95
290,196,17.546318,94
290,197,21.339221,93
290,198,28.533018,92
290,199,31.688475,91
290,200,38.513293,90
290,201,39.543404,89
290,202,50.471914,88
290,203,52.358343,87
290,204,46.992886,86
290,205,43.031536,85
290,206,37.2011869,84
290,207,29.604993,83
290,208,27.532928,82
290,209,34.58395,81
290,210,41.369447,80
290,211,33.130214,79
290,212,33.568572,78
290,213,30.135404,77
290,214,31.493457,76
290,215,28.048132,75
290,216,24.568107,74
290,217,22.500539,73
290,218,28.356707,72
290,219,32.434286,71
290,220,30.009032,70
290,221,33.634686,69
290,222,27.805593,68
290,223,21.828461,67
290,224,24.831336,66
290,225,22.686975,65
290,226,20.215468,64
290,227,18.065825,63
290,228,24.35045,62
290,229,25.516604,61
290,230,26.604493,60
290,231,20.791157,59
290,232,25.491754,58
290,233,29.636125,57
290,234,25.921207,56
290,235,16.218572,55
290,236,23.202893,54
290,237,22.644768,53
290,238,28.4761055,52
290,239,32.140596,51
290,240,29.24686,50
290,241,15.627068,49
290,242,15.971707,48
290,243,21.2264619,47
290,244,17.879461,46
290,245,16.4876,45
290,246,19.039582,44
290,247,25.288496,43
290,248,19.738389,42
290,249,11.965038,41
290,250,10.2755994,40
290,251,7.859123,39
290,252,13.65015,38
290,253,16.044207,37
290,254,18.817375,36
290,255,19.503972,35
290,256,16.173875,34
290,257,17.967543,33
290,258,12.858289,32
290,259,8.137632,31
290,260,5.789782,30
290,261,3.236168,29
290,262,4.42617900000001,28
290,263,5.93227500000001,27
290,264,11.2625116,26
290,265,9.801718,25
290,266,8.20982409999999,24
290,267,14.5517619,23
290,268,17.6617866,22
290,269,16.081043,21
290,270,13.402936,20
290,271,11.4572,19
290,272,9.735282,18
290,273,7.199032,17
290,274,22.512739,16
290,275,27.935678,15
290,276,23.9680744,14
290,277,7.72187499999999,13
290,278,2.587307,12
290,279,7.253475,11
290,280,11.1982991,10
290,281,9.0858616,9
290,282,9.487943,8
290,283,13.7460116,7
290,284,7.472229,6
290,285,5.92445699999999,5
290,286,8.412514,4
290,287,6.092268,3
290,288,7.34116800000001,2
290,289,8.260296,1
291,1,27.238453,290
291,2,34.623584,289
291,3,59.258274,288
291,4,49.953853,287
291,5,49.164121,286
291,6,44.8017606,285
291,7,51.011113,284
291,8,64.570089,283
291,9,77.856721,282
291,10,63.35801,281
291,11,50.495565,280
291,12,67.37138,279
291,13,68.566871,278
291,14,51.249087,277
291,15,44.399042,276
291,16,48.524782,275
291,17,57.51581,274
291,18,46.016296,273
291,19,40.22626,272
291,20,45.900389,271
291,21,71.024585,270
291,22,70.693871,269
291,23,72.728656,268
291,24,63.950931,267
291,25,44.549753,266
291,26,60.180271,265
291,27,45.7044,264
291,28,45.795871,263
291,29,48.952876,262
291,30,43.2788448,261
291,31,55.636685,260
291,32,47.039208,259
291,33,50.578407,258
291,34,62.960005,257
291,35,45.309484,256
291,36,45.365914,255
291,37,36.782271,254
291,38,37.1929229,253
291,39,65.546071,252
291,40,62.042084,251
291,41,63.469766,250
291,42,46.484779,249
291,43,49.71481,248
291,44,39.894532,247
291,45,39.279657,246
291,46,52.413279,245
291,47,40.472318,244
291,48,22.150589,243
291,49,11.984846,242
291,50,46.321742,241
291,51,44.389566,240
291,52,49.046753,239
291,53,56.238132,238
291,54,42.620858,237
291,55,44.436903,236
291,56,41.681284,235
291,57,41.203778,234
291,58,26.757587,233
291,59,30.423583,232
291,60,45.950946,231
291,61,43.646482,230
291,62,56.137889,229
291,63,46.304653,228
291,64,31.090828,227
291,65,39.09475,226
291,66,58.133755,225
291,67,33.755871,224
291,68,42.791171,223
291,69,30.72788,222
291,70,40.891311,221
291,71,36.961746,220
291,72,32.149139,219
291,73,30.406363,218
291,74,35.654324,217
291,75,29.60166,216
291,76,23.524164,215
291,77,8.74550999999999,214
291,78,25.72076,213
291,79,36.087128,212
291,80,28.920532,211
291,81,20.061271,210
291,82,36.036958,209
291,83,46.7411,208
291,84,48.044096,207
291,85,46.437928,206
291,86,45.829571,205
291,87,46.613889,204
291,88,42.304853,203
291,89,38.013317,202
291,90,46.978353,201
291,91,45.847657,200
291,92,36.895553,199
291,93,26.425542,198
291,94,21.488628,197
291,95,37.28031,196
291,96,30.516342,195
291,97,16.852825,194
291,98,37.568935,193
291,99,28.719532,192
291,100,16.85516,191
291,101,20.738329,190
291,102,15.491114,189
291,103,25.23121,188
291,104,9.037921,187
291,105,19.912496,186
291,106,30.042657,185
291,107,24.512153,184
291,108,6.51941,183
291,109,8.227678,182
291,110,15.083796,181
291,111,24.740807,180
291,112,37.447128,179
291,113,18.972746,178
291,114,9.85619599999999,177
291,115,12.808332,176
291,116,25.203971,175
291,117,21.404721,174
291,118,22.556207,173
291,119,12.497092,172
291,120,17.179196,171
291,121,11.427661,170
291,122,6.43238899999999,169
291,123,24.48656,168
291,124,32.377553,167
291,125,24.536035,166
291,126,15.207253,165
291,127,4.88932100000001,164
291,128,2.94331650000001,163
291,129,4.794921,162
291,130,0.374127999999999,161
291,131,1.55903499999999,160
291,132,5.42816,159
291,133,8.928896,158
291,134,4.979621,157
291,135,4.865614,156
291,136,5.293178,155
291,137,13.578089,154
291,138,6.789685,153
291,139,1.922408,152
291,140,1.948192,151
291,141,8.09582099999999,150
291,142,10.307557,149
291,143,18.427835,148
291,144,18.813135,147
291,145,16.880932,146
291,146,25.795235,145
291,147,25.892714,144
291,148,21.489035,143
291,149,20.882367,142
291,150,23.671896,141
291,151,30.482514,140
291,152,36.236235,139
291,153,30.39055,138
291,154,19.245078,137
291,155,11.670935,136
291,156,16.028985,135
291,157,15.661753,134
291,158,25.191657,133
291,159,32.47461,132
291,160,37.895032,131
291,161,29.126939,130
291,162,26.296671,129
291,163,21.67376,128
291,164,24.922571,127
291,165,20.989882,126
291,166,13.629225,125
291,167,17.351478,124
291,168,13.856414,123
291,169,18.809457,122
291,170,19.010579,121
291,171,13.934746,120
291,172,21.321596,119
291,173,29.831925,118
291,174,34.290839,117
291,175,27.579146,116
291,176,24.754228,115
291,177,18.2782979,114
291,178,17.309883,113
291,179,27.766682,112
291,180,29.961228,111
291,181,22.183125,110
291,182,19.917243,109
291,183,22.021375,108
291,184,29.835757,107
291,185,23.3211226,106
291,186,27.126007,105
291,187,27.103132,104
291,188,27.913071,103
291,189,29.872114,102
291,190,25.089825,101
291,191,30.012328,100
291,192,42.6032,99
291,193,38.524289,98
291,194,27.417532,97
291,195,25.60631,96
291,196,20.121482,95
291,197,23.914385,94
291,198,31.108182,93
291,199,34.263639,92
291,200,35.088071,91
291,201,33.86926,90
291,202,53.047078,89
291,203,49.268121,88
291,204,43.650878,87
291,205,44.774828,86
291,206,31.0272229,85
291,207,32.180157,84
291,208,30.108092,83
291,209,37.159114,82
291,210,43.778317,81
291,211,34.78855,80
291,212,34.727892,79
291,213,30.20986,78
291,214,34.068621,77
291,215,25.290632,76
291,216,27.143271,75
291,217,25.075703,74
291,218,30.931871,73
291,219,35.00945,72
291,220,32.584196,71
291,221,32.959278,70
291,222,30.380757,69
291,223,22.985503,68
291,224,20.738928,67
291,225,25.262139,66
291,226,22.790632,65
291,227,20.640989,64
291,228,26.925614,63
291,229,23.84236,62
291,230,29.179657,61
291,231,18.532807,60
291,232,19.31779,59
291,233,32.211289,58
291,234,28.496371,57
291,235,14.959192,56
291,236,25.778057,55
291,237,25.219932,54
291,238,22.3021415,53
291,239,34.71576,52
291,240,31.822024,51
291,241,16.117996,50
291,242,11.797157,49
291,243,15.0524979,48
291,244,15.954503,47
291,245,14.312464,46
291,246,21.614746,45
291,247,27.86366,44
291,248,22.313553,43
291,249,16.796502,42
291,250,4.10163539999999,41
291,251,10.434287,40
291,252,9.39131399999999,39
291,253,15.702057,38
291,254,13.308989,37
291,255,13.330008,36
291,256,14.249989,35
291,257,19.460121,34
291,258,15.433453,33
291,259,12.811332,32
291,260,11.963746,31
291,261,9.410132,30
291,262,3.833985,29
291,263,3.090489,28
291,264,5.08854760000001,27
291,265,6.04484599999999,26
291,266,2.21466010000002,25
291,267,8.3777979,24
291,268,11.4878226,23
291,269,9.98922099999999,22
291,270,8.31222799999999,21
291,271,10.447864,20
291,272,11.975982,19
291,273,9.774196,18
291,274,28.686703,17
291,275,34.109642,16
291,276,21.3929104,15
291,277,13.895839,14
291,278,5.162471,13
291,279,8.01048900000001,12
291,280,8.62313510000001,11
291,281,5.75559760000001,10
291,282,3.313979,9
291,283,7.57204759999999,8
291,284,5.714235,7
291,285,10.000821,6
291,286,6.48635,5
291,287,8.667432,4
291,288,13.515132,3
291,289,14.43426,2
291,290,6.17396400000001,1
292,1,28.087281,291
292,2,24.36475,290
292,3,48.99944,289
292,4,50.822781,288
292,5,46.468113,287
292,6,52.3986946,286
292,7,50.750421,285
292,8,54.311255,284
292,9,67.597887,283
292,10,55.788824,282
292,11,56.478469,281
292,12,57.112546,280
292,13,58.308037,279
292,14,56.640247,278
292,15,45.580592,277
292,16,45.623352,276
292,17,53.866124,275
292,18,48.697038,274
292,19,34.660374,273
292,20,41.997845,272
292,21,60.765751,271
292,22,69.998483,270
292,23,62.469822,269
292,24,65.083303,268
292,25,49.505681,267
292,26,49.921437,266
292,27,52.798834,265
292,28,51.622263,264
292,29,51.822558,263
292,30,50.8757788,262
292,31,52.901549,261
292,32,54.636142,260
292,33,40.319573,259
292,34,52.701171,258
292,35,50.52765,257
292,36,46.12992,256
292,37,40.129663,255
292,38,44.7898569,254
292,39,55.287237,253
292,40,59.08625,252
292,41,56.079068,251
292,42,54.081713,250
292,43,44.812224,249
292,44,29.635698,248
292,45,29.020823,247
292,46,42.154445,246
292,47,30.213484,245
292,48,13.665245,244
292,49,1.72601200000001,243
292,50,36.062908,242
292,51,36.824668,241
292,52,38.787919,240
292,53,52.365202,239
292,54,50.217792,238
292,55,34.178069,237
292,56,31.42245,236
292,57,38.551856,235
292,58,32.322947,234
292,59,20.164749,233
292,60,39.298588,232
292,61,33.387648,231
292,62,48.235445,230
292,63,41.404881,229
292,64,20.831994,228
292,65,28.835916,227
292,66,47.874921,226
292,67,39.937363,225
292,68,35.639663,224
292,69,20.469046,223
292,70,32.021923,222
292,71,29.726488,221
292,72,21.890305,220
292,73,34.406871,219
292,74,33.30551,218
292,75,24.732574,217
292,76,17.78917,216
292,77,2.799724,215
292,78,15.461926,214
292,79,30.601106,213
292,80,18.661698,212
292,81,12.159363,211
292,82,26.994576,210
292,83,36.482266,209
292,84,39.475538,208
292,85,40.704006,207
292,86,43.481963,206
292,87,40.527145,205
292,88,34.235981,204
292,89,37.194917,203
292,90,40.162381,202
292,91,35.588823,201
292,92,32.826581,200
292,93,24.357592,199
292,94,13.891694,198
292,95,27.021476,197
292,96,20.257508,196
292,97,17.451609,195
292,98,29.500599,194
292,99,33.235002,193
292,100,19.536974,192
292,101,13.141395,191
292,102,5.23228,190
292,103,14.972376,189
292,104,16.552713,188
292,105,11.926838,187
292,106,19.783823,186
292,107,14.253319,185
292,108,6.950024,184
292,109,9.40815599999999,183
292,110,7.676338,182
292,111,14.481973,181
292,112,30.379906,180
292,113,10.404188,179
292,114,9.115238,178
292,115,12.984202,177
292,116,17.607037,176
292,117,13.807787,175
292,118,14.959273,174
292,119,2.677242,173
292,120,8.02773799999999,172
292,121,19.024595,171
292,122,6.860045,170
292,123,16.889626,169
292,124,22.118719,168
292,125,14.277201,167
292,126,6.97088099999999,166
292,127,5.737613,165
292,128,12.0657505,164
292,129,6.221413,163
292,130,9.884706,162
292,131,10.403499,161
292,132,5.023274,160
292,133,7.194338,159
292,134,9.244913,158
292,135,9.37692,157
292,136,13.302956,156
292,137,5.98115500000001,155
292,138,4.800249,154
292,139,9.51934199999999,153
292,140,10.206942,152
292,141,16.939213,151
292,142,15.484977,150
292,143,12.103499,149
292,144,16.073299,148
292,145,21.224202,147
292,146,24.053699,146
292,147,18.65222,145
292,148,15.667199,144
292,149,17.225167,143
292,150,31.098238,142
292,151,40.57492,141
292,152,33.496399,140
292,153,22.793616,139
292,154,11.648144,138
292,155,20.180399,137
292,156,22.454749,136
292,157,24.338181,135
292,158,25.035877,134
292,159,39.151624,133
292,160,42.821202,132
292,161,35.303195,131
292,162,30.557263,130
292,163,24.766274,129
292,164,17.325637,128
292,165,13.392948,127
292,166,16.139509,126
292,167,14.694856,125
292,168,19.70102,124
292,169,27.819277,123
292,170,29.269413,122
292,171,18.111588,121
292,172,23.414738,120
292,173,31.759309,119
292,174,27.301595,118
292,175,22.838288,117
292,176,21.682206,116
292,177,28.5371319,115
292,178,27.568717,114
292,179,33.443252,113
292,180,22.364294,112
292,181,22.361809,111
292,182,30.176077,110
292,183,31.613559,109
292,184,24.179277,108
292,185,33.5799566,107
292,186,35.217927,106
292,187,32.029302,105
292,188,31.590763,104
292,189,24.71532,103
292,190,27.600109,102
292,191,30.437706,101
292,192,35.006266,100
292,193,36.700745,99
292,194,32.846202,98
292,195,18.367424,97
292,196,20.632352,96
292,197,21.007049,95
292,198,23.511248,94
292,199,30.356395,93
292,200,42.598163,92
292,201,43.628274,91
292,202,48.306756,90
292,203,56.443213,89
292,204,51.077756,88
292,205,47.116406,87
292,206,41.2860569,86
292,207,30.356077,85
292,208,30.534542,84
292,209,38.25342,83
292,210,45.454317,82
292,211,37.215084,81
292,212,37.653442,80
292,213,34.220274,79
292,214,31.495213,78
292,215,32.133002,77
292,216,25.735663,76
292,217,25.336931,75
292,218,25.356863,74
292,219,33.020684,73
292,220,31.843238,72
292,221,37.719556,71
292,222,28.556677,70
292,223,25.913331,69
292,224,28.916206,68
292,225,21.937795,67
292,226,17.968302,66
292,227,17.651645,65
292,228,20.26802,64
292,229,29.601474,63
292,230,22.940277,62
292,231,24.876027,61
292,232,29.576624,60
292,233,24.614355,59
292,234,20.899437,58
292,235,20.303442,57
292,236,18.181123,56
292,237,21.978802,55
292,238,32.5609755,54
292,239,27.118826,53
292,240,24.22509,52
292,241,19.711938,51
292,242,20.056577,50
292,243,25.3113319,49
292,244,21.964331,48
292,245,20.57247,47
292,246,21.791688,46
292,247,25.207574,45
292,248,18.822781,44
292,249,6.943268,43
292,250,14.3604694,42
292,251,9.616547,41
292,252,17.73502,40
292,253,20.129077,39
292,254,22.902245,38
292,255,23.588842,37
292,256,20.258745,36
292,257,22.052413,35
292,258,7.83651900000001,34
292,259,13.159402,33
292,260,8.895888,32
292,261,7.842002,31
292,262,8.511049,30
292,263,10.017145,29
292,264,15.3473816,28
292,265,13.886588,27
292,266,12.2946941,26
292,267,18.6366319,25
292,268,21.7466566,24
292,269,20.165913,23
292,270,17.487806,22
292,271,15.54207,21
292,272,13.820152,20
292,273,7.117038,19
292,274,18.427869,18
292,275,26.708492,17
292,276,28.9898444,16
292,277,8.65999499999999,15
292,278,6.421463,14
292,279,12.275245,13
292,280,16.2200691,12
292,281,13.3525316,11
292,282,13.572813,10
292,283,17.8308816,9
292,284,11.557099,8
292,285,0.902686999999997,7
292,286,12.497384,6
292,287,3.677602,5
292,288,3.25629800000001,4
292,289,4.17542600000001,3
292,290,5.02177,2
292,291,10.258834,1
293,1,32.977543,292
293,2,28.558212,291
293,3,53.223722,290
293,4,55.713043,289
293,5,51.358375,288
293,6,57.2889566,287
293,7,55.640683,286
293,8,56.057207,285
293,9,56.594275,284
293,10,60.679086,283
293,11,61.368731,282
293,12,53.790216,281
293,13,55.471725,280
293,14,61.530509,279
293,15,50.470854,278
293,16,50.513614,277
293,17,58.756386,276
293,18,53.5873,275
293,19,39.550636,274
293,20,46.888107,273
293,21,50.929011,272
293,22,74.888745,271
293,23,66.92311,270
293,24,69.973565,269
293,25,54.395943,268
293,26,48.043225,267
293,27,57.689096,266
293,28,56.512525,265
293,29,56.71282,264
293,30,55.7660408,263
293,31,57.791811,262
293,32,59.526404,261
293,33,42.399989,260
293,34,52.980091,259
293,35,55.417912,258
293,36,51.020182,257
293,37,45.019925,256
293,38,49.6801189,255
293,39,44.283625,254
293,40,63.976512,253
293,41,60.96933,252
293,42,58.971975,251
293,43,49.702486,250
293,44,32.175064,249
293,45,10.518839,248
293,46,40.608017,247
293,47,33.971178,246
293,48,18.555507,245
293,49,17.36115,244
293,50,16.975746,243
293,51,41.71493,242
293,52,35.034243,241
293,53,57.255464,240
293,54,55.108054,239
293,55,38.109293,238
293,56,22.483912,237
293,57,43.442118,236
293,58,37.213209,235
293,59,18.844513,234
293,60,44.18885,233
293,61,29.635714,232
293,62,53.125707,231
293,63,46.295143,230
293,64,24.578968,229
293,65,20.333146,228
293,66,39.631441,227
293,67,44.827625,226
293,68,40.529925,225
293,69,22.875216,224
293,70,36.912185,223
293,71,34.61675,222
293,72,23.127057,221
293,73,39.297133,220
293,74,38.195772,219
293,75,29.622836,218
293,76,22.679432,217
293,77,21.886886,216
293,78,3.625236,215
293,79,35.491368,214
293,80,17.462464,213
293,81,17.049625,212
293,82,31.884838,211
293,83,41.312496,210
293,84,44.3658,209
293,85,45.594268,208
293,86,48.372225,207
293,87,45.417407,206
293,88,39.126243,205
293,89,42.085179,204
293,90,45.052643,203
293,91,38.419639,202
293,92,37.716843,201
293,93,29.247854,200
293,94,13.919768,199
293,95,12.518186,198
293,96,22.504754,197
293,97,22.341871,196
293,98,34.390861,195
293,99,38.125264,194
293,100,24.427236,193
293,101,21.356467,192
293,102,13.854882,191
293,103,18.887386,190
293,104,21.442975,189
293,105,16.8171,188
293,106,11.613239,187
293,107,11.082543,186
293,108,22.826586,185
293,109,21.118318,184
293,110,26.7635,183
293,111,8.395089,182
293,112,35.270168,181
293,113,15.29445,180
293,114,28.2024,179
293,115,32.071364,178
293,116,25.550625,177
293,117,23.667575,176
293,118,23.652189,175
293,119,16.848904,174
293,120,12.918,173
293,121,23.914857,172
293,122,25.947207,171
293,123,22.666836,170
293,124,15.530943,169
293,125,12.192361,168
293,126,14.138743,167
293,127,24.456675,166
293,128,31.1529125,165
293,129,25.308575,164
293,130,28.971868,163
293,131,29.490661,162
293,132,24.110436,161
293,133,20.4171,160
293,134,24.366375,159
293,135,28.464082,158
293,136,32.390118,157
293,137,20.510307,156
293,138,23.887411,155
293,139,27.674704,154
293,140,29.294104,153
293,141,36.026375,152
293,142,34.572139,151
293,143,31.190661,150
293,144,35.160461,149
293,145,40.311364,148
293,146,43.140861,147
293,147,37.739382,146
293,148,34.754361,145
293,149,36.312329,144
293,150,50.1854,143
293,151,59.662082,142
293,152,52.583561,141
293,153,35.321746,140
293,154,29.424518,139
293,155,39.267561,138
293,156,41.541911,137
293,157,43.425343,136
293,158,44.123039,135
293,159,58.238786,134
293,160,61.908364,133
293,161,54.390357,132
293,162,49.644425,131
293,163,43.853436,130
293,164,28.103325,129
293,165,29.003614,128
293,166,35.226671,127
293,167,33.782018,126
293,168,38.788182,125
293,169,46.906439,124
293,170,48.356575,123
293,171,37.19875,122
293,172,42.5019,121
293,173,50.846471,120
293,174,46.388757,119
293,175,41.92545,118
293,176,40.769368,117
293,177,47.6242939,116
293,178,46.655879,115
293,179,52.530414,114
293,180,38.974868,113
293,181,41.448971,112
293,182,49.263239,111
293,183,50.700721,110
293,184,43.266439,109
293,185,52.6671186,108
293,186,54.305089,107
293,187,51.116464,106
293,188,50.677925,105
293,189,43.802482,104
293,190,46.687271,103
293,191,49.524868,102
293,192,48.867696,101
293,193,55.787907,100
293,194,51.933364,99
293,195,37.454586,98
293,196,39.719514,97
293,197,40.094211,96
293,198,42.371414,95
293,199,49.443557,94
293,200,61.685325,93
293,201,62.715436,92
293,202,67.393918,91
293,203,75.530375,90
293,204,70.164918,89
293,205,66.203568,88
293,206,60.3732189,87
293,207,49.443239,86
293,208,49.621704,85
293,209,57.340582,84
293,210,64.541479,83
293,211,56.302246,82
293,212,56.740604,81
293,213,53.307436,80
293,214,50.582375,79
293,215,51.220164,78
293,216,44.822825,77
293,217,44.424093,76
293,218,44.444025,75
293,219,52.107846,74
293,220,50.9304,73
293,221,56.806718,72
293,222,47.643839,71
293,223,45.000493,70
293,224,48.003368,69
293,225,41.024957,68
293,226,37.055464,67
293,227,36.738807,66
293,228,39.355182,65
293,229,48.688636,64
293,230,42.027439,63
293,231,43.963189,62
293,232,48.663786,61
293,233,42.975907,60
293,234,35.509525,59
293,235,39.390604,58
293,236,35.959239,57
293,237,41.065964,56
293,238,51.6481375,55
293,239,28.480736,54
293,240,35.095372,53
293,241,38.7991,52
293,242,39.143739,51
293,243,44.3984939,50
293,244,41.051493,49
293,245,39.659632,48
293,246,40.87885,47
293,247,44.294736,46
293,248,37.909943,45
293,249,12.549494,44
293,250,33.4476314,43
293,251,28.703709,42
293,252,36.822182,41
293,253,39.216239,40
293,254,41.989407,39
293,255,42.676004,38
293,256,39.345907,37
293,257,41.139575,36
293,258,23.197543,35
293,259,18.049664,34
293,260,17.38225,33
293,261,19.935864,32
293,262,27.598211,31
293,263,29.104307,30
293,264,34.4345436,29
293,265,32.97375,28
293,266,31.3818561,27
293,267,37.7237939,26
293,268,40.8338186,25
293,269,39.253075,24
293,270,36.574968,23
293,271,34.629232,22
293,272,32.907314,21
293,273,26.2042,20
293,274,16.757893,19
293,275,31.598754,18
293,276,33.8801064,17
293,277,15.450157,16
293,278,25.508625,15
293,279,21.335507,14
293,280,32.4740311,13
293,281,32.2578936,12
293,282,32.659975,11
293,283,36.9180436,10
293,284,30.644261,9
293,285,19.345175,8
293,286,31.584546,7
293,287,22.764764,6
293,288,15.830864,5
293,289,14.911736,4
293,290,23.172032,3
293,291,29.345996,2
293,292,19.087162,1
294,1,13.0793,293
294,2,12.297131,292
294,3,36.931821,291
294,4,35.8148,290
294,5,31.460132,289
294,6,37.3907136,288
294,7,35.74244,287
294,8,42.243636,286
294,9,55.530268,285
294,10,41.031557,284
294,11,41.470488,283
294,12,45.044927,282
294,13,46.240418,281
294,14,41.632266,280
294,15,30.572611,279
294,16,30.615371,278
294,17,38.858143,277
294,18,33.689057,276
294,19,19.652393,275
294,20,26.989864,274
294,21,48.698132,273
294,22,54.990502,272
294,23,50.402203,271
294,24,50.075322,270
294,25,34.4977,269
294,26,37.853818,268
294,27,37.790853,267
294,28,36.614282,266
294,29,36.814577,265
294,30,35.8677978,264
294,31,37.893568,263
294,32,39.628161,262
294,33,28.251954,261
294,34,40.633552,260
294,35,35.519669,259
294,36,31.121939,258
294,37,25.121682,257
294,38,29.7818759,256
294,39,43.219618,255
294,40,44.078269,254
294,41,41.143313,253
294,42,39.073732,252
294,43,29.804243,251
294,44,17.568079,250
294,45,16.953204,249
294,46,30.086826,248
294,47,18.145865,247
294,48,1.342736,246
294,49,16.174493,245
294,50,23.995289,244
294,51,22.063113,243
294,52,26.7203,242
294,53,37.357221,241
294,54,35.209811,240
294,55,22.11045,239
294,56,19.354831,238
294,57,23.543875,237
294,58,17.314966,236
294,59,8.09713000000001,235
294,60,24.290607,234
294,61,21.320029,233
294,62,33.811436,232
294,63,26.3969,231
294,64,8.76437500000001,230
294,65,16.768297,229
294,66,35.807302,228
294,67,24.929382,227
294,68,20.631682,226
294,69,8.401427,225
294,70,18.564858,224
294,71,14.718507,223
294,72,9.822686,222
294,73,19.39889,221
294,74,18.297529,220
294,75,9.724593,219
294,76,2.78118900000001,218
294,77,16.156557,217
294,78,16.273007,216
294,79,15.593125,215
294,80,6.594079,214
294,81,2.848618,213
294,82,13.710505,212
294,83,24.414647,211
294,84,25.717643,210
294,85,25.696025,209
294,86,28.473982,208
294,87,25.519164,207
294,88,19.9784,206
294,89,22.186936,205
294,90,25.1544,204
294,91,23.521204,203
294,92,17.8186,202
294,93,9.349611,201
294,94,28.899675,200
294,95,14.953857,199
294,96,8.189889,198
294,97,5.47362800000001,197
294,98,15.242482,196
294,99,18.227021,195
294,100,5.47129299999999,194
294,101,28.149376,193
294,102,14.002061,192
294,103,2.90475699999999,191
294,104,13.288532,190
294,105,3.081143,189
294,106,8.285004,188
294,107,8.8157,187
294,108,15.807043,186
294,109,14.098775,185
294,110,22.494843,184
294,111,11.503154,183
294,112,15.371925,182
294,113,4.603793,181
294,114,21.182857,180
294,115,25.051821,179
294,116,32.615018,178
294,117,28.815768,177
294,118,29.967254,176
294,119,12.330739,175
294,120,6.98024300000001,174
294,121,11.399014,173
294,122,18.927664,172
294,123,31.897607,171
294,124,10.0511,170
294,125,7.70588199999999,169
294,126,8.0371,168
294,127,17.437132,167
294,128,24.1333695,166
294,129,18.289032,165
294,130,21.952325,164
294,131,22.471118,163
294,132,17.090893,162
294,133,13.397557,161
294,134,17.346832,160
294,135,21.444539,159
294,136,25.370575,158
294,137,20.989136,157
294,138,16.867868,156
294,139,20.655161,155
294,140,22.274561,154
294,141,29.006832,153
294,142,27.552596,152
294,143,25.838882,151
294,144,28.140918,150
294,145,33.291821,149
294,146,36.121318,148
294,147,33.303761,147
294,148,28.900082,146
294,149,29.292786,145
294,150,43.165857,144
294,151,52.642539,143
294,152,45.564018,142
294,153,37.801597,141
294,154,26.656125,140
294,155,32.248018,139
294,156,34.522368,138
294,157,36.4058,137
294,158,37.103496,136
294,159,51.219243,135
294,160,54.888821,134
294,161,47.370814,133
294,162,42.624882,132
294,163,36.833893,131
294,164,32.333618,130
294,165,28.400929,129
294,166,28.207128,128
294,167,26.762475,127
294,168,31.768639,126
294,169,39.886896,125
294,170,41.337032,124
294,171,30.179207,123
294,172,35.482357,122
294,173,43.826928,121
294,174,41.701886,120
294,175,34.990193,119
294,176,33.749825,118
294,177,40.6047509,117
294,178,39.636336,116
294,179,45.510871,115
294,180,37.372275,114
294,181,34.429428,113
294,182,42.243696,112
294,183,43.681178,111
294,184,37.246804,110
294,185,45.6475756,109
294,186,47.285546,108
294,187,44.096921,107
294,188,43.658382,106
294,189,37.283161,105
294,190,39.667728,104
294,191,42.505325,103
294,192,50.014247,102
294,193,48.768364,101
294,194,44.913821,100
294,195,33.017357,99
294,196,32.699971,98
294,197,33.074668,97
294,198,38.519229,96
294,199,42.424014,95
294,200,54.665782,94
294,201,55.695893,93
294,202,60.458125,92
294,203,68.510832,91
294,204,63.145375,90
294,205,59.184025,89
294,206,53.3536759,88
294,207,42.423696,87
294,208,42.602161,86
294,209,50.321039,85
294,210,57.521936,84
294,211,49.282703,83
294,212,49.721061,82
294,213,46.287893,81
294,214,43.562832,80
294,215,44.200621,79
294,216,37.803282,78
294,217,37.40455,77
294,218,38.342918,76
294,219,45.088303,75
294,220,43.910857,74
294,221,49.787175,73
294,222,40.624296,72
294,223,37.98095,71
294,224,40.983825,70
294,225,34.005414,69
294,226,30.201679,68
294,227,29.719264,67
294,228,34.336661,66
294,229,41.669093,65
294,230,36.590704,64
294,231,36.943646,63
294,232,41.644243,62
294,233,39.622336,61
294,234,35.907418,60
294,235,32.371061,59
294,236,33.189104,58
294,237,34.046421,57
294,238,44.6285945,56
294,239,42.126807,55
294,240,39.233071,54
294,241,31.779557,53
294,242,32.124196,52
294,243,37.3789509,51
294,244,34.03195,50
294,245,32.640089,49
294,246,33.859307,48
294,247,37.275193,47
294,248,30.8904,46
294,249,21.951249,45
294,250,26.4280884,44
294,251,21.684166,43
294,252,29.802639,42
294,253,32.196696,41
294,254,34.969864,40
294,255,35.656461,39
294,256,32.326364,38
294,257,34.120032,37
294,258,22.8445,36
294,259,9.515121,35
294,260,10.362707,34
294,261,12.916321,33
294,262,20.578668,32
294,263,22.084764,31
294,264,27.4150006,30
294,265,25.954207,29
294,266,24.3623131,28
294,267,30.7042509,27
294,268,33.8142756,26
294,269,32.233532,25
294,270,29.555425,24
294,271,27.609689,23
294,272,25.887771,22
294,273,19.184657,21
294,274,6.36025000000001,20
294,275,11.783189,19
294,276,13.9818634,18
294,277,8.430614,17
294,278,18.489082,16
294,279,14.315964,15
294,280,25.4544881,14
294,281,25.2383506,13
294,282,25.640432,12
294,283,29.8985006,11
294,284,23.624718,10
294,285,15.910668,9
294,286,24.565003,8
294,287,16.078479,7
294,288,13.727379,6
294,289,15.975207,5
294,290,16.152489,4
294,291,22.326453,3
294,292,15.007981,2
294,293,19.898243,1
295,1,13.8212631,294
295,2,21.2063941,293
295,3,45.8410841,292
295,4,36.5366631,291
295,5,35.7469311,290
295,6,29.0502505,289
295,7,37.5939231,288
295,8,51.1528991,287
295,9,64.4395311,286
295,10,49.9408201,285
295,11,37.0783751,284
295,12,53.9541901,283
295,13,55.1496811,282
295,14,37.8318971,281
295,15,30.9818521,280
295,16,35.1075921,279
295,17,44.0986201,278
295,18,32.5991061,277
295,19,26.8090701,276
295,20,32.4831991,275
295,21,57.6073951,274
295,22,57.2766811,273
295,23,59.3114661,272
295,24,50.5337411,271
295,25,31.1325631,270
295,26,46.7630811,269
295,27,32.2872101,268
295,28,32.3786811,267
295,29,35.5356861,266
295,30,27.5273347,265
295,31,42.2194951,264
295,32,31.2876979,263
295,33,37.1612171,262
295,34,49.5428151,261
295,35,31.8922941,260
295,36,31.9487241,259
295,37,23.3650811,258
295,38,21.4414128,257
295,39,52.1288811,256
295,40,48.6248941,255
295,41,50.0525761,254
295,42,32.8616311,253
295,43,36.2976201,252
295,44,26.4773421,251
295,45,25.8624671,250
295,46,38.9960891,249
295,47,27.0551281,248
295,48,9.6831991,247
295,49,24.5149561,246
295,50,32.9045521,245
295,51,30.9723761,244
295,52,35.6295631,243
295,53,42.8209421,242
295,54,27.0631521,241
295,55,31.0197131,240
295,56,28.2640941,239
295,57,27.7865881,238
295,58,13.3403971,237
295,59,17.0063931,236
295,60,32.5337561,235
295,61,30.2292921,234
295,62,42.7206991,233
295,63,32.8874631,232
295,64,17.6736381,231
295,65,25.6775601,230
295,66,44.7165651,229
295,67,20.3386811,228
295,68,29.3739811,227
295,69,17.3106901,226
295,70,27.4741211,225
295,71,23.5445561,224
295,72,18.7319491,223
295,73,16.9891731,222
295,74,22.2371341,221
295,75,16.1844701,220
295,76,10.1069741,219
295,77,24.4970201,218
295,78,24.6134701,217
295,79,22.6699381,216
295,80,15.5033421,215
295,81,11.1890811,214
295,82,22.6197681,213
295,83,33.3239101,212
295,84,34.6269061,211
295,85,33.0207381,210
295,86,32.4123811,209
295,87,33.1966991,208
295,88,28.8876631,207
295,89,24.5961271,206
295,90,33.5611631,205
295,91,32.4304671,204
295,92,23.4783631,203
295,93,13.0083521,202
295,94,37.2401381,201
295,95,23.8631201,200
295,96,17.0991521,199
295,97,5.89683510000001,198
295,98,24.1517451,197
295,99,15.3023421,196
295,100,3.8114701,195
295,101,36.4898391,194
295,102,22.3425241,193
295,103,11.8140201,192
295,104,6.7957311,191
295,105,11.4216061,190
295,106,16.6254671,189
295,107,17.1561631,188
295,108,16.3984201,187
295,109,13.9402881,186
295,110,30.8353061,185
295,111,19.8436171,184
295,112,24.0299381,183
295,113,12.9442561,182
295,114,25.6077061,181
295,115,28.5598421,180
295,116,40.9554811,179
295,117,37.1562311,178
295,118,38.3077171,177
295,119,20.6712021,176
295,120,15.3207061,175
295,121,4.3238491,174
295,122,22.1838991,173
295,123,40.2380701,172
295,124,18.9603631,171
295,125,16.0463451,170
295,126,16.3775631,169
295,127,17.6108311,168
295,128,15.2241064,167
295,129,20.5464311,166
295,130,16.1256381,165
295,131,17.3105451,164
295,132,21.1796701,163
295,133,16.1541061,162
295,134,14.1035311,161
295,135,20.6171241,160
295,136,21.0446881,159
295,137,29.3295991,158
295,138,22.5411951,157
295,139,13.8291021,156
295,140,17.6997021,155
295,141,23.8473311,154
295,142,26.0590671,153
295,143,34.1793451,152
295,144,34.5646451,151
295,145,32.6324421,150
295,146,41.5467451,149
295,147,41.6442241,148
295,148,37.2405451,147
295,149,36.6338771,146
295,150,39.4234061,145
295,151,46.2340241,144
295,152,51.9877451,143
295,153,46.1420601,142
295,154,34.9965881,141
295,155,27.4224451,140
295,156,31.7804951,139
295,157,31.4132631,138
295,158,40.9431671,137
295,159,48.2261201,136
295,160,53.6465421,135
295,161,44.8784491,134
295,162,42.0481811,133
295,163,37.4252701,132
295,164,40.6740811,131
295,165,36.7413921,130
295,166,29.3807351,129
295,167,33.1029881,128
295,168,29.6079241,127
295,169,34.5609671,126
295,170,33.6784311,125
295,171,29.6862561,124
295,172,37.0731061,123
295,173,45.5834351,122
295,174,50.0423491,121
295,175,43.3306561,120
295,176,40.5057381,119
295,177,31.9456122,118
295,178,32.7265271,117
295,179,43.5181921,116
295,180,45.7127381,115
295,181,37.9346351,114
295,182,34.6665671,113
295,183,37.7728851,112
295,184,45.5872671,111
295,185,36.7383125,110
295,186,42.8775171,109
295,187,42.8546421,108
295,188,43.6645811,107
295,189,45.6236241,106
295,190,40.8413351,105
295,191,45.7638381,104
295,192,58.3547101,103
295,193,54.2757991,102
295,194,43.1690421,101
295,195,41.3578201,100
295,196,35.8729921,99
295,197,39.6658951,98
295,198,46.8596921,97
295,199,50.0151491,96
295,200,50.8395811,95
295,201,49.6207701,94
295,202,68.7985881,93
295,203,65.0196311,92
295,204,59.4023881,91
295,205,60.5263381,90
295,206,44.4444128,89
295,207,47.9316671,88
295,208,45.8596021,87
295,209,52.9106241,86
295,210,59.5298271,85
295,211,50.5400601,84
295,212,50.4794021,83
295,213,45.9613701,82
295,214,49.8201311,81
295,215,41.0421421,80
295,216,42.8947811,79
295,217,40.8272131,78
295,218,46.6833811,77
295,219,50.7609601,76
295,220,48.3357061,75
295,221,48.7107881,74
295,222,46.1322671,73
295,223,38.7370131,72
295,224,36.4904381,71
295,225,41.0136491,70
295,226,38.5421421,69
295,227,36.3924991,68
295,228,42.6771241,67
295,229,39.5938701,66
295,230,44.9311671,65
295,231,34.2843171,64
295,232,34.3162201,63
295,233,47.9627991,62
295,234,44.2478811,61
295,235,30.7107021,60
295,236,41.5295671,59
295,237,40.9714421,58
295,238,35.7193314,57
295,239,50.4672701,56
295,240,47.5735341,55
295,241,31.8695061,54
295,242,27.5486671,53
295,243,28.4696878,52
295,244,31.7060131,51
295,245,30.0639741,50
295,246,37.3662561,49
295,247,43.6151701,48
295,248,38.0650631,47
295,249,30.2917121,46
295,250,18.1022747,45
295,251,26.1857971,44
295,252,25.1428241,43
295,253,31.4535671,42
295,254,29.0604991,41
295,255,26.7471979,40
295,256,30.0014991,39
295,257,35.2116311,38
295,258,31.1849631,37
295,259,10.1890421,36
295,260,14.4525561,35
295,261,15.5064421,34
295,262,19.5854951,33
295,263,18.8419991,32
295,264,19.0065625,31
295,265,21.7963561,30
295,266,15.45305,29
295,267,21.7949878,28
295,268,24.9050125,27
295,269,25.7407311,26
295,270,24.0637381,25
295,271,26.1993741,24
295,272,27.7274921,23
295,273,25.5257061,22
295,274,15.2695131,21
295,275,20.6924521,20
295,276,5.6414003,19
295,277,14.6884491,18
295,278,20.9139811,17
295,279,11.0731991,16
295,280,16.545225,15
295,281,16.3290875,14
295,282,16.7311689,13
295,283,20.9892375,12
295,284,21.4657451,11
295,285,24.2511311,10
295,286,22.2378601,9
295,287,24.4189421,8
295,288,22.0678421,7
295,289,24.3156701,6
295,290,18.3266741,5
295,291,15.7515101,4
295,292,23.3484441,3
295,293,28.2387061,2
295,294,8.9092631,1
296,1,12.8887445,295
296,2,20.2738755,294
296,3,44.9085655,293
296,4,35.6041445,292
296,5,34.8144125,291
296,6,29.0350691,290
296,7,36.6614045,289
296,8,50.2203805,288
296,9,63.5070125,287
296,10,49.0083015,286
296,11,36.1458565,285
296,12,53.0216715,284
296,13,54.2171625,283
296,14,36.8993785,282
296,15,30.0493335,281
296,16,34.1750735,280
296,17,43.1661015,279
296,18,31.6665875,278
296,19,25.8765515,277
296,20,31.5506805,276
296,21,56.6748765,275
296,22,56.3441625,274
296,23,58.3789475,273
296,24,49.6012225,272
296,25,30.2000445,271
296,26,45.8305625,270
296,27,31.3546915,269
296,28,31.4461625,268
296,29,34.6031675,267
296,30,27.5121533,266
296,31,41.2869765,265
296,32,31.2725165,264
296,33,36.2286985,263
296,34,48.6102965,262
296,35,30.9597755,261
296,36,31.0162055,260
296,37,22.4325625,259
296,38,21.4262314,258
296,39,51.1963625,257
296,40,47.6923755,256
296,41,49.1200575,255
296,42,31.9291125,254
296,43,35.3651015,253
296,44,25.5448235,252
296,45,24.9299485,251
296,46,38.0635705,250
296,47,26.1226095,249
296,48,9.6983805,248
296,49,24.5301375,247
296,50,31.9720335,246
296,51,30.0398575,245
296,52,34.6970445,244
296,53,41.8884235,243
296,54,26.8541665,242
296,55,30.0871945,241
296,56,27.3315755,240
296,57,26.8540695,239
296,58,12.4078785,238
296,59,16.0738745,237
296,60,31.6012375,236
296,61,29.2967735,235
296,62,41.7881805,234
296,63,31.9549445,233
296,64,16.7411195,232
296,65,24.7450415,231
296,66,43.7840465,230
296,67,19.4061625,229
296,68,28.4414625,228
296,69,16.3781715,227
296,70,26.5416025,226
296,71,22.6120375,225
296,72,17.7994305,224
296,73,16.0566545,223
296,74,21.3046155,222
296,75,15.2519515,221
296,76,9.1744555,220
296,77,24.5122015,219
296,78,24.6286515,218
296,79,21.7374195,217
296,80,14.5708235,216
296,81,11.2042625,215
296,82,21.6872495,214
296,83,32.3913915,213
296,84,33.6943875,212
296,85,32.0882195,211
296,86,31.4798625,210
296,87,32.2641805,209
296,88,27.9551445,208
296,89,23.6636085,207
296,90,32.6286445,206
296,91,31.4979485,205
296,92,22.5458445,204
296,93,12.0758335,203
296,94,37.2553195,202
296,95,22.9306015,201
296,96,16.1666335,200
296,97,5.91201650000001,199
296,98,23.2192265,198
296,99,14.3698235,197
296,100,3.8266515,196
296,101,36.5050205,195
296,102,22.3577055,194
296,103,10.8815015,193
296,104,6.8109125,192
296,105,11.4367875,191
296,106,16.6406485,190
296,107,17.1713445,189
296,108,16.4136015,188
296,109,13.9554695,187
296,110,30.8504875,186
296,111,19.8587985,185
296,112,23.0974195,184
296,113,12.9594375,183
296,114,25.6228875,182
296,115,28.5750235,181
296,116,40.9706625,180
296,117,37.1714125,179
296,118,38.3228985,178
296,119,20.6863835,177
296,120,15.3358875,176
296,121,4.3390305,175
296,122,22.1990805,174
296,123,40.2532515,173
296,124,18.0278445,172
296,125,16.0615265,171
296,126,16.3927445,170
296,127,17.6260125,169
296,128,16.156625,168
296,129,20.5616125,167
296,130,16.1408195,166
296,131,17.3257265,165
296,132,21.1948515,164
296,133,16.1692875,163
296,134,14.1187125,162
296,135,20.6323055,161
296,136,21.0598695,160
296,137,29.3447805,159
296,138,22.5563765,158
296,139,13.8442835,157
296,140,17.7148835,156
296,141,23.8625125,155
296,142,26.0742485,154
296,143,34.1945265,153
296,144,34.5798265,152
296,145,32.6476235,151
296,146,41.5619265,150
296,147,41.6594055,149
296,148,37.2557265,148
296,149,36.6490585,147
296,150,39.4385875,146
296,151,46.2492055,145
296,152,52.0029265,144
296,153,46.1572415,143
296,154,35.0117695,142
296,155,27.4376265,141
296,156,31.7956765,140
296,157,31.4284445,139
296,158,40.9583485,138
296,159,48.2413015,137
296,160,53.6617235,136
296,161,44.8936305,135
296,162,42.0633625,134
296,163,37.4404515,133
296,164,40.6892625,132
296,165,36.7565735,131
296,166,29.3959165,130
296,167,33.1181695,129
296,168,29.6231055,128
296,169,34.5761485,127
296,170,33.6936125,126
296,171,29.7014375,125
296,172,37.0882875,124
296,173,45.5986165,123
296,174,50.0575305,122
296,175,43.3458375,121
296,176,40.5209195,120
296,177,32.6280064,119
296,178,32.7417085,118
296,179,43.5333735,117
296,180,45.7279195,116
296,181,37.9498165,115
296,182,34.6817485,114
296,183,37.7880665,113
296,184,45.6024485,112
296,185,37.6708311,111
296,186,42.8926985,110
296,187,42.8698235,109
296,188,43.6797625,108
296,189,45.6388055,107
296,190,40.8565165,106
296,191,45.7790195,105
296,192,58.3698915,104
296,193,54.2909805,103
296,194,43.1842235,102
296,195,41.3730015,101
296,196,35.8881735,100
296,197,39.6810765,99
296,198,46.8748735,98
296,199,50.0303305,97
296,200,50.8547625,96
296,201,49.6359515,95
296,202,68.8137695,94
296,203,65.0348125,93
296,204,59.4175695,92
296,205,60.5415195,91
296,206,45.3769314,90
296,207,47.9468485,89
296,208,45.8747835,88
296,209,52.9258055,87
296,210,59.5450085,86
296,211,50.5552415,85
296,212,50.4945835,84
296,213,45.9765515,83
296,214,49.8353125,82
296,215,41.0573235,81
296,216,42.9099625,80
296,217,40.8423945,79
296,218,46.6985625,78
296,219,50.7761415,77
296,220,48.3508875,76
296,221,48.7259695,75
296,222,46.1474485,74
296,223,38.7521945,73
296,224,36.5056195,72
296,225,41.0288305,71
296,226,38.5573235,70
296,227,36.4076805,69
296,228,42.6923055,68
296,229,39.6090515,67
296,230,44.9463485,66
296,231,34.2994985,65
296,232,34.3314015,64
296,233,47.9779805,63
296,234,44.2630625,62
296,235,30.7258835,61
296,236,41.5447485,60
296,237,40.9866235,59
296,238,36.65185,58
296,239,50.4824515,57
296,240,47.5887155,56
296,241,31.8846875,55
296,242,27.5638485,54
296,243,29.4022064,53
296,244,31.7211945,52
296,245,30.0791555,51
296,246,37.3814375,50
296,247,43.6303515,49
296,248,38.0802445,48
296,249,30.3068935,47
296,250,18.4513439,46
296,251,26.2009785,45
296,252,25.1580055,44
296,253,31.4687485,43
296,254,29.0756805,42
296,255,27.6797165,41
296,256,30.0166805,40
296,257,35.2268125,39
296,258,31.2001445,38
296,259,10.2042235,37
296,260,14.4677375,36
296,261,15.5216235,35
296,262,19.6006765,34
296,263,18.8571805,33
296,264,19.4382561,32
296,265,21.8115375,31
296,266,16.3855686,30
296,267,22.7275064,29
296,268,25.8375311,28
296,269,25.7559125,27
296,270,24.0789195,26
296,271,26.2145555,25
296,272,27.7426735,24
296,273,25.5408875,23
296,274,14.3369945,22
296,275,19.7599335,21
296,276,5.6262189,20
296,277,14.7036305,19
296,278,20.9291625,18
296,279,11.0883805,17
296,280,17.4777436,16
296,281,17.2616061,15
296,282,17.6636875,14
296,283,21.9217561,13
296,284,21.4809265,12
296,285,24.2663125,11
296,286,22.2530415,10
296,287,24.4341235,9
296,288,22.0830235,8
296,289,24.3308515,7
296,290,18.3418555,6
296,291,15.7666915,5
296,292,23.3636255,4
296,293,28.2538875,3
296,294,8.3556445,2
296,295,0.932518599999999,1
297,1,16.807118,296
297,2,24.192249,295
297,3,48.826939,294
297,4,39.522518,293
297,5,38.732786,292
297,6,35.5368956,291
297,7,40.579778,290
297,8,54.138754,289
297,9,67.425386,288
297,10,52.926675,287
297,11,40.06423,286
297,12,56.940045,285
297,13,58.135536,284
297,14,40.817752,283
297,15,33.967707,282
297,16,38.093447,281
297,17,47.084475,280
297,18,35.584961,279
297,19,29.794925,278
297,20,35.469054,277
297,21,60.59325,276
297,22,60.262536,275
297,23,62.297321,274
297,24,53.519596,273
297,25,34.118418,272
297,26,49.748936,271
297,27,35.937035,270
297,28,35.364536,269
297,29,38.521541,268
297,30,34.0139798,267
297,31,45.20535,266
297,32,37.774343,265
297,33,40.147072,264
297,34,52.52867,263
297,35,34.878149,262
297,36,34.934579,261
297,37,26.350936,260
297,38,27.9280579,259
297,39,55.114736,258
297,40,51.610749,257
297,41,53.038431,256
297,42,37.219914,255
297,43,39.283475,254
297,44,29.463197,253
297,45,28.848322,252
297,46,41.981944,251
297,47,30.040983,250
297,48,11.719254,249
297,49,18.028311,248
297,50,35.890407,247
297,51,33.958231,246
297,52,38.615418,245
297,53,45.806797,244
297,54,33.355993,243
297,55,34.005568,242
297,56,31.249949,241
297,57,30.772443,240
297,58,16.326252,239
297,59,19.992248,238
297,60,35.519611,237
297,61,33.215147,236
297,62,45.706554,235
297,63,35.873318,234
297,64,20.659493,233
297,65,28.663415,232
297,66,47.70242,231
297,67,23.324536,230
297,68,32.359836,229
297,69,20.296545,228
297,70,30.459976,227
297,71,26.530411,226
297,72,21.717804,225
297,73,19.975028,224
297,74,25.222989,223
297,75,19.170325,222
297,76,13.092829,221
297,77,18.010375,220
297,78,18.126825,219
297,79,25.655793,218
297,80,18.489197,217
297,81,9.629936,216
297,82,25.605623,215
297,83,36.309765,214
297,84,37.612761,213
297,85,36.006593,212
297,86,35.398236,211
297,87,36.182554,210
297,88,31.873518,209
297,89,27.581982,208
297,90,36.547018,207
297,91,35.416322,206
297,92,26.464218,205
297,93,15.994207,204
297,94,30.753493,203
297,95,26.848975,202
297,96,20.085007,201
297,97,6.42148999999999,200
297,98,27.1376,199
297,99,18.288197,198
297,100,6.423825,197
297,101,30.003194,196
297,102,15.855879,195
297,103,14.799875,194
297,104,1.393414,193
297,105,9.481161,192
297,106,19.611322,191
297,107,14.080818,190
297,108,9.911775,189
297,109,7.45364300000001,188
297,110,24.348661,187
297,111,14.309472,186
297,112,27.015793,185
297,113,8.541411,184
297,114,19.121061,183
297,115,22.073197,182
297,116,34.468836,181
297,117,30.669586,180
297,118,31.821072,179
297,119,14.184557,178
297,120,8.83406100000001,177
297,121,2.162796,176
297,122,15.697254,175
297,123,33.751425,174
297,124,21.946218,173
297,125,14.1047,172
297,126,9.89091800000001,171
297,127,11.124186,170
297,128,12.2382515,169
297,129,14.059786,168
297,130,10.057207,167
297,131,10.8239,166
297,132,14.693025,165
297,133,9.667461,164
297,134,7.616886,163
297,135,14.130479,162
297,136,14.558043,161
297,137,22.842954,160
297,138,16.05455,159
297,139,8.76004300000001,158
297,140,11.213057,157
297,141,17.360686,156
297,142,19.572422,155
297,143,27.6927,154
297,144,28.078,153
297,145,26.145797,152
297,146,35.0601,151
297,147,35.157579,150
297,148,30.7539,149
297,149,30.147232,148
297,150,32.936761,147
297,151,40.747421,146
297,152,45.5011,145
297,153,39.655415,144
297,154,28.509943,143
297,155,20.9358,142
297,156,25.29385,141
297,157,24.926618,140
297,158,34.456522,139
297,159,41.739475,138
297,160,47.159897,137
297,161,38.391804,136
297,162,35.561536,135
297,163,30.938625,134
297,164,34.187436,133
297,165,30.254747,132
297,166,22.89409,131
297,167,26.616343,130
297,168,23.121279,129
297,169,28.074322,128
297,170,29.441914,127
297,171,23.199611,126
297,172,30.586461,125
297,173,39.09679,124
297,174,43.555704,123
297,175,36.844011,122
297,176,34.019093,121
297,177,28.7096329,120
297,178,27.741218,119
297,179,37.031547,118
297,180,39.226093,117
297,181,31.44799,116
297,182,30.348578,115
297,183,31.78606,114
297,184,39.100622,113
297,185,33.7524576,112
297,186,36.390872,111
297,187,36.367997,110
297,188,37.177936,109
297,189,39.136979,108
297,190,34.35469,107
297,191,39.277193,106
297,192,51.868065,105
297,193,47.789154,104
297,194,36.682397,103
297,195,34.871175,102
297,196,29.386347,101
297,197,33.17925,100
297,198,40.373047,99
297,199,43.528504,98
297,200,44.352936,97
297,201,43.800775,96
297,202,62.311943,95
297,203,58.532986,94
297,204,52.915743,93
297,205,54.039693,92
297,206,41.4585579,91
297,207,41.445022,90
297,208,39.372957,89
297,209,46.423979,88
297,210,53.043182,87
297,211,44.053415,86
297,212,43.992757,85
297,213,39.474725,84
297,214,43.333486,83
297,215,34.555497,82
297,216,36.408136,81
297,217,34.340568,80
297,218,40.196736,79
297,219,44.274315,78
297,220,41.849061,77
297,221,42.224143,76
297,222,39.645622,75
297,223,32.250368,74
297,224,30.003793,73
297,225,34.527004,72
297,226,32.055497,71
297,227,29.905854,70
297,228,36.190479,69
297,229,33.107225,68
297,230,38.444522,67
297,231,27.797672,66
297,232,29.749125,65
297,233,41.476154,64
297,234,37.761236,63
297,235,24.224057,62
297,236,35.042922,61
297,237,34.484797,60
297,238,32.7334765,59
297,239,43.980625,58
297,240,41.086889,57
297,241,25.382861,56
297,242,21.062022,55
297,243,25.4838329,54
297,244,25.219368,53
297,245,23.577329,52
297,246,30.879611,51
297,247,37.128525,50
297,248,31.578418,49
297,249,23.805067,48
297,250,14.5329704,47
297,251,19.699152,46
297,252,18.656179,45
297,253,24.966922,44
297,254,23.074746,43
297,255,23.761343,42
297,256,23.514854,41
297,257,28.724986,40
297,258,24.698318,39
297,259,3.702397,38
297,260,7.965911,37
297,261,9.019797,36
297,262,13.09885,35
297,263,12.355354,34
297,264,15.5198826,33
297,265,15.309711,32
297,266,12.4671951,31
297,267,18.8091329,30
297,268,21.9191576,29
297,269,20.338414,28
297,270,17.660307,27
297,271,19.712729,26
297,272,21.240847,25
297,273,19.039061,24
297,274,18.255368,23
297,275,23.678307,22
297,276,12.1280454,21
297,277,8.20180400000001,20
297,278,14.427336,19
297,279,4.586554,18
297,280,13.5593701,17
297,281,13.3432326,16
297,282,13.745314,15
297,283,18.0033826,14
297,284,14.9791,13
297,285,17.764486,12
297,286,15.751215,11
297,287,17.932297,10
297,288,15.581197,9
297,289,17.829025,8
297,290,11.840029,7
297,291,10.431335,6
297,292,16.861799,5
297,293,21.752061,4
297,294,11.895118,3
297,295,6.4866451,2
297,296,6.5018265,1
298,1,15.378704,297
298,2,21.931427,296
298,3,46.566117,295
298,4,38.114204,294
298,5,36.471964,293
298,6,39.6901176,292
298,7,38.318956,291
298,8,51.877932,290
298,9,65.164564,289
298,10,50.665853,288
298,11,43.769892,287
298,12,54.679223,286
298,13,55.874714,285
298,14,43.93167,284
298,15,32.872015,283
298,16,35.832625,282
298,17,44.823653,281
298,18,35.988461,280
298,19,27.534103,279
298,20,33.208232,278
298,21,58.332428,277
298,22,58.001714,276
298,23,60.036499,275
298,24,52.374726,274
298,25,36.797104,273
298,26,47.488114,272
298,27,40.090257,271
298,28,38.913686,270
298,29,39.113981,269
298,30,38.1672018,268
298,31,42.944528,267
298,32,41.927565,266
298,33,37.88625,265
298,34,50.267848,264
298,35,37.819073,263
298,36,33.421343,262
298,37,27.421086,261
298,38,32.0812799,260
298,39,52.853914,259
298,40,49.349927,258
298,41,50.777609,257
298,42,41.373136,256
298,43,37.022653,255
298,44,27.202375,254
298,45,26.5875,253
298,46,39.721122,252
298,47,27.780161,251
298,48,9.458432,250
298,49,13.875089,249
298,50,33.629585,248
298,51,31.697409,247
298,52,36.354596,246
298,53,43.545975,245
298,54,37.509215,244
298,55,31.744746,243
298,56,28.989127,242
298,57,28.511621,241
298,58,19.61437,240
298,59,17.731426,239
298,60,33.258789,238
298,61,30.954325,237
298,62,43.445732,236
298,63,33.612496,235
298,64,18.398671,234
298,65,26.402593,233
298,66,45.441598,232
298,67,27.228786,231
298,68,30.099014,230
298,69,18.035723,229
298,70,28.199154,228
298,71,24.269589,227
298,72,19.456982,226
298,73,21.698294,225
298,74,22.962167,224
298,75,16.909503,223
298,76,10.832007,222
298,77,13.857153,221
298,78,13.973603,220
298,79,23.394971,219
298,80,16.228375,218
298,81,7.369114,217
298,82,23.344801,216
298,83,34.048943,215
298,84,35.351939,214
298,85,33.745771,213
298,86,33.137414,212
298,87,33.921732,211
298,88,29.612696,210
298,89,25.32116,209
298,90,34.286196,208
298,91,33.1555,207
298,92,24.203396,206
298,93,13.733385,205
298,94,26.600271,204
298,95,24.588153,203
298,96,17.824185,202
298,97,4.74303199999999,201
298,98,24.876778,200
298,99,20.526425,199
298,100,6.828397,198
298,101,25.849972,197
298,102,11.702657,196
298,103,12.539053,195
298,104,3.844136,194
298,105,7.220339,193
298,106,17.3505,192
298,107,11.819996,191
298,108,6.172747,190
298,109,4.46447900000001,189
298,110,20.195439,188
298,111,12.04865,187
298,112,24.754971,186
298,113,6.280589,185
298,114,14.967839,184
298,115,17.919975,183
298,116,30.315614,182
298,117,26.516364,181
298,118,27.66785,180
298,119,10.031335,179
298,120,4.68083900000001,178
298,121,6.316018,177
298,122,11.544032,176
298,123,29.598203,175
298,124,19.685396,174
298,125,11.843878,173
298,126,5.73769600000001,172
298,127,7.802836,171
298,128,14.4990735,170
298,129,9.906564,169
298,130,12.318029,168
298,131,12.836822,167
298,132,10.539803,166
298,133,5.514239,165
298,134,7.712536,164
298,135,11.810243,163
298,136,15.736279,162
298,137,18.689732,161
298,138,11.901328,160
298,139,11.020865,159
298,140,12.640265,158
298,141,19.372536,157
298,142,17.9183,156
298,143,23.539478,155
298,144,23.924778,154
298,145,23.657525,153
298,146,30.906878,152
298,147,31.004357,151
298,148,26.600678,150
298,149,25.99401,149
298,150,33.531561,148
298,151,43.008243,147
298,152,41.347878,146
298,153,35.502193,145
298,154,24.356721,144
298,155,22.613722,143
298,156,24.888072,142
298,157,26.771504,141
298,158,30.3033,140
298,159,41.584947,139
298,160,45.254525,138
298,161,37.736518,137
298,162,32.990586,136
298,163,27.199597,135
298,164,30.034214,134
298,165,26.101525,133
298,166,18.740868,132
298,167,22.463121,131
298,168,22.134343,130
298,169,30.2526,129
298,170,31.702736,128
298,171,20.544911,127
298,172,26.433239,126
298,173,34.943568,125
298,174,39.402482,124
298,175,32.690789,123
298,176,29.865871,122
298,177,30.9704549,121
298,178,30.00204,120
298,179,35.876575,119
298,180,35.072871,118
298,181,27.294768,117
298,182,32.6094,116
298,183,34.046882,115
298,184,34.9474,114
298,185,36.0132796,113
298,186,37.65125,112
298,187,34.462625,111
298,188,34.024086,110
298,189,34.983757,109
298,190,30.201468,108
298,191,35.123971,107
298,192,47.714843,106
298,193,43.635932,105
298,194,35.279525,104
298,195,30.717953,103
298,196,25.233125,102
298,197,29.026028,101
298,198,36.219825,100
298,199,39.375282,99
298,200,45.031486,98
298,201,46.061597,97
298,202,58.158721,96
298,203,58.876536,95
298,204,53.511079,94
298,205,49.886471,93
298,206,43.7193799,92
298,207,37.2918,91
298,208,35.219735,90
298,209,42.270757,89
298,210,48.88996,88
298,211,39.900193,87
298,212,40.086765,86
298,213,36.653597,85
298,214,39.180264,84
298,215,34.566325,83
298,216,32.254914,82
298,217,30.187346,81
298,218,36.043514,80
298,219,40.121093,79
298,220,37.695839,78
298,221,40.152879,77
298,222,35.4924,76
298,223,28.346654,75
298,224,31.349529,74
298,225,30.373782,73
298,226,27.902275,72
298,227,25.752632,71
298,228,32.037257,70
298,229,32.034797,69
298,230,34.2913,68
298,231,27.30935,67
298,232,32.009947,66
298,233,37.322932,65
298,234,33.608014,64
298,235,22.736765,63
298,236,30.8897,62
298,237,30.331575,61
298,238,34.9942985,60
298,239,39.827403,59
298,240,36.933667,58
298,241,22.145261,57
298,242,22.4899,56
298,243,27.7446549,55
298,244,24.397654,54
298,245,23.005793,53
298,246,26.726389,52
298,247,32.975303,51
298,248,27.425196,50
298,249,19.651845,49
298,250,16.7937924,48
298,251,15.54593,47
298,252,20.168343,46
298,253,22.5624,45
298,254,25.335568,44
298,255,26.022165,43
298,256,22.692068,42
298,257,24.571764,41
298,258,20.545096,40
298,259,0.450824999999996,39
298,260,3.812689,38
298,261,4.866575,37
298,262,10.944372,36
298,263,12.450468,35
298,264,17.7807046,34
298,265,16.319911,33
298,266,14.7280171,32
298,267,21.0699549,31
298,268,24.1799796,30
298,269,22.599236,29
298,270,19.921129,28
298,271,17.975393,27
298,272,17.087625,26
298,273,14.885839,25
298,274,15.994546,24
298,275,21.417485,23
298,276,16.2812674,22
298,277,4.04858200000001,21
298,278,10.274114,20
298,279,4.681668,19
298,280,15.8201921,18
298,281,15.6040546,17
298,282,16.006136,16
298,283,20.2642046,15
298,284,13.990422,14
298,285,13.611264,13
298,286,14.930707,12
298,287,13.779075,11
298,288,11.427975,10
298,289,13.675803,9
298,290,7.686807,8
298,291,12.692157,7
298,292,12.708577,6
298,293,17.598839,5
298,294,9.634296,4
298,295,10.6398671,3
298,296,10.6550485,2
298,297,4.153222,1
299,1,17.174018,298
299,2,24.559149,297
299,3,49.193839,296
299,4,39.889418,295
299,5,39.099686,294
299,6,39.9036956,293
299,7,40.946678,292
299,8,54.505654,291
299,9,67.792286,290
299,10,53.293575,289
299,11,43.98347,288
299,12,57.306945,287
299,13,58.502436,286
299,14,44.145248,285
299,15,34.334607,284
299,16,38.460347,283
299,17,47.451375,282
299,18,36.202039,281
299,19,30.161825,280
299,20,35.835954,279
299,21,60.96015,278
299,22,60.629436,277
299,23,62.664221,276
299,24,53.886496,275
299,25,37.010682,274
299,26,50.115836,273
299,27,40.303835,272
299,28,39.127264,271
299,29,39.327559,270
299,30,38.3807798,269
299,31,45.57225,268
299,32,42.141143,267
299,33,40.513972,266
299,34,52.89557,265
299,35,38.032651,264
299,36,35.301479,263
299,37,27.634664,262
299,38,32.2948579,261
299,39,55.481636,260
299,40,51.977649,259
299,41,53.405331,258
299,42,41.586714,257
299,43,39.650375,256
299,44,29.830097,255
299,45,29.215222,254
299,46,42.348844,253
299,47,30.407883,252
299,48,12.086154,251
299,49,13.661511,250
299,50,36.257307,249
299,51,34.325131,248
299,52,38.982318,247
299,53,46.173697,246
299,54,37.722793,245
299,55,34.372468,244
299,56,31.616849,243
299,57,31.139343,242
299,58,19.827948,241
299,59,20.359148,240
299,60,35.886511,239
299,61,33.582047,238
299,62,46.073454,237
299,63,36.240218,236
299,64,21.026393,235
299,65,29.030315,234
299,66,48.06932,233
299,67,27.442364,232
299,68,32.726736,231
299,69,20.663445,230
299,70,30.826876,229
299,71,26.897311,228
299,72,22.084704,227
299,73,21.911872,226
299,74,25.589889,225
299,75,19.537225,224
299,76,13.459729,223
299,77,13.643575,222
299,78,15.656325,221
299,79,26.022693,220
299,80,18.856097,219
299,81,9.996836,218
299,82,25.972523,217
299,83,36.676665,216
299,84,37.979661,215
299,85,36.373493,214
299,86,35.765136,213
299,87,36.549454,212
299,88,32.240418,211
299,89,27.948882,210
299,90,36.913918,209
299,91,35.783222,208
299,92,26.831118,207
299,93,16.361107,206
299,94,26.386693,205
299,95,27.215875,204
299,96,20.451907,203
299,97,6.78838999999999,202
299,98,27.5045,201
299,99,20.740003,200
299,100,7.041975,199
299,101,25.636394,198
299,102,11.489079,197
299,103,15.166775,196
299,104,4.057714,195
299,105,9.848061,194
299,106,19.978222,193
299,107,14.447718,192
299,108,5.544975,191
299,109,3.08684300000001,190
299,110,19.981861,189
299,111,14.676372,188
299,112,27.382693,187
299,113,8.908311,186
299,114,14.754261,185
299,115,17.706397,184
299,116,30.102036,183
299,117,26.302786,182
299,118,27.454272,181
299,119,9.817757,180
299,120,7.11476099999999,179
299,121,6.529596,178
299,122,11.330454,177
299,123,29.384625,176
299,124,22.313118,175
299,125,14.4716,174
299,126,5.52411800000001,173
299,127,6.757386,172
299,128,11.8713515,171
299,129,9.692986,170
299,130,9.69030700000001,169
299,131,10.2091,168
299,132,10.326225,167
299,133,5.300661,166
299,134,5.084814,165
299,135,9.76367900000001,164
299,136,13.108557,163
299,137,18.476154,162
299,138,11.68775,161
299,139,8.39314300000001,160
299,140,10.012543,159
299,141,16.744814,158
299,142,15.290578,157
299,143,23.3259,156
299,144,23.7112,155
299,145,21.778997,154
299,146,30.6933,153
299,147,30.790779,152
299,148,26.3871,151
299,149,25.780432,150
299,150,30.903839,149
299,151,40.380521,148
299,152,41.1343,147
299,153,35.288615,146
299,154,24.143143,145
299,155,19.986,144
299,156,22.26035,143
299,157,24.143782,142
299,158,30.089722,141
299,159,38.957225,140
299,160,42.793097,139
299,161,35.108796,138
299,162,31.194736,137
299,163,26.571825,136
299,164,29.820636,135
299,165,25.887947,134
299,166,18.52729,133
299,167,22.249543,132
299,168,19.506621,131
299,169,27.624878,130
299,170,29.075014,129
299,171,18.832811,128
299,172,26.219661,127
299,173,34.72999,126
299,174,39.188904,125
299,175,32.477211,124
299,176,29.652293,123
299,177,28.3427329,122
299,178,27.374318,121
299,179,33.248853,120
299,180,34.859293,119
299,181,27.08119,118
299,182,29.981678,117
299,183,31.41916,116
299,184,34.733822,115
299,185,33.3855576,114
299,186,35.023528,113
299,187,32.001197,112
299,188,32.811136,111
299,189,34.770179,110
299,190,29.98789,109
299,191,34.910393,108
299,192,47.501265,107
299,193,43.422354,106
299,194,32.651803,105
299,195,30.504375,104
299,196,25.019547,103
299,197,28.81245,102
299,198,36.006247,101
299,199,39.161704,100
299,200,42.403764,99
299,201,43.433875,98
299,202,57.945143,97
299,203,56.248814,96
299,204,50.883357,95
299,205,49.672893,94
299,206,41.0916579,93
299,207,37.078222,92
299,208,35.006157,91
299,209,42.057179,90
299,210,48.676382,89
299,211,39.686615,88
299,212,39.625957,87
299,213,35.107925,86
299,214,38.966686,85
299,215,31.938603,84
299,216,32.041336,83
299,217,29.973768,82
299,218,35.829936,81
299,219,39.907515,80
299,220,37.482261,79
299,221,37.857343,78
299,222,35.278822,77
299,223,27.883568,76
299,224,28.721807,75
299,225,30.160204,74
299,226,27.688697,73
299,227,25.539054,72
299,228,31.823679,71
299,229,29.407075,70
299,230,34.077722,69
299,231,24.681628,68
299,232,29.382225,67
299,233,37.109354,66
299,234,33.394436,65
299,235,20.109043,64
299,236,30.676122,63
299,237,30.117997,62
299,238,32.3665765,61
299,239,39.613825,60
299,240,36.720089,59
299,241,21.016061,58
299,242,19.862178,57
299,243,25.1169329,56
299,244,21.769932,55
299,245,20.378071,54
299,246,26.512811,53
299,247,32.761725,52
299,248,27.211618,51
299,249,19.438267,50
299,250,14.1660704,49
299,251,15.332352,48
299,252,17.540621,47
299,253,20.600122,46
299,254,22.707846,45
299,255,23.394443,44
299,256,20.064346,43
299,257,24.358186,42
299,258,20.331518,41
299,259,2.746897,40
299,260,3.599111,39
299,261,4.652997,38
299,262,8.73205,37
299,263,9.82274600000001,36
299,264,15.1529826,35
299,265,13.692189,34
299,266,12.1002951,33
299,267,18.4422329,32
299,268,21.5522576,31
299,269,19.971514,30
299,270,17.293407,29
299,271,15.347671,28
299,272,16.874047,27
299,273,14.672261,26
299,274,18.622268,25
299,275,24.045207,24
299,276,16.4948454,23
299,277,3.83500400000001,22
299,278,10.060536,21
299,279,2.053946,20
299,280,13.1924701,19
299,281,12.9763326,18
299,282,13.378414,17
299,283,17.6364826,16
299,284,11.3627,15
299,285,13.397686,14
299,286,12.302985,13
299,287,13.565497,12
299,288,11.214397,11
299,289,13.462225,10
299,290,7.473229,9
299,291,10.064435,8
299,292,12.494999,7
299,293,19.281561,6
299,294,12.262018,5
299,295,10.8534451,4
299,296,10.8686265,3
299,297,4.3668,2
299,298,2.627722,1
300,1,16.513389,299
300,2,18.898042,298
300,3,43.532732,297
300,4,39.248889,296
300,5,34.894221,295
300,6,40.8248026,294
300,7,39.176529,293
300,8,48.844547,292
300,9,62.131179,291
300,10,47.632468,290
300,11,44.904577,289
300,12,51.645838,288
300,13,52.841329,287
300,14,45.066355,286
300,15,34.0067,285
300,16,34.04946,284
300,17,42.292232,283
300,18,37.123146,282
300,19,24.500718,281
300,20,30.423953,280
300,21,55.299043,279
300,22,58.424591,278
300,23,57.003114,277
300,24,53.509411,276
300,25,37.931789,275
300,26,44.454729,274
300,27,41.224942,273
300,28,40.048371,272
300,29,40.248666,271
300,30,39.3018868,270
300,31,41.327657,269
300,32,43.06225,268
300,33,34.852865,267
300,34,47.234463,266
300,35,38.953758,265
300,36,34.556028,264
300,37,28.555771,263
300,38,33.2159649,262
300,39,49.820529,261
300,40,47.512358,260
300,41,47.744224,259
300,42,42.507821,258
300,43,33.989268,257
300,44,24.16899,256
300,45,23.554115,255
300,46,36.687737,254
300,47,24.746776,253
300,48,6.425047,252
300,49,12.740404,251
300,50,30.5962,250
300,51,28.664024,249
300,52,33.321211,248
300,53,40.79131,247
300,54,38.6439,246
300,55,28.711361,245
300,56,25.955742,244
300,57,26.977964,243
300,58,20.749055,242
300,59,14.698041,241
300,60,30.225404,240
300,61,27.92094,239
300,62,40.412347,238
300,63,30.579111,237
300,64,15.365286,236
300,65,23.369208,235
300,66,42.408213,234
300,67,28.363471,233
300,68,27.065629,232
300,69,15.002338,231
300,70,25.165769,230
300,71,21.236204,229
300,72,16.423597,228
300,73,22.832979,227
300,74,21.731618,226
300,75,13.876118,225
300,76,7.798622,224
300,77,12.722468,223
300,78,12.838918,222
300,79,20.361586,221
300,80,13.19499,220
300,81,4.335729,219
300,82,20.311416,218
300,83,31.015558,217
300,84,32.318554,216
300,85,30.712386,215
300,86,31.908071,214
300,87,30.888347,213
300,88,26.579311,212
300,89,25.621025,211
300,90,31.252811,210
300,91,30.122115,209
300,92,21.252689,208
300,93,12.7837,207
300,94,25.465586,206
300,95,21.554768,205
300,96,14.7908,204
300,97,5.87771699999999,203
300,98,21.843393,202
300,99,21.66111,201
300,100,7.963082,200
300,101,24.715287,199
300,102,10.567972,198
300,103,9.50566799999999,197
300,104,6.687621,196
300,105,4.186954,195
300,106,14.317115,194
300,107,8.786611,193
300,108,9.206132,192
300,109,7.49786400000001,191
300,110,19.060754,190
300,111,9.015265,189
300,112,21.721586,188
300,113,3.24720400000001,187
300,114,14.581946,186
300,115,18.45091,185
300,116,29.180929,184
300,117,25.381679,183
300,118,26.533165,182
300,119,8.89665,181
300,120,3.54615400000001,180
300,121,7.450703,179
300,122,12.326753,178
300,123,28.463518,177
300,124,16.652011,176
300,125,8.810493,175
300,126,4.60301100000001,174
300,127,10.836221,173
300,128,17.5324585,172
300,129,11.688121,171
300,130,15.351414,170
300,131,15.870207,169
300,132,10.489982,168
300,133,6.796646,167
300,134,10.745921,166
300,135,14.843628,165
300,136,18.769664,164
300,137,17.555047,163
300,138,10.766643,162
300,139,14.05425,161
300,140,15.67365,160
300,141,22.405921,159
300,142,20.951685,158
300,143,22.404793,157
300,144,22.790093,156
300,145,26.69091,155
300,146,29.772193,154
300,147,29.869672,153
300,148,25.465993,152
300,149,24.859325,151
300,150,36.564946,150
300,151,46.041628,149
300,152,40.213193,148
300,153,34.367508,147
300,154,23.222036,146
300,155,25.647107,145
300,156,27.921457,144
300,157,29.804889,143
300,158,30.502585,142
300,159,44.618332,141
300,160,48.28791,140
300,161,40.769903,139
300,162,36.023971,138
300,163,30.232982,137
300,164,28.899529,136
300,165,24.96684,135
300,166,21.606217,134
300,167,21.328436,133
300,168,25.167728,132
300,169,33.285985,131
300,170,34.736121,130
300,171,23.578296,129
300,172,28.881446,128
300,173,37.226017,127
300,174,38.267797,126
300,175,31.556104,125
300,176,28.731186,124
300,177,34.0038399,123
300,178,33.035425,122
300,179,38.90996,121
300,180,33.938186,120
300,181,27.828517,119
300,182,35.642785,118
300,183,37.080267,117
300,184,33.812715,116
300,185,39.0466646,115
300,186,40.684635,114
300,187,37.49601,113
300,188,37.057471,112
300,189,33.849072,111
300,190,33.066817,110
300,191,35.904414,109
300,192,46.580158,108
300,193,42.501247,107
300,194,38.31291,106
300,195,29.583268,105
300,196,26.09906,104
300,197,27.891343,103
300,198,35.08514,102
300,199,38.240597,101
300,200,48.064871,100
300,201,49.094982,99
300,202,57.024036,98
300,203,61.909921,97
300,204,56.544464,96
300,205,52.583114,95
300,206,46.7527649,94
300,207,36.157115,93
300,208,36.00125,92
300,209,43.720128,91
300,210,50.921025,90
300,211,42.681792,89
300,212,43.12015,88
300,213,39.686982,87
300,214,38.045579,86
300,215,37.59971,85
300,216,31.202371,84
300,217,30.803639,83
300,218,34.908829,82
300,219,38.986408,81
300,220,37.309946,80
300,221,43.186264,79
300,222,34.357715,78
300,223,31.380039,77
300,224,34.382914,76
300,225,29.239097,75
300,226,26.76759,74
300,227,24.617947,73
300,228,30.902572,72
300,229,35.068182,71
300,230,33.156615,70
300,231,30.342735,69
300,232,35.043332,68
300,233,36.188247,67
300,234,32.473329,66
300,235,25.77015,65
300,236,29.755015,64
300,237,29.19689,63
300,238,38.0276835,62
300,239,38.692718,61
300,240,35.798982,60
300,241,25.178646,59
300,242,25.523285,58
300,243,30.7780399,57
300,244,27.431039,56
300,245,26.039178,55
300,246,27.258396,54
300,247,31.840618,53
300,248,26.290511,52
300,249,18.51716,51
300,250,19.8271774,50
300,251,15.083255,49
300,252,23.201728,48
300,253,25.595785,47
300,254,28.368953,46
300,255,29.05555,45
300,256,25.725453,44
300,257,27.519121,43
300,258,19.410411,42
300,259,2.91421,41
300,260,3.761796,40
300,261,6.31541,39
300,262,13.977757,38
300,263,15.483853,37
300,264,20.8140896,36
300,265,19.353296,35
300,266,17.7614021,34
300,267,24.1033399,33
300,268,27.2133646,32
300,269,25.632621,31
300,270,22.954514,30
300,271,21.008778,29
300,272,19.28686,28
300,273,13.751154,27
300,274,12.961161,26
300,275,18.3841,25
300,276,17.4159524,24
300,277,2.913897,23
300,278,11.888171,22
300,279,7.715053,21
300,280,18.8535771,20
300,281,18.6374396,19
300,282,19.039521,18
300,283,23.2975896,17
300,284,17.023807,16
300,285,12.476579,15
300,286,17.964092,14
300,287,12.64439,13
300,288,10.29329,12
300,289,12.541118,11
300,290,9.551578,10
300,291,15.725542,9
300,292,11.573892,8
300,293,16.464154,7
300,294,6.600911,6
300,295,11.7745521,5
300,296,11.7897335,4
300,297,5.294207,3
300,298,3.033385,2
300,299,5.661107,1
301,1,11.347161,300
301,2,6.51607000000001,299
301,3,20.67266,298
301,4,20.638761,297
301,5,16.284093,296
301,6,22.2146746,295
301,7,20.566401,294
301,8,25.984475,293
301,9,39.271107,292
301,10,25.604804,291
301,11,26.294449,290
301,12,28.785766,289
301,13,29.981257,288
301,14,26.456227,287
301,15,15.396572,286
301,16,15.439332,285
301,17,23.682104,284
301,18,18.513018,283
301,19,4.476354,282
301,20,11.813825,281
301,21,32.438971,280
301,22,39.814463,279
301,23,34.143042,278
301,24,34.899283,277
301,25,19.321661,276
301,26,21.594657,275
301,27,22.614814,274
301,28,21.438243,273
301,29,21.638538,272
301,30,20.6917588,271
301,31,22.717529,270
301,32,24.452122,269
301,33,11.992793,268
301,34,24.374391,267
301,35,20.34363,266
301,36,15.9459,265
301,37,9.945643,264
301,38,14.6058369,263
301,39,26.960457,262
301,40,28.90223,261
301,41,25.895048,260
301,42,23.897693,259
301,43,14.628204,258
301,44,2.89921799999999,257
301,45,24.555443,256
301,46,13.827665,255
301,47,1.886704,254
301,48,16.518775,253
301,49,31.350532,252
301,50,29.513728,251
301,51,6.640648,250
301,52,10.461139,249
301,53,22.181182,248
301,54,20.033772,247
301,55,5.851289,246
301,56,12.59037,245
301,57,8.367836,244
301,58,11.828027,243
301,59,16.229769,242
301,60,9.114568,241
301,61,5.438568,240
301,62,18.051425,239
301,63,11.220861,238
301,64,10.495314,237
301,65,14.741136,236
301,66,19.548141,235
301,67,9.753343,234
301,68,5.455643,233
301,69,12.199066,232
301,70,2.305697,231
301,71,1.62386799999999,230
301,72,11.947225,229
301,73,8.179251,228
301,74,3.12149,227
301,75,8.983954,226
301,76,15.06145,225
301,77,31.332596,224
301,78,31.449046,223
301,79,2.49848599999999,222
301,80,17.611818,221
301,81,18.524343,220
301,82,3.189444,219
301,83,8.15548600000001,218
301,84,9.458482,217
301,85,10.519986,216
301,86,13.297943,215
301,87,10.343125,214
301,88,4.051961,213
301,89,7.010897,212
301,90,9.978361,211
301,91,7.262043,210
301,92,2.642561,209
301,93,12.160072,208
301,94,44.075714,207
301,95,22.556096,206
301,96,12.569528,205
301,97,21.732789,204
301,98,1.01667900000001,203
301,99,9.866082,202
301,100,21.730454,201
301,101,43.325415,200
301,102,29.1781,199
301,103,16.186896,198
301,104,29.547693,197
301,105,18.673118,196
301,106,23.461043,195
301,107,23.991739,194
301,108,32.066204,193
301,109,30.357936,192
301,110,37.670882,191
301,111,26.679193,190
301,112,1.138486,189
301,113,19.779832,188
301,114,37.442018,187
301,115,41.310982,186
301,116,47.791057,185
301,117,43.991807,184
301,118,45.143293,183
301,119,27.506778,182
301,120,22.156282,181
301,121,27.658175,180
301,122,35.186825,179
301,123,47.073646,178
301,124,19.543339,177
301,125,22.881921,176
301,126,23.378361,175
301,127,33.696293,174
301,128,40.3925305,173
301,129,34.548193,172
301,130,38.211486,171
301,131,38.730279,170
301,132,33.350054,169
301,133,29.656718,168
301,134,33.605993,167
301,135,37.7037,166
301,136,41.629736,165
301,137,36.165175,164
301,138,33.127029,163
301,139,36.914322,162
301,140,38.533722,161
301,141,45.265993,160
301,142,43.811757,159
301,143,41.014921,158
301,144,44.400079,157
301,145,49.550982,156
301,146,52.380479,155
301,147,48.4798,154
301,148,44.076121,153
301,149,45.551947,152
301,150,59.425018,151
301,151,68.9017,150
301,152,61.823179,149
301,153,52.977636,148
301,154,41.832164,147
301,155,48.507179,146
301,156,50.781529,145
301,157,52.664961,144
301,158,53.362657,143
301,159,67.478404,142
301,160,71.147982,141
301,161,63.629975,140
301,162,58.884043,139
301,163,53.093054,138
301,164,47.509657,137
301,165,43.576968,136
301,166,44.466289,135
301,167,43.021636,134
301,168,48.0278,133
301,169,56.146057,132
301,170,57.596193,131
301,171,46.438368,130
301,172,51.741518,129
301,173,60.086089,128
301,174,56.877925,127
301,175,51.165068,126
301,176,50.008986,125
301,177,56.8639119,124
301,178,55.895497,123
301,179,61.770032,122
301,180,52.548314,121
301,181,50.688589,120
301,182,58.502857,119
301,183,59.940339,118
301,184,52.506057,117
301,185,61.9067366,116
301,186,63.544707,115
301,187,60.356082,114
301,188,59.917543,113
301,189,53.0421,112
301,190,55.926889,111
301,191,58.764486,110
301,192,65.190286,109
301,193,65.027525,108
301,194,61.172982,107
301,195,48.193396,106
301,196,48.959132,105
301,197,49.333829,104
301,198,53.695268,103
301,199,58.683175,102
301,200,70.924943,101
301,201,71.955054,100
301,202,76.633536,99
301,203,84.769993,98
301,204,79.404536,97
301,205,75.443186,96
301,206,69.6128369,95
301,207,58.682857,94
301,208,58.861322,93
301,209,66.5802,92
301,210,73.781097,91
301,211,65.541864,90
301,212,65.980222,89
301,213,62.547054,88
301,214,59.821993,87
301,215,60.459782,86
301,216,54.062443,85
301,217,53.663711,84
301,218,53.683643,83
301,219,61.347464,82
301,220,60.170018,81
301,221,66.046336,80
301,222,56.883457,79
301,223,54.240111,78
301,224,57.242986,77
301,225,50.264575,76
301,226,46.295082,75
301,227,45.978425,74
301,228,49.5127,73
301,229,57.928254,72
301,230,51.766743,71
301,231,53.202807,70
301,232,57.903404,69
301,233,54.798375,68
301,234,51.083457,67
301,235,48.630222,66
301,236,48.365143,65
301,237,50.305582,64
301,238,60.8877555,63
301,239,57.302846,62
301,240,54.40911,61
301,241,48.038718,60
301,242,48.383357,59
301,243,53.6381119,58
301,244,50.291111,57
301,245,48.89925,56
301,246,50.118468,55
301,247,53.534354,54
301,248,47.149561,53
301,249,37.127288,52
301,250,42.6872494,51
301,251,37.943327,50
301,252,46.0618,49
301,253,48.455857,48
301,254,51.229025,47
301,255,51.915622,46
301,256,48.585525,45
301,257,50.379193,44
301,258,38.020539,43
301,259,25.774282,42
301,260,26.621868,41
301,261,29.175482,40
301,262,36.837829,39
301,263,38.343925,38
301,264,43.6741616,37
301,265,42.213368,36
301,266,40.6214741,35
301,267,46.9634119,34
301,268,50.0734366,33
301,269,48.492693,32
301,270,45.814586,31
301,271,43.86885,30
301,272,42.146932,29
301,273,35.443818,28
301,274,18.316389,27
301,275,4.475972,26
301,276,20.7760244,25
301,277,24.689775,24
301,278,34.748243,23
301,279,30.575125,22
301,280,41.7136491,21
301,281,41.4975116,20
301,282,41.899593,19
301,283,46.1576616,18
301,284,39.883879,17
301,285,31.086707,16
301,286,40.824164,15
301,287,32.004382,14
301,288,28.903418,13
301,289,31.151246,12
301,290,32.41165,11
301,291,38.585614,10
301,292,30.18402,9
301,293,35.074282,8
301,294,16.259161,7
301,295,25.1684241,6
301,296,24.2359055,5
301,297,28.154279,4
301,298,25.893457,3
301,299,28.521179,2
301,300,22.860072,1
302,1,33.148775,301
302,2,25.763644,300
302,3,12.681354,299
302,4,15.170675,298
302,5,11.223107,297
302,6,18.3353886,296
302,7,15.098315,295
302,8,15.514839,294
302,9,17.469493,293
302,10,20.136718,292
302,11,20.826363,291
302,12,13.247848,290
302,13,14.929357,289
302,14,20.988141,288
302,15,15.988186,287
302,16,11.862446,286
302,17,18.214018,285
302,18,14.370932,284
302,19,20.160968,283
302,20,14.486839,282
302,21,10.637357,281
302,22,34.346377,280
302,23,26.380742,279
302,24,29.431197,278
302,25,15.837475,277
302,26,7.500857,276
302,27,17.146728,275
302,28,15.970157,274
302,29,16.170452,273
302,30,21.9463728,272
302,31,17.249443,271
302,32,20.969136,270
302,33,9.808821,269
302,34,12.437723,268
302,35,15.077744,267
302,36,15.021314,266
302,37,23.604957,265
302,38,31.8612509,264
302,39,5.158843,263
302,40,23.434144,262
302,41,20.426962,261
302,42,18.429607,260
302,43,10.672418,259
302,44,20.492696,258
302,45,30.023529,257
302,46,7.973949,256
302,47,19.91491,255
302,48,38.236639,254
302,49,48.402382,253
302,50,34.981814,252
302,51,15.997662,251
302,52,11.340475,250
302,53,16.713096,249
302,54,19.906886,248
302,55,15.950325,247
302,56,18.705944,246
302,57,19.18345,245
302,58,33.629641,244
302,59,29.963645,243
302,60,14.436282,242
302,61,16.740746,241
302,62,12.583339,240
302,63,14.082575,239
302,64,29.2964,238
302,65,21.292478,237
302,66,2.253473,236
302,67,26.631357,235
302,68,17.596057,234
302,69,29.659348,233
302,70,19.495917,232
302,71,23.425482,231
302,72,28.238089,230
302,73,29.980865,229
302,74,24.732904,228
302,75,30.785568,227
302,76,36.863064,226
302,77,52.928118,225
302,78,36.917132,224
302,79,24.3001,223
302,80,31.466696,222
302,81,40.325957,221
302,82,24.35027,220
302,83,13.646128,219
302,84,12.343132,218
302,85,13.9493,217
302,86,14.557657,216
302,87,13.773339,215
302,88,18.082375,214
302,89,22.373911,213
302,90,13.408875,212
302,91,14.539571,211
302,92,23.491675,210
302,93,33.961686,209
302,94,49.5438,208
302,95,28.024182,207
302,96,29.870886,206
302,97,43.534403,205
302,98,22.818293,204
302,99,31.667696,203
302,100,43.532068,202
302,101,52.397699,201
302,102,44.896114,200
302,103,35.156018,199
302,104,51.349307,198
302,105,40.474732,197
302,106,30.344571,196
302,107,35.875075,195
302,108,53.867818,194
302,109,52.15955,193
302,110,57.804732,192
302,111,35.646421,191
302,112,22.9401,190
302,113,41.414482,189
302,114,59.243632,188
302,115,63.112596,187
302,116,56.591857,186
302,117,54.708807,185
302,118,54.693421,184
302,119,47.890136,183
302,120,43.208032,182
302,121,49.459789,181
302,122,56.988439,180
302,123,53.708068,179
302,124,28.009675,178
302,125,35.851193,177
302,126,45.179975,176
302,127,55.497907,175
302,128,62.1941445,174
302,129,56.349807,173
302,130,60.0131,172
302,131,60.531893,171
302,132,55.151668,170
302,133,51.458332,169
302,134,55.407607,168
302,135,59.505314,167
302,136,63.43135,166
302,137,51.551539,165
302,138,54.928643,164
302,139,58.715936,163
302,140,60.335336,162
302,141,67.067607,161
302,142,65.613371,160
302,143,62.231893,159
302,144,66.201693,158
302,145,71.352596,157
302,146,74.182093,156
302,147,68.780614,155
302,148,65.795593,154
302,149,67.353561,153
302,150,81.226632,152
302,151,90.703314,151
302,152,83.624793,150
302,153,66.362978,149
302,154,60.46575,148
302,155,70.308793,147
302,156,72.583143,146
302,157,74.466575,145
302,158,75.164271,144
302,159,89.280018,143
302,160,92.949596,142
302,161,85.431589,141
302,162,80.685657,140
302,163,74.894668,139
302,164,59.144557,138
302,165,60.044846,137
302,166,66.267903,136
302,167,64.82325,135
302,168,69.829414,134
302,169,77.947671,133
302,170,79.397807,132
302,171,68.239982,131
302,172,73.543132,130
302,173,81.887703,129
302,174,77.429989,128
302,175,72.966682,127
302,176,71.8106,126
302,177,78.6655259,125
302,178,77.697111,124
302,179,83.571646,123
302,180,70.0161,122
302,181,72.490203,121
302,182,80.304471,120
302,183,81.741953,119
302,184,74.307671,118
302,185,83.7083506,117
302,186,85.346321,116
302,187,82.157696,115
302,188,81.719157,114
302,189,74.843714,113
302,190,77.728503,112
302,191,80.5661,111
302,192,79.908928,110
302,193,86.829139,109
302,194,82.974596,108
302,195,68.495818,107
302,196,70.760746,106
302,197,71.135443,105
302,198,73.412646,104
302,199,80.484789,103
302,200,92.726557,102
302,201,93.756668,101
302,202,98.43515,100
302,203,106.571607,99
302,204,101.20615,98
302,205,97.2448,97
302,206,91.4144509,96
302,207,80.484471,95
302,208,80.662936,94
302,209,88.381814,93
302,210,95.582711,92
302,211,87.343478,91
302,212,87.781836,90
302,213,84.348668,89
302,214,81.623607,88
302,215,82.261396,87
302,216,75.864057,86
302,217,75.465325,85
302,218,75.485257,84
302,219,83.149078,83
302,220,81.971632,82
302,221,87.84795,81
302,222,78.685071,80
302,223,76.041725,79
302,224,79.0446,78
302,225,72.066189,77
302,226,68.096696,76
302,227,67.780039,75
302,228,70.396414,74
302,229,79.729868,73
302,230,73.068671,72
302,231,75.004421,71
302,232,79.705018,70
302,233,74.017139,69
302,234,66.550757,68
302,235,70.431836,67
302,236,67.000471,66
302,237,72.107196,65
302,238,82.6893695,64
302,239,62.770932,63
302,240,66.136604,62
302,241,69.840332,61
302,242,70.184971,60
302,243,75.4397259,59
302,244,72.092725,58
302,245,70.700864,57
302,246,71.920082,56
302,247,75.335968,55
302,248,68.951175,54
302,249,43.590726,53
302,250,64.4888634,52
302,251,59.744941,51
302,252,67.863414,50
302,253,70.257471,49
302,254,73.030639,48
302,255,73.717236,47
302,256,70.387139,46
302,257,72.180807,45
302,258,54.238775,44
302,259,47.575896,43
302,260,48.423482,42
302,261,50.977096,41
302,262,58.639443,40
302,263,60.145539,39
302,264,65.4757756,38
302,265,64.014982,37
302,266,62.4230881,36
302,267,68.7650259,35
302,268,71.8750506,34
302,269,70.294307,33
302,270,67.6162,32
302,271,65.670464,31
302,272,63.948546,30
302,273,57.245432,29
302,274,31.700525,28
302,275,26.277586,27
302,276,42.5776384,26
302,277,46.491389,25
302,278,56.549857,24
302,279,52.376739,23
302,280,63.5152631,22
302,281,63.2991256,21
302,282,63.701207,20
302,283,67.9592756,19
302,284,61.685493,18
302,285,50.386407,17
302,286,62.625778,16
302,287,53.805996,15
302,288,46.872096,14
302,289,45.952968,13
302,290,54.213264,12
302,291,60.387228,11
302,292,50.128394,10
302,293,40.542368,9
302,294,38.060775,8
302,295,46.9700381,7
302,296,46.0375195,6
302,297,49.955893,5
302,298,47.695071,4
302,299,50.322793,3
302,300,44.661686,2
302,301,21.801614,1
303,1,7.427857,302
303,2,9.68027400000001,301
303,3,24.591964,300
303,4,17.474557,299
303,5,14.497811,298
303,6,19.0504706,297
303,7,17.402197,296
303,8,29.903779,295
303,9,43.190411,294
303,10,28.6917,293
303,11,23.130245,292
303,12,32.70507,291
303,13,33.900561,290
303,14,23.292023,289
303,15,12.232368,288
303,16,13.858472,287
303,17,22.8495,286
303,18,15.348814,285
303,19,5.55995,284
303,20,11.234079,283
303,21,36.358275,282
303,22,36.650259,281
303,23,38.062346,280
303,24,31.735079,279
303,25,16.157457,278
303,26,25.513961,277
303,27,19.45061,276
303,28,18.274039,275
303,29,18.474334,274
303,30,17.5275548,273
303,31,20.970375,272
303,32,21.287918,271
303,33,15.912097,270
303,34,28.293695,269
303,35,17.179426,268
303,36,12.781696,267
303,37,6.781439,266
303,38,11.4416329,265
303,39,30.879761,264
303,40,27.375774,263
303,41,28.803456,262
303,42,20.733489,261
303,43,15.0485,260
303,44,6.06342199999999,259
303,45,27.719647,258
303,46,17.746969,257
303,47,5.806008,256
303,48,19.682979,255
303,49,34.514736,254
303,50,32.677932,253
303,51,9.723256,252
303,52,14.380443,251
303,53,21.571822,250
303,54,16.869568,249
303,55,9.770593,248
303,56,15.754574,247
303,57,6.537468,246
303,58,7.908723,245
303,59,19.393973,244
303,60,11.284636,243
303,61,8.980172,242
303,62,21.471579,241
303,63,11.638343,240
303,64,13.659518,239
303,65,17.90534,238
303,66,23.467445,237
303,67,6.589139,236
303,68,8.124861,235
303,69,15.36327,234
303,70,6.225001,233
303,71,3.62173599999999,232
303,72,15.111429,231
303,73,4.25994700000001,230
303,74,0.988013999999996,229
303,75,8.61565,228
303,76,15.559054,227
303,77,34.4968,226
303,78,34.61325,225
303,79,2.74711799999999,224
303,80,20.776022,223
303,81,21.188861,222
303,82,6.353648,221
303,83,12.07479,220
303,84,13.377786,219
303,85,11.771618,218
303,86,11.163261,217
303,87,11.947579,216
303,88,7.638543,215
303,89,3.846693,214
303,90,12.312043,213
303,91,11.181347,212
303,92,2.229243,211
303,93,8.990632,210
303,94,47.239918,209
303,95,25.7203,208
303,96,15.733732,207
303,97,17.813485,206
303,98,3.84762500000001,205
303,99,5.94677800000001,204
303,100,17.81115,203
303,101,46.489619,202
303,102,32.342304,201
303,103,19.3511,200
303,104,25.628389,199
303,105,21.421386,198
303,106,26.625247,197
303,107,27.155943,196
303,108,28.1469,195
303,109,26.438632,194
303,110,40.835086,193
303,111,29.843397,192
303,112,2.968318,191
303,113,22.944036,190
303,114,35.607486,189
303,115,38.559622,188
303,116,50.955261,187
303,117,47.156011,186
303,118,48.307497,185
303,119,30.670982,184
303,120,25.320486,183
303,121,23.738871,182
303,122,32.183679,181
303,123,50.23785,180
303,124,22.707543,179
303,125,26.046125,178
303,126,26.377343,177
303,127,29.776989,176
303,128,36.4732265,175
303,129,30.628889,174
303,130,34.292182,173
303,131,34.810975,172
303,132,31.17945,171
303,133,26.153886,170
303,134,29.686689,169
303,135,33.784396,168
303,136,37.710432,167
303,137,39.329379,166
303,138,32.540975,165
303,139,32.995018,164
303,140,34.614418,163
303,141,41.346689,162
303,142,39.892453,161
303,143,44.179125,160
303,144,44.564425,159
303,145,45.631678,158
303,146,51.546525,157
303,147,51.644004,156
303,148,47.240325,155
303,149,46.633657,154
303,150,55.505714,153
303,151,64.982396,152
303,152,61.987525,151
303,153,56.14184,150
303,154,44.996368,149
303,155,44.587875,148
303,156,46.862225,147
303,157,48.745657,146
303,158,50.942947,145
303,159,63.5591,144
303,160,67.228678,143
303,161,59.710671,142
303,162,54.964739,141
303,163,49.17375,140
303,164,50.673861,139
303,165,46.741172,138
303,166,40.546985,137
303,167,43.102768,136
303,168,44.108496,135
303,169,52.226753,134
303,170,53.676889,133
303,171,42.519064,132
303,172,47.822214,131
303,173,56.166785,130
303,174,60.042129,129
303,175,53.330436,128
303,176,50.505518,127
303,177,52.9446079,126
303,178,51.976193,125
303,179,57.850728,124
303,180,55.712518,123
303,181,47.934415,122
303,182,54.583553,121
303,183,56.021035,120
303,184,55.587047,119
303,185,57.9874326,118
303,186,59.625403,117
303,187,56.436778,116
303,188,55.998239,115
303,189,55.623404,114
303,190,52.007585,113
303,191,55.763618,112
303,192,68.35449,111
303,193,64.275579,110
303,194,57.253678,109
303,195,51.3576,108
303,196,45.872772,107
303,197,49.665675,106
303,198,56.859472,105
303,199,60.014929,104
303,200,67.005639,103
303,201,68.03575,102
303,202,78.798368,101
303,203,80.850689,100
303,204,75.485232,99
303,205,71.523882,98
303,206,65.6935329,97
303,207,57.931447,96
303,208,55.859382,95
303,209,62.910404,94
303,210,69.861793,93
303,211,61.62256,92
303,212,62.060918,91
303,213,58.62775,90
303,214,59.819911,89
303,215,56.540478,88
303,216,52.894561,87
303,217,50.826993,86
303,218,56.683161,85
303,219,60.76074,84
303,220,58.335486,83
303,221,62.127032,82
303,222,56.132047,81
303,223,50.320807,80
303,224,53.323682,79
303,225,51.013429,78
303,226,48.541922,77
303,227,46.392279,76
303,228,52.676904,75
303,229,54.00895,74
303,230,54.930947,73
303,231,49.283503,72
303,232,53.9841,71
303,233,57.962579,70
303,234,54.247661,69
303,235,44.710918,68
303,236,51.529347,67
303,237,50.971222,66
303,238,56.9684515,65
303,239,60.46705,64
303,240,57.573314,63
303,241,44.119414,62
303,242,44.464053,61
303,243,49.7188079,60
303,244,46.371807,59
303,245,44.979946,58
303,246,47.366036,57
303,247,53.61495,56
303,248,48.064843,55
303,249,40.291492,54
303,250,38.7679454,53
303,251,36.185577,52
303,252,42.142496,51
303,253,44.536553,50
303,254,47.309721,49
303,255,47.996318,48
303,256,44.666221,47
303,257,46.459889,46
303,258,41.184743,45
303,259,21.854978,44
303,260,24.452336,43
303,261,25.506222,42
303,262,32.918525,41
303,263,34.424621,40
303,264,39.7548576,39
303,265,38.294064,38
303,266,36.7021701,37
303,267,43.0441079,36
303,268,46.1541326,35
303,269,44.573389,34
303,270,41.895282,33
303,271,39.949546,32
303,272,38.227628,31
303,273,35.525486,30
303,274,21.480593,29
303,275,6.639732,28
303,276,16.8567204,27
303,277,24.688229,26
303,278,30.913761,25
303,279,26.655821,24
303,280,37.7943451,23
303,281,37.5782076,22
303,282,37.980289,21
303,283,42.2383576,20
303,284,35.964575,19
303,285,34.250911,18
303,286,36.90486,17
303,287,34.418722,16
303,288,32.067622,15
303,289,34.31545,14
303,290,28.492346,13
303,291,34.66631,12
303,292,33.348224,11
303,293,38.238486,10
303,294,18.340243,9
303,295,21.2491201,8
303,296,20.3166015,7
303,297,24.234975,6
303,298,21.974153,5
303,299,24.601875,4
303,300,21.774332,3
303,301,3.919304,2
303,302,25.720918,1
304,1,4.75873199999999,303
304,2,9.875263,302
304,3,34.509953,301
304,4,25.205532,300
304,5,24.4158,299
304,6,19.5526816,298
304,7,26.262792,297
304,8,39.821768,296
304,9,53.1084,295
304,10,38.609689,294
304,11,25.747244,293
304,12,42.623059,292
304,13,43.81855,291
304,14,26.500766,290
304,15,19.650721,289
304,16,23.776461,288
304,17,32.767489,287
304,18,21.267975,286
304,19,15.477939,285
304,20,21.152068,284
304,21,46.276264,283
304,22,45.94555,282
304,23,47.980335,281
304,24,39.20261,280
304,25,19.801432,279
304,26,35.43195,278
304,27,20.956079,277
304,28,21.04755,276
304,29,24.204555,275
304,30,18.0297658,274
304,31,30.888364,273
304,32,21.790129,272
304,33,25.830086,271
304,34,38.211684,270
304,35,20.561163,269
304,36,20.617593,268
304,37,12.03395,267
304,38,11.9438439,266
304,39,40.79775,265
304,40,37.293763,264
304,41,38.721445,263
304,42,21.5305,262
304,43,24.966489,261
304,44,15.146211,260
304,45,27.217436,259
304,46,27.664958,258
304,47,15.723997,257
304,48,19.180768,256
304,49,34.012525,255
304,50,32.175721,254
304,51,19.641245,253
304,52,24.298432,252
304,53,31.489811,251
304,54,17.371779,250
304,55,19.688582,249
304,56,16.932963,248
304,57,16.455457,247
304,58,2.009266,246
304,59,18.891762,245
304,60,21.202625,244
304,61,18.898161,243
304,62,31.389568,242
304,63,21.556332,241
304,64,13.157307,240
304,65,17.403129,239
304,66,33.385434,238
304,67,9.00755,237
304,68,18.04285,236
304,69,14.861059,235
304,70,16.14299,234
304,71,12.213425,233
304,72,14.609218,232
304,73,5.658042,231
304,74,10.906003,230
304,75,8.11343899999999,229
304,76,15.056843,228
304,77,33.994589,227
304,78,34.111039,226
304,79,11.338807,225
304,80,20.273811,224
304,81,20.68665,223
304,82,11.288637,222
304,83,21.992779,221
304,84,23.295775,220
304,85,21.689607,219
304,86,21.08125,218
304,87,21.865568,217
304,88,17.556532,216
304,89,13.264996,215
304,90,22.230032,214
304,91,21.099336,213
304,92,12.147232,212
304,93,8.488421,211
304,94,46.737707,210
304,95,25.218089,209
304,96,15.231521,208
304,97,15.394404,207
304,98,12.820614,206
304,99,3.971211,205
304,100,13.309039,204
304,101,45.987408,203
304,102,31.840093,202
304,103,18.848889,201
304,104,16.2933,200
304,105,20.919175,199
304,106,26.123036,198
304,107,26.653732,197
304,108,25.895989,196
304,109,23.437857,195
304,110,40.332875,194
304,111,29.341186,193
304,112,12.698807,192
304,113,22.441825,191
304,114,35.105275,190
304,115,38.057411,189
304,116,50.45305,188
304,117,46.6538,187
304,118,47.805286,186
304,119,30.168771,185
304,120,24.818275,184
304,121,13.821418,183
304,122,31.681468,182
304,123,49.735639,181
304,124,22.205332,180
304,125,25.543914,179
304,126,25.875132,178
304,127,27.1084,177
304,128,26.5552375,176
304,129,30.044,175
304,130,25.623207,174
304,131,26.808114,173
304,132,30.677239,172
304,133,25.651675,171
304,134,23.6011,170
304,135,30.114693,169
304,136,30.542257,168
304,137,38.827168,167
304,138,32.038764,166
304,139,23.326671,165
304,140,27.197271,164
304,141,33.3449,163
304,142,35.556636,162
304,143,43.676914,161
304,144,44.062214,160
304,145,42.130011,159
304,146,51.044314,158
304,147,51.141793,157
304,148,46.738114,156
304,149,46.131446,155
304,150,48.920975,154
304,151,55.731593,153
304,152,61.485314,152
304,153,55.639629,151
304,154,44.494157,150
304,155,36.920014,149
304,156,41.278064,148
304,157,40.910832,147
304,158,50.440736,146
304,159,57.723689,145
304,160,63.144111,144
304,161,54.376018,143
304,162,51.54575,142
304,163,46.922839,141
304,164,50.17165,140
304,165,46.238961,139
304,166,38.878304,138
304,167,42.600557,137
304,168,39.105493,136
304,169,44.058536,135
304,170,43.7589,134
304,171,39.183825,133
304,172,46.570675,132
304,173,55.081004,131
304,174,59.539918,130
304,175,52.828225,129
304,176,50.003307,128
304,177,43.0266189,127
304,178,42.224096,126
304,179,53.015761,125
304,180,55.210307,124
304,181,47.432204,123
304,182,44.665564,122
304,183,47.270454,121
304,184,55.084836,120
304,185,48.0694436,119
304,186,52.375086,118
304,187,52.352211,117
304,188,53.16215,116
304,189,55.121193,115
304,190,50.338904,114
304,191,55.261407,113
304,192,67.852279,112
304,193,63.773368,111
304,194,52.666611,110
304,195,50.855389,109
304,196,45.370561,108
304,197,49.163464,107
304,198,56.357261,106
304,199,59.512718,105
304,200,60.33715,104
304,201,59.118339,103
304,202,78.296157,102
304,203,74.5172,101
304,204,68.899957,100
304,205,70.023907,99
304,206,55.7755439,98
304,207,57.429236,97
304,208,55.357171,96
304,209,62.408193,95
304,210,69.027396,94
304,211,60.037629,93
304,212,59.976971,92
304,213,55.458939,91
304,214,59.3177,90
304,215,50.539711,89
304,216,52.39235,88
304,217,50.324782,87
304,218,56.18095,86
304,219,60.258529,85
304,220,57.833275,84
304,221,58.208357,83
304,222,55.629836,82
304,223,48.234582,81
304,224,45.988007,80
304,225,50.511218,79
304,226,48.039711,78
304,227,45.890068,77
304,228,52.174693,76
304,229,49.091439,75
304,230,54.428736,74
304,231,43.781886,73
304,232,44.066111,72
304,233,57.460368,71
304,234,53.74545,70
304,235,40.208271,69
304,236,51.027136,68
304,237,50.469011,67
304,238,47.0504625,66
304,239,59.964839,65
304,240,57.071103,64
304,241,41.367075,63
304,242,37.046236,62
304,243,39.8008189,61
304,244,41.203582,60
304,245,39.561543,59
304,246,46.863825,58
304,247,53.112739,57
304,248,47.562632,56
304,249,39.789281,55
304,250,28.8499564,54
304,251,35.683366,53
304,252,34.640393,52
304,253,40.951136,51
304,254,38.558068,50
304,255,38.078329,49
304,256,39.499068,48
304,257,44.7092,47
304,258,40.682532,46
304,259,19.686611,45
304,260,23.950125,44
304,261,25.004011,43
304,262,29.083064,42
304,263,28.339568,41
304,264,29.8368686,40
304,265,31.293925,39
304,266,26.7841811,38
304,267,33.1261189,37
304,268,36.2361436,36
304,269,35.2383,35
304,270,33.561307,34
304,271,35.696943,33
304,272,37.225061,32
304,273,35.023275,31
304,274,20.978382,30
304,275,9.361321,29
304,276,6.93873139999999,28
304,277,24.186018,27
304,278,30.41155,26
304,279,20.570768,25
304,280,27.8763561,24
304,281,27.6602186,23
304,282,28.0623,22
304,283,32.3203686,21
304,284,30.963314,20
304,285,33.7487,19
304,286,31.735429,18
304,287,33.916511,17
304,288,31.565411,16
304,289,33.813239,15
304,290,27.824243,14
304,291,25.249079,13
304,292,32.846013,12
304,293,37.736275,11
304,294,17.838032,10
304,295,11.3311311,9
304,296,10.3986125,8
304,297,15.984214,7
304,298,20.137436,6
304,299,20.351014,5
304,300,21.272121,4
304,301,13.837293,3
304,302,35.638907,2
304,303,9.91798900000001,1
305,1,6.686075,304
305,2,14.071206,303
305,3,38.705896,302
305,4,29.401475,301
305,5,28.611743,300
305,6,27.6642386,299
305,7,30.458735,298
305,8,44.017711,297
305,9,57.304343,296
305,10,42.805632,295
305,11,31.744013,294
305,12,46.819002,293
305,13,48.014493,292
305,14,31.905791,291
305,15,23.846664,290
305,16,27.972404,289
305,17,36.963432,288
305,18,25.463918,287
305,19,19.673882,286
305,20,25.348011,285
305,21,50.472207,284
305,22,50.141493,283
305,23,52.176278,282
305,24,43.398553,281
305,25,24.771225,280
305,26,39.627893,279
305,27,28.064378,278
305,28,26.887807,277
305,29,28.400498,276
305,30,26.1413228,275
305,31,35.084307,274
305,32,29.901686,273
305,33,30.026029,272
305,34,42.407627,271
305,35,25.793194,270
305,36,24.813536,269
305,37,16.229893,268
305,38,20.0554009,267
305,39,44.993693,266
305,40,41.489706,265
305,41,42.917388,264
305,42,29.347257,263
305,43,29.162432,262
305,44,19.342154,261
305,45,19.105879,260
305,46,31.860901,259
305,47,19.91994,258
305,48,11.069211,257
305,49,25.900968,256
305,50,25.769364,255
305,51,23.837188,254
305,52,28.494375,253
305,53,35.685754,252
305,54,25.483336,251
305,55,23.884525,250
305,56,21.128906,249
305,57,20.6514,248
305,58,7.58849099999999,247
305,59,10.780205,246
305,60,25.398568,245
305,61,23.094104,244
305,62,35.585511,243
305,63,25.752275,242
305,64,10.53845,241
305,65,18.542372,240
305,66,37.581377,239
305,67,15.202907,238
305,68,22.238793,237
305,69,10.175502,236
305,70,20.338933,235
305,71,16.409368,234
305,72,11.596761,233
305,73,9.85398499999999,232
305,74,15.101946,231
305,75,9.049282,230
305,76,6.945286,229
305,77,25.883032,228
305,78,25.999482,227
305,79,15.53475,226
305,80,12.162254,225
305,81,12.575093,224
305,82,15.48458,223
305,83,26.188722,222
305,84,27.491718,221
305,85,25.88555,220
305,86,25.277193,219
305,87,26.061511,218
305,88,21.752475,217
305,89,17.460939,216
305,90,26.425975,215
305,91,25.295279,214
305,92,16.343175,213
305,93,5.873164,212
305,94,38.62615,211
305,95,17.106532,210
305,96,9.96396399999999,209
305,97,7.28284700000001,208
305,98,17.016557,207
305,99,8.50054599999999,206
305,100,5.197482,205
305,101,37.875851,204
305,102,23.728536,203
305,103,10.737332,202
305,104,11.514457,201
305,105,12.807618,200
305,106,18.011479,199
305,107,18.542175,198
305,108,17.784432,197
305,109,15.3263,196
305,110,32.221318,195
305,111,21.229629,194
305,112,16.89475,193
305,113,14.330268,192
305,114,26.993718,191
305,115,29.945854,190
305,116,42.341493,189
305,117,38.542243,188
305,118,39.693729,187
305,119,22.057214,186
305,120,16.706718,185
305,121,9.624939,184
305,122,23.569911,183
305,123,41.624082,182
305,124,14.093775,181
305,125,17.432357,180
305,126,17.763575,179
305,127,18.996843,178
305,128,22.3592945,177
305,129,21.932443,176
305,130,20.17825,175
305,131,20.697043,174
305,132,22.565682,173
305,133,17.540118,172
305,134,15.572757,171
305,135,22.003136,170
305,136,23.5965,169
305,137,30.715611,168
305,138,23.927207,167
305,139,18.881086,166
305,140,20.500486,165
305,141,27.232757,164
305,142,27.445079,163
305,143,35.565357,162
305,144,35.950657,161
305,145,34.018454,160
305,146,42.932757,159
305,147,43.030236,158
305,148,38.626557,157
305,149,38.019889,156
305,150,41.391782,155
305,151,50.868464,154
305,152,53.373757,153
305,153,47.528072,152
305,154,36.3826,151
305,155,30.473943,150
305,156,33.166507,149
305,157,34.631725,148
305,158,42.329179,147
305,159,49.612132,146
305,160,55.032554,145
305,161,46.264461,144
305,162,43.434193,143
305,163,38.811282,142
305,164,42.060093,141
305,165,38.127404,140
305,166,30.766747,139
305,167,34.489,138
305,168,30.993936,137
305,169,38.112821,136
305,170,39.562957,135
305,171,31.072268,134
305,172,38.459118,133
305,173,46.969447,132
305,174,51.428361,131
305,175,44.716668,130
305,176,41.89175,129
305,177,38.8306759,128
305,178,37.862261,127
305,179,44.904204,126
305,180,47.09875,125
305,181,39.320647,124
305,182,40.469621,123
305,183,41.907103,122
305,184,46.973279,121
305,185,43.8735006,120
305,186,45.511471,119
305,187,44.240654,118
305,188,45.050593,117
305,189,47.009636,116
305,190,42.227347,115
305,191,47.14985,114
305,192,59.740722,113
305,193,55.661811,112
305,194,44.555054,111
305,195,42.743832,110
305,196,37.259004,109
305,197,41.051907,108
305,198,48.245704,107
305,199,51.401161,106
305,200,52.891707,105
305,201,53.921818,104
305,202,70.1846,103
305,203,66.736757,102
305,204,61.3713,101
305,205,61.91235,100
305,206,51.5796009,99
305,207,49.317679,98
305,208,47.245614,97
305,209,54.296636,96
305,210,60.915839,95
305,211,51.926072,94
305,212,51.865414,93
305,213,47.347382,92
305,214,51.206143,91
305,215,42.428154,90
305,216,44.280793,89
305,217,42.213225,88
305,218,48.069393,87
305,219,52.146972,86
305,220,49.721718,85
305,221,50.0968,84
305,222,47.518279,83
305,223,40.123025,82
305,224,39.20975,81
305,225,42.399661,80
305,226,39.928154,79
305,227,37.778511,78
305,228,44.063136,77
305,229,40.979882,76
305,230,46.317179,75
305,231,35.670329,74
305,232,39.870168,73
305,233,49.348811,72
305,234,45.633893,71
305,235,32.096714,70
305,236,42.915579,69
305,237,42.357454,68
305,238,42.8545195,67
305,239,51.853282,66
305,240,48.959546,65
305,241,33.255518,64
305,242,30.350121,63
305,243,35.6048759,62
305,244,33.092025,61
305,245,31.449986,60
305,246,38.752268,59
305,247,45.001182,58
305,248,39.451075,57
305,249,31.677724,56
305,250,24.6540134,55
305,251,27.571809,54
305,252,28.028564,53
305,253,32.839579,52
305,254,33.195789,51
305,255,33.882386,50
305,256,31.387511,49
305,257,36.597643,48
305,258,32.570975,47
305,259,11.575054,46
305,260,15.838568,45
305,261,16.892454,44
305,262,20.971507,43
305,263,20.310689,42
305,264,25.6409256,41
305,265,24.180132,40
305,266,22.5882381,39
305,267,28.9301759,38
305,268,32.0402006,37
305,269,30.459457,36
305,270,27.78135,35
305,271,27.585386,34
305,272,29.113504,33
305,273,26.911718,32
305,274,12.866825,31
305,275,13.557264,30
305,276,4.2553884,29
305,277,16.074461,28
305,278,22.299993,27
305,279,12.541889,26
305,280,23.6804131,25
305,281,23.4642756,24
305,282,23.866357,23
305,283,28.1244256,22
305,284,22.851757,21
305,285,25.637143,20
305,286,23.623872,19
305,287,25.804954,18
305,288,23.453854,17
305,289,25.701682,16
305,290,19.712686,15
305,291,20.552378,14
305,292,24.734456,13
305,293,29.624718,12
305,294,9.72647500000001,11
305,295,7.1351881,10
305,296,6.2026695,9
305,297,10.121043,8
305,298,12.025879,7
305,299,12.239457,6
305,300,13.160564,5
305,301,18.033236,4
305,302,39.83485,3
305,303,14.113932,2
305,304,8.11155699999999,1
306,1,9.2259381,305
306,2,16.6110691,304
306,3,41.2457591,303
306,4,31.9413381,302
306,5,31.1516061,301
306,6,24.0393245,300
306,7,32.9985981,299
306,8,46.5575741,298
306,9,59.8442061,297
306,10,45.3454951,296
306,11,32.4830501,295
306,12,49.3588651,294
306,13,50.5543561,293
306,14,33.2365721,292
306,15,26.3865271,291
306,16,30.5122671,290
306,17,39.5032951,289
306,18,28.0037811,288
306,19,22.2137451,287
306,20,27.8878741,286
306,21,53.0120701,285
306,22,52.6813561,284
306,23,54.7161411,283
306,24,45.9384161,282
306,25,26.5372381,281
306,26,42.1677561,280
306,27,27.6918851,279
306,28,27.7833561,278
306,29,30.9403611,277
306,30,21.5149597,276
306,31,37.6241701,275
306,32,25.2753229,274
306,33,32.5658921,273
306,34,44.9474901,272
306,35,27.2969691,271
306,36,27.3533991,270
306,37,18.7697561,269
306,38,15.4290378,268
306,39,47.5335561,267
306,40,44.0295691,266
306,41,45.4572511,265
306,42,28.2663061,264
306,43,31.7022951,263
306,44,21.8820171,262
306,45,23.7322421,261
306,46,34.4007641,260
306,47,22.4598031,259
306,48,15.6955741,258
306,49,30.5273311,257
306,50,28.6905271,256
306,51,26.3770511,255
306,52,31.0342381,254
306,53,38.2256171,253
306,54,22.4678271,252
306,55,26.4243881,251
306,56,23.6687691,250
306,57,23.1912631,249
306,58,8.7450721,248
306,59,15.4065681,247
306,60,27.9384311,246
306,61,25.6339671,245
306,62,38.1253741,244
306,63,28.2921381,243
306,64,13.0783131,242
306,65,21.0822351,241
306,66,40.1212401,240
306,67,15.7433561,239
306,68,24.7786561,238
306,69,12.7153651,237
306,70,22.8787961,236
306,71,18.9492311,235
306,72,14.1366241,234
306,73,12.3938481,233
306,74,17.6418091,232
306,75,11.5891451,231
306,76,11.5716491,230
306,77,30.5093951,229
306,78,30.6258451,228
306,79,18.0746131,227
306,80,16.7886171,226
306,81,17.2014561,225
306,82,18.0244431,224
306,83,28.7285851,223
306,84,30.0315811,222
306,85,28.4254131,221
306,86,27.8170561,220
306,87,28.6013741,219
306,88,24.2923381,218
306,89,20.0008021,217
306,90,28.9658381,216
306,91,27.8351421,215
306,92,18.8830381,214
306,93,8.4130271,213
306,94,43.2525131,212
306,95,21.7328951,211
306,96,12.5038271,210
306,97,11.9092101,209
306,98,19.5564201,208
306,99,10.7070171,207
306,100,9.82384509999999,206
306,101,42.5022141,205
306,102,28.3548991,204
306,103,15.3636951,203
306,104,12.8081061,202
306,105,17.4339811,201
306,106,22.6378421,200
306,107,23.1685381,199
306,108,22.4107951,198
306,109,19.9526631,197
306,110,36.8476811,196
306,111,25.8559921,195
306,112,19.4346131,194
306,113,18.9566311,193
306,114,31.6200811,192
306,115,34.5722171,191
306,116,46.9678561,190
306,117,43.1686061,189
306,118,44.3200921,188
306,119,26.6835771,187
306,120,21.3330811,186
306,121,10.3362241,185
306,122,28.1962741,184
306,123,46.2504451,183
306,124,18.7201381,182
306,125,22.0587201,181
306,126,22.3899381,180
306,127,23.6232061,179
306,128,19.8194314,178
306,129,26.5588061,177
306,130,22.1380131,176
306,131,23.3229201,175
306,132,27.1920451,174
306,133,22.1664811,173
306,134,20.1159061,172
306,135,26.6294991,171
306,136,27.0570631,170
306,137,35.3419741,169
306,138,28.5535701,168
306,139,19.8414771,167
306,140,23.7120771,166
306,141,29.8597061,165
306,142,32.0714421,164
306,143,40.1917201,163
306,144,40.5770201,162
306,145,38.6448171,161
306,146,47.5591201,160
306,147,47.6565991,159
306,148,43.2529201,158
306,149,42.6462521,157
306,150,45.4357811,156
306,151,52.2463991,155
306,152,58.0001201,154
306,153,52.1544351,153
306,154,41.0089631,152
306,155,33.4348201,151
306,156,37.7928701,150
306,157,37.4256381,149
306,158,46.9555421,148
306,159,54.2384951,147
306,160,59.6589171,146
306,161,50.8908241,145
306,162,48.0605561,144
306,163,43.4376451,143
306,164,46.6864561,142
306,165,42.7537671,141
306,166,35.3931101,140
306,167,39.1153631,139
306,168,35.6202991,138
306,169,40.5733421,137
306,170,39.6908061,136
306,171,35.6986311,135
306,172,43.0854811,134
306,173,51.5958101,133
306,174,56.0547241,132
306,175,49.3430311,131
306,176,46.5181131,130
306,177,37.9579872,129
306,178,38.7389021,128
306,179,49.5305671,127
306,180,51.7251131,126
306,181,43.9470101,125
306,182,40.6789421,124
306,183,43.7852601,123
306,184,51.5996421,122
306,185,41.3336375,121
306,186,48.8898921,120
306,187,48.8670171,119
306,188,49.6769561,118
306,189,51.6359991,117
306,190,46.8537101,116
306,191,51.7762131,115
306,192,64.3670851,114
306,193,60.2881741,113
306,194,49.1814171,112
306,195,47.3701951,111
306,196,41.8853671,110
306,197,45.6782701,109
306,198,52.8720671,108
306,199,56.0275241,107
306,200,56.8519561,106
306,201,55.6331451,105
306,202,74.8109631,104
306,203,71.0320061,103
306,204,65.4147631,102
306,205,66.5387131,101
306,206,50.2077622,100
306,207,53.9440421,99
306,208,51.8719771,98
306,209,58.9229991,97
306,210,65.5422021,96
306,211,56.5524351,95
306,212,56.4917771,94
306,213,51.9737451,93
306,214,55.8325061,92
306,215,47.0545171,91
306,216,48.9071561,90
306,217,46.8395881,89
306,218,52.6957561,88
306,219,56.7733351,87
306,220,54.3480811,86
306,221,54.7231631,85
306,222,52.1446421,84
306,223,44.7493881,83
306,224,42.5028131,82
306,225,47.0260241,81
306,226,44.5545171,80
306,227,42.4048741,79
306,228,48.6894991,78
306,229,45.6062451,77
306,230,50.9435421,76
306,231,40.2966921,75
306,232,40.3285951,74
306,233,53.9751741,73
306,234,50.2602561,72
306,235,36.7230771,71
306,236,47.5419421,70
306,237,46.9838171,69
306,238,40.5653436,68
306,239,56.4796451,67
306,240,53.5859091,66
306,241,37.8818811,65
306,242,33.5610421,64
306,243,33.2313872,63
306,244,37.7183881,62
306,245,36.0763491,61
306,246,43.3786311,60
306,247,49.6275451,59
306,248,44.0774381,58
306,249,36.3040871,57
306,250,24.1146497,56
306,251,32.1981721,55
306,252,31.1551991,54
306,253,37.4659421,53
306,254,35.0728741,52
306,255,32.2565771,51
306,256,36.0138741,50
306,257,41.2240061,49
306,258,37.1973381,48
306,259,16.2014171,47
306,260,20.4649311,46
306,261,21.5188171,45
306,262,25.5978701,44
306,263,24.8543741,43
306,264,25.0189375,42
306,265,27.8087311,41
306,266,20.048375,40
306,267,26.3903128,39
306,268,29.5003375,38
306,269,31.7531061,37
306,270,30.0761131,36
306,271,32.2117491,35
306,272,33.7398671,34
306,273,31.5380811,33
306,274,17.4931881,32
306,275,16.0971271,31
306,276,0.370974699999997,30
306,277,20.7008241,29
306,278,26.9263561,28
306,279,17.0855741,27
306,280,21.14055,26
306,281,20.9244125,25
306,282,21.3264939,24
306,283,25.5845625,23
306,284,27.4781201,22
306,285,30.2635061,21
306,286,28.2502351,20
306,287,30.4313171,19
306,288,28.0802171,18
306,289,30.3280451,17
306,290,24.3390491,16
306,291,21.7638851,15
306,292,29.3608191,14
306,293,34.2510811,13
306,294,14.3528381,12
306,295,6.012375,11
306,296,5.9971936,10
306,297,12.4990201,9
306,298,16.6522421,8
306,299,16.8658201,7
306,300,17.7869271,6
306,301,20.5730991,5
306,302,42.3747131,4
306,303,16.6537951,3
306,304,6.73580609999999,2
306,305,4.62636309999999,1
307,1,7.927543,306
307,2,15.312674,305
307,3,39.947364,304
307,4,30.642943,303
307,5,29.853211,302
307,6,29.0726706,301
307,7,31.700203,300
307,8,45.259179,299
307,9,58.545811,298
307,10,44.0471,297
307,11,33.152445,296
307,12,48.06047,295
307,13,49.255961,294
307,14,33.314223,293
307,15,25.088132,292
307,16,29.213872,291
307,17,38.2049,290
307,18,26.705386,289
307,19,20.91535,288
307,20,26.589479,287
307,21,51.713675,286
307,22,51.382961,285
307,23,53.417746,284
307,24,44.640021,283
307,25,26.179657,282
307,26,40.869361,281
307,27,29.47281,280
307,28,28.296239,279
307,29,29.641966,278
307,30,27.5497548,277
307,31,36.325775,276
307,32,31.310118,275
307,33,31.267497,274
307,34,43.649095,273
307,35,27.201626,272
307,36,26.055004,271
307,37,17.471361,270
307,38,21.4638329,269
307,39,46.235161,268
307,40,42.731174,267
307,41,44.158856,266
307,42,30.755689,265
307,43,30.4039,264
307,44,20.583622,263
307,45,19.968747,262
307,46,33.102369,261
307,47,21.161408,260
307,48,9.66077900000001,259
307,49,24.492536,258
307,50,27.010832,257
307,51,25.078656,256
307,52,29.735843,255
307,53,36.927222,254
307,54,26.891768,253
307,55,25.125993,252
307,56,22.370374,251
307,57,21.892868,250
307,58,8.99692299999999,249
307,59,11.112673,248
307,60,26.640036,247
307,61,24.335572,246
307,62,36.826979,245
307,63,26.993743,244
307,64,11.779918,243
307,65,19.78384,242
307,66,38.822845,241
307,67,16.611339,240
307,68,23.480261,239
307,69,11.41697,238
307,70,21.580401,237
307,71,17.650836,236
307,72,12.838229,235
307,73,11.095453,234
307,74,16.343414,233
307,75,10.29075,232
307,76,5.536854,231
307,77,24.4746,230
307,78,24.59105,229
307,79,16.776218,228
307,80,10.753822,227
307,81,11.166661,226
307,82,16.726048,225
307,83,27.43019,224
307,84,28.733186,223
307,85,27.127018,222
307,86,26.518661,221
307,87,27.302979,220
307,88,22.993943,219
307,89,18.702407,218
307,90,27.667443,217
307,91,26.536747,216
307,92,17.584643,215
307,93,7.11463199999999,214
307,94,37.217718,213
307,95,17.9694,212
307,96,11.205432,211
307,97,5.87441500000002,210
307,98,18.258025,209
307,99,9.90897799999999,208
307,100,3.78905,207
307,101,36.467419,206
307,102,22.320104,205
307,103,9.32890000000001,204
307,104,10.272989,203
307,105,11.399186,202
307,106,16.603047,201
307,107,17.133743,200
307,108,16.376,199
307,109,13.917868,198
307,110,30.812886,197
307,111,19.821197,196
307,112,18.136218,195
307,113,12.921836,194
307,114,25.585286,193
307,115,28.537422,192
307,116,40.933061,191
307,117,37.133811,190
307,118,38.285297,189
307,119,20.648782,188
307,120,15.298286,187
307,121,8.38347100000001,186
307,122,22.161479,185
307,123,40.21565,184
307,124,13.066643,183
307,125,16.023925,182
307,126,16.355143,181
307,127,17.588411,180
307,128,21.1178265,179
307,129,20.524011,178
307,130,18.936782,177
307,131,19.455575,176
307,132,21.15725,175
307,133,16.131686,174
307,134,14.331289,173
307,135,20.594704,172
307,136,22.355032,171
307,137,29.307179,170
307,138,22.518775,169
307,139,17.639618,168
307,140,19.259018,167
307,141,25.991289,166
307,142,26.036647,165
307,143,34.156925,164
307,144,34.542225,163
307,145,32.610022,162
307,146,41.524325,161
307,147,41.621804,160
307,148,37.218125,159
307,149,36.611457,158
307,150,40.150314,157
307,151,49.626996,156
307,152,51.965325,155
307,153,46.11964,154
307,154,34.974168,153
307,155,29.232475,152
307,156,31.758075,151
307,157,33.390257,150
307,158,40.920747,149
307,159,48.2037,148
307,160,53.624122,147
307,161,44.856029,146
307,162,42.025761,145
307,163,37.40285,144
307,164,40.651661,143
307,165,36.718972,142
307,166,29.358315,141
307,167,33.080568,140
307,168,29.585504,139
307,169,36.871353,138
307,170,38.321489,137
307,171,29.663836,136
307,172,37.050686,135
307,173,45.561015,134
307,174,50.019929,133
307,175,43.308236,132
307,176,40.483318,131
307,177,37.5892079,130
307,178,36.620793,129
307,179,43.495772,128
307,180,45.690318,127
307,181,37.912215,126
307,182,39.228153,125
307,183,40.665635,124
307,184,45.564847,123
307,185,42.6320326,122
307,186,44.270003,121
307,187,42.832222,120
307,188,43.642161,119
307,189,45.601204,118
307,190,40.818915,117
307,191,45.741418,116
307,192,58.33229,115
307,193,54.253379,114
307,194,43.146622,113
307,195,41.3354,112
307,196,35.850572,111
307,197,39.643475,110
307,198,46.837272,109
307,199,49.992729,108
307,200,51.650239,107
307,201,52.68035,106
307,202,68.776168,105
307,203,65.495289,104
307,204,60.129832,103
307,205,60.503918,102
307,206,50.3381329,101
307,207,47.909247,100
307,208,45.837182,99
307,209,52.888204,98
307,210,59.507407,97
307,211,50.51764,96
307,212,50.456982,95
307,213,45.93895,94
307,214,49.797711,93
307,215,41.185078,92
307,216,42.872361,91
307,217,40.804793,90
307,218,46.660961,89
307,219,50.73854,88
307,220,48.313286,87
307,221,48.688368,86
307,222,46.109847,85
307,223,38.714593,84
307,224,37.968282,83
307,225,40.991229,82
307,226,38.519722,81
307,227,36.370079,80
307,228,42.654704,79
307,229,39.57145,78
307,230,44.908747,77
307,231,34.261897,76
307,232,38.6287,75
307,233,47.940379,74
307,234,44.225461,73
307,235,30.688282,72
307,236,41.507147,71
307,237,40.949022,70
307,238,41.6130515,69
307,239,50.44485,68
307,240,47.551114,67
307,241,31.847086,66
307,242,29.108653,65
307,243,34.3634079,64
307,244,31.683593,63
307,245,30.041554,62
307,246,37.343836,61
307,247,43.59275,60
307,248,38.042643,59
307,249,30.269292,58
307,250,23.4125454,57
307,251,26.163377,56
307,252,26.787096,55
307,253,31.431147,54
307,254,31.954321,53
307,255,32.640918,52
307,256,29.979079,51
307,257,35.189211,50
307,258,31.162543,49
307,259,10.166622,48
307,260,14.430136,47
307,261,15.484022,46
307,262,19.563075,45
307,263,19.069221,44
307,264,24.3994576,43
307,265,22.938664,42
307,266,21.3467701,41
307,267,27.6887079,40
307,268,30.7987326,39
307,269,29.217989,38
307,270,26.539882,37
307,271,26.176954,36
307,272,27.705072,35
307,273,25.503286,34
307,274,11.458393,33
307,275,14.798732,32
307,276,5.66382039999999,31
307,277,14.666029,30
307,278,20.891561,29
307,279,11.300421,28
307,280,22.4389451,27
307,281,22.2228076,26
307,282,22.624889,25
307,283,26.8829576,24
307,284,21.443325,23
307,285,24.228711,22
307,286,22.21544,21
307,287,24.396522,20
307,288,22.045422,19
307,289,24.29325,18
307,290,18.304254,17
307,291,19.31091,16
307,292,23.326024,15
307,293,28.216286,14
307,294,8.31804300000001,13
307,295,5.89372010000001,12
307,296,4.96120150000001,11
307,297,8.879575,10
307,298,10.617447,9
307,299,10.831025,8
307,300,11.752132,7
307,301,19.274704,6
307,302,41.076318,5
307,303,15.3554,4
307,304,9.51998899999998,3
307,305,1.408432,2
307,306,6.03479509999999,1
308,1,13.424361,307
308,2,9.00502999999999,306
308,3,33.67054,305
308,4,36.159861,304
308,5,31.805193,303
308,6,37.7357746,302
308,7,36.087501,301
308,8,36.504025,300
308,9,49.124007,299
308,10,41.125904,298
308,11,41.815549,297
308,12,38.638666,296
308,13,39.834157,295
308,14,41.977327,294
308,15,30.917672,293
308,16,30.960432,292
308,17,39.203204,291
308,18,34.034118,290
308,19,19.997454,289
308,20,27.334925,288
308,21,42.291871,287
308,22,55.335563,286
308,23,47.369928,285
308,24,50.420383,284
308,25,34.842761,283
308,26,31.447557,282
308,27,38.135914,281
308,28,36.959343,280
308,29,37.159638,279
308,30,36.2128588,278
308,31,38.238629,277
308,32,39.973222,276
308,33,22.846807,275
308,34,34.227291,274
308,35,35.86473,273
308,36,31.467,272
308,37,25.466743,271
308,38,30.1269369,270
308,39,36.813357,269
308,40,44.42333,268
308,41,41.416148,267
308,42,39.418793,266
308,43,30.149304,265
308,44,12.621882,264
308,45,10.546943,263
308,46,23.680565,262
308,47,14.417996,261
308,48,6.582125,260
308,49,16.747868,259
308,50,17.589028,258
308,51,22.161748,257
308,52,20.314039,256
308,53,37.702282,255
308,54,35.554872,254
308,55,18.556111,253
308,56,12.94857,252
308,57,23.888936,251
308,58,17.660027,250
308,59,1.69086900000001,249
308,60,24.635668,248
308,61,14.913768,247
308,62,33.572525,246
308,63,26.741961,245
308,64,5.025786,244
308,65,10.362036,243
308,66,29.401041,242
308,67,25.274443,241
308,68,20.976743,240
308,69,3.322034,239
308,70,17.359003,238
308,71,15.063568,237
308,72,3.57387499999999,236
308,73,19.743951,235
308,74,18.64259,234
308,75,10.069654,233
308,76,5.20855,232
308,77,21.273604,231
308,78,15.927946,230
308,79,15.938186,229
308,80,2.09071800000001,228
308,81,8.671443,227
308,82,12.331656,226
308,83,21.759314,225
308,84,24.812618,224
308,85,26.041086,223
308,86,28.819043,222
308,87,25.864225,221
308,88,19.573061,220
308,89,22.531997,219
308,90,25.499461,218
308,91,18.866457,217
308,92,18.163661,216
308,93,9.694672,215
308,94,28.554614,214
308,95,8.547596,213
308,96,2.95157199999999,212
308,97,11.879889,211
308,98,14.837679,210
308,99,18.572082,209
308,100,11.877554,208
308,101,27.804315,207
308,102,13.657,206
308,103,3.50150400000001,205
308,104,19.694793,204
308,105,8.820218,203
308,106,7.939943,202
308,107,8.47063900000001,201
308,108,22.213304,200
308,109,20.505036,199
308,110,26.150218,198
308,111,11.158093,197
308,112,15.716986,196
308,113,9.759968,195
308,114,27.589118,194
308,115,31.458082,193
308,116,32.269957,192
308,117,28.470707,191
308,118,29.622193,190
308,119,16.235622,189
308,120,11.553518,188
308,121,17.805275,187
308,122,25.333925,186
308,123,31.552546,185
308,124,4.02223900000001,184
308,125,7.360821,183
308,126,13.525461,182
308,127,23.843393,181
308,128,30.5396305,180
308,129,24.695293,179
308,130,28.358586,178
308,131,28.877379,177
308,132,23.497154,176
308,133,19.803818,175
308,134,23.753093,174
308,135,27.8508,173
308,136,31.776836,172
308,137,20.644075,171
308,138,23.274129,170
308,139,27.061422,169
308,140,28.680822,168
308,141,35.413093,167
308,142,33.958857,166
308,143,30.577379,165
308,144,34.547179,164
308,145,39.698082,163
308,146,42.527579,162
308,147,37.1261,161
308,148,34.141079,160
308,149,35.699047,159
308,150,49.572118,158
308,151,59.0488,157
308,152,51.970279,156
308,153,37.456536,155
308,154,28.811236,154
308,155,38.654279,153
308,156,40.928629,152
308,157,42.812061,151
308,158,43.509757,150
308,159,57.625504,149
308,160,61.295082,148
308,161,53.777075,147
308,162,49.031143,146
308,163,43.240154,145
308,164,31.988557,144
308,165,28.390332,143
308,166,34.613389,142
308,167,33.168736,141
308,168,38.1749,140
308,169,46.293157,139
308,170,47.743293,138
308,171,36.585468,137
308,172,41.888618,136
308,173,50.233189,135
308,174,45.775475,134
308,175,41.312168,133
308,176,40.156086,132
308,177,47.0110119,131
308,178,46.042597,130
308,179,51.917132,129
308,180,38.361586,128
308,181,40.835689,127
308,182,48.649957,126
308,183,50.087439,125
308,184,42.653157,124
308,185,52.0538366,123
308,186,53.691807,122
308,187,50.503182,121
308,188,50.064643,120
308,189,43.1892,119
308,190,46.073989,118
308,191,48.911586,117
308,192,49.669186,116
308,193,55.174625,115
308,194,51.320082,114
308,195,36.841304,113
308,196,39.106232,112
308,197,39.480929,111
308,198,41.758132,110
308,199,48.830275,109
308,200,61.072043,108
308,201,62.102154,107
308,202,66.780636,106
308,203,74.917093,105
308,204,69.551636,104
308,205,65.590286,103
308,206,59.7599369,102
308,207,48.829957,101
308,208,49.008422,100
308,209,56.7273,99
308,210,63.928197,98
308,211,55.688964,97
308,212,56.127322,96
308,213,52.694154,95
308,214,49.969093,94
308,215,50.606882,93
308,216,44.209543,92
308,217,43.810811,91
308,218,43.830743,90
308,219,51.494564,89
308,220,50.317118,88
308,221,56.193436,87
308,222,47.030557,86
308,223,44.387211,85
308,224,47.390086,84
308,225,40.411675,83
308,226,36.442182,82
308,227,36.125525,81
308,228,38.7419,80
308,229,48.075354,79
308,230,41.414157,78
308,231,43.349907,77
308,232,48.050504,76
308,233,42.362625,75
308,234,35.562357,74
308,235,38.777322,73
308,236,35.345957,72
308,237,40.452682,71
308,238,51.0348555,70
308,239,41.781746,69
308,240,38.88801,68
308,241,38.185818,67
308,242,38.530457,66
308,243,43.7852119,65
308,244,40.438211,64
308,245,39.04635,63
308,246,40.265568,62
308,247,43.681454,61
308,248,37.296661,60
308,249,21.606188,59
308,250,32.8343494,58
308,251,28.090427,57
308,252,36.2089,56
308,253,38.602957,55
308,254,41.376125,54
308,255,42.062722,53
308,256,38.732625,52
308,257,40.526293,51
308,258,22.584261,50
308,259,15.921382,49
308,260,16.768968,48
308,261,19.322582,47
308,262,26.984929,46
308,263,28.491025,45
308,264,33.8212616,44
308,265,32.360468,43
308,266,30.7685741,42
308,267,37.1105119,41
308,268,40.2205366,40
308,269,38.639793,39
308,270,35.961686,38
308,271,34.01595,37
308,272,32.294032,36
308,273,25.590918,35
308,274,2.795289,34
308,275,12.045572,33
308,276,14.3269244,32
308,277,14.836875,31
308,278,24.895343,30
308,279,20.722225,29
308,280,31.8607491,28
308,281,31.6446116,27
308,282,32.046693,26
308,283,36.3047616,25
308,284,30.030979,24
308,285,18.731893,23
308,286,30.971264,22
308,287,22.151482,21
308,288,15.217582,20
308,289,15.630146,19
308,290,22.55875,18
308,291,28.732714,17
308,292,18.47388,16
308,293,19.553182,15
308,294,6.406261,14
308,295,15.3155241,13
308,296,14.3830055,12
308,297,18.301379,11
308,298,16.040557,10
308,299,18.668279,9
308,300,13.007172,8
308,301,15.5211,7
308,302,31.654514,6
308,303,18.685304,5
308,304,18.183093,4
308,305,10.071536,3
308,306,14.6978991,2
308,307,9.42180399999999,1
309,1,7.882922,308
309,2,8.46770900000001,307
309,3,24.136899,306
309,4,18.687122,305
309,5,14.332454,304
309,6,20.2630356,303
309,7,18.614762,302
309,8,29.448714,301
309,9,42.735346,300
309,10,28.236635,299
309,11,24.34281,298
309,12,32.250005,297
309,13,33.445496,296
309,14,24.504588,295
309,15,13.444933,294
309,16,13.487693,293
309,17,22.394435,292
309,18,16.561379,291
309,19,5.10488499999999,290
309,20,10.779014,289
309,21,35.90321,288
309,22,37.862824,287
309,23,37.607281,286
309,24,32.947644,285
309,25,17.370022,284
309,26,25.058896,283
309,27,20.663175,282
309,28,19.486604,281
309,29,19.686899,280
309,30,18.7401198,279
309,31,20.76589,278
309,32,22.500483,277
309,33,15.457032,276
309,34,27.83863,275
309,35,18.391991,274
309,36,13.994261,273
309,37,7.99400399999999,272
309,38,12.6541979,271
309,39,30.424696,270
309,40,26.950591,269
309,41,28.348391,268
309,42,21.946054,267
309,43,14.593435,266
309,44,4.850857,265
309,45,26.507082,264
309,46,17.291904,263
309,47,5.350943,262
309,48,18.470414,261
309,49,33.302171,260
309,50,31.465367,259
309,51,9.26819099999999,258
309,52,13.925378,257
309,53,21.116757,256
309,54,18.082133,255
309,55,9.315528,254
309,56,14.542009,253
309,57,6.416197,252
309,58,8.36378800000001,251
309,59,18.181408,250
309,60,10.829571,249
309,61,8.52510699999999,248
309,62,21.016514,247
309,63,11.183278,246
309,64,12.446953,245
309,65,16.692775,244
309,66,23.01238,243
309,67,7.80170399999999,242
309,68,7.669796,241
309,69,14.150705,240
309,70,5.769936,239
309,71,2.409171,238
309,72,13.898864,237
309,73,4.71501200000001,236
309,74,1.16985099999999,235
309,75,7.403085,234
309,76,14.346489,233
309,77,33.284235,232
309,78,33.400685,231
309,79,1.534553,230
309,80,19.563457,229
309,81,19.976296,228
309,82,5.14108300000001,227
309,83,11.619725,226
309,84,12.922721,225
309,85,11.316553,224
309,86,11.346304,223
309,87,11.492514,222
309,88,7.18347799999999,221
309,89,5.059258,220
309,90,11.856978,219
309,91,10.726282,218
309,92,1.77417799999999,217
309,93,8.695833,216
309,94,46.027353,215
309,95,24.507735,214
309,96,14.521167,213
309,97,18.26855,212
309,98,2.63506000000001,211
309,99,6.40184300000001,210
309,100,18.266215,209
309,101,45.277054,208
309,102,31.129739,207
309,103,18.138535,206
309,104,26.083454,205
309,105,20.208821,204
309,106,25.412682,203
309,107,25.943378,202
309,108,28.601965,201
309,109,26.893697,200
309,110,39.622521,199
309,111,28.630832,198
309,112,2.325753,197
309,113,21.731471,196
309,114,34.394921,195
309,115,37.846743,194
309,116,49.742696,193
309,117,45.943446,192
309,118,47.094932,191
309,119,29.458417,190
309,120,24.107921,189
309,121,24.193936,188
309,122,31.722586,187
309,123,49.025285,186
309,124,21.494978,185
309,125,24.83356,184
309,126,25.164778,183
309,127,30.232054,182
309,128,36.9282915,181
309,129,31.083954,180
309,130,34.747247,179
309,131,35.26604,178
309,132,29.966885,177
309,133,26.192479,176
309,134,30.141754,175
309,135,34.239461,174
309,136,38.165497,173
309,137,38.116814,172
309,138,31.32841,171
309,139,33.450083,170
309,140,35.069483,169
309,141,41.801754,168
309,142,40.347518,167
309,143,42.96656,166
309,144,43.35186,165
309,145,46.086743,164
309,146,50.33396,163
309,147,50.431439,162
309,148,46.02776,161
309,149,45.421092,160
309,150,55.960779,159
309,151,65.437461,158
309,152,60.77496,157
309,153,54.929275,156
309,154,43.783803,155
309,155,45.04294,154
309,156,47.31729,153
309,157,49.200722,152
309,158,49.898418,151
309,159,64.014165,150
309,160,67.683743,149
309,161,60.165736,148
309,162,55.419804,147
309,163,49.628815,146
309,164,49.461296,145
309,165,45.528607,144
309,166,41.00205,143
309,167,41.890203,142
309,168,44.563561,141
309,169,52.681818,140
309,170,54.131954,139
309,171,42.974129,138
309,172,48.277279,137
309,173,56.62185,136
309,174,58.829564,135
309,175,52.117871,134
309,176,49.292953,133
309,177,53.3996729,132
309,178,52.431258,131
309,179,58.305793,130
309,180,54.499953,129
309,181,47.22435,128
309,182,55.038618,127
309,183,56.4761,126
309,184,54.374482,125
309,185,58.4424976,124
309,186,60.080468,123
309,187,56.891843,122
309,188,56.453304,121
309,189,54.410839,120
309,190,52.46265,119
309,191,55.300247,118
309,192,67.141925,117
309,193,63.063014,116
309,194,57.708743,115
309,195,50.145035,114
309,196,45.494893,113
309,197,48.45311,112
309,198,55.646907,111
309,199,58.802364,110
309,200,67.460704,109
309,201,68.490815,108
309,202,77.585803,107
309,203,81.305754,106
309,204,75.940297,105
309,205,71.978947,104
309,206,66.1485979,103
309,207,56.718882,102
309,208,55.397083,101
309,209,63.115961,100
309,210,70.316858,99
309,211,62.077625,98
309,212,62.515983,97
309,213,59.082815,96
309,214,58.607346,95
309,215,56.995543,94
309,216,51.681996,93
309,217,50.199472,92
309,218,55.470596,91
309,219,59.548175,90
309,220,57.122921,89
309,221,62.582097,88
309,222,54.919482,87
309,223,50.775872,86
309,224,53.778747,85
309,225,49.800864,84
309,226,47.329357,83
309,227,45.179714,82
309,228,51.464339,81
309,229,54.464015,80
309,230,53.718382,79
309,231,49.738568,78
309,232,54.439165,77
309,233,56.750014,76
309,234,53.035096,75
309,235,45.165983,74
309,236,50.316782,73
309,237,49.758657,72
309,238,57.4235165,71
309,239,59.254485,70
309,240,56.360749,69
309,241,44.574479,68
309,242,44.919118,67
309,243,50.1738729,66
309,244,46.826872,65
309,245,45.435011,64
309,246,46.654229,63
309,247,52.402385,62
309,248,46.852278,61
309,249,39.078927,60
309,250,39.2230104,59
309,251,34.973012,58
309,252,42.597561,57
309,253,44.991618,56
309,254,47.764786,55
309,255,48.451383,54
309,256,45.121286,53
309,257,46.914954,52
309,258,39.972178,51
309,259,22.310043,50
309,260,23.239771,49
309,261,25.711243,48
309,262,33.37359,47
309,263,34.879686,46
309,264,40.2099226,45
309,265,38.749129,44
309,266,37.1572351,43
309,267,43.4991729,42
309,268,46.6091976,41
309,269,45.028454,40
309,270,42.350347,39
309,271,40.404611,38
309,272,38.682693,37
309,273,34.312921,36
309,274,20.268028,35
309,275,5.427167,34
309,276,17.3117854,33
309,277,23.475664,32
309,278,31.284004,31
309,279,27.110886,30
309,280,38.2494101,29
309,281,38.0332726,28
309,282,38.435354,27
309,283,42.6934226,26
309,284,36.41964,25
309,285,33.038346,24
309,286,37.359925,23
309,287,33.206157,22
309,288,30.855057,21
309,289,33.102885,20
309,290,28.947411,19
309,291,35.121375,18
309,292,32.135659,17
309,293,37.025921,16
309,294,17.127678,15
309,295,21.7041851,14
309,296,20.7716665,13
309,297,24.69004,12
309,298,22.429218,11
309,299,25.05694,10
309,300,20.561767,9
309,301,3.464239,8
309,302,25.265853,7
309,303,1.212565,6
309,304,10.373054,5
309,305,14.568997,4
309,306,17.1088601,3
309,307,15.810465,2
309,308,17.472739,1
310,1,4.77230059999999,309
310,2,11.7773316,308
310,3,36.4120216,307
310,4,27.1076006,306
310,5,26.3178686,305
310,6,19.539113,304
310,7,28.1648606,303
310,8,41.7238366,302
310,9,55.0104686,301
310,10,40.5117576,300
310,11,27.6493126,299
310,12,44.5251276,298
310,13,45.7206186,297
310,14,28.4028346,296
310,15,21.5527896,295
310,16,25.6785296,294
310,17,34.6695576,293
310,18,23.1700436,292
310,19,17.3800076,291
310,20,23.0541366,290
310,21,48.1783326,289
310,22,47.8476186,288
310,23,49.8824036,287
310,24,41.1046786,286
310,25,21.7035006,285
310,26,37.3340186,284
310,27,22.8581476,283
310,28,22.9496186,282
310,29,26.1066236,281
310,30,18.0161972,280
310,31,32.7904326,279
310,32,21.7765604,278
310,33,27.7321546,277
310,34,40.1137526,276
310,35,22.4632316,275
310,36,22.5196616,274
310,37,13.9360186,273
310,38,11.9302753,272
310,39,42.6998186,271
310,40,39.1958316,270
310,41,40.6235136,269
310,42,23.4325686,268
310,43,26.8685576,267
310,44,17.0482796,266
310,45,27.2310046,265
310,46,29.5670266,264
310,47,17.6260656,263
310,48,19.1943366,262
310,49,34.0260936,261
310,50,32.1892896,260
310,51,21.5433136,259
310,52,26.2005006,258
310,53,33.3918796,257
310,54,17.6340896,256
310,55,21.5906506,255
310,56,18.8350316,254
310,57,18.3575256,253
310,58,3.9113346,252
310,59,18.9053306,251
310,60,23.1046936,250
310,61,20.8002296,249
310,62,33.2916366,248
310,63,23.4584006,247
310,64,13.1708756,246
310,65,17.4166976,245
310,66,35.2875026,244
310,67,10.9096186,243
310,68,19.9449186,242
310,69,14.8746276,241
310,70,18.0450586,240
310,71,14.1154936,239
310,72,14.6227866,238
310,73,7.5601106,237
310,74,12.8080716,236
310,75,8.12700759999999,235
310,76,15.0704116,234
310,77,34.0081576,233
310,78,34.1246076,232
310,79,13.2408756,231
310,80,20.2873796,230
310,81,20.7002186,229
310,82,13.1907056,228
310,83,23.8948476,227
310,84,25.1978436,226
310,85,23.5916756,225
310,86,22.9833186,224
310,87,23.7676366,223
310,88,19.4586006,222
310,89,15.1670646,221
310,90,24.1321006,220
310,91,23.0014046,219
310,92,14.0493006,218
310,93,8.50198959999999,217
310,94,46.7512756,216
310,95,25.2316576,215
310,96,15.2450896,214
310,97,15.4079726,213
310,98,14.7226826,212
310,99,5.8732796,211
310,100,13.3226076,210
310,101,46.0009766,209
310,102,31.8536616,208
310,103,18.8624576,207
310,104,16.3068686,206
310,105,20.9327436,205
310,106,26.1366046,204
310,107,26.6673006,203
310,108,25.9095576,202
310,109,23.4514256,201
310,110,40.3464436,200
310,111,29.3547546,199
310,112,14.6008756,198
310,113,22.4553936,197
310,114,35.1188436,196
310,115,38.0709796,195
310,116,50.4666186,194
310,117,46.6673686,193
310,118,47.8188546,192
310,119,30.1823396,191
310,120,24.8318436,190
310,121,13.8349866,189
310,122,31.6950366,188
310,123,49.7492076,187
310,124,22.2189006,186
310,125,25.5574826,185
310,126,25.8887006,184
310,127,27.1219686,183
310,128,24.6531689,182
310,129,30.0575686,181
310,130,25.6367756,180
310,131,26.8216826,179
310,132,30.6908076,178
310,133,25.6652436,177
310,134,23.6146686,176
310,135,30.1282616,175
310,136,30.5558256,174
310,137,38.8407366,173
310,138,32.0523326,172
310,139,23.3402396,171
310,140,27.2108396,170
310,141,33.3584686,169
310,142,35.5702046,168
310,143,43.6904826,167
310,144,44.0757826,166
310,145,42.1435796,165
310,146,51.0578826,164
310,147,51.1553616,163
310,148,46.7516826,162
310,149,46.1450146,161
310,150,48.9345436,160
310,151,55.7451616,159
310,152,61.4988826,158
310,153,55.6531976,157
310,154,44.5077256,156
310,155,36.9335826,155
310,156,41.2916326,154
310,157,40.9244006,153
310,158,50.4543046,152
310,159,57.7372576,151
310,160,63.1576796,150
310,161,54.3895866,149
310,162,51.5593186,148
310,163,46.9364076,147
310,164,50.1852186,146
310,165,46.2525296,145
310,166,38.8918726,144
310,167,42.6141256,143
310,168,39.1190616,142
310,169,44.0721046,141
310,170,43.1895686,140
310,171,39.1973936,139
310,172,46.5842436,138
310,173,55.0945726,137
310,174,59.5534866,136
310,175,52.8417936,135
310,176,50.0168756,134
310,177,41.4567497,133
310,178,42.2376646,132
310,179,53.0293296,131
310,180,55.2238756,130
310,181,47.4457726,129
310,182,44.1777046,128
310,183,47.2840226,127
310,184,55.0984046,126
310,185,46.167375,125
310,186,52.3886546,124
310,187,52.3657796,123
310,188,53.1757186,122
310,189,55.1347616,121
310,190,50.3524726,120
310,191,55.2749756,119
310,192,67.8658476,118
310,193,63.7869366,117
310,194,52.6801796,116
310,195,50.8689576,115
310,196,45.3841296,114
310,197,49.1770326,113
310,198,56.3708296,112
310,199,59.5262866,111
310,200,60.3507186,110
310,201,59.1319076,109
310,202,78.3097256,108
310,203,74.5307686,107
310,204,68.9135256,106
310,205,70.0374756,105
310,206,53.8734753,104
310,207,57.4428046,103
310,208,55.3707396,102
310,209,62.4217616,101
310,210,69.0409646,100
310,211,60.0511976,99
310,212,59.9905396,98
310,213,55.4725076,97
310,214,59.3312686,96
310,215,50.5532796,95
310,216,52.4059186,94
310,217,50.3383506,93
310,218,56.1945186,92
310,219,60.2720976,91
310,220,57.8468436,90
310,221,58.2219256,89
310,222,55.6434046,88
310,223,48.2481506,87
310,224,46.0015756,86
310,225,50.5247866,85
310,226,48.0532796,84
310,227,45.9036366,83
310,228,52.1882616,82
310,229,49.1050076,81
310,230,54.4423046,80
310,231,43.7954546,79
310,232,43.8273576,78
310,233,57.4739366,77
310,234,53.7590186,76
310,235,40.2218396,75
310,236,51.0407046,74
310,237,50.4825796,73
310,238,45.1483939,72
310,239,59.9784076,71
310,240,57.0846716,70
310,241,41.3806436,69
310,242,37.0598046,68
310,243,37.8987503,67
310,244,41.2171506,66
310,245,39.5751116,65
310,246,46.8773936,64
310,247,53.1263076,63
310,248,47.5762006,62
310,249,39.8028496,61
310,250,27.6134122,60
310,251,35.6969346,59
310,252,34.6539616,58
310,253,40.9647046,57
310,254,38.5716366,56
310,255,36.1762604,55
310,256,39.5126366,54
310,257,44.7227686,53
310,258,40.6961006,52
310,259,19.7001796,51
310,260,23.9636936,50
310,261,25.0175796,49
310,262,29.0966326,48
310,263,28.3531366,47
310,264,28.5177,46
310,265,31.3074936,45
310,266,24.8821125,44
310,267,31.2240503,43
310,268,34.334075,42
310,269,35.2518686,41
310,270,33.5748756,40
310,271,35.7105116,39
310,272,37.2386296,38
310,273,35.0368436,37
310,274,20.9919506,36
310,275,11.2633896,35
310,276,5.03666279999999,34
310,277,24.1995866,33
310,278,30.4251186,32
310,279,20.5843366,31
310,280,25.9742875,30
310,281,25.75815,29
310,282,26.1602314,28
310,283,30.4183,27
310,284,30.9768826,26
310,285,33.7622686,25
310,286,31.7489976,24
310,287,33.9300796,23
310,288,31.5789796,22
310,289,33.8268076,21
310,290,27.8378116,20
310,291,25.2626476,19
310,292,32.8595816,18
310,293,37.7498436,17
310,294,17.8516006,16
310,295,9.51113749999999,15
310,296,9.49595609999999,14
310,297,15.9977826,13
310,298,20.1510046,12
310,299,20.3645826,11
310,300,21.2856896,10
310,301,15.7393616,9
310,302,37.5409756,8
310,303,11.8200576,7
310,304,1.9020686,6
310,305,8.12512559999999,5
310,306,4.83373749999999,4
310,307,9.53355759999998,3
310,308,18.1966616,2
310,309,12.2751226,1
311,1,12.502707,310
311,2,19.887838,309
311,3,44.522528,308
311,4,35.218107,307
311,5,34.428375,306
311,6,27.3160934,305
311,7,36.275367,304
311,8,49.834343,303
311,9,63.120975,302
311,10,48.622264,301
311,11,35.759819,300
311,12,52.635634,299
311,13,53.831125,298
311,14,36.513341,297
311,15,29.663296,296
311,16,33.789036,295
311,17,42.780064,294
311,18,31.28055,293
311,19,25.490514,292
311,20,31.164643,291
311,21,56.288839,290
311,22,55.958125,289
311,23,57.99291,288
311,24,49.215185,287
311,25,29.814007,286
311,26,45.444525,285
311,27,30.968654,284
311,28,31.060125,283
311,29,34.21713,282
311,30,23.7051092,281
311,31,40.900939,280
311,32,25.219954,279
311,33,35.842661,278
311,34,48.224259,277
311,35,30.573738,276
311,36,30.630168,275
311,37,22.046525,274
311,38,15.3736689,273
311,39,50.810325,272
311,40,47.306338,271
311,41,48.73402,270
311,42,31.543075,269
311,43,34.979064,268
311,44,25.158786,267
311,45,24.543911,266
311,46,37.677533,265
311,47,25.736572,264
311,48,15.750943,263
311,49,30.5827,262
311,50,31.585996,261
311,51,29.65382,260
311,52,34.311007,259
311,53,41.502386,258
311,54,25.744596,257
311,55,29.701157,256
311,56,26.945538,255
311,57,26.468032,254
311,58,12.021841,253
311,59,15.687837,252
311,60,31.2152,251
311,61,28.910736,250
311,62,41.402143,249
311,63,31.568907,248
311,64,16.355082,247
311,65,24.359004,246
311,66,43.398009,245
311,67,19.020125,244
311,68,28.055425,243
311,69,15.992134,242
311,70,26.155565,241
311,71,22.226,240
311,72,17.413393,239
311,73,15.670617,238
311,74,20.918578,237
311,75,14.865914,236
311,76,11.627018,235
311,77,30.564764,234
311,78,30.681214,233
311,79,21.351382,232
311,80,16.843986,231
311,81,17.256825,230
311,82,21.301212,229
311,83,32.005354,228
311,84,33.30835,227
311,85,31.702182,226
311,86,31.093825,225
311,87,31.878143,224
311,88,27.569107,223
311,89,23.277571,222
311,90,32.242607,221
311,91,31.111911,220
311,92,22.159807,219
311,93,11.689796,218
311,94,43.307882,217
311,95,22.544564,216
311,96,15.780596,215
311,97,11.964579,214
311,98,22.833189,213
311,99,13.983786,212
311,100,9.879214,211
311,101,42.557583,210
311,102,28.410268,209
311,103,15.419064,208
311,104,12.863475,207
311,105,17.48935,206
311,106,22.693211,205
311,107,23.223907,204
311,108,22.466164,203
311,109,20.008032,202
311,110,36.90305,201
311,111,25.911361,200
311,112,22.711382,199
311,113,19.012,198
311,114,31.67545,197
311,115,34.627586,196
311,116,47.023225,195
311,117,43.223975,194
311,118,44.375461,193
311,119,26.738946,192
311,120,21.38845,191
311,121,10.391593,190
311,122,28.251643,189
311,123,46.305814,188
311,124,18.775507,187
311,125,22.114089,186
311,126,22.445307,185
311,127,23.678575,184
311,128,18.8759375,183
311,129,26.614175,182
311,130,22.193382,181
311,131,23.378289,180
311,132,27.247414,179
311,133,22.22185,178
311,134,20.171275,177
311,135,26.684868,176
311,136,27.112432,175
311,137,35.397343,174
311,138,28.608939,173
311,139,19.896846,172
311,140,23.767446,171
311,141,29.915075,170
311,142,32.126811,169
311,143,40.247089,168
311,144,40.632389,167
311,145,38.700186,166
311,146,47.614489,165
311,147,47.711968,164
311,148,43.308289,163
311,149,42.701621,162
311,150,45.49115,161
311,151,52.301768,160
311,152,58.055489,159
311,153,52.209804,158
311,154,41.064332,157
311,155,33.490189,156
311,156,37.848239,155
311,157,37.481007,154
311,158,47.010911,153
311,159,54.293864,152
311,160,59.714286,151
311,161,50.946193,150
311,162,48.115925,149
311,163,43.493014,148
311,164,46.741825,147
311,165,42.809136,146
311,166,35.448479,145
311,167,39.170732,144
311,168,35.675668,143
311,169,40.628711,142
311,170,39.746175,141
311,171,35.754,140
311,172,43.14085,139
311,173,51.651179,138
311,174,56.110093,137
311,175,49.3984,136
311,176,46.573482,135
311,177,38.0133561,134
311,178,38.794271,133
311,179,49.585936,132
311,180,51.780482,131
311,181,44.002379,130
311,182,40.734311,129
311,183,43.840629,128
311,184,51.655011,127
311,185,41.3069314,126
311,186,48.945261,125
311,187,48.922386,124
311,188,49.732325,123
311,189,51.691368,122
311,190,46.909079,121
311,191,51.831582,120
311,192,64.422454,119
311,193,60.343543,118
311,194,49.236786,117
311,195,47.425564,116
311,196,41.940736,115
311,197,45.733639,114
311,198,52.927436,113
311,199,56.082893,112
311,200,56.907325,111
311,201,55.688514,110
311,202,74.866332,109
311,203,71.087375,108
311,204,65.470132,107
311,205,66.594082,106
311,206,50.2631311,105
311,207,53.999411,104
311,208,51.927346,103
311,209,58.978368,102
311,210,65.597571,101
311,211,56.607804,100
311,212,56.547146,99
311,213,52.029114,98
311,214,55.887875,97
311,215,47.109886,96
311,216,48.962525,95
311,217,46.894957,94
311,218,52.751125,93
311,219,56.828704,92
311,220,54.40345,91
311,221,54.778532,90
311,222,52.200011,89
311,223,44.804757,88
311,224,42.558182,87
311,225,47.081393,86
311,226,44.609886,85
311,227,42.460243,84
311,228,48.744868,83
311,229,45.661614,82
311,230,50.998911,81
311,231,40.352061,80
311,232,40.383964,79
311,233,54.030543,78
311,234,50.315625,77
311,235,36.778446,76
311,236,47.597311,75
311,237,47.039186,74
311,238,40.6207125,73
311,239,56.535014,72
311,240,53.641278,71
311,241,37.93725,70
311,242,33.616411,69
311,243,33.2867561,68
311,244,37.773757,67
311,245,36.131718,66
311,246,43.434,65
311,247,49.682914,64
311,248,44.132807,63
311,249,36.359456,62
311,250,24.1700186,61
311,251,32.253541,60
311,252,31.210568,59
311,253,37.521311,58
311,254,35.128243,57
311,255,32.311946,56
311,256,36.069243,55
311,257,41.279375,54
311,258,37.252707,53
311,259,16.256786,52
311,260,20.5203,51
311,261,21.574186,50
311,262,25.653239,49
311,263,24.909743,48
311,264,25.0743064,47
311,265,27.8641,46
311,266,19.6045939,45
311,267,25.9487561,44
311,268,26.2235686,43
311,269,31.808475,42
311,270,30.131482,41
311,271,32.267118,40
311,272,33.795236,39
311,273,31.59345,38
311,274,17.548557,37
311,275,19.373896,36
311,276,3.0738436,35
311,277,20.756193,34
311,278,26.981725,33
311,279,17.140943,32
311,280,17.8637811,31
311,281,17.6476436,30
311,282,18.883875,29
311,283,22.3077936,28
311,284,27.533489,27
311,285,30.318875,26
311,286,28.305604,25
311,287,30.486686,24
311,288,28.135586,23
311,289,30.383414,22
311,290,24.394418,21
311,291,21.819254,20
311,292,29.416188,19
311,293,34.30645,18
311,294,14.408207,17
311,295,6.0677439,16
311,296,6.0525625,15
311,297,12.554389,14
311,298,16.707611,13
311,299,16.921189,12
311,300,17.842296,11
311,301,23.849868,10
311,302,45.651482,9
311,303,19.930564,8
311,304,10.012575,7
311,305,5.816632,6
311,306,3.2767689,5
311,307,6.09016399999999,4
311,308,14.753268,3
311,309,20.385629,2
311,310,8.11050639999999,1
312,1,13.4175195,311
312,2,20.8026505,310
312,3,45.4373405,309
312,4,36.1329195,308
312,5,35.3431875,307
312,6,28.2309059,306
312,7,37.1901795,305
312,8,50.7491555,304
312,9,64.0357875,303
312,10,49.5370765,302
312,11,36.6746315,301
312,12,53.5504465,300
312,13,54.7459375,299
312,14,37.4281535,298
312,15,30.5781085,297
312,16,34.7038485,296
312,17,43.6948765,295
312,18,32.1953625,294
312,19,26.4053265,293
312,20,32.0794555,292
312,21,57.2036515,291
312,22,56.8729375,290
312,23,58.9077225,289
312,24,50.1299975,288
312,25,30.7288195,287
312,26,46.3593375,286
312,27,31.8834665,285
312,28,31.9749375,284
312,29,35.1319425,283
312,30,24.6199217,282
312,31,41.8157515,281
312,32,27.7176415,280
312,33,36.7574735,279
312,34,49.1390715,278
312,35,31.4885505,277
312,36,31.5449805,276
312,37,22.9613375,275
312,38,17.8713564,274
312,39,51.7251375,273
312,40,48.2211505,272
312,41,49.6488325,271
312,42,32.4578875,270
312,43,35.8938765,269
312,44,26.0735985,268
312,45,25.4587235,267
312,46,38.5923455,266
312,47,26.6513845,265
312,48,13.2532555,264
312,49,28.0850125,263
312,50,32.5008085,262
312,51,30.5686325,261
312,52,35.2258195,260
312,53,42.4171985,259
312,54,26.6594085,258
312,55,30.6159695,257
312,56,27.8603505,256
312,57,27.3828445,255
312,58,12.9366535,254
312,59,16.6026495,253
312,60,32.1300125,252
312,61,29.8255485,251
312,62,42.3169555,250
312,63,32.4837195,249
312,64,17.2698945,248
312,65,25.2738165,247
312,66,44.3128215,246
312,67,19.9349375,245
312,68,28.9702375,244
312,69,16.9069465,243
312,70,27.0703775,242
312,71,23.1408125,241
312,72,18.3282055,240
312,73,16.5854295,239
312,74,21.8333905,238
312,75,15.7807265,237
312,76,9.70323050000001,236
312,77,28.0670765,235
312,78,28.1835265,234
312,79,22.2661945,233
312,80,15.0995985,232
312,81,14.7591375,231
312,82,22.2160245,230
312,83,32.9201665,229
312,84,34.2231625,228
312,85,32.6169945,227
312,86,32.0086375,226
312,87,32.7929555,225
312,88,28.4839195,224
312,89,24.1923835,223
312,90,33.1574195,222
312,91,32.0267235,221
312,92,23.0746195,220
312,93,12.6046085,219
312,94,40.8101945,218
312,95,23.4593765,217
312,96,16.6954085,216
312,97,9.46689150000001,215
312,98,23.7480015,214
312,99,14.8985985,213
312,100,7.38152649999999,212
312,101,40.0598955,211
312,102,25.9125805,210
312,103,12.9213765,209
312,104,10.3657875,208
312,105,14.9916625,207
312,106,20.1955235,206
312,107,20.7262195,205
312,108,19.9684765,204
312,109,17.5103445,203
312,110,34.4053625,202
312,111,23.4136735,201
312,112,23.6261945,200
312,113,16.5143125,199
312,114,29.1777625,198
312,115,32.1298985,197
312,116,44.5255375,196
312,117,40.7262875,195
312,118,41.8777735,194
312,119,24.2412585,193
312,120,18.8907625,192
312,121,7.8939055,191
312,122,25.7539555,190
312,123,43.8081265,189
312,124,18.5566195,188
312,125,19.6164015,187
312,126,19.9476195,186
312,127,21.1808875,185
312,128,16.37825,184
312,129,24.1164875,183
312,130,19.6956945,182
312,131,20.8806015,181
312,132,24.7497265,180
312,133,19.7241625,179
312,134,17.6735875,178
312,135,24.1871805,177
312,136,24.6147445,176
312,137,32.8996555,175
312,138,26.1112515,174
312,139,17.3991585,173
312,140,21.2697585,172
312,141,27.4173875,171
312,142,29.6291235,170
312,143,37.7494015,169
312,144,38.1347015,168
312,145,36.2024985,167
312,146,45.1168015,166
312,147,45.2142805,165
312,148,40.8106015,164
312,149,40.2039335,163
312,150,42.9934625,162
312,151,49.8040805,161
312,152,55.5578015,160
312,153,49.7121165,159
312,154,38.5666445,158
312,155,30.9925015,157
312,156,35.3505515,156
312,157,34.9833195,155
312,158,44.5132235,154
312,159,51.7961765,153
312,160,57.2165985,152
312,161,48.4485055,151
312,162,45.6182375,150
312,163,40.9953265,149
312,164,44.2441375,148
312,165,40.3114485,147
312,166,32.9507915,146
312,167,36.6730445,145
312,168,33.1779805,144
312,169,38.1310235,143
312,170,37.2484875,142
312,171,33.2563125,141
312,172,40.6431625,140
312,173,49.1534915,139
312,174,53.6124055,138
312,175,46.9007125,137
312,176,44.0757945,136
312,177,35.5156686,135
312,178,36.2965835,134
312,179,47.0882485,133
312,180,49.2827945,132
312,181,41.5046915,131
312,182,38.2366235,130
312,183,41.3429415,129
312,184,49.1573235,128
312,185,38.8092439,127
312,186,46.4475735,126
312,187,46.4246985,125
312,188,47.2346375,124
312,189,49.1936805,123
312,190,44.4113915,122
312,191,49.3338945,121
312,192,61.9247665,120
312,193,57.8458555,119
312,194,46.7390985,118
312,195,44.9278765,117
312,196,39.4430485,116
312,197,43.2359515,115
312,198,50.4297485,114
312,199,53.5852055,113
312,200,54.4096375,112
312,201,53.1908265,111
312,202,72.3686445,110
312,203,68.5896875,109
312,204,62.9724445,108
312,205,64.0963945,107
312,206,47.7654436,106
312,207,51.5017235,105
312,208,49.4296585,104
312,209,56.4806805,103
312,210,63.0998835,102
312,211,54.1101165,101
312,212,54.0494585,100
312,213,49.5314265,99
312,214,53.3901875,98
312,215,44.6121985,97
312,216,46.4648375,96
312,217,44.3972695,95
312,218,50.2534375,94
312,219,54.3310165,93
312,220,51.9057625,92
312,221,52.2808445,91
312,222,49.7023235,90
312,223,42.3070695,89
312,224,40.0604945,88
312,225,44.5837055,87
312,226,42.1121985,86
312,227,39.9625555,85
312,228,46.2471805,84
312,229,43.1639265,83
312,230,48.5012235,82
312,231,37.8543735,81
312,232,37.8862765,80
312,233,51.5328555,79
312,234,47.8179375,78
312,235,34.2807585,77
312,236,45.0996235,76
312,237,44.5414985,75
312,238,38.123025,74
312,239,54.0373265,73
312,240,51.1435905,72
312,241,35.4395625,71
312,242,31.1187235,70
312,243,30.7890686,69
312,244,35.2760695,68
312,245,33.6340305,67
312,246,40.9363125,66
312,247,47.1852265,65
312,248,41.6351195,64
312,249,33.8617685,63
312,250,21.6723311,62
312,251,29.7558535,61
312,252,28.7128805,60
312,253,35.0236235,59
312,254,32.6305555,58
312,255,29.8142585,57
312,256,33.5715555,56
312,257,38.7816875,55
312,258,34.7550195,54
312,259,13.7590985,53
312,260,18.0226125,52
312,261,19.0764985,51
312,262,23.1555515,50
312,263,22.4120555,49
312,264,22.5766189,48
312,265,25.3664125,47
312,266,17.1069064,46
312,267,23.4510686,45
312,268,25.3087561,44
312,269,29.3107875,43
312,270,27.6337945,42
312,271,29.7694305,41
312,272,31.2975485,40
312,273,29.0957625,39
312,274,15.0508695,38
312,275,20.2887085,37
312,276,3.9886561,36
312,277,18.2585055,35
312,278,24.4840375,34
312,279,14.6432555,33
312,280,16.9489686,32
312,281,16.7328311,31
312,282,17.1349125,30
312,283,21.3929811,29
312,284,25.0358015,28
312,285,27.8211875,27
312,286,25.8079165,26
312,287,27.9889985,25
312,288,25.6378985,24
312,289,27.8857265,23
312,290,21.8967305,22
312,291,19.3215665,21
312,292,26.9185005,20
312,293,31.8087625,19
312,294,11.9105195,18
312,295,3.5700564,17
312,296,3.554875,16
312,297,10.0567015,15
312,298,14.2099235,14
312,299,14.4235015,13
312,300,15.3446085,12
312,301,24.7646805,11
312,302,46.5662945,10
312,303,20.8453765,9
312,304,10.9273875,8
312,305,6.73144450000001,7
312,306,4.1915814,6
312,307,5.48997650000001,5
312,308,14.9117805,4
312,309,21.3004415,3
312,310,9.0253189,2
312,311,2.4976875,1
313,1,13.4008634,312
313,2,20.7859944,311
313,3,45.4206844,310
313,4,36.1162634,309
313,5,35.3265314,308
313,6,28.2142498,307
313,7,37.1735234,306
313,8,50.7324994,305
313,9,64.0191314,304
313,10,49.5204204,303
313,11,36.6579754,302
313,12,53.5337904,301
313,13,54.7292814,300
313,14,37.4114974,299
313,15,30.5614524,298
313,16,34.6871924,297
313,17,43.6782204,296
313,18,32.1787064,295
313,19,26.3886704,294
313,20,32.0627994,293
313,21,57.1869954,292
313,22,56.8562814,291
313,23,58.8910664,290
313,24,50.1133414,289
313,25,30.7121634,288
313,26,46.3426814,287
313,27,31.8668104,286
313,28,31.9582814,285
313,29,35.1152864,284
313,30,24.6032656,283
313,31,41.7990954,282
313,32,26.7841976,281
313,33,36.7408174,280
313,34,49.1224154,279
313,35,31.4718944,278
313,36,31.5283244,277
313,37,22.9446814,276
313,38,16.9379125,275
313,39,51.7084814,274
313,40,48.2044944,273
313,41,49.6321764,272
313,42,32.4412314,271
313,43,35.8772204,270
313,44,26.0569424,269
313,45,25.4420674,268
313,46,38.5756894,267
313,47,26.6347284,266
313,48,14.1866994,265
313,49,29.0184564,264
313,50,32.4841524,263
313,51,30.5519764,262
313,52,35.2091634,261
313,53,42.4005424,260
313,54,26.6427524,259
313,55,30.5993134,258
313,56,27.8436944,257
313,57,27.3661884,256
313,58,12.9199974,255
313,59,16.5859934,254
313,60,32.1133564,253
313,61,29.8088924,252
313,62,42.3002994,251
313,63,32.4670634,250
313,64,17.2532384,249
313,65,25.2571604,248
313,66,44.2961654,247
313,67,19.9182814,246
313,68,28.9535814,245
313,69,16.8902904,244
313,70,27.0537214,243
313,71,23.1241564,242
313,72,18.3115494,241
313,73,16.5687734,240
313,74,21.8167344,239
313,75,15.7640704,238
313,76,10.0627744,237
313,77,29.0005204,236
313,78,29.1169704,235
313,79,22.2495384,234
313,80,15.2797424,233
313,81,15.6925814,232
313,82,22.1993684,231
313,83,32.9035104,230
313,84,34.2065064,229
313,85,32.6003384,228
313,86,31.9919814,227
313,87,32.7762994,226
313,88,28.4672634,225
313,89,24.1757274,224
313,90,33.1407634,223
313,91,32.0100674,222
313,92,23.0579634,221
313,93,12.5879524,220
313,94,41.7436384,219
313,95,23.4427204,218
313,96,16.6787524,217
313,97,10.4003354,216
313,98,23.7313454,215
313,99,14.8819424,214
313,100,8.31497039999999,213
313,101,40.9933394,212
313,102,26.8460244,211
313,103,13.8548204,210
313,104,11.2992314,209
313,105,15.9251064,208
313,106,21.1289674,207
313,107,21.6596634,206
313,108,20.9019204,205
313,109,18.4437884,204
313,110,35.3388064,203
313,111,24.3471174,202
313,112,23.6095384,201
313,113,17.4477564,200
313,114,30.1112064,199
313,115,33.0633424,198
313,116,45.4589814,197
313,117,41.6597314,196
313,118,42.8112174,195
313,119,25.1747024,194
313,120,19.8242064,193
313,121,8.82734939999999,192
313,122,26.6873994,191
313,123,44.7415704,190
313,124,18.5399634,189
313,125,20.5498454,188
313,126,20.8810634,187
313,127,22.1143314,186
313,128,17.3116939,185
313,129,25.0499314,184
313,130,20.6291384,183
313,131,21.8140454,182
313,132,25.6831704,181
313,133,20.6576064,180
313,134,18.6070314,179
313,135,25.1206244,178
313,136,25.5481884,177
313,137,33.8330994,176
313,138,27.0446954,175
313,139,18.3326024,174
313,140,22.2032024,173
313,141,28.3508314,172
313,142,30.5625674,171
313,143,38.6828454,170
313,144,39.0681454,169
313,145,37.1359424,168
313,146,46.0502454,167
313,147,46.1477244,166
313,148,41.7440454,165
313,149,41.1373774,164
313,150,43.9269064,163
313,151,50.7375244,162
313,152,56.4912454,161
313,153,50.6455604,160
313,154,39.5000884,159
313,155,31.9259454,158
313,156,36.2839954,157
313,157,35.9167634,156
313,158,45.4466674,155
313,159,52.7296204,154
313,160,58.1500424,153
313,161,49.3819494,152
313,162,46.5516814,151
313,163,41.9287704,150
313,164,45.1775814,149
313,165,41.2448924,148
313,166,33.8842354,147
313,167,37.6064884,146
313,168,34.1114244,145
313,169,39.0644674,144
313,170,38.1819314,143
313,171,34.1897564,142
313,172,41.5766064,141
313,173,50.0869354,140
313,174,54.5458494,139
313,175,47.8341564,138
313,176,45.0092384,137
313,177,36.4491125,136
313,178,37.2300274,135
313,179,48.0216924,134
313,180,50.2162384,133
313,181,42.4381354,132
313,182,39.1700674,131
313,183,42.2763854,130
313,184,50.0907674,129
313,185,39.7426878,128
313,186,47.3810174,127
313,187,47.3581424,126
313,188,48.1680814,125
313,189,50.1271244,124
313,190,45.3448354,123
313,191,50.2673384,122
313,192,62.8582104,121
313,193,58.7792994,120
313,194,47.6725424,119
313,195,45.8613204,118
313,196,40.3764924,117
313,197,44.1693954,116
313,198,51.3631924,115
313,199,54.5186494,114
313,200,55.3430814,113
313,201,54.1242704,112
313,202,73.3020884,111
313,203,69.5231314,110
313,204,63.9058884,109
313,205,65.0298384,108
313,206,48.6988875,107
313,207,52.4351674,106
313,208,50.3631024,105
313,209,57.4141244,104
313,210,64.0333274,103
313,211,55.0435604,102
313,212,54.9829024,101
313,213,50.4648704,100
313,214,54.3236314,99
313,215,45.5456424,98
313,216,47.3982814,97
313,217,45.3307134,96
313,218,51.1868814,95
313,219,55.2644604,94
313,220,52.8392064,93
313,221,53.2142884,92
313,222,50.6357674,91
313,223,43.2405134,90
313,224,40.9939384,89
313,225,45.5171494,88
313,226,43.0456424,87
313,227,40.8959994,86
313,228,47.1806244,85
313,229,44.0973704,84
313,230,49.4346674,83
313,231,38.7878174,82
313,232,38.8197204,81
313,233,52.4662994,80
313,234,48.7513814,79
313,235,35.2142024,78
313,236,46.0330674,77
313,237,45.4749424,76
313,238,39.0564689,75
313,239,54.9707704,74
313,240,52.0770344,73
313,241,36.3730064,72
313,242,32.0521674,71
313,243,31.7225125,70
313,244,36.2095134,69
313,245,34.5674744,68
313,246,41.8697564,67
313,247,48.1186704,66
313,248,42.5685634,65
313,249,34.7952124,64
313,250,22.605775,63
313,251,30.6892974,62
313,252,29.6463244,61
313,253,35.9570674,60
313,254,33.5639994,59
313,255,30.7477024,58
313,256,34.5049994,57
313,257,39.7151314,56
313,258,35.6884634,55
313,259,14.6925424,54
313,260,18.9560564,53
313,261,20.0099424,52
313,262,24.0889954,51
313,263,23.3454994,50
313,264,23.5100628,49
313,265,26.2998564,48
313,266,18.0403503,47
313,267,24.3845125,46
313,268,25.3254122,45
313,269,30.2442314,44
313,270,28.5672384,43
313,271,30.7028744,42
313,272,32.2309924,41
313,273,30.0292064,40
313,274,15.9843134,39
313,275,20.2720524,38
313,276,3.97200000000001,37
313,277,19.1919494,36
313,278,25.4174814,35
313,279,15.5766994,34
313,280,16.9656247,33
313,281,16.7494872,32
313,282,17.3196314,31
313,283,21.4096372,30
313,284,25.9692454,29
313,285,28.7546314,28
313,286,26.7413604,27
313,287,28.9224424,26
313,288,26.5713424,25
313,289,28.8191704,24
313,290,22.8301744,23
313,291,20.2550104,22
313,292,27.8519444,21
313,293,32.7422064,20
313,294,12.8439634,19
313,295,4.50350029999999,18
313,296,4.48831889999999,17
313,297,10.9901454,16
313,298,15.1433674,15
313,299,15.3569454,14
313,300,16.2780524,13
313,301,24.7480244,12
313,302,46.5496384,11
313,303,20.8287204,10
313,304,10.9107314,9
313,305,6.71478840000001,8
313,306,4.17492530000001,7
313,307,5.47332040000001,6
313,308,14.8951244,5
313,309,21.2837854,4
313,310,9.0086628,3
313,311,1.56424360000001,2
313,312,0.933443899999996,1
314,1,3.43200700000001,313
314,2,6.98192399999999,312
314,3,31.616614,311
314,4,26.167507,310
314,5,21.812839,309
314,6,27.7434206,308
314,7,26.095147,307
314,8,36.928429,306
314,9,50.215061,305
314,10,35.71635,304
314,11,31.823195,303
314,12,39.72972,302
314,13,40.925211,301
314,14,31.984973,300
314,15,20.925318,299
314,16,20.968078,298
314,17,29.87415,297
314,18,24.041764,296
314,19,12.5846,295
314,20,18.258729,294
314,21,43.382925,293
314,22,45.343209,292
314,23,45.086996,291
314,24,40.428029,290
314,25,24.850407,289
314,26,32.538611,288
314,27,28.14356,287
314,28,26.966989,286
314,29,27.167284,285
314,30,26.2205048,284
314,31,28.246275,283
314,32,29.980868,282
314,33,22.936747,281
314,34,35.318345,280
314,35,25.872376,279
314,36,21.474646,278
314,37,15.474389,277
314,38,20.1345829,276
314,39,37.904411,275
314,40,34.430976,274
314,41,35.828106,273
314,42,29.426439,272
314,43,22.07315,271
314,44,12.252872,270
314,45,19.026697,269
314,46,24.771619,268
314,47,12.830658,267
314,48,10.990029,266
314,49,25.821786,265
314,50,23.984982,264
314,51,16.747906,263
314,52,21.405093,262
314,53,28.596472,261
314,54,25.562518,260
314,55,16.795243,259
314,56,14.039624,258
314,57,13.896582,257
314,58,7.66767300000001,256
314,59,10.701023,255
314,60,18.309286,254
314,61,16.004822,253
314,62,28.496229,252
314,63,18.662993,251
314,64,4.96656799999999,250
314,65,11.45309,249
314,66,30.492095,248
314,67,15.282089,247
314,68,15.149511,246
314,69,6.67031999999999,245
314,70,13.249651,244
314,71,9.32008600000001,243
314,72,6.418479,242
314,73,9.751597,241
314,74,8.650236,240
314,75,1.96000000000001,239
314,76,6.86610399999999,238
314,77,25.80385,237
314,78,25.9203,236
314,79,8.44546800000001,235
314,80,12.083072,234
314,81,12.495911,233
314,82,8.395298,232
314,83,19.09944,231
314,84,20.402436,230
314,85,18.796268,229
314,86,18.826689,228
314,87,18.972229,227
314,88,14.663193,226
314,89,12.539643,225
314,90,19.336693,224
314,91,18.205997,223
314,92,9.253893,222
314,93,1.21611799999999,221
314,94,38.546968,220
314,95,17.02735,219
314,96,7.040782,218
314,97,10.788835,217
314,98,9.927275,216
314,99,8.579728,215
314,100,10.7865,214
314,101,37.796669,213
314,102,23.649354,212
314,103,10.65815,211
314,104,18.603739,210
314,105,12.728436,209
314,106,17.932297,208
314,107,18.462993,207
314,108,21.12225,206
314,109,19.413982,205
314,110,32.142136,204
314,111,21.150447,203
314,112,9.805468,202
314,113,14.251086,201
314,114,26.914536,200
314,115,30.367028,199
314,116,42.262311,198
314,117,38.463061,197
314,118,39.614547,196
314,119,21.978032,195
314,120,16.627536,194
314,121,16.714221,193
314,122,24.242871,192
314,123,41.5449,191
314,124,14.014593,190
314,125,17.353175,189
314,126,17.684393,188
314,127,22.752339,187
314,128,29.4485765,186
314,129,23.604239,185
314,130,27.267532,184
314,131,27.786325,183
314,132,22.4865,182
314,133,18.712764,181
314,134,22.662039,180
314,135,26.759746,179
314,136,30.685782,178
314,137,30.636429,177
314,138,23.848025,176
314,139,25.970368,175
314,140,27.589768,174
314,141,34.322039,173
314,142,32.867803,172
314,143,35.486175,171
314,144,35.871475,170
314,145,38.607028,169
314,146,42.853575,168
314,147,42.951054,167
314,148,38.547375,166
314,149,37.940707,165
314,150,48.481064,164
314,151,57.957746,163
314,152,53.294575,162
314,153,47.44889,161
314,154,36.303418,160
314,155,37.563225,159
314,156,39.837575,158
314,157,41.721007,157
314,158,42.418703,156
314,159,56.53445,155
314,160,60.204028,154
314,161,52.686021,153
314,162,47.940089,152
314,163,42.1491,151
314,164,41.980911,150
314,165,38.048222,149
314,166,33.522335,148
314,167,34.409818,147
314,168,37.083846,146
314,169,45.202103,145
314,170,46.652239,144
314,171,35.494414,143
314,172,40.797564,142
314,173,49.142135,141
314,174,51.349179,140
314,175,44.637486,139
314,176,41.812568,138
314,177,45.9199579,137
314,178,44.951543,136
314,179,50.826078,135
314,180,47.019568,134
314,181,39.744635,133
314,182,47.558903,132
314,183,48.996385,131
314,184,46.894097,130
314,185,50.9627826,129
314,186,52.600753,128
314,187,49.412128,127
314,188,48.973589,126
314,189,46.930454,125
314,190,44.982935,124
314,191,47.820532,123
314,192,59.66154,122
314,193,55.582629,121
314,194,50.229028,120
314,195,42.66465,119
314,196,38.015178,118
314,197,40.972725,117
314,198,48.166522,116
314,199,51.321979,115
314,200,59.980989,114
314,201,61.0111,113
314,202,70.105418,112
314,203,73.826039,111
314,204,68.460582,110
314,205,64.499232,109
314,206,58.6688829,108
314,207,49.238497,107
314,208,47.917368,106
314,209,55.636246,105
314,210,62.837143,104
314,211,54.59791,103
314,212,55.036268,102
314,213,51.6031,101
314,214,51.126961,100
314,215,49.515828,99
314,216,44.201611,98
314,217,42.719757,97
314,218,47.990211,96
314,219,52.06779,95
314,220,49.642536,94
314,221,55.102382,93
314,222,47.439097,92
314,223,43.296157,91
314,224,46.299032,90
314,225,42.320479,89
314,226,39.848972,88
314,227,37.699329,87
314,228,43.983954,86
314,229,46.9843,85
314,230,46.237997,84
314,231,42.258853,83
314,232,46.95945,82
314,233,49.269629,81
314,234,45.554711,80
314,235,37.686268,79
314,236,42.836397,78
314,237,42.278272,77
314,238,49.9438015,76
314,239,51.7741,75
314,240,48.880364,74
314,241,37.094764,73
314,242,37.439403,72
314,243,42.6941579,71
314,244,39.347157,70
314,245,37.955296,69
314,246,39.174514,68
314,247,44.922,67
314,248,39.371893,66
314,249,31.598542,65
314,250,31.7432954,64
314,251,27.492627,63
314,252,35.117846,62
314,253,37.511903,61
314,254,40.285071,60
314,255,40.971668,59
314,256,37.641571,58
314,257,39.435239,57
314,258,32.491793,56
314,259,14.830328,55
314,260,15.759386,54
314,261,18.231528,53
314,262,25.893875,52
314,263,27.399971,51
314,264,32.7302076,50
314,265,31.269414,49
314,266,29.6775201,48
314,267,36.0194579,47
314,268,39.1294826,46
314,269,37.548739,45
314,270,34.870632,44
314,271,32.924896,43
314,272,31.202978,42
314,273,26.832536,41
314,274,12.787643,40
314,275,6.467982,39
314,276,9.8320704,38
314,277,15.995279,37
314,278,23.804289,36
314,279,19.631171,35
314,280,30.7696951,34
314,281,30.5535576,33
314,282,30.955639,32
314,283,35.2137076,31
314,284,28.939925,30
314,285,25.557961,29
314,286,29.88021,28
314,287,25.725772,27
314,288,23.374672,26
314,289,25.6225,25
314,290,21.467696,24
314,291,27.64166,23
314,292,24.655274,22
314,293,29.545536,21
314,294,9.64729299999999,20
314,295,14.2244701,19
314,296,13.2919515,18
314,297,17.210325,17
314,298,14.949503,16
314,299,17.577225,15
314,300,13.081382,14
314,301,10.943954,13
314,302,32.745568,12
314,303,8.69295000000001,11
314,304,8.190739,10
314,305,7.08928199999999,9
314,306,9.6291451,8
314,307,8.33074999999999,7
314,308,9.99235399999999,6
314,309,7.48038500000001,5
314,310,8.2043076,4
314,311,12.905914,3
314,312,13.8207265,2
314,313,13.8040704,1
315,1,18.854543,314
315,2,11.469412,313
315,3,22.058322,312
315,4,24.547643,311
315,5,20.192975,310
315,6,26.1235566,309
315,7,24.475283,308
315,8,24.891807,307
315,9,31.763725,306
315,10,29.513686,305
315,11,30.203331,304
315,12,22.624816,303
315,13,24.306325,302
315,14,30.365109,301
315,15,19.305454,300
315,16,19.348214,299
315,17,27.590986,298
315,18,22.4219,297
315,19,8.385236,296
315,20,15.722707,295
315,21,24.931589,294
315,22,43.723345,293
315,23,35.75771,292
315,24,38.808165,291
315,25,23.230543,290
315,26,16.877825,289
315,27,26.523696,288
315,28,25.347125,287
315,29,25.54742,286
315,30,24.6006408,285
315,31,26.626411,284
315,32,28.361004,283
315,33,11.234589,282
315,34,21.814691,281
315,35,24.252512,280
315,36,19.854782,279
315,37,13.854525,278
315,38,18.5147189,277
315,39,19.453075,276
315,40,32.811112,275
315,41,29.80393,274
315,42,27.806575,273
315,43,18.537086,272
315,44,6.198464,271
315,45,20.646561,270
315,46,9.442617,269
315,47,5.620678,268
315,48,23.942407,267
315,49,34.10815,266
315,50,25.604846,265
315,51,10.54953,264
315,52,3.86884299999999,263
315,53,26.090064,262
315,54,23.942654,261
315,55,6.943893,260
315,56,8.68148800000001,259
315,57,12.276718,258
315,58,19.335409,257
315,59,15.669413,256
315,60,13.02345,255
315,61,2.446514,254
315,62,21.960307,253
315,63,15.129743,252
315,64,15.002168,251
315,65,10.832254,250
315,66,12.040759,249
315,67,13.662225,248
315,68,9.364525,247
315,69,15.365116,246
315,70,5.746785,245
315,71,9.13124999999999,244
315,72,13.943857,243
315,73,15.686633,242
315,74,10.438672,241
315,75,16.491336,240
315,76,22.568832,239
315,77,38.633886,238
315,78,27.540164,237
315,79,10.005868,236
315,80,17.172464,235
315,81,26.031725,234
315,82,10.056038,233
315,83,10.147096,232
315,84,13.2004,231
315,85,14.428868,230
315,86,17.206825,229
315,87,14.252007,228
315,88,7.960843,227
315,89,10.919779,226
315,90,13.887243,225
315,91,7.254239,224
315,92,9.197443,223
315,93,19.667454,222
315,94,40.166832,221
315,95,18.647214,220
315,96,15.576654,219
315,97,29.240171,218
315,98,8.52406100000001,217
315,99,17.373464,216
315,100,29.237836,215
315,101,39.416533,214
315,102,30.601882,213
315,103,20.861786,212
315,104,37.055075,211
315,105,26.1805,210
315,106,19.552161,209
315,107,21.580843,208
315,108,39.573586,207
315,109,37.865318,206
315,110,43.5105,205
315,111,22.770311,204
315,112,8.645868,203
315,113,27.12025,202
315,114,44.9494,201
315,115,48.818364,200
315,116,43.882175,199
315,117,40.414575,198
315,118,41.234411,197
315,119,33.595904,196
315,120,28.9138,195
315,121,35.165557,194
315,122,42.694207,193
315,123,43.164764,192
315,124,15.634457,191
315,125,21.556961,190
315,126,30.885743,189
315,127,41.203675,188
315,128,47.8999125,187
315,129,42.055575,186
315,130,45.718868,185
315,131,46.237661,184
315,132,40.857436,183
315,133,37.1641,182
315,134,41.113375,181
315,135,45.211082,180
315,136,49.137118,179
315,137,37.257307,178
315,138,40.634411,177
315,139,44.421704,176
315,140,46.041104,175
315,141,52.773375,174
315,142,51.319139,173
315,143,47.937661,172
315,144,51.907461,171
315,145,57.058364,170
315,146,59.887861,169
315,147,54.486382,168
315,148,51.501361,167
315,149,53.059329,166
315,150,66.9324,165
315,151,76.409082,164
315,152,69.330561,163
315,153,52.068746,162
315,154,46.171518,161
315,155,56.014561,160
315,156,58.288911,159
315,157,60.172343,158
315,158,60.870039,157
315,159,74.985786,156
315,160,78.655364,155
315,161,71.137357,154
315,162,66.391425,153
315,163,60.600436,152
315,164,44.850325,151
315,165,45.750614,150
315,166,51.973671,149
315,167,50.529018,148
315,168,55.535182,147
315,169,63.653439,146
315,170,65.103575,145
315,171,53.94575,144
315,172,59.2489,143
315,173,67.593471,142
315,174,63.135757,141
315,175,58.67245,140
315,176,57.516368,139
315,177,64.3712939,138
315,178,63.402879,137
315,179,69.277414,136
315,180,55.721868,135
315,181,58.195971,134
315,182,66.010239,133
315,183,67.447721,132
315,184,60.013439,131
315,185,69.4141186,130
315,186,71.052089,129
315,187,67.863464,128
315,188,67.424925,127
315,189,60.549482,126
315,190,63.434271,125
315,191,66.271868,124
315,192,65.614696,123
315,193,72.534907,122
315,194,68.680364,121
315,195,54.201586,120
315,196,56.466514,119
315,197,56.841211,118
315,198,59.118414,117
315,199,66.190557,116
315,200,78.432325,115
315,201,79.462436,114
315,202,84.140918,113
315,203,92.277375,112
315,204,86.911918,111
315,205,82.950568,110
315,206,77.1202189,109
315,207,66.190239,108
315,208,66.368704,107
315,209,74.087582,106
315,210,81.288479,105
315,211,73.049246,104
315,212,73.487604,103
315,213,70.054436,102
315,214,67.329375,101
315,215,67.967164,100
315,216,61.569825,99
315,217,61.171093,98
315,218,61.191025,97
315,219,68.854846,96
315,220,67.6774,95
315,221,73.553718,94
315,222,64.390839,93
315,223,61.747493,92
315,224,64.750368,91
315,225,57.771957,90
315,226,53.802464,89
315,227,53.485807,88
315,228,56.102182,87
315,229,65.435636,86
315,230,58.774439,85
315,231,60.710189,84
315,232,65.410786,83
315,233,59.722907,82
315,234,52.256525,81
315,235,56.137604,80
315,236,52.706239,79
315,237,57.812964,78
315,238,68.3951375,77
315,239,53.393964,76
315,240,51.842372,75
315,241,55.5461,74
315,242,55.890739,73
315,243,61.1454939,72
315,244,57.798493,71
315,245,56.406632,70
315,246,57.62585,69
315,247,61.041736,68
315,248,54.656943,67
315,249,33.218406,66
315,250,50.1946314,65
315,251,45.450709,64
315,252,53.569182,63
315,253,55.963239,62
315,254,58.736407,61
315,255,59.423004,60
315,256,56.092907,59
315,257,57.886575,58
315,258,39.944543,57
315,259,33.281664,56
315,260,34.12925,55
315,261,36.682864,54
315,262,44.345211,53
315,263,45.851307,52
315,264,51.1815436,51
315,265,49.72075,50
315,266,48.1288561,49
315,267,54.4707939,48
315,268,57.5808186,47
315,269,56.000075,46
315,270,53.321968,45
315,271,51.376232,44
315,272,49.654314,43
315,273,42.9512,42
315,274,17.406293,41
315,275,11.983354,40
315,276,28.2834064,39
315,277,32.197157,38
315,278,42.255625,37
315,279,38.082507,36
315,280,49.2210311,35
315,281,49.0048936,34
315,282,49.406975,33
315,283,53.6650436,32
315,284,47.391261,31
315,285,36.092175,30
315,286,48.331546,29
315,287,39.511764,28
315,288,32.577864,27
315,289,31.658736,26
315,290,39.919032,25
315,291,46.092996,24
315,292,35.834162,23
315,293,31.1654,22
315,294,23.766543,21
315,295,32.6758061,20
315,296,31.7432875,19
315,297,35.661661,18
315,298,33.400839,17
315,299,36.028561,16
315,300,30.367454,15
315,301,7.507382,14
315,302,14.294232,13
315,303,11.426686,12
315,304,21.344675,11
315,305,25.540618,10
315,306,28.0804811,9
315,307,26.782086,8
315,308,17.360282,7
315,309,10.971621,6
315,310,23.2467436,5
315,311,31.35725,4
315,312,32.2720625,3
315,313,32.2554064,2
315,314,18.451336,1
316,1,4.310722,315
316,2,3.07440899999999,314
316,3,27.709099,313
316,4,25.341322,312
316,5,20.986654,311
316,6,26.9172356,310
316,7,25.268962,309
316,8,33.020914,308
316,9,46.307546,307
316,10,31.808835,306
316,11,30.99701,305
316,12,35.822205,304
316,13,37.017696,303
316,14,31.158788,302
316,15,20.099133,301
316,16,20.141893,300
316,17,28.384665,299
316,18,23.215579,298
316,19,9.17891499999999,297
316,20,16.516386,296
316,21,39.47541,295
316,22,44.517024,294
316,23,41.179481,293
316,24,39.601844,292
316,25,24.024222,291
316,26,28.631096,290
316,27,27.317375,289
316,28,26.140804,288
316,29,26.341099,287
316,30,25.3943198,286
316,31,27.42009,285
316,32,29.154683,284
316,33,19.029232,283
316,34,31.41083,282
316,35,25.046191,281
316,36,20.648461,280
316,37,14.648204,279
316,38,19.3083979,278
316,39,33.996896,277
316,40,33.604791,276
316,41,31.920591,275
316,42,28.600254,274
316,43,19.330765,273
316,44,8.345357,272
316,45,19.852882,271
316,46,20.864104,270
316,47,8.923143,269
316,48,11.816214,268
316,49,26.647971,267
316,50,24.811167,266
316,51,12.840391,265
316,52,17.497578,264
316,53,26.883743,263
316,54,24.736333,262
316,55,12.887728,261
316,56,10.132109,260
316,57,13.070397,259
316,58,6.84148799999999,258
316,59,11.527208,257
316,60,14.401771,256
316,61,12.097307,255
316,62,24.588714,254
316,63,15.923422,253
316,64,5.792753,252
316,65,10.038575,251
316,66,26.58458,250
316,67,14.455904,249
316,68,11.241996,248
316,69,7.49650500000001,247
316,70,9.34213599999999,246
316,71,5.412571,245
316,72,7.24466400000001,244
316,73,8.92541199999999,243
316,74,7.82405099999999,242
316,75,1.947515,241
316,76,8.025011,240
316,77,26.630035,239
316,78,26.746485,238
316,79,5.119647,237
316,80,12.909257,236
316,81,13.322096,235
316,82,4.48778299999999,234
316,83,15.191925,233
316,84,16.494921,232
316,85,15.222547,231
316,86,18.000504,230
316,87,15.064714,229
316,88,10.755678,228
316,89,11.713458,227
316,90,15.429178,226
316,91,14.298482,225
316,92,7.34512199999999,224
316,93,5.123633,223
316,94,39.373153,222
316,95,17.853535,221
316,96,7.86696700000001,220
316,97,14.69635,219
316,98,6.01975999999999,218
316,99,7.75354299999999,217
316,100,14.694015,216
316,101,38.622854,215
316,102,24.475539,214
316,103,11.484335,213
316,104,22.511254,212
316,105,13.554621,211
316,106,18.758482,210
316,107,19.289178,209
316,108,25.029765,208
316,109,23.321497,207
316,110,32.968321,206
316,111,21.976632,205
316,112,5.89795299999999,204
316,113,15.077271,203
316,114,30.405579,202
316,115,34.274543,201
316,116,43.088496,200
316,117,39.289246,199
316,118,40.440732,198
316,119,22.804217,197
316,120,17.453721,196
316,121,20.621736,195
316,122,28.150386,194
316,123,42.371085,193
316,124,14.840778,192
316,125,18.17936,191
316,126,18.510578,190
316,127,26.659854,189
316,128,33.3560915,188
316,129,27.511754,187
316,130,31.175047,186
316,131,31.69384,185
316,132,26.313615,184
316,133,22.620279,183
316,134,26.569554,182
316,135,30.667261,181
316,136,34.593297,180
316,137,31.462614,179
316,138,26.09059,178
316,139,29.877883,177
316,140,31.497283,176
316,141,38.229554,175
316,142,36.775318,174
316,143,36.31236,173
316,144,37.36364,172
316,145,42.514543,171
316,146,45.34404,170
316,147,43.777239,169
316,148,39.37356,168
316,149,38.766892,167
316,150,52.388579,166
316,151,61.865261,165
316,152,54.78674,164
316,153,48.275075,163
316,154,37.129603,162
316,155,41.47074,161
316,156,43.74509,160
316,157,45.628522,159
316,158,46.326218,158
316,159,60.441965,157
316,160,64.111543,156
316,161,56.593536,155
316,162,51.847604,154
316,163,46.056615,153
316,164,42.807096,152
316,165,38.874407,151
316,166,37.42985,150
316,167,35.985197,149
316,168,40.991361,148
316,169,49.109618,147
316,170,50.559754,146
316,171,39.401929,145
316,172,44.705079,144
316,173,53.04965,143
316,174,52.175364,142
316,175,45.463671,141
316,176,42.972547,140
316,177,49.8274729,139
316,178,48.859058,138
316,179,54.733593,137
316,180,47.845753,136
316,181,43.65215,135
316,182,51.466418,134
316,183,52.9039,133
316,184,47.720282,132
316,185,54.8702976,131
316,186,56.508268,130
316,187,53.319643,129
316,188,52.881104,128
316,189,47.756639,127
316,190,48.89045,126
316,191,51.728047,125
316,192,60.487725,124
316,193,57.991086,123
316,194,54.136543,122
316,195,43.490835,121
316,196,41.922693,120
316,197,42.29739,119
316,198,48.992707,118
316,199,52.148164,117
316,200,63.888504,116
316,201,64.918615,115
316,202,70.931603,114
316,203,77.733554,113
316,204,72.368097,112
316,205,68.406747,111
316,206,62.5763979,110
316,207,51.646418,109
316,208,51.824883,108
316,209,59.543761,107
316,210,66.744658,106
316,211,58.505425,105
316,212,58.943783,104
316,213,55.510615,103
316,214,52.785554,102
316,215,53.423343,101
316,216,47.026004,100
316,217,46.627272,99
316,218,48.816396,98
316,219,54.311025,97
316,220,53.133579,96
316,221,59.009897,95
316,222,49.847018,94
316,223,47.203672,93
316,224,50.206547,92
316,225,43.228136,91
316,226,40.675157,90
316,227,38.941986,89
316,228,44.810139,88
316,229,50.891815,87
316,230,47.064182,86
316,231,46.166368,85
316,232,50.866965,84
316,233,50.095814,83
316,234,46.380896,82
316,235,41.593783,81
316,236,43.662582,80
316,237,43.269143,79
316,238,53.8513165,78
316,239,52.600285,77
316,240,49.706549,76
316,241,41.002279,75
316,242,41.346918,74
316,243,46.6016729,73
316,244,43.254672,72
316,245,41.862811,71
316,246,43.082029,70
316,247,46.497915,69
316,248,40.198078,68
316,249,32.424727,67
316,250,35.6508104,66
316,251,30.906888,65
316,252,39.025361,64
316,253,41.419418,63
316,254,44.192586,62
316,255,44.879183,61
316,256,41.549086,60
316,257,43.342754,59
316,258,33.317978,58
316,259,18.737843,57
316,260,19.585429,56
316,261,22.139043,55
316,262,29.80139,54
316,263,31.307486,53
316,264,36.6377226,52
316,265,35.176929,51
316,266,33.5850351,50
316,267,39.9269729,49
316,268,43.0369976,48
316,269,41.456254,47
316,270,38.778147,46
316,271,36.832411,45
316,272,35.110493,44
316,273,28.407379,43
316,274,13.613828,42
316,275,2.56046699999999,41
316,276,13.7395854,40
316,277,17.653336,39
316,278,27.711804,38
316,279,23.538686,37
316,280,34.6772101,36
316,281,34.4610726,35
316,282,34.863154,34
316,283,39.1212226,33
316,284,32.84744,32
316,285,26.384146,31
316,286,33.787725,30
316,287,26.551957,29
316,288,24.200857,28
316,289,26.448685,27
316,290,25.375211,26
316,291,31.549175,25
316,292,25.481459,24
316,293,30.371721,23
316,294,10.473478,22
316,295,18.1319851,21
316,296,17.1994665,20
316,297,21.11784,19
316,298,18.857018,18
316,299,21.48474,17
316,300,15.823633,16
316,301,7.03643899999999,15
316,302,28.838053,14
316,303,7.866765,13
316,304,7.36455399999999,12
316,305,10.996797,11
316,306,13.5366601,10
316,307,12.238265,9
316,308,10.818539,8
316,309,6.6542,7
316,310,8.70292260000001,6
316,311,16.813429,5
316,312,17.7282415,4
316,313,17.7115854,3
316,314,3.90751500000001,2
316,315,14.543821,1
317,1,18.164175,316
317,2,13.744844,315
317,3,38.410354,314
317,4,40.899675,313
317,5,36.545007,312
317,6,42.4755886,311
317,7,40.827315,310
317,8,41.243839,309
317,9,52.531593,308
317,10,45.865718,307
317,11,46.555363,306
317,12,42.046252,305
317,13,43.241743,304
317,14,46.717141,303
317,15,35.657486,302
317,16,35.700246,301
317,17,43.943018,300
317,18,38.773932,299
317,19,24.737268,298
317,20,32.074739,297
317,21,45.699457,296
317,22,60.075377,295
317,23,52.109742,294
317,24,55.160197,293
317,25,39.582575,292
317,26,34.855143,291
317,27,42.875728,290
317,28,41.699157,289
317,29,41.899452,288
317,30,40.9526728,287
317,31,42.978443,286
317,32,44.713036,285
317,33,27.586621,284
317,34,38.166723,283
317,35,40.604544,282
317,36,36.206814,281
317,37,30.206557,280
317,38,34.8667509,279
317,39,40.220943,278
317,40,49.163144,277
317,41,46.155962,276
317,42,44.158607,275
317,43,34.889118,274
317,44,17.361696,273
317,45,13.954529,272
317,46,27.088151,271
317,47,19.15781,270
317,48,3.742139,269
317,49,13.340282,268
317,50,20.996614,267
317,51,26.901562,266
317,52,23.721625,265
317,53,42.442096,264
317,54,40.294686,263
317,55,23.295925,262
317,56,16.356156,261
317,57,28.62875,260
317,58,22.399841,259
317,59,5.09845500000001,258
317,60,29.375482,257
317,61,18.321354,256
317,62,38.312339,255
317,63,31.481775,254
317,64,9.7656,253
317,65,13.769622,252
317,66,32.808627,251
317,67,30.014257,250
317,68,25.716557,249
317,69,8.061848,248
317,70,22.098817,247
317,71,19.803382,246
317,72,8.31368899999999,245
317,73,24.483765,244
317,74,23.382404,243
317,75,14.809468,242
317,76,7.86606400000001,241
317,77,17.866018,240
317,78,11.188132,239
317,79,20.678,238
317,80,3.595404,237
317,81,5.263857,236
317,82,17.07147,235
317,83,26.499128,234
317,84,29.552432,233
317,85,30.7809,232
317,86,33.558857,231
317,87,30.604039,230
317,88,24.312875,229
317,89,27.271811,228
317,90,30.239275,227
317,91,23.606271,226
317,92,22.903475,225
317,93,14.434486,224
317,94,23.8148,223
317,95,11.955182,222
317,96,7.69138599999999,221
317,97,8.47230300000001,220
317,98,19.577493,219
317,99,23.311896,218
317,100,9.613868,217
317,101,23.064501,216
317,102,9.834014,215
317,103,4.074018,214
317,104,16.287207,213
317,105,5.412632,212
317,106,4.717529,211
317,107,3.730825,210
317,108,18.805718,209
317,109,17.09745,208
317,110,22.742632,207
317,111,6.41827900000001,206
317,112,20.4568,205
317,113,6.35238199999999,204
317,114,24.181532,203
317,115,28.050496,202
317,116,27.530143,201
317,117,23.730893,200
317,118,24.882379,199
317,119,12.828036,198
317,120,8.14593200000001,197
317,121,14.397689,196
317,122,21.926339,195
317,123,26.812732,194
317,124,7.052425,193
317,125,2.621007,192
317,126,10.117875,191
317,127,20.435807,190
317,128,27.1320445,189
317,129,21.287707,188
317,130,24.951,187
317,131,25.469793,186
317,132,20.089568,185
317,133,16.396232,184
317,134,20.345507,183
317,135,24.443214,182
317,136,28.36925,181
317,137,16.489439,180
317,138,19.866543,179
317,139,23.653836,178
317,140,25.273236,177
317,141,32.005507,176
317,142,30.551271,175
317,143,27.169793,174
317,144,31.139593,173
317,145,36.290496,172
317,146,39.119993,171
317,147,33.718514,170
317,148,30.733493,169
317,149,32.291461,168
317,150,46.164532,167
317,151,55.641214,166
317,152,48.562693,165
317,153,32.716722,164
317,154,25.40365,163
317,155,35.246693,162
317,156,37.521043,161
317,157,39.404475,160
317,158,40.102171,159
317,159,54.217918,158
317,160,57.887496,157
317,161,50.369489,156
317,162,45.623557,155
317,163,39.832568,154
317,164,27.248743,153
317,165,24.982746,152
317,166,31.205803,151
317,167,29.76115,150
317,168,34.767314,149
317,169,42.885571,148
317,170,44.335707,147
317,171,33.177882,146
317,172,38.481032,145
317,173,46.825603,144
317,174,42.367889,143
317,175,37.904582,142
317,176,36.7485,141
317,177,43.6034259,140
317,178,42.635011,139
317,179,48.509546,138
317,180,34.954,137
317,181,37.428103,136
317,182,45.242371,135
317,183,46.679853,134
317,184,39.245571,133
317,185,48.6462506,132
317,186,50.284221,131
317,187,47.095596,130
317,188,46.657057,129
317,189,39.781614,128
317,190,42.666403,127
317,191,45.504,126
317,192,44.929372,125
317,193,51.767039,124
317,194,47.912496,123
317,195,33.433718,122
317,196,35.698646,121
317,197,36.073343,120
317,198,38.350546,119
317,199,45.422689,118
317,200,57.664457,117
317,201,58.694568,116
317,202,63.37305,115
317,203,71.509507,114
317,204,66.14405,113
317,205,62.1827,112
317,206,56.3523509,111
317,207,45.422371,110
317,208,45.600836,109
317,209,53.319714,108
317,210,60.520611,107
317,211,52.281378,106
317,212,52.719736,105
317,213,49.286568,104
317,214,46.561507,103
317,215,47.199296,102
317,216,40.801957,101
317,217,40.403225,100
317,218,40.423157,99
317,219,48.086978,98
317,220,46.909532,97
317,221,52.78585,96
317,222,43.622971,95
317,223,40.979625,94
317,224,43.9825,93
317,225,37.004089,92
317,226,33.034596,91
317,227,32.717939,90
317,228,35.334314,89
317,229,44.667768,88
317,230,38.006571,87
317,231,39.942321,86
317,232,44.642918,85
317,233,38.955039,84
317,234,31.488657,83
317,235,35.369736,82
317,236,31.938371,81
317,237,37.045096,80
317,238,47.6272695,79
317,239,37.041932,78
317,240,34.148196,77
317,241,34.778232,76
317,242,35.122871,75
317,243,40.3776259,74
317,244,37.030625,73
317,245,35.638764,72
317,246,36.857982,71
317,247,40.273868,70
317,248,33.889075,69
317,249,16.866374,68
317,250,29.4267634,67
317,251,24.682841,66
317,252,32.801314,65
317,253,35.195371,64
317,254,37.968539,63
317,255,38.655136,62
317,256,35.325039,61
317,257,37.118707,60
317,258,19.176675,59
317,259,12.513796,58
317,260,13.361382,57
317,261,15.914996,56
317,262,23.577343,55
317,263,25.083439,54
317,264,30.4136756,53
317,265,28.952882,52
317,266,27.3609881,51
317,267,33.7029259,50
317,268,36.8129506,49
317,269,35.232207,48
317,270,32.5541,47
317,271,30.608364,46
317,272,28.886446,45
317,273,22.183332,44
317,274,3.36157500000001,43
317,275,16.785386,42
317,276,19.0667384,41
317,277,11.429289,40
317,278,21.487757,39
317,279,17.314639,38
317,280,28.4531631,37
317,281,28.2370256,36
317,282,28.639107,35
317,283,32.8971756,34
317,284,26.623393,33
317,285,15.324307,32
317,286,27.563678,31
317,287,18.743896,30
317,288,11.809996,29
317,289,10.890868,28
317,290,19.151164,27
317,291,25.325128,26
317,292,15.066294,25
317,293,14.813368,24
317,294,5.084875,23
317,295,13.4253381,22
317,296,13.4405195,21
317,297,14.893793,20
317,298,12.632971,19
317,299,15.260693,18
317,300,9.599586,17
317,301,20.260914,16
317,302,35.0621,15
317,303,23.425118,14
317,304,22.922907,13
317,305,14.81135,12
317,306,19.4377131,11
317,307,13.402918,10
317,308,4.739814,9
317,309,22.212553,8
317,310,22.9364756,7
317,311,19.493082,6
317,312,16.9953945,5
317,313,17.9288384,4
317,314,14.732168,3
317,315,20.767868,2
317,316,15.558353,1
318,1,33.9401,317
318,2,29.520769,316
318,3,54.186279,315
318,4,56.6756,314
318,5,52.320932,313
318,6,58.2515136,312
318,7,56.60324,311
318,8,57.019764,310
318,9,64.974268,309
318,10,61.641643,308
318,11,62.331288,307
318,12,54.752773,306
318,13,56.434282,305
318,14,62.493066,304
318,15,51.433411,303
318,16,51.476171,302
318,17,59.718943,301
318,18,54.549857,300
318,19,40.513193,299
318,20,47.850664,298
318,21,58.142132,297
318,22,75.851302,296
318,23,67.885667,295
318,24,70.936122,294
318,25,55.3585,293
318,26,49.005782,292
318,27,58.651653,291
318,28,57.475082,290
318,29,57.675377,289
318,30,56.7285978,288
318,31,58.754368,287
318,32,60.488961,286
318,33,43.362546,285
318,34,53.942648,284
318,35,56.380469,283
318,36,51.982739,282
318,37,45.982482,281
318,38,50.6426759,280
318,39,52.663618,279
318,40,64.939069,278
318,41,61.931887,277
318,42,59.934532,276
318,43,50.665043,275
318,44,33.137621,274
318,45,26.397204,273
318,46,41.570574,272
318,47,34.933735,271
318,48,19.518064,270
318,49,4.686307,269
318,50,33.439289,268
318,51,42.677487,267
318,52,36.1643,266
318,53,58.218021,265
318,54,56.070611,264
318,55,39.07185,263
318,56,28.798831,262
318,57,44.404675,261
318,58,38.175766,260
318,59,19.80707,259
318,60,45.151407,258
318,61,30.764029,257
318,62,54.088264,256
318,63,47.2577,255
318,64,25.541525,254
318,65,26.212297,253
318,66,45.251302,252
318,67,45.790182,251
318,68,41.492482,250
318,69,23.837773,249
318,70,37.874742,248
318,71,35.579307,247
318,72,24.089614,246
318,73,40.25969,245
318,74,39.158329,244
318,75,30.585393,243
318,76,23.641989,242
318,77,5.423343,241
318,78,12.838307,240
318,79,36.453925,239
318,80,18.425021,238
318,81,18.012182,237
318,82,32.847395,236
318,83,42.275053,235
318,84,45.328357,234
318,85,46.556825,233
318,86,49.334782,232
318,87,46.379964,231
318,88,40.0888,230
318,89,43.047736,229
318,90,46.0152,228
318,91,39.382196,227
318,92,38.6794,226
318,93,30.210411,225
318,94,8.03887500000001,224
318,95,24.397857,223
318,96,23.467311,222
318,97,23.304428,221
318,98,35.353418,220
318,99,39.087821,219
318,100,25.389793,218
318,101,7.288576,217
318,102,6.858739,216
318,103,19.849943,215
318,104,22.405532,214
318,105,17.779657,213
318,106,17.160204,212
318,107,12.0451,211
318,108,12.802843,210
318,109,15.260975,209
318,110,10.299957,208
318,111,11.858354,207
318,112,36.232725,206
318,113,16.257007,205
318,114,11.738857,204
318,115,15.607821,203
318,116,11.754218,202
318,117,7.954968,201
318,118,9.10645400000001,200
318,119,8.530061,199
318,120,13.880557,198
318,121,24.877414,197
318,122,9.483664,196
318,123,11.036807,195
318,124,19.4951,194
318,125,13.154918,193
318,126,12.8237,192
318,127,11.590432,191
318,128,16.3930695,190
318,129,8.845032,189
318,130,13.075625,188
318,131,13.027118,187
318,132,8.02159299999999,186
318,133,13.047157,185
318,134,15.097732,184
318,135,12.000539,183
318,136,15.926575,182
318,137,4.04676400000001,181
318,138,7.423868,180
318,139,15.372161,179
318,140,12.830561,178
318,141,19.562832,177
318,142,18.108596,176
318,143,14.727118,175
318,144,18.696918,174
318,145,23.847821,173
318,146,26.677318,172
318,147,21.275839,171
318,148,18.290818,170
318,149,19.848786,169
318,150,33.721857,168
318,151,43.198539,167
318,152,36.120018,166
318,153,18.858203,165
318,154,12.960975,164
318,155,22.804018,163
318,156,25.078368,162
318,157,26.9618,161
318,158,27.659496,160
318,159,41.775243,159
318,160,45.444821,158
318,161,37.926814,157
318,162,33.180882,156
318,163,27.389893,155
318,164,11.639782,154
318,165,12.540071,153
318,166,18.763128,152
318,167,17.318475,151
318,168,22.324639,150
318,169,30.442896,149
318,170,31.893032,148
318,171,20.735207,147
318,172,26.038357,146
318,173,34.382928,145
318,174,29.925214,144
318,175,25.461907,143
318,176,24.305825,142
318,177,31.1607509,141
318,178,30.192336,140
318,179,36.066871,139
318,180,22.511325,138
318,181,24.985428,137
318,182,32.799696,136
318,183,34.237178,135
318,184,26.802896,134
318,185,36.2035756,133
318,186,37.841546,132
318,187,34.652921,131
318,188,34.214382,130
318,189,27.338939,129
318,190,30.223728,128
318,191,33.061325,127
318,192,32.404153,126
318,193,39.324364,125
318,194,35.469821,124
318,195,20.991043,123
318,196,23.255971,122
318,197,23.630668,121
318,198,25.907871,120
318,199,32.980014,119
318,200,45.221782,118
318,201,46.251893,117
318,202,50.930375,116
318,203,59.066832,115
318,204,53.701375,114
318,205,49.740025,113
318,206,43.9096759,112
318,207,32.979696,111
318,208,33.158161,110
318,209,40.877039,109
318,210,48.077936,108
318,211,39.838703,107
318,212,40.277061,106
318,213,36.843893,105
318,214,34.118832,104
318,215,34.756621,103
318,216,28.359282,102
318,217,27.96055,101
318,218,27.980482,100
318,219,35.644303,99
318,220,34.466857,98
318,221,40.343175,97
318,222,31.180296,96
318,223,28.53695,95
318,224,31.539825,94
318,225,24.561414,93
318,226,20.591921,92
318,227,20.275264,91
318,228,22.891639,90
318,229,32.225093,89
318,230,25.563896,88
318,231,27.499646,87
318,232,32.200243,86
318,233,26.512364,85
318,234,19.045982,84
318,235,22.927061,83
318,236,19.495696,82
318,237,24.602421,81
318,238,35.1845945,80
318,239,21.266007,79
318,240,18.631829,78
318,241,22.335557,77
318,242,22.680196,76
318,243,27.9349509,75
318,244,24.58795,74
318,245,23.196089,73
318,246,24.415307,72
318,247,27.831193,71
318,248,21.4464,70
318,249,3.914049,69
318,250,16.9840884,68
318,251,12.240166,67
318,252,20.358639,66
318,253,22.752696,65
318,254,25.525864,64
318,255,26.212461,63
318,256,22.882364,62
318,257,24.676032,61
318,258,6.734,60
318,259,19.012221,59
318,260,14.748707,58
318,261,13.694821,57
318,262,11.134668,56
318,263,12.640764,55
318,264,17.9710006,54
318,265,16.510207,53
318,266,15.6644131,52
318,267,21.2602509,51
318,268,24.3702756,50
318,269,22.789532,49
318,270,20.111425,48
318,271,18.165689,47
318,272,16.443771,46
318,273,9.740657,45
318,274,17.72045,44
318,275,32.561311,43
318,276,34.8426634,42
318,277,14.512814,41
318,278,9.045082,40
318,279,18.128064,39
318,280,22.0728881,38
318,281,19.2053506,37
318,282,16.385132,36
318,283,20.4545006,35
318,284,14.180718,34
318,285,4.950132,33
318,286,15.121003,32
318,287,6.301221,31
318,288,7.133421,30
318,289,4.885593,29
318,290,10.874589,28
318,291,13.449753,27
318,292,5.852819,26
318,293,16.463543,25
318,294,20.8608,24
318,295,29.2012631,23
318,296,29.2164445,22
318,297,22.714618,21
318,298,18.561396,20
318,299,18.347818,19
318,300,17.426711,18
318,301,36.036839,17
318,302,47.504775,16
318,303,39.201043,15
318,304,38.698832,14
318,305,30.587275,13
318,306,35.2136381,12
318,307,29.178843,11
318,308,20.515739,10
318,309,37.988478,9
318,310,38.7124006,8
318,311,35.269007,7
318,312,32.7713195,6
318,313,33.7047634,5
318,314,30.508093,4
318,315,33.210543,3
318,316,31.334278,2
318,317,15.775925,1
319,1,24.218629,318
319,2,26.352702,317
319,3,50.987392,316
319,4,46.954129,315
319,5,42.599461,314
319,6,48.5300426,313
319,7,46.881769,312
319,8,56.299207,311
319,9,69.585839,310
319,10,55.087128,309
319,11,52.609817,308
319,12,59.100498,307
319,13,60.295989,306
319,14,52.771595,305
319,15,41.71194,304
319,16,41.7547,303
319,17,49.997472,302
319,18,44.828386,301
319,19,31.955378,300
319,20,38.129193,299
319,21,62.753703,298
319,22,66.129831,297
319,23,64.457774,296
319,24,61.214651,295
319,25,45.637029,294
319,26,51.909389,293
319,27,48.930182,292
319,28,47.753611,291
319,29,47.953906,290
319,30,47.0071268,289
319,31,49.032897,288
319,32,50.76749,287
319,33,42.307525,286
319,34,54.689123,285
319,35,46.658998,284
319,36,42.261268,283
319,37,36.261011,282
319,38,40.9212049,281
319,39,57.275189,280
319,40,55.217598,279
319,41,55.198884,278
319,42,50.213061,277
319,43,41.443928,276
319,44,31.62365,275
319,45,31.008775,274
319,46,44.142397,273
319,47,32.201436,272
319,48,13.879707,271
319,49,5.035164,270
319,50,38.05086,269
319,51,36.118684,268
319,52,40.775871,267
319,53,48.49655,266
319,54,46.34914,265
319,55,36.166021,264
319,56,33.410402,263
319,57,34.683204,262
319,58,28.454295,261
319,59,22.152701,260
319,60,37.680064,259
319,61,35.3756,258
319,62,47.867007,257
319,63,38.033771,256
319,64,22.819946,255
319,65,30.823868,254
319,66,49.862873,253
319,67,36.068711,252
319,68,34.520289,251
319,69,22.456998,250
319,70,32.620429,249
319,71,28.690864,248
319,72,23.878257,247
319,73,30.538219,246
319,74,29.436858,245
319,75,21.330778,244
319,76,15.253282,243
319,77,5.017228,242
319,78,17.449878,241
319,79,27.816246,240
319,80,20.64965,239
319,81,11.790389,238
319,82,27.766076,237
319,83,38.470218,236
319,84,39.773214,235
319,85,38.167046,234
319,86,39.613311,233
319,87,38.343007,232
319,88,34.033971,231
319,89,33.326265,230
319,90,38.707471,229
319,91,37.576775,228
319,92,28.957929,227
319,93,20.48894,226
319,94,17.760346,225
319,95,29.009428,224
319,96,22.24546,223
319,97,13.582957,222
319,98,29.298053,221
319,99,29.36635,220
319,100,15.668322,219
319,101,17.010047,218
319,102,7.220232,217
319,103,16.960328,216
319,104,12.684061,215
319,105,11.641614,214
319,106,21.771775,213
319,107,16.241271,212
319,108,3.081372,211
319,109,5.539504,210
319,110,11.355514,209
319,111,16.469925,208
319,112,29.176246,207
319,113,10.701864,206
319,114,7.127286,205
319,115,10.99625,204
319,116,21.475689,203
319,117,17.676439,202
319,118,18.827925,201
319,119,4.22621,200
319,120,8.90831399999999,199
319,121,15.155943,198
319,122,4.872093,197
319,123,20.758278,196
319,124,24.106671,195
319,125,16.265153,194
319,126,6.93637099999999,193
319,127,3.38156099999999,192
319,128,10.0777985,191
319,129,4.233461,190
319,130,7.896754,189
319,131,8.41554699999999,188
319,132,3.035322,187
319,133,3.325686,186
319,134,5.376261,185
319,135,7.388968,184
319,136,11.315004,183
319,137,9.84980700000001,182
319,138,3.061403,181
319,139,6.59959000000001,180
319,140,8.21899000000001,179
319,141,14.951261,178
319,142,13.497025,177
319,143,14.699553,176
319,144,15.084853,175
319,145,19.23625,174
319,146,22.066953,173
319,147,22.164432,172
319,148,17.760753,171
319,149,17.154085,170
319,150,29.110286,169
319,151,38.586968,168
319,152,32.507953,167
319,153,26.662268,166
319,154,15.516796,165
319,155,18.192447,164
319,156,20.466797,163
319,157,22.350229,162
319,158,23.047925,161
319,159,37.163672,160
319,160,40.83325,159
319,161,33.315243,158
319,162,28.569311,157
319,163,22.778322,156
319,164,21.194289,155
319,165,17.2616,154
319,166,14.151557,153
319,167,13.623196,152
319,168,17.713068,151
319,169,25.831325,150
319,170,27.281461,149
319,171,16.123636,148
319,172,21.426786,147
319,173,29.771357,146
319,174,30.562557,145
319,175,23.850864,144
319,176,21.025946,143
319,177,26.5491799,142
319,178,25.580765,141
319,179,31.4553,140
319,180,26.232946,139
319,181,20.373857,138
319,182,28.188125,137
319,183,29.625607,136
319,184,26.107475,135
319,185,31.5920046,134
319,186,33.229975,133
319,187,30.04135,132
319,188,29.602811,131
319,189,26.143832,130
319,190,25.612157,129
319,191,28.449754,128
319,192,38.874918,127
319,193,34.796007,126
319,194,30.85825,125
319,195,21.878028,124
319,196,18.6444,123
319,197,20.186103,122
319,198,27.3799,121
319,199,30.535357,120
319,200,40.610211,119
319,201,41.640322,118
319,202,49.318796,117
319,203,54.455261,116
319,204,49.089804,115
319,205,45.128454,114
319,206,39.2981049,113
319,207,28.451875,112
319,208,28.54659,111
319,209,36.265468,110
319,210,43.466365,109
319,211,35.227132,108
319,212,35.66549,107
319,213,32.232322,106
319,214,30.340339,105
319,215,30.14505,104
319,216,23.747711,103
319,217,23.348979,102
319,218,27.203589,101
319,219,31.281168,100
319,220,29.855286,99
319,221,35.731604,98
319,222,26.652475,97
319,223,23.925379,96
319,224,26.928254,95
319,225,21.533857,94
319,226,19.06235,93
319,227,16.912707,92
319,228,23.197332,91
319,229,27.613522,90
319,230,25.451375,89
319,231,22.888075,88
319,232,27.588672,87
319,233,28.483007,86
319,234,24.768089,85
319,235,18.31549,84
319,236,22.049775,83
319,237,21.49165,82
319,238,30.5730235,81
319,239,30.987478,80
319,240,28.093742,79
319,241,17.723986,78
319,242,18.068625,77
319,243,23.3233799,76
319,244,19.976379,75
319,245,18.584518,74
319,246,19.803736,73
319,247,24.135378,72
319,248,18.585271,71
319,249,10.81192,70
319,250,12.3725174,69
319,251,7.628595,68
319,252,15.747068,67
319,253,18.141125,66
319,254,20.914293,65
319,255,21.60089,64
319,256,18.270793,63
319,257,20.064461,62
319,258,11.705171,61
319,259,9.29075,60
319,260,5.027236,59
319,261,3.97335,58
319,262,6.523097,57
319,263,8.02919300000001,56
319,264,13.3594296,55
319,265,11.898636,54
319,266,10.3067421,53
319,267,16.6486799,52
319,268,19.7587046,51
319,269,18.177961,50
319,270,15.499854,49
319,271,13.554118,48
319,272,11.8322,47
319,273,6.045914,46
319,274,20.415821,45
319,275,25.83876,44
319,276,25.1211924,43
319,277,5.624957,42
319,278,4.433511,41
319,279,8.406593,40
319,280,12.3514171,39
319,281,11.1827796,38
319,282,11.584861,37
319,283,15.8429296,36
319,284,9.569147,35
319,285,4.77133899999999,34
319,286,10.509432,33
319,287,4.93915,32
319,288,5.24425000000001,31
319,289,6.16337800000001,30
319,290,2.096918,29
319,291,8.270882,28
319,292,3.868652,27
319,293,21.075114,26
319,294,14.055571,25
319,295,19.4797921,24
319,296,19.4949735,23
319,297,12.993147,22
319,298,8.839925,21
319,299,8.626347,20
319,300,7.70524,19
319,301,30.314732,18
319,302,52.116346,17
319,303,29.479572,16
319,304,28.977361,15
319,305,20.865804,14
319,306,25.4921671,13
319,307,19.457372,12
319,308,20.461832,11
319,309,28.267007,10
319,310,28.9909296,9
319,311,25.547536,8
319,312,23.0498485,7
319,313,23.9832924,6
319,314,20.786622,5
319,315,37.822114,4
319,316,23.278293,3
319,317,17.054246,2
319,318,9.721471,1
320,1,14.836789,319
320,2,22.22192,318
320,3,46.85661,317
320,4,37.552189,316
320,5,36.762457,315
320,6,35.9835246,314
320,7,38.609449,313
320,8,52.168425,312
320,9,65.455057,311
320,10,50.956346,310
320,11,40.063299,309
320,12,54.969716,308
320,13,56.165207,307
320,14,40.225077,306
320,15,31.997378,305
320,16,36.123118,304
320,17,45.114146,303
320,18,33.614632,302
320,19,27.824596,301
320,20,33.498725,300
320,21,58.622921,299
320,22,58.292207,298
320,23,60.326992,297
320,24,51.549267,296
320,25,33.090511,295
320,26,47.778607,294
320,27,36.383664,293
320,28,35.207093,292
320,29,36.551212,291
320,30,34.4606088,290
320,31,43.235021,289
320,32,38.220972,288
320,33,38.176743,287
320,34,50.558341,286
320,35,34.11248,285
320,36,32.96425,284
320,37,24.380607,283
320,38,28.3746869,282
320,39,53.144407,281
320,40,49.64042,280
320,41,51.068102,279
320,42,37.666543,278
320,43,37.313146,277
320,44,27.492868,276
320,45,26.877993,275
320,46,40.011615,274
320,47,28.070654,273
320,48,9.748925,272
320,49,17.581682,271
320,50,33.920078,270
320,51,31.987902,269
320,52,36.645089,268
320,53,43.836468,267
320,54,33.802622,266
320,55,32.035239,265
320,56,29.27962,264
320,57,28.802114,263
320,58,15.907777,262
320,59,18.021919,261
320,60,33.549282,260
320,61,31.244818,259
320,62,43.736225,258
320,63,33.902989,257
320,64,18.689164,256
320,65,26.693086,255
320,66,45.732091,254
320,67,23.522193,253
320,68,30.389507,252
320,69,18.326216,251
320,70,28.489647,250
320,71,24.560082,249
320,72,19.747475,248
320,73,18.004699,247
320,74,23.25266,246
320,75,17.199996,245
320,76,11.1225,244
320,77,17.563746,243
320,78,17.680196,242
320,79,23.685464,241
320,80,16.518868,240
320,81,7.659607,239
320,82,23.635294,238
320,83,34.339436,237
320,84,35.642432,236
320,85,34.036264,235
320,86,33.427907,234
320,87,34.212225,233
320,88,29.903189,232
320,89,25.611653,231
320,90,34.576689,230
320,91,33.445993,229
320,92,24.493889,228
320,93,14.023878,227
320,94,30.306864,226
320,95,24.878646,225
320,96,18.114678,224
320,97,4.45116099999999,223
320,98,25.167271,222
320,99,16.819832,221
320,100,4.453496,220
320,101,29.556565,219
320,102,15.40925,218
320,103,12.829546,217
320,104,3.363743,216
320,105,7.510832,215
320,106,17.640993,214
320,107,12.110489,213
320,108,9.465146,212
320,109,7.00701400000001,211
320,110,23.902032,210
320,111,12.910343,209
320,112,25.045464,208
320,113,6.571082,207
320,114,18.674432,206
320,115,21.626568,205
320,116,34.022207,204
320,117,30.222957,203
320,118,31.374443,202
320,119,13.737928,201
320,120,8.38743200000001,200
320,121,2.609425,199
320,122,15.250625,198
320,123,33.304796,197
320,124,19.975889,196
320,125,12.134371,195
320,126,9.44428900000001,194
320,127,10.677557,193
320,128,14.2085805,192
320,129,13.613157,191
320,130,12.027536,190
320,131,12.546329,189
320,132,14.246396,188
320,133,9.220832,187
320,134,7.422043,186
320,135,13.68385,185
320,136,15.445786,184
320,137,22.396325,183
320,138,15.607921,182
320,139,10.730372,181
320,140,12.349772,180
320,141,19.082043,179
320,142,19.125793,178
320,143,27.246071,177
320,144,27.631371,176
320,145,25.699168,175
320,146,34.613471,174
320,147,34.71095,173
320,148,30.307271,172
320,149,29.700603,171
320,150,33.241068,170
320,151,42.71775,169
320,152,45.054471,168
320,153,39.208786,167
320,154,28.063314,166
320,155,22.323229,165
320,156,24.847221,164
320,157,26.481011,163
320,158,34.009893,162
320,159,41.294454,161
320,160,46.713268,160
320,161,37.945175,159
320,162,35.114907,158
320,163,30.491996,157
320,164,33.740807,156
320,165,29.808118,155
320,166,22.447461,154
320,167,26.169714,153
320,168,22.67465,152
320,169,29.962107,151
320,170,31.412243,150
320,171,22.752982,149
320,172,30.139832,148
320,173,38.650161,147
320,174,43.109075,146
320,175,36.397382,145
320,176,33.572464,144
320,177,30.6799619,143
320,178,29.711547,142
320,179,36.584918,141
320,180,38.779464,140
320,181,31.001361,139
320,182,32.318907,138
320,183,33.756389,137
320,184,38.653993,136
320,185,35.7227866,135
320,186,37.360757,134
320,187,35.921368,133
320,188,36.731307,132
320,189,38.69035,131
320,190,33.908061,130
320,191,38.830564,129
320,192,51.421436,128
320,193,47.342525,127
320,194,36.235768,126
320,195,34.424546,125
320,196,28.939718,124
320,197,32.732621,123
320,198,39.926418,122
320,199,43.081875,121
320,200,44.740993,120
320,201,45.771104,119
320,202,61.865314,118
320,203,58.586043,117
320,204,53.220586,116
320,205,53.593064,115
320,206,43.4288869,114
320,207,40.998393,113
320,208,38.926328,112
320,209,45.97735,111
320,210,52.596553,110
320,211,43.606786,109
320,212,43.546128,108
320,213,39.028096,107
320,214,42.886857,106
320,215,34.275832,105
320,216,35.961507,104
320,217,33.893939,103
320,218,39.750107,102
320,219,43.827686,101
320,220,41.402432,100
320,221,41.777514,99
320,222,39.198993,98
320,223,31.803739,97
320,224,31.059036,96
320,225,34.080375,95
320,226,31.608868,94
320,227,29.459225,93
320,228,35.74385,92
320,229,32.660596,91
320,230,37.997893,90
320,231,27.351043,89
320,232,31.719454,88
320,233,41.029525,87
320,234,37.314607,86
320,235,23.777428,85
320,236,34.596293,84
320,237,34.038168,83
320,238,34.7038055,82
320,239,43.533996,81
320,240,40.64026,80
320,241,24.936232,79
320,242,22.199407,78
320,243,27.4541619,77
320,244,24.772739,76
320,245,23.1307,75
320,246,30.432982,74
320,247,36.681896,73
320,248,31.131789,72
320,249,23.358438,71
320,250,16.5032994,70
320,251,19.252523,69
320,252,19.87785,68
320,253,24.520293,67
320,254,25.045075,66
320,255,25.731672,65
320,256,23.068225,64
320,257,28.278357,63
320,258,24.251689,62
320,259,3.255768,61
320,260,7.519282,60
320,261,8.573168,59
320,262,12.652221,58
320,263,12.159975,57
320,264,17.4902116,56
320,265,16.029418,55
320,266,14.4375241,54
320,267,20.7794619,53
320,268,23.8894866,52
320,269,22.308743,51
320,270,19.630636,50
320,271,19.2661,49
320,272,20.794218,48
320,273,18.592432,47
320,274,16.285039,46
320,275,21.707978,45
320,276,12.5746744,44
320,277,7.755175,43
320,278,13.980707,42
320,279,4.391175,41
320,280,15.5296991,40
320,281,15.3135616,39
320,282,15.715643,38
320,283,19.9737116,37
320,284,14.532471,36
320,285,17.317857,35
320,286,15.304586,34
320,287,17.485668,33
320,288,15.134568,32
320,289,17.382396,31
320,290,11.3934,30
320,291,12.401664,29
320,292,16.41517,28
320,293,21.305432,27
320,294,9.924789,26
320,295,6.9332741,25
320,296,6.9484555,24
320,297,1.970329,23
320,298,3.706593,22
320,299,3.920171,21
320,300,4.841278,20
320,301,26.18395,19
320,302,47.985564,18
320,303,22.264646,17
320,304,16.430843,16
320,305,8.319286,15
320,306,12.9456491,14
320,307,6.91085400000001,13
320,308,16.33105,12
320,309,22.719711,11
320,310,16.4444116,10
320,311,13.001018,9
320,312,10.5033305,8
320,313,11.4367744,7
320,314,15.239996,6
320,315,33.691332,5
320,316,19.147511,4
320,317,12.923464,3
320,318,22.267989,2
320,319,12.546518,1
321,1,15.769972,320
321,2,8.38484100000001,319
321,3,23.894951,318
321,4,26.384272,317
321,5,22.029604,316
321,6,27.9601856,315
321,7,26.311912,314
321,8,26.728436,313
321,9,34.848296,312
321,10,31.350315,311
321,11,32.03996,310
321,12,24.461445,309
321,13,26.142954,308
321,14,32.201738,307
321,15,21.142083,306
321,16,21.184843,305
321,17,29.427615,304
321,18,24.258529,303
321,19,10.221865,302
321,20,17.559336,301
321,21,28.01616,300
321,22,45.559974,299
321,23,37.594339,298
321,24,40.644794,297
321,25,25.067172,296
321,26,18.714454,295
321,27,28.360325,294
321,28,27.183754,293
321,29,27.384049,292
321,30,26.4372698,291
321,31,28.46304,290
321,32,30.197633,289
321,33,13.071218,288
321,34,23.65132,287
321,35,26.089141,286
321,36,21.691411,285
321,37,15.691154,284
321,38,20.3513479,283
321,39,22.537646,282
321,40,34.647741,281
321,41,31.640559,280
321,42,29.643204,279
321,43,20.373715,278
321,44,3.113893,277
321,45,18.809932,276
321,46,11.279246,275
321,47,4.64240700000001,274
321,48,20.857836,273
321,49,31.023579,272
321,50,23.768217,271
321,51,12.386159,270
321,52,6.03832799999999,269
321,53,27.926693,268
321,54,25.779283,267
321,55,8.78052200000001,266
321,56,6.844859,265
321,57,14.113347,264
321,58,16.250838,263
321,59,12.584842,262
321,60,14.860079,261
321,61,0.638056999999996,260
321,62,23.796936,259
321,63,16.966372,258
321,64,11.917597,257
321,65,8.995625,256
321,66,15.12533,255
321,67,15.498854,254
321,68,11.201154,253
321,69,12.280545,252
321,70,7.583414,251
321,71,6.046679,250
321,72,10.859286,249
321,73,12.602062,248
321,74,8.867001,247
321,75,13.406765,246
321,76,19.484261,245
321,77,35.549315,244
321,78,25.703535,243
321,79,6.921297,242
321,80,14.087893,241
321,81,22.947154,240
321,82,6.971467,239
321,83,11.983725,238
321,84,15.037029,237
321,85,16.265497,236
321,86,19.043454,235
321,87,16.088636,234
321,88,9.797472,233
321,89,12.756408,232
321,90,15.723872,231
321,91,9.090868,230
321,92,8.388072,229
321,93,16.582883,228
321,94,38.330203,227
321,95,16.810585,226
321,96,12.492083,225
321,97,26.1556,224
321,98,5.43949000000001,223
321,99,14.288893,222
321,100,26.153265,221
321,101,37.579904,220
321,102,27.517311,219
321,103,17.777215,218
321,104,33.970504,217
321,105,23.095929,216
321,106,17.715532,215
321,107,18.496272,214
321,108,36.489015,213
321,109,34.780747,212
321,110,40.425929,211
321,111,20.933682,210
321,112,5.941397,209
321,113,24.035679,208
321,114,41.864829,207
321,115,45.733793,206
321,116,42.045546,205
321,117,38.246296,204
321,118,39.397782,203
321,119,30.511333,202
321,120,25.829229,201
321,121,32.080986,200
321,122,39.609636,199
321,123,41.328135,198
321,124,13.797828,197
321,125,18.47239,196
321,126,27.801172,195
321,127,38.119104,194
321,128,44.8153415,193
321,129,38.971004,192
321,130,42.634297,191
321,131,43.15309,190
321,132,37.772865,189
321,133,34.079529,188
321,134,38.028804,187
321,135,42.126511,186
321,136,46.052547,185
321,137,34.172736,184
321,138,37.54984,183
321,139,41.337133,182
321,140,42.956533,181
321,141,49.688804,180
321,142,48.234568,179
321,143,44.85309,178
321,144,48.82289,177
321,145,53.973793,176
321,146,56.80329,175
321,147,51.401811,174
321,148,48.41679,173
321,149,49.974758,172
321,150,63.847829,171
321,151,73.324511,170
321,152,66.24599,169
321,153,48.984175,168
321,154,43.086947,167
321,155,52.92999,166
321,156,55.20434,165
321,157,57.087772,164
321,158,57.785468,163
321,159,71.901215,162
321,160,75.570793,161
321,161,68.052786,160
321,162,63.306854,159
321,163,57.515865,158
321,164,41.765754,157
321,165,42.666043,156
321,166,48.8891,155
321,167,47.444447,154
321,168,52.450611,153
321,169,60.568868,152
321,170,62.019004,151
321,171,50.861179,150
321,172,56.164329,149
321,173,64.5089,148
321,174,60.051186,147
321,175,55.587879,146
321,176,54.431797,145
321,177,61.2867229,144
321,178,60.318308,143
321,179,66.192843,142
321,180,52.637297,141
321,181,55.1114,140
321,182,62.925668,139
321,183,64.36315,138
321,184,56.928868,137
321,185,66.3295476,136
321,186,67.967518,135
321,187,64.778893,134
321,188,64.340354,133
321,189,57.464911,132
321,190,60.3497,131
321,191,63.187297,130
321,192,62.530125,129
321,193,69.450336,128
321,194,65.595793,127
321,195,51.117015,126
321,196,53.381943,125
321,197,53.75664,124
321,198,56.033843,123
321,199,63.105986,122
321,200,75.347754,121
321,201,76.377865,120
321,202,81.056347,119
321,203,89.192804,118
321,204,83.827347,117
321,205,79.865997,116
321,206,74.0356479,115
321,207,63.105668,114
321,208,63.284133,113
321,209,71.003011,112
321,210,78.203908,111
321,211,69.964675,110
321,212,70.403033,109
321,213,66.969865,108
321,214,64.244804,107
321,215,64.882593,106
321,216,58.485254,105
321,217,58.086522,104
321,218,58.106454,103
321,219,65.770275,102
321,220,64.592829,101
321,221,70.469147,100
321,222,61.306268,99
321,223,58.662922,98
321,224,61.665797,97
321,225,54.687386,96
321,226,50.717893,95
321,227,50.401236,94
321,228,53.017611,93
321,229,62.351065,92
321,230,55.689868,91
321,231,57.625618,90
321,232,62.326215,89
321,233,56.638336,88
321,234,49.171954,87
321,235,53.053033,86
321,236,49.621668,85
321,237,54.728393,84
321,238,65.3105665,83
321,239,51.557335,82
321,240,48.757801,81
321,241,52.461529,80
321,242,52.806168,79
321,243,58.0609229,78
321,244,54.713922,77
321,245,53.322061,76
321,246,54.541279,75
321,247,57.957165,74
321,248,51.572372,73
321,249,31.381777,72
321,250,47.1100604,71
321,251,42.366138,70
321,252,50.484611,69
321,253,52.878668,68
321,254,55.651836,67
321,255,56.338433,66
321,256,53.008336,65
321,257,54.802004,64
321,258,36.859972,63
321,259,30.197093,62
321,260,31.044679,61
321,261,33.598293,60
321,262,41.26064,59
321,263,42.766736,58
321,264,48.0969726,57
321,265,46.636179,56
321,266,45.0442851,55
321,267,51.3862229,54
321,268,54.4962476,53
321,269,52.915504,52
321,270,50.237397,51
321,271,48.291661,50
321,272,46.569743,49
321,273,39.866629,48
321,274,14.321722,47
321,275,8.89878300000001,46
321,276,25.1988354,45
321,277,29.112586,44
321,278,39.171054,43
321,279,34.997936,42
321,280,46.1364601,41
321,281,45.9203226,40
321,282,46.322404,39
321,283,50.5804726,38
321,284,44.30669,37
321,285,33.007604,36
321,286,45.246975,35
321,287,36.427193,34
321,288,29.493293,33
321,289,28.574165,32
321,290,36.834461,31
321,291,43.008425,30
321,292,32.749591,29
321,293,29.328771,28
321,294,20.681972,27
321,295,29.5912351,26
321,296,28.6587165,25
321,297,32.57709,24
321,298,30.316268,23
321,299,32.94399,22
321,300,27.282883,21
321,301,5.745511,20
321,302,17.378803,19
321,303,8.909715,18
321,304,18.260104,17
321,305,22.456047,16
321,306,24.9959101,15
321,307,23.697515,14
321,308,14.275711,13
321,309,7.88705,12
321,310,20.1621726,11
321,311,28.272679,10
321,312,29.1874915,9
321,313,29.1708354,8
321,314,15.366765,7
321,315,3.084571,6
321,316,11.45925,5
321,317,17.683297,4
321,318,30.291328,3
321,319,34.737543,2
321,320,30.606761,1
322,1,14.177429,321
322,2,17.513102,320
322,3,17.842392,319
322,4,9.641729,318
322,5,7.748239,317
322,6,11.2176426,316
322,7,9.595231,315
322,8,23.154207,314
322,9,36.440839,313
322,10,21.942128,312
322,11,15.297417,311
322,12,25.955498,310
322,13,27.150989,309
322,14,15.459195,308
322,15,4.39954,307
322,16,7.10889999999999,306
322,17,16.099928,305
322,18,7.515986,304
322,19,6.52067800000001,303
322,20,4.484507,302
322,21,29.608703,301
322,22,29.277989,300
322,23,31.312774,299
322,24,23.902251,298
322,25,8.324629,297
322,26,18.764389,296
322,27,11.617782,295
322,28,10.441211,294
322,29,10.641506,293
322,30,9.6947268,292
322,31,14.220803,291
322,32,13.45509,290
322,33,9.162525,289
322,34,21.544123,288
322,35,9.34659799999999,287
322,36,4.948868,286
322,37,4.633611,285
322,38,12.8899049,284
322,39,24.130189,283
322,40,20.626202,282
322,41,22.053884,281
322,42,12.900661,280
322,43,8.298928,279
322,44,13.89625,278
322,45,35.552475,277
322,46,10.997397,276
322,47,12.100136,275
322,48,27.515807,274
322,49,42.347564,273
322,50,40.51076,272
322,51,4.356384,271
322,52,11.037071,270
322,53,14.82225,269
322,54,9.03674,268
322,55,7.962021,267
322,56,23.587402,266
322,57,2.629196,265
322,58,14.658295,264
322,59,27.226801,263
322,60,4.535064,262
322,61,16.4356,261
322,62,14.722007,260
322,63,4.888771,259
322,64,21.492346,258
322,65,25.738168,257
322,66,16.717873,256
322,67,7.66001100000001,255
322,68,5.541389,254
322,69,23.196098,253
322,70,9.159129,252
322,71,11.454564,251
322,72,22.944257,250
322,73,11.009519,249
322,74,7.87554200000001,248
322,75,16.448478,247
322,76,23.391882,246
322,77,42.329628,245
322,78,42.446078,244
322,79,10.579946,243
322,80,28.60885,242
322,81,29.021689,241
322,82,14.186476,240
322,83,5.325218,239
322,84,6.628214,238
322,85,5.022046,237
322,86,4.413689,236
322,87,5.19800699999999,235
322,88,6.945071,234
322,89,3.986135,233
322,90,5.562471,232
322,91,7.651675,231
322,92,8.354471,230
322,93,16.82346,229
322,94,55.072746,228
322,95,33.553128,227
322,96,23.56656,226
322,97,24.563057,225
322,98,11.680453,224
322,99,12.69635,223
322,100,24.560722,222
322,101,54.322447,221
322,102,40.175132,220
322,103,27.183928,219
322,104,32.377961,218
322,105,29.254214,217
322,106,34.458075,216
322,107,34.988771,215
322,108,34.896472,214
322,109,33.188204,213
322,110,48.667914,212
322,111,37.676225,211
322,112,10.801146,210
322,113,30.776864,209
322,114,43.440314,208
322,115,46.39245,207
322,116,58.788089,206
322,117,54.988839,205
322,118,56.140325,204
322,119,38.50381,203
322,120,33.153314,202
322,121,30.488443,201
322,122,40.016507,200
322,123,58.070678,199
322,124,30.540371,198
322,125,33.878953,197
322,126,34.210171,196
322,127,36.526561,195
322,128,43.2227985,194
322,129,38.379039,193
322,130,41.041754,192
322,131,41.560547,191
322,132,39.012278,190
322,133,33.986714,189
322,134,36.436261,188
322,135,40.533968,187
322,136,44.460004,186
322,137,47.162207,185
322,138,40.373803,184
322,139,39.74459,183
322,140,41.36399,182
322,141,48.096261,181
322,142,46.642025,180
322,143,52.011953,179
322,144,52.397253,178
322,145,52.38125,177
322,146,59.379353,176
322,147,59.476832,175
322,148,55.073153,174
322,149,54.466485,173
322,150,62.255286,172
322,151,71.731968,171
322,152,69.820353,170
322,153,63.974668,169
322,154,52.829196,168
322,155,51.337447,167
322,156,53.611797,166
322,157,55.495229,165
322,158,58.775775,164
322,159,70.308672,163
322,160,73.97825,162
322,161,66.460243,161
322,162,61.714311,160
322,163,55.923322,159
322,164,58.506689,158
322,165,54.574,157
322,166,47.296557,156
322,167,50.935596,155
322,168,50.858068,154
322,169,58.976325,153
322,170,60.426461,152
322,171,49.268636,151
322,172,54.905714,150
322,173,63.416043,149
322,174,67.874957,148
322,175,61.163264,147
322,176,58.338346,146
322,177,59.6941799,145
322,178,58.725765,144
322,179,64.6003,143
322,180,63.545346,142
322,181,55.767243,141
322,182,61.333125,140
322,183,62.770607,139
322,184,63.419875,138
322,185,64.7370046,137
322,186,66.374975,136
322,187,63.18635,135
322,188,62.747811,134
322,189,63.456232,133
322,190,58.757157,132
322,191,63.596446,131
322,192,76.187318,130
322,193,72.108407,129
322,194,64.00325,128
322,195,59.190428,127
322,196,53.7056,126
322,197,57.498503,125
322,198,64.6923,124
322,199,67.847757,123
322,200,73.755211,122
322,201,74.785322,121
322,202,86.631196,120
322,203,87.600261,119
322,204,82.234804,118
322,205,78.358946,117
322,206,72.4431049,116
322,207,65.764275,115
322,208,63.69221,114
322,209,70.743232,113
322,210,77.362435,112
322,211,68.372668,111
322,212,68.81049,110
322,213,65.377322,109
322,214,67.652739,108
322,215,63.29005,107
322,216,60.727389,106
322,217,58.659821,105
322,218,64.515989,104
322,219,68.593568,103
322,220,66.168314,102
322,221,68.876604,101
322,222,63.964875,100
322,223,57.070379,99
322,224,60.073254,98
322,225,58.846257,97
322,226,56.37475,96
322,227,54.225107,95
322,228,60.509732,94
322,229,60.758522,93
322,230,62.763775,92
322,231,56.033075,91
322,232,60.733672,90
322,233,65.795407,89
322,234,62.080489,88
322,235,51.46049,87
322,236,59.362175,86
322,237,58.80405,85
322,238,63.7180235,84
322,239,68.299878,83
322,240,65.406142,82
322,241,50.868986,81
322,242,51.213625,80
322,243,56.4683799,79
322,244,53.121379,78
322,245,51.729518,77
322,246,55.198864,76
322,247,61.447778,75
322,248,55.897671,74
322,249,48.12432,73
322,250,45.5175174,72
322,251,44.018405,71
322,252,48.892068,70
322,253,51.286125,69
322,254,54.059293,68
322,255,54.74589,67
322,256,51.415793,66
322,257,53.209461,65
322,258,49.017571,64
322,259,28.60455,63
322,260,32.285164,62
322,261,33.33905,61
322,262,39.668097,60
322,263,41.174193,59
322,264,46.5044296,58
322,265,45.043636,57
322,266,43.4517421,56
322,267,49.7936799,55
322,268,52.9037046,54
322,269,51.322961,53
322,270,48.644854,52
322,271,46.699118,51
322,272,45.5601,50
322,273,43.358314,49
322,274,29.313421,48
322,275,14.47256,47
322,276,23.6062924,46
322,277,32.521057,45
322,278,38.746589,44
322,279,33.405393,43
322,280,44.5439171,42
322,281,44.3277796,41
322,282,44.729861,40
322,283,48.9879296,39
322,284,42.714147,38
322,285,42.083739,37
322,286,43.654432,36
322,287,42.25155,35
322,288,39.90045,34
322,289,42.148278,33
322,290,36.159282,32
322,291,41.415882,31
322,292,41.181052,30
322,293,46.071314,29
322,294,26.173071,28
322,295,27.9986921,27
322,296,27.0661735,26
322,297,30.984547,25
322,298,28.723725,24
322,299,31.351447,23
322,300,29.60716,22
322,301,10.997032,21
322,302,18.971346,20
322,303,7.832828,19
322,304,16.667561,18
322,305,20.863504,17
322,306,23.4033671,16
322,307,22.104972,15
322,308,26.518132,14
322,309,9.045393,13
322,310,18.5696296,12
322,311,26.680136,11
322,312,27.5949485,10
322,313,27.5782924,9
322,314,16.525778,8
322,315,14.905914,7
322,316,15.699593,6
322,317,31.257946,5
322,318,47.033871,4
322,319,37.3124,3
322,320,29.014218,2
322,321,16.742543,1
323,1,10.16265,322
323,2,5.999281,321
323,3,21.857171,320
323,4,21.15555,319
323,5,16.800882,318
323,6,22.7314636,317
323,7,21.08319,316
323,8,27.168986,315
323,9,40.455618,314
323,10,26.121593,313
323,11,26.811238,312
323,12,29.970277,311
323,13,31.165768,310
323,14,26.973016,309
323,15,15.913361,308
323,16,15.956121,307
323,17,24.198893,306
323,18,19.029807,305
323,19,4.993143,304
323,20,12.330614,303
323,21,33.623482,302
323,22,40.331252,301
323,23,35.327553,300
323,24,35.416072,299
323,25,19.83845,298
323,26,22.779168,297
323,27,23.131603,296
323,28,21.955032,295
323,29,22.155327,294
323,30,21.2085478,293
323,31,23.234318,292
323,32,24.968911,291
323,33,13.177304,290
323,34,25.558902,289
323,35,20.860419,288
323,36,16.462689,287
323,37,10.462432,286
323,38,15.1226259,285
323,39,28.144968,284
323,40,29.419019,283
323,41,26.411837,282
323,42,24.414482,281
323,43,15.144993,280
323,44,2.49342900000001,279
323,45,24.038654,278
323,46,15.012176,277
323,47,3.07121500000001,276
323,48,16.001986,275
323,49,30.833743,274
323,50,28.996939,273
323,51,7.15743700000001,272
323,52,11.64565,271
323,53,22.697971,270
323,54,20.550561,269
323,55,7.03580000000001,268
323,56,12.073581,267
323,57,8.88462500000001,266
323,58,10.643516,265
323,59,15.71298,264
323,60,9.63135700000001,263
323,61,6.245379,262
323,62,18.736786,261
323,63,11.73765,260
323,64,9.97852499999999,259
323,65,14.224347,258
323,66,20.732652,257
323,67,10.270132,256
323,68,5.97243200000001,255
323,69,11.682277,254
323,70,3.490208,253
323,71,0.43935699999999,252
323,72,11.430436,251
323,73,6.99474,250
323,74,3.638279,249
323,75,7.79944299999999,248
323,76,13.876939,247
323,77,30.815807,246
323,78,30.932257,245
323,79,1.31397499999999,244
323,80,17.095029,243
323,81,17.507868,242
323,82,2.672655,241
323,83,9.33999700000001,240
323,84,10.642993,239
323,85,11.036775,238
323,86,13.814732,237
323,87,10.859914,236
323,88,4.90375,235
323,89,7.52768600000001,234
323,90,10.49515,233
323,91,8.44655400000001,232
323,92,3.15935000000001,231
323,93,10.975561,230
323,94,43.558925,229
323,95,22.039307,228
323,96,12.052739,227
323,97,20.548278,226
323,98,0.167831999999997,225
323,99,8.681571,224
323,100,20.545943,223
323,101,42.808626,222
323,102,28.661311,221
323,103,15.670107,220
323,104,28.363182,219
323,105,17.740393,218
323,106,22.944254,217
323,107,23.47495,216
323,108,30.881693,215
323,109,29.173425,214
323,110,37.154093,213
323,111,26.162404,212
323,112,0.712675000000008,211
323,113,19.263043,210
323,114,36.257507,209
323,115,40.126471,208
323,116,47.274268,207
323,117,43.475018,206
323,118,44.626504,205
323,119,26.989989,204
323,120,21.639493,203
323,121,26.473664,202
323,122,34.002314,201
323,123,46.556857,200
323,124,19.02655,199
323,125,22.365132,198
323,126,22.69635,197
323,127,32.511782,196
323,128,39.2080195,195
323,129,33.363682,194
323,130,37.026975,193
323,131,37.545768,192
323,132,32.165543,191
323,133,28.472207,190
323,134,32.421482,189
323,135,36.519189,188
323,136,40.445225,187
323,137,35.648386,186
323,138,31.942518,185
323,139,35.729811,184
323,140,37.349211,183
323,141,44.081482,182
323,142,42.627246,181
323,143,40.498132,180
323,144,43.215568,179
323,145,48.366471,178
323,146,51.195968,177
323,147,47.963011,176
323,148,43.559332,175
323,149,44.367436,174
323,150,58.240507,173
323,151,67.717189,172
323,152,60.638668,171
323,153,52.460847,170
323,154,41.315375,169
323,155,47.322668,168
323,156,49.597018,167
323,157,51.48045,166
323,158,52.178146,165
323,159,66.293893,164
323,160,69.963471,163
323,161,62.445464,162
323,162,57.699532,161
323,163,51.908543,160
323,164,46.992868,159
323,165,43.060179,158
323,166,43.281778,157
323,167,41.837125,156
323,168,46.843289,155
323,169,54.961546,154
323,170,56.411682,153
323,171,45.253857,152
323,172,50.557007,151
323,173,58.901578,150
323,174,56.361136,149
323,175,49.980557,148
323,176,48.824475,147
323,177,55.6794009,146
323,178,54.710986,145
323,179,60.585521,144
323,180,52.031525,143
323,181,49.504078,142
323,182,57.318346,141
323,183,58.755828,140
323,184,51.906054,139
323,185,60.7222256,138
323,186,62.360196,137
323,187,59.171571,136
323,188,58.733032,135
323,189,51.942411,134
323,190,54.742378,133
323,191,57.579975,132
323,192,64.673497,131
323,193,63.843014,130
323,194,59.988471,129
323,195,47.676607,128
323,196,47.774621,127
323,197,48.149318,126
323,198,53.178479,125
323,199,57.498664,124
323,200,69.740432,123
323,201,70.770543,122
323,202,75.449025,121
323,203,83.585482,120
323,204,78.220025,119
323,205,74.258675,118
323,206,68.4283259,117
323,207,57.498346,116
323,208,57.676811,115
323,209,65.395689,114
323,210,72.596586,113
323,211,64.357353,112
323,212,64.795711,111
323,213,61.362543,110
323,214,58.637482,109
323,215,59.275271,108
323,216,52.877932,107
323,217,52.4792,106
323,218,53.002168,105
323,219,60.162953,104
323,220,58.985507,103
323,221,64.861825,102
323,222,55.698946,101
323,223,53.0556,100
323,224,56.058475,99
323,225,49.080064,98
323,226,45.110571,97
323,227,44.793914,96
323,228,48.995911,95
323,229,56.743743,94
323,230,51.249954,93
323,231,52.018296,92
323,232,56.718893,91
323,233,54.281586,90
323,234,50.566668,89
323,235,47.445711,88
323,236,47.848354,87
323,237,49.121071,86
323,238,59.7032445,85
323,239,56.786057,84
323,240,53.892321,83
323,241,46.854207,82
323,242,47.198846,81
323,243,52.4536009,80
323,244,49.1066,79
323,245,47.714739,78
323,246,48.933957,77
323,247,52.349843,76
323,248,45.96505,75
323,249,36.610499,74
323,250,41.5027384,73
323,251,36.758816,72
323,252,44.877289,71
323,253,47.271346,70
323,254,50.044514,69
323,255,50.731111,68
323,256,47.401014,67
323,257,49.194682,66
323,258,37.50375,65
323,259,24.589771,64
323,260,25.437357,63
323,261,27.990971,62
323,262,35.653318,61
323,263,37.159414,60
323,264,42.4896506,59
323,265,41.028857,58
323,266,39.4369631,57
323,267,45.7789009,56
323,268,48.8889256,55
323,269,47.308182,54
323,270,44.630075,53
323,271,42.684339,52
323,272,40.962421,51
323,273,34.259307,50
323,274,17.7996,49
323,275,3.291461,48
323,276,19.5915134,47
323,277,23.505264,46
323,278,33.563732,45
323,279,29.390614,44
323,280,40.5291381,43
323,281,40.3130006,42
323,282,40.715082,41
323,283,44.9731506,40
323,284,38.699368,39
323,285,30.569918,38
323,286,39.639653,37
323,287,30.819871,36
323,288,28.386629,35
323,289,30.634457,34
323,290,31.227139,33
323,291,37.401103,32
323,292,29.667231,31
323,293,34.557493,30
323,294,15.07465,29
323,295,23.9839131,28
323,296,23.0513945,27
323,297,26.969768,26
323,298,24.708946,25
323,299,27.336668,24
323,300,21.675561,23
323,301,1.184511,22
323,302,22.986125,21
323,303,3.68099300000001,20
323,304,12.652782,19
323,305,16.848725,18
323,306,19.3885881,17
323,307,18.090193,16
323,308,15.004311,15
323,309,2.46842800000001,14
323,310,14.5548506,13
323,311,22.665357,12
323,312,23.5801695,11
323,313,23.5635134,10
323,314,9.759443,9
323,315,8.691893,8
323,316,5.85192799999999,7
323,317,19.744125,6
323,318,35.52005,5
323,319,29.130221,4
323,320,24.999439,3
323,321,5.60732200000001,2
323,322,11.513821,1
324,1,15.723718,323
324,2,19.691313,322
324,3,44.326003,321
324,4,38.459218,320
324,5,34.23185,319
324,6,40.0351316,318
324,7,38.386858,317
324,8,49.637818,316
324,9,62.92445,315
324,10,48.425739,314
324,11,44.114906,313
324,12,52.439109,312
324,13,53.6346,311
324,14,44.276684,310
324,15,33.217029,309
324,16,33.592511,308
324,17,42.583539,307
324,18,36.333475,306
324,19,25.293989,305
324,20,30.968118,304
324,21,56.092314,303
324,22,57.63492,302
324,23,57.796385,301
324,24,52.71974,300
324,25,37.142118,299
324,26,45.248,298
324,27,40.435271,297
324,28,39.2587,296
324,29,39.458995,295
324,30,38.5122158,294
324,31,40.704414,293
324,32,42.272579,292
324,33,35.646136,291
324,34,48.027734,290
324,35,38.164087,289
324,36,33.766357,288
324,37,27.7661,287
324,38,32.4262939,286
324,39,50.6138,285
324,40,47.109813,284
324,41,48.537495,283
324,42,41.71815,282
324,43,34.782539,281
324,44,24.962261,280
324,45,24.347386,279
324,46,37.481008,278
324,47,25.540047,277
324,48,7.21831800000001,276
324,49,13.530075,275
324,50,31.389471,274
324,51,29.457295,273
324,52,34.114482,272
324,53,41.305861,271
324,54,37.854229,270
324,55,29.504632,269
324,56,26.749013,268
324,57,26.271507,267
324,58,19.959384,266
324,59,15.491312,265
324,60,31.018675,264
324,61,28.714211,263
324,62,41.205618,262
324,63,31.372382,261
324,64,16.158557,260
324,65,24.162479,259
324,66,43.201484,258
324,67,27.5738,257
324,68,27.8589,256
324,69,15.795609,255
324,70,25.95904,254
324,71,22.029475,253
324,72,17.216868,252
324,73,22.043308,251
324,74,20.941947,250
324,75,14.669389,249
324,76,8.59189300000001,248
324,77,13.512139,247
324,78,13.628589,246
324,79,21.154857,245
324,80,13.988261,244
324,81,5.12900000000001,243
324,82,21.104687,242
324,83,31.808829,241
324,84,33.111825,240
324,85,31.505657,239
324,86,31.1184,238
324,87,31.681618,237
324,88,27.372582,236
324,89,24.831354,235
324,90,32.046082,234
324,91,30.915386,233
324,92,21.963282,232
324,93,11.994029,231
324,94,26.255257,230
324,95,22.348039,229
324,96,15.584071,228
324,97,5.088046,227
324,98,22.636664,226
324,99,20.871439,225
324,100,7.17341100000001,224
324,101,25.504958,223
324,102,11.357643,222
324,103,10.298939,221
324,104,5.89435,220
324,105,4.98022500000001,219
324,106,15.110386,218
324,107,9.579882,217
324,108,8.41286099999999,216
324,109,6.704593,215
324,110,19.850425,214
324,111,9.808536,213
324,112,22.514857,212
324,113,4.04047500000001,211
324,114,14.622825,210
324,115,17.657639,209
324,116,29.9706,208
324,117,26.17135,207
324,118,27.322836,206
324,119,9.68632099999999,205
324,120,4.335825,204
324,121,6.66103200000001,203
324,122,11.533482,202
324,123,29.253189,201
324,124,17.445282,200
324,125,9.60376400000001,199
324,126,5.392682,198
324,127,10.04295,197
324,128,16.7391875,196
324,129,10.89485,195
324,130,14.558143,194
324,131,15.076936,193
324,132,10.194789,192
324,133,6.00337499999999,191
324,134,9.95264999999999,190
324,135,14.050357,189
324,136,17.976393,188
324,137,18.344718,187
324,138,11.556314,186
324,139,13.260979,185
324,140,14.880379,184
324,141,21.61265,183
324,142,20.158414,182
324,143,23.194464,181
324,144,23.579764,180
324,145,25.897639,179
324,146,30.561864,178
324,147,30.659343,177
324,148,26.255664,176
324,149,25.648996,175
324,150,35.771675,174
324,151,45.248357,173
324,152,41.002864,172
324,153,35.157179,171
324,154,24.011707,170
324,155,24.853836,169
324,156,27.128186,168
324,157,29.011618,167
324,158,29.958286,166
324,159,43.825061,165
324,160,47.494639,164
324,161,39.976632,163
324,162,35.2307,162
324,163,29.439711,161
324,164,29.6892,160
324,165,25.756511,159
324,166,20.812946,158
324,167,22.118107,157
324,168,24.374457,156
324,169,32.492714,155
324,170,33.94285,154
324,171,22.785025,153
324,172,28.088175,152
324,173,36.432746,151
324,174,39.057468,150
324,175,32.345775,149
324,176,29.520857,148
324,177,33.2105689,147
324,178,32.242154,146
324,179,38.116689,145
324,180,34.727857,144
324,181,27.035246,143
324,182,34.849514,142
324,183,36.286996,141
324,184,34.602386,140
324,185,38.2533936,139
324,186,39.891364,138
324,187,36.702739,137
324,188,36.2642,136
324,189,34.638743,135
324,190,32.273546,134
324,191,35.111143,133
324,192,47.369829,132
324,193,43.290918,131
324,194,37.519639,130
324,195,30.372939,129
324,196,25.305789,128
324,197,28.681014,127
324,198,35.874811,126
324,199,39.030268,125
324,200,47.2716,124
324,201,48.301711,123
324,202,57.813707,122
324,203,61.11665,121
324,204,55.751193,120
324,205,51.789843,119
324,206,45.9594939,118
324,207,36.946786,117
324,208,35.207979,116
324,209,42.926857,115
324,210,50.127754,114
324,211,41.888521,113
324,212,42.326879,112
324,213,38.893711,111
324,214,38.83525,110
324,215,36.806439,109
324,216,31.9099,108
324,217,30.010368,107
324,218,35.6985,106
324,219,39.776079,105
324,220,37.350825,104
324,221,42.392993,103
324,222,35.147386,102
324,223,30.586768,101
324,224,33.589643,100
324,225,30.028768,99
324,226,27.557261,98
324,227,25.407618,97
324,228,31.692243,96
324,229,34.274911,95
324,230,33.946286,94
324,231,29.549464,93
324,232,34.250061,92
324,233,36.977918,91
324,234,33.263,90
324,235,24.976879,89
324,236,30.544686,88
324,237,29.986561,87
324,238,37.2344125,86
324,239,39.482389,85
324,240,36.588653,84
324,241,24.385375,83
324,242,24.730014,82
324,243,29.9847689,81
324,244,26.637768,80
324,245,25.245907,79
324,246,26.465125,78
324,247,32.630289,77
324,248,27.080182,76
324,249,19.306831,75
324,250,19.0339064,74
324,251,15.200916,73
324,252,22.408457,72
324,253,24.802514,71
324,254,27.575682,70
324,255,28.262279,69
324,256,24.932182,68
324,257,26.72585,67
324,258,20.200082,66
324,259,2.120939,65
324,260,3.46767499999999,64
324,261,5.52213899999999,63
324,262,13.184486,62
324,263,14.690582,61
324,264,20.0208186,60
324,265,18.560025,59
324,266,16.9681311,58
324,267,23.3100689,57
324,268,26.4200936,56
324,269,24.83935,55
324,270,22.161243,54
324,271,20.215507,53
324,272,18.493589,52
324,273,14.540825,51
324,274,13.754432,50
324,275,19.177371,49
324,276,16.6262814,48
324,277,3.703568,47
324,278,11.0949,46
324,279,6.92178199999999,45
324,280,18.0603061,44
324,281,17.8441686,43
324,282,18.24625,42
324,283,22.5043186,41
324,284,16.230536,40
324,285,13.26625,39
324,286,17.170821,38
324,287,13.434061,37
324,288,11.082961,36
324,289,13.330789,35
324,290,8.75830699999999,34
324,291,14.932271,33
324,292,12.363563,32
324,293,17.253825,31
324,294,7.394182,30
324,295,10.9848811,29
324,296,11.0000625,28
324,297,4.50093599999999,27
324,298,2.24011399999999,26
324,299,4.86783599999999,25
324,300,0.793271000000006,24
324,301,23.653343,23
324,302,45.454957,22
324,303,20.984661,21
324,304,20.48245,20
324,305,12.370893,19
324,306,16.9972561,18
324,307,10.962461,17
324,308,13.800443,16
324,309,20.189104,15
324,310,20.4960186,14
324,311,17.052625,13
324,312,14.5549375,12
324,313,15.4883814,11
324,314,12.709389,10
324,315,31.160725,9
324,316,16.616904,8
324,317,10.392857,7
324,318,18.216382,6
324,319,8.49491099999999,5
324,320,4.05160700000001,4
324,321,28.076154,3
324,322,28.817489,2
324,323,22.468832,1
325,1,13.715814,324
325,2,21.100945,323
325,3,45.735635,322
325,4,36.431214,321
325,5,35.641482,320
325,6,35.0266996,319
325,7,37.488474,318
325,8,51.04745,317
325,9,64.334082,316
325,10,49.835371,315
325,11,39.106474,314
325,12,53.848741,313
325,13,55.044232,312
325,14,39.268252,311
325,15,30.876403,310
325,16,35.002143,309
325,17,43.993171,308
325,18,32.493657,307
325,19,26.703621,306
325,20,32.37775,305
325,21,57.501946,304
325,22,57.171232,303
325,23,59.206017,302
325,24,50.428292,301
325,25,32.133686,300
325,26,46.657632,299
325,27,35.426839,298
325,28,34.250268,297
325,29,35.430237,296
325,30,33.5037838,295
325,31,42.114046,294
325,32,37.264147,293
325,33,37.055768,292
325,34,49.437366,291
325,35,33.155655,290
325,36,31.843275,289
325,37,23.259632,288
325,38,27.4178619,287
325,39,52.023432,286
325,40,48.519445,285
325,41,49.947127,284
325,42,36.709718,283
325,43,36.192171,282
325,44,26.371893,281
325,45,25.757018,280
325,46,38.89064,279
325,47,26.949679,278
325,48,8.62795,277
325,49,18.538507,276
325,50,32.799103,275
325,51,30.866927,274
325,52,35.524114,273
325,53,42.715493,272
325,54,32.845797,271
325,55,30.914264,270
325,56,28.158645,269
325,57,27.681139,268
325,58,14.950952,267
325,59,16.900944,266
325,60,32.428307,265
325,61,30.123843,264
325,62,42.61525,263
325,63,32.782014,262
325,64,17.568189,261
325,65,25.572111,260
325,66,44.611116,259
325,67,22.565368,258
325,68,29.268532,257
325,69,17.205241,256
325,70,27.368672,255
325,71,23.439107,254
325,72,18.6265,253
325,73,17.034876,252
325,74,22.131685,251
325,75,16.079021,250
325,76,10.001525,249
325,77,18.520571,248
325,78,18.637021,247
325,79,22.564489,246
325,80,15.397893,245
325,81,6.538632,244
325,82,22.514319,243
325,83,33.218461,242
325,84,34.521457,241
325,85,32.915289,240
325,86,32.306932,239
325,87,33.09125,238
325,88,28.782214,237
325,89,24.490678,236
325,90,33.455714,235
325,91,32.325018,234
325,92,23.372914,233
325,93,12.902903,232
325,94,31.263689,231
325,95,23.757671,230
325,96,16.993703,229
325,97,3.33018599999999,228
325,98,24.046296,227
325,99,15.863007,226
325,100,3.33252100000001,225
325,101,30.51339,224
325,102,16.366075,223
325,103,11.708571,222
325,104,4.484718,221
325,105,6.389857,220
325,106,16.520018,219
325,107,11.179714,218
325,108,10.421971,217
325,109,7.963839,216
325,110,24.858857,215
325,111,13.867168,214
325,112,23.924489,213
325,113,6.967807,212
325,114,19.631257,211
325,115,22.583393,210
325,116,34.979032,209
325,117,31.179782,208
325,118,32.331268,207
325,119,14.694753,206
325,120,9.34425700000001,205
325,121,2.5952,204
325,122,16.20745,203
325,123,34.261621,202
325,124,18.854914,201
325,125,11.013396,200
325,126,10.401114,199
325,127,11.634382,198
325,128,15.3295555,197
325,129,14.569982,196
325,130,13.148511,195
325,131,13.667304,194
325,132,15.203221,193
325,133,10.177657,192
325,134,8.543018,191
325,135,14.640675,190
325,136,16.566761,189
325,137,23.35315,188
325,138,16.564746,187
325,139,11.851347,186
325,140,13.470747,185
325,141,20.203018,184
325,142,20.082618,183
325,143,28.202896,182
325,144,28.588196,181
325,145,26.655993,180
325,146,35.570296,179
325,147,35.667775,178
325,148,31.264096,177
325,149,30.657428,176
325,150,34.362043,175
325,151,43.838725,174
325,152,46.011296,173
325,153,40.165611,172
325,154,29.020139,171
325,155,23.444204,170
325,156,25.804046,169
325,157,27.601986,168
325,158,34.966718,167
325,159,42.415429,166
325,160,47.670093,165
325,161,38.902,164
325,162,36.071732,163
325,163,31.448821,162
325,164,34.697632,161
325,165,30.764943,160
325,166,23.404286,159
325,167,27.126539,158
325,168,23.631475,157
325,169,31.083082,156
325,170,32.533218,155
325,171,23.709807,154
325,172,31.096657,153
325,173,39.606986,152
325,174,44.0659,151
325,175,37.354207,150
325,176,34.529289,149
325,177,31.8009369,148
325,178,30.832522,147
325,179,37.541743,146
325,180,39.736289,145
325,181,31.958186,144
325,182,33.439882,143
325,183,34.877364,142
325,184,39.610818,141
325,185,36.8437616,140
325,186,38.481732,139
325,187,36.878193,138
325,188,37.688132,137
325,189,39.647175,136
325,190,34.864886,135
325,191,39.787389,134
325,192,52.378261,133
325,193,48.29935,132
325,194,37.192593,131
325,195,35.381371,130
325,196,29.896543,129
325,197,33.689446,128
325,198,40.883243,127
325,199,44.0387,126
325,200,45.861968,125
325,201,46.892079,124
325,202,62.822139,123
325,203,59.707018,122
325,204,54.341561,121
325,205,54.549889,120
325,206,44.5498619,119
325,207,41.955218,118
325,208,39.883153,117
325,209,46.934175,116
325,210,53.553378,115
325,211,44.563611,114
325,212,44.502953,113
325,213,39.984921,112
325,214,43.843682,111
325,215,35.396807,110
325,216,36.918332,109
325,217,34.850764,108
325,218,40.706932,107
325,219,44.784511,106
325,220,42.359257,105
325,221,42.734339,104
325,222,40.155818,103
325,223,32.760564,102
325,224,32.180011,101
325,225,35.0372,100
325,226,32.565693,99
325,227,30.41605,98
325,228,36.700675,97
325,229,33.617421,96
325,230,38.954718,95
325,231,28.307868,94
325,232,32.840429,93
325,233,41.98635,92
325,234,38.271432,91
325,235,24.734253,90
325,236,35.553118,89
325,237,34.994993,88
325,238,35.8247805,87
325,239,44.490821,86
325,240,41.597085,85
325,241,25.893057,84
325,242,23.320382,83
325,243,28.5751369,82
325,244,25.729564,81
325,245,24.087525,80
325,246,31.389807,79
325,247,37.638721,78
325,248,32.088614,77
325,249,24.315263,76
325,250,17.6242744,75
325,251,20.209348,74
325,252,20.998825,73
325,253,25.477118,72
325,254,26.16605,71
325,255,26.852647,70
325,256,24.02505,69
325,257,29.235182,68
325,258,25.208514,67
325,259,4.212593,66
325,260,8.476107,65
325,261,9.529993,64
325,262,13.609046,63
325,263,13.28095,62
325,264,18.6111866,61
325,265,17.150393,60
325,266,15.5584991,59
325,267,21.9004369,58
325,268,25.0104616,57
325,269,23.429718,56
325,270,20.751611,55
325,271,20.222925,54
325,272,21.751043,53
325,273,19.549257,52
325,274,15.164064,51
325,275,20.587003,50
325,276,11.6178494,49
325,277,8.712,48
325,278,14.937532,47
325,279,5.51215,46
325,280,16.6506741,45
325,281,16.4345366,44
325,282,16.836618,43
325,283,21.0946866,42
325,284,15.489296,41
325,285,18.274682,40
325,286,16.261411,39
325,287,18.442493,38
325,288,16.091393,37
325,289,18.339221,36
325,290,12.350225,35
325,291,13.522639,34
325,292,17.371995,33
325,293,22.262257,32
325,294,8.803814,31
325,295,5.9764491,30
325,296,5.9916305,29
325,297,3.091304,28
325,298,4.663418,27
325,299,4.876996,26
325,300,5.798103,25
325,301,25.062975,24
325,302,46.864589,23
325,303,21.143671,22
325,304,15.474018,21
325,305,7.36246100000001,20
325,306,11.9888241,19
325,307,5.95402900000001,18
325,308,15.210075,17
325,309,21.598736,16
325,310,15.4875866,15
325,311,12.044193,14
325,312,9.54650549999999,13
325,313,10.4799494,12
325,314,14.119021,11
325,315,32.570357,10
325,316,18.026536,9
325,317,11.802489,8
325,318,23.224814,7
325,319,13.503343,6
325,320,1.120975,5
325,321,29.485786,4
325,322,27.893243,3
325,323,23.878464,2
325,324,5.00843200000001,1
326,1,11.501468,325
326,2,18.886599,324
326,3,43.521289,323
326,4,34.216868,322
326,5,33.427136,321
326,6,30.2312456,320
326,7,35.274128,319
326,8,48.833104,318
326,9,62.119736,317
326,10,47.621025,316
326,11,34.75858,315
326,12,51.634395,314
326,13,52.829886,313
326,14,35.512102,312
326,15,28.662057,311
326,16,32.787797,310
326,17,41.778825,309
326,18,30.279311,308
326,19,24.489275,307
326,20,30.163404,306
326,21,55.2876,305
326,22,54.956886,304
326,23,56.991671,303
326,24,48.213946,302
326,25,28.812768,301
326,26,44.443286,300
326,27,30.631385,299
326,28,30.058886,298
326,29,33.215891,297
326,30,28.7083298,296
326,31,39.8997,295
326,32,32.468693,294
326,33,34.841422,293
326,34,47.22302,292
326,35,29.572499,291
326,36,29.628929,290
326,37,21.045286,289
326,38,22.6224079,288
326,39,49.809086,287
326,40,46.305099,286
326,41,47.732781,285
326,42,31.914264,284
326,43,33.977825,283
326,44,24.157547,282
326,45,23.542672,281
326,46,36.676294,280
326,47,24.735333,279
326,48,8.502204,278
326,49,23.333961,277
326,50,30.584757,276
326,51,28.652581,275
326,52,33.309768,274
326,53,40.501147,273
326,54,28.050343,272
326,55,28.699918,271
326,56,25.944299,270
326,57,25.466793,269
326,58,11.020602,268
326,59,14.686598,267
326,60,30.213961,266
326,61,27.909497,265
326,62,40.400904,264
326,63,30.567668,263
326,64,15.353843,262
326,65,23.357765,261
326,66,42.39677,260
326,67,18.018886,259
326,68,27.054186,258
326,69,14.990895,257
326,70,25.154326,256
326,71,21.224761,255
326,72,16.412154,254
326,73,14.669378,253
326,74,19.917339,252
326,75,13.864675,251
326,76,7.78717900000001,250
326,77,23.316025,249
326,78,23.432475,248
326,79,20.350143,247
326,80,13.183547,246
326,81,10.008086,245
326,82,20.299973,244
326,83,31.004115,243
326,84,32.307111,242
326,85,30.700943,241
326,86,30.092586,240
326,87,30.876904,239
326,88,26.567868,238
326,89,22.276332,237
326,90,31.241368,236
326,91,30.110672,235
326,92,21.158568,234
326,93,10.688557,233
326,94,36.059143,232
326,95,21.543325,231
326,96,14.779357,230
326,97,4.71584000000001,229
326,98,21.83195,228
326,99,12.982547,227
326,100,2.63047499999999,226
326,101,35.308844,225
326,102,21.161529,224
326,103,9.49422499999999,223
326,104,6.699064,222
326,105,10.240611,221
326,106,15.444472,220
326,107,15.975168,219
326,108,15.217425,218
326,109,12.759293,217
326,110,29.654311,216
326,111,18.662622,215
326,112,21.710143,214
326,113,11.763261,213
326,114,24.426711,212
326,115,27.378847,211
326,116,39.774486,210
326,117,35.975236,209
326,118,37.126722,208
326,119,19.490207,207
326,120,14.139711,206
326,121,4.80954599999999,205
326,122,21.002904,204
326,123,39.057075,203
326,124,16.640568,202
326,125,14.86535,201
326,126,15.196568,200
326,127,16.429836,199
326,128,17.5439015,198
326,129,19.365436,197
326,130,15.362857,196
326,131,16.12955,195
326,132,19.998675,194
326,133,14.973111,193
326,134,12.922536,192
326,135,19.436129,191
326,136,19.863693,190
326,137,28.148604,189
326,138,21.3602,188
326,139,14.065693,187
326,140,16.518707,186
326,141,22.666336,185
326,142,24.878072,184
326,143,32.99835,183
326,144,33.38365,182
326,145,31.451447,181
326,146,40.36575,180
326,147,40.463229,179
326,148,36.05955,178
326,149,35.452882,177
326,150,38.242411,176
326,151,46.053071,175
326,152,50.80675,174
326,153,44.961065,173
326,154,33.815593,172
326,155,26.24145,171
326,156,30.5995,170
326,157,30.232268,169
326,158,39.762172,168
326,159,47.045125,167
326,160,52.465547,166
326,161,43.697454,165
326,162,40.867186,164
326,163,36.244275,163
326,164,39.493086,162
326,165,35.560397,161
326,166,28.19974,160
326,167,31.921993,159
326,168,28.426929,158
326,169,33.379972,157
326,170,34.747564,156
326,171,28.505261,155
326,172,35.892111,154
326,173,44.40244,153
326,174,48.861354,152
326,175,42.149661,151
326,176,39.324743,150
326,177,34.0152829,149
326,178,33.046868,148
326,179,42.337197,147
326,180,44.531743,146
326,181,36.75364,145
326,182,35.654228,144
326,183,37.09171,143
326,184,44.406272,142
326,185,39.0581076,141
326,186,41.696522,140
326,187,41.673647,139
326,188,42.483586,138
326,189,44.442629,137
326,190,39.66034,136
326,191,44.582843,135
326,192,57.173715,134
326,193,53.094804,133
326,194,41.988047,132
326,195,40.176825,131
326,196,34.691997,130
326,197,38.4849,129
326,198,45.678697,128
326,199,48.834154,127
326,200,49.658586,126
326,201,49.106425,125
326,202,67.617593,124
326,203,63.838636,123
326,204,58.221393,122
326,205,59.345343,121
326,206,46.7642079,120
326,207,46.750672,119
326,208,44.678607,118
326,209,51.729629,117
326,210,58.348832,116
326,211,49.359065,115
326,212,49.298407,114
326,213,44.780375,113
326,214,48.639136,112
326,215,39.861147,111
326,216,41.713786,110
326,217,39.646218,109
326,218,45.502386,108
326,219,49.579965,107
326,220,47.154711,106
326,221,47.529793,105
326,222,44.951272,104
326,223,37.556018,103
326,224,35.309443,102
326,225,39.832654,101
326,226,37.361147,100
326,227,35.211504,99
326,228,41.496129,98
326,229,38.412875,97
326,230,43.750172,96
326,231,33.103322,95
326,232,35.054775,94
326,233,46.781804,93
326,234,43.066886,92
326,235,29.529707,91
326,236,40.348572,90
326,237,39.790447,89
326,238,38.0391265,88
326,239,49.286275,87
326,240,46.392539,86
326,241,30.688511,85
326,242,26.367672,84
326,243,30.7894829,83
326,244,30.525018,82
326,245,28.882979,81
326,246,36.185261,80
326,247,42.434175,79
326,248,36.884068,78
326,249,29.110717,77
326,250,19.8386204,76
326,251,25.004802,75
326,252,23.961829,74
326,253,30.272572,73
326,254,28.380396,72
326,255,29.066993,71
326,256,28.820504,70
326,257,34.030636,69
326,258,30.003968,68
326,259,9.008047,67
326,260,13.271561,66
326,261,14.325447,65
326,262,18.4045,64
326,263,17.661004,63
326,264,20.8255326,62
326,265,20.615361,61
326,266,17.7728451,60
326,267,24.1147829,59
326,268,27.2248076,58
326,269,25.644064,57
326,270,22.965957,56
326,271,25.018379,55
326,272,26.546497,54
326,273,24.344711,53
326,274,12.949718,52
326,275,18.372657,51
326,276,6.8223954,50
326,277,13.507454,49
326,278,19.732986,48
326,279,9.89220399999999,47
326,280,18.8650201,46
326,281,18.6488826,45
326,282,19.050964,44
326,283,23.3090326,43
326,284,20.28475,42
326,285,23.070136,41
326,286,21.056865,40
326,287,23.237947,39
326,288,20.886847,38
326,289,23.134675,37
326,290,17.145679,36
326,291,15.736985,35
326,292,22.167449,34
326,293,27.057711,33
326,294,7.159468,32
326,295,2.31979509999999,31
326,296,1.3872765,30
326,297,5.30564999999999,29
326,298,9.45887199999999,28
326,299,9.67244999999999,27
326,300,10.593557,26
326,301,22.848629,25
326,302,44.650243,24
326,303,18.929325,23
326,304,10.678564,22
326,305,4.81539300000001,21
326,306,7.1933701,20
326,307,3.57392500000001,19
326,308,12.995729,18
326,309,19.38439,17
326,310,10.6921326,16
326,311,7.248739,15
326,312,4.7510515,14
326,313,5.6844954,13
326,314,11.904675,12
326,315,30.356011,11
326,316,15.81219,10
326,317,12.244343,9
326,318,28.020268,8
326,319,18.298797,7
326,320,5.75227899999999,6
326,321,27.27144,5
326,322,25.678897,4
326,323,21.664118,3
326,324,9.803886,2
326,325,4.795454,1
327,1,21.787193,326
327,2,17.367862,325
327,3,42.033372,324
327,4,44.522693,323
327,5,40.168025,322
327,6,46.0986066,321
327,7,44.450333,320
327,8,44.866857,319
327,9,48.904675,318
327,10,49.488736,317
327,11,50.178381,316
327,12,42.599866,315
327,13,44.281375,314
327,14,50.340159,313
327,15,39.280504,312
327,16,39.323264,311
327,17,47.566036,310
327,18,42.39695,309
327,19,28.360286,308
327,20,35.697757,307
327,21,42.072539,306
327,22,63.698395,305
327,23,55.73276,304
327,24,58.783215,303
327,25,43.205593,302
327,26,36.852875,301
327,27,46.498746,300
327,28,45.322175,299
327,29,45.52247,298
327,30,44.5756908,297
327,31,46.601461,296
327,32,48.336054,295
327,33,31.209639,294
327,34,41.789741,293
327,35,44.227562,292
327,36,39.829832,291
327,37,33.829575,290
327,38,38.4897689,289
327,39,36.594025,288
327,40,52.786162,287
327,41,49.77898,286
327,42,47.781625,285
327,43,38.512136,284
327,44,20.984714,283
327,45,10.327611,282
327,46,29.417667,281
327,47,22.780828,280
327,48,7.365157,279
327,49,16.9672,278
327,50,17.369696,277
327,51,30.52458,276
327,52,23.843893,275
327,53,46.065114,274
327,54,43.917704,273
327,55,26.918943,272
327,56,12.729238,271
327,57,32.251768,270
327,58,26.022859,269
327,59,7.65416300000001,268
327,60,32.9985,267
327,61,18.445364,266
327,62,41.935357,265
327,63,35.104793,264
327,64,13.388618,263
327,65,10.142704,262
327,66,29.181709,261
327,67,33.637275,260
327,68,29.339575,259
327,69,11.684866,258
327,70,25.721835,257
327,71,23.4264,256
327,72,11.936707,255
327,73,28.106783,254
327,74,27.005422,253
327,75,18.432486,252
327,76,11.489082,251
327,77,21.492936,250
327,78,7.56511400000001,249
327,79,24.301018,248
327,80,6.27211399999999,247
327,81,8.890775,246
327,82,20.694488,245
327,83,30.122146,244
327,84,33.17545,243
327,85,34.403918,242
327,86,37.181875,241
327,87,34.227057,240
327,88,27.935893,239
327,89,30.894829,238
327,90,33.862293,237
327,91,27.229289,236
327,92,26.526493,235
327,93,18.057504,234
327,94,20.191782,233
327,95,8.328264,232
327,96,11.314404,231
327,97,12.099221,230
327,98,23.200511,229
327,99,26.934914,228
327,100,13.236886,227
327,101,20.962517,226
327,102,13.460932,225
327,103,7.69703599999999,224
327,104,19.914125,223
327,105,9.03955,222
327,106,1.090611,221
327,107,4.439893,220
327,108,22.432636,219
327,109,20.724368,218
327,110,26.36955,217
327,111,4.211239,216
327,112,24.079818,215
327,113,9.97929999999999,214
327,114,27.80845,213
327,115,31.677414,212
327,116,25.156675,211
327,117,23.273625,210
327,118,23.258239,209
327,119,16.454954,208
327,120,11.77285,207
327,121,18.024607,206
327,122,25.553257,205
327,123,23.189714,204
327,124,4.34059299999999,203
327,125,4.416011,202
327,126,13.744793,201
327,127,24.062725,200
327,128,30.7589625,199
327,129,24.914625,198
327,130,28.577918,197
327,131,29.096711,196
327,132,23.716486,195
327,133,20.02315,194
327,134,23.972425,193
327,135,28.070132,192
327,136,31.996168,191
327,137,20.116357,190
327,138,23.493461,189
327,139,27.280754,188
327,140,28.900154,187
327,141,35.632425,186
327,142,34.178189,185
327,143,30.796711,184
327,144,34.766511,183
327,145,39.917414,182
327,146,42.746911,181
327,147,37.345432,180
327,148,34.360411,179
327,149,35.918379,178
327,150,49.79145,177
327,151,59.268132,176
327,152,52.189611,175
327,153,34.927796,174
327,154,29.030568,173
327,155,38.873611,172
327,156,41.147961,171
327,157,43.031393,170
327,158,43.729089,169
327,159,57.844836,168
327,160,61.514414,167
327,161,53.996407,166
327,162,49.250475,165
327,163,43.459486,164
327,164,27.709375,163
327,165,28.609664,162
327,166,34.832721,161
327,167,33.388068,160
327,168,38.394232,159
327,169,46.512489,158
327,170,47.962625,157
327,171,36.8048,156
327,172,42.10795,155
327,173,50.452521,154
327,174,45.994807,153
327,175,41.5315,152
327,176,40.375418,151
327,177,47.2303439,150
327,178,46.261929,149
327,179,52.136464,148
327,180,38.580918,147
327,181,41.055021,146
327,182,48.869289,145
327,183,50.306771,144
327,184,42.872489,143
327,185,52.2731686,142
327,186,53.911139,141
327,187,50.722514,140
327,188,50.283975,139
327,189,43.408532,138
327,190,46.293321,137
327,191,49.130918,136
327,192,48.473746,135
327,193,55.393957,134
327,194,51.539414,133
327,195,37.060636,132
327,196,39.325564,131
327,197,39.700261,130
327,198,41.977464,129
327,199,49.049607,128
327,200,61.291375,127
327,201,62.321486,126
327,202,66.999968,125
327,203,75.136425,124
327,204,69.770968,123
327,205,65.809618,122
327,206,59.9792689,121
327,207,49.049289,120
327,208,49.227754,119
327,209,56.946632,118
327,210,64.147529,117
327,211,55.908296,116
327,212,56.346654,115
327,213,52.913486,114
327,214,50.188425,113
327,215,50.826214,112
327,216,44.428875,111
327,217,44.030143,110
327,218,44.050075,109
327,219,51.713896,108
327,220,50.53645,107
327,221,56.412768,106
327,222,47.249889,105
327,223,44.606543,104
327,224,47.609418,103
327,225,40.631007,102
327,226,36.661514,101
327,227,36.344857,100
327,228,38.961232,99
327,229,48.294686,98
327,230,41.633489,97
327,231,43.569239,96
327,232,48.269836,95
327,233,42.581957,94
327,234,35.115575,93
327,235,38.996654,92
327,236,35.565289,91
327,237,40.672014,90
327,238,51.2541875,89
327,239,33.418914,88
327,240,34.701422,87
327,241,38.40515,86
327,242,38.749789,85
327,243,44.0045439,84
327,244,40.657543,83
327,245,39.265682,82
327,246,40.4849,81
327,247,43.900786,80
327,248,37.515993,79
327,249,13.243356,78
327,250,33.0536814,77
327,251,28.309759,76
327,252,36.428232,75
327,253,38.822289,74
327,254,41.595457,73
327,255,42.282054,72
327,256,38.951957,71
327,257,40.745625,70
327,258,22.803593,69
327,259,16.140714,68
327,260,16.9883,67
327,261,19.541914,66
327,262,27.204261,65
327,263,28.710357,64
327,264,34.0405936,63
327,265,32.5798,62
327,266,30.9879061,61
327,267,37.3298439,60
327,268,40.4398686,59
327,269,38.859125,58
327,270,36.181018,57
327,271,34.235282,56
327,272,32.513364,55
327,273,25.81025,54
327,274,5.567543,53
327,275,20.408404,52
327,276,22.6897564,51
327,277,15.056207,50
327,278,25.114675,49
327,279,20.941557,48
327,280,32.0800811,47
327,281,31.8639436,46
327,282,32.266025,45
327,283,36.5240936,44
327,284,30.250311,43
327,285,18.951225,42
327,286,31.190596,41
327,287,22.370814,40
327,288,15.436914,39
327,289,14.517786,38
327,290,22.778082,37
327,291,28.952046,36
327,292,18.693212,35
327,293,11.19035,34
327,294,8.707893,33
327,295,17.0483561,32
327,296,17.0635375,31
327,297,18.520711,30
327,298,16.259889,29
327,299,18.887611,28
327,300,13.226504,27
327,301,23.883932,26
327,302,31.435182,25
327,303,27.048136,24
327,304,26.545925,23
327,305,18.434368,22
327,306,23.0607311,21
327,307,17.025936,20
327,308,8.362832,19
327,309,25.835571,18
327,310,26.5594936,17
327,311,23.1161,16
327,312,20.6184125,15
327,313,21.5518564,14
327,314,18.355186,13
327,315,19.97505,12
327,316,19.181371,11
327,317,3.626918,10
327,318,16.069593,9
327,319,20.681164,8
327,320,16.550382,7
327,321,18.138421,6
327,322,34.880964,5
327,323,23.367143,4
327,324,14.019775,3
327,325,15.429407,2
327,326,15.867361,1
328,1,1.78638600000001,327
328,2,8.25254499999999,326
328,3,32.887235,325
328,4,24.521886,324
328,5,22.793082,323
328,6,26.0977996,322
328,7,24.640074,321
328,8,38.19905,320
328,9,51.485682,319
328,10,36.986971,318
328,11,30.177574,317
328,12,41.000341,316
328,13,42.195832,315
328,14,30.339352,314
328,15,19.279697,313
328,16,22.153743,312
328,17,31.144771,311
328,18,22.396143,310
328,19,13.855221,309
328,20,19.52935,308
328,21,44.653546,307
328,22,44.322832,306
328,23,46.357617,305
328,24,38.782408,304
328,25,23.204786,303
328,26,33.809232,302
328,27,26.497939,301
328,28,25.321368,300
328,29,25.521663,299
328,30,24.5748838,298
328,31,29.265646,297
328,32,28.335247,296
328,33,24.207368,295
328,34,36.588966,294
328,35,24.226755,293
328,36,19.829025,292
328,37,13.828768,291
328,38,18.4889619,290
328,39,39.175032,289
328,40,35.671045,288
328,41,37.098727,287
328,42,27.780818,286
328,43,23.343771,285
328,44,13.523493,284
328,45,20.672318,283
328,46,26.04224,282
328,47,14.101279,281
328,48,12.63565,280
328,49,27.467407,279
328,50,25.630603,278
328,51,18.018527,277
328,52,22.675714,276
328,53,29.867093,275
328,54,23.916897,274
328,55,18.065864,273
328,56,15.310245,272
328,57,14.832739,271
328,58,6.02205200000001,270
328,59,12.346644,269
328,60,19.579907,268
328,61,17.275443,267
328,62,29.76685,266
328,63,19.933614,265
328,64,6.61218899999999,264
328,65,12.723711,263
328,66,31.762716,262
328,67,13.636468,261
328,68,16.420132,260
328,69,8.315941,259
328,70,14.520272,258
328,71,10.590707,257
328,72,8.0641,256
328,73,8.105976,255
328,74,9.283285,254
328,75,3.23062100000001,253
328,76,8.51172499999999,252
328,77,27.449471,251
328,78,27.565921,250
328,79,9.71608900000001,249
328,80,13.728693,248
328,81,14.141532,247
328,82,9.665919,246
328,83,20.370061,245
328,84,21.673057,244
328,85,20.066889,243
328,86,19.458532,242
328,87,20.24285,241
328,88,15.933814,240
328,89,11.642278,239
328,90,20.607314,238
328,91,19.476618,237
328,92,10.524514,236
328,93,1.94330299999999,235
328,94,40.192589,234
328,95,18.672971,233
328,96,8.686403,232
328,97,9.518214,231
328,98,11.197896,230
328,99,6.934107,229
328,100,9.51587899999999,228
328,101,39.44229,227
328,102,25.294975,226
328,103,12.303771,225
328,104,17.333118,224
328,105,14.374057,223
328,106,19.577918,222
328,107,20.108614,221
328,108,19.851629,220
328,109,18.143361,219
328,110,33.787757,218
328,111,22.796068,217
328,112,11.076089,216
328,113,15.896707,215
328,114,28.560157,214
328,115,31.512293,213
328,116,43.907932,212
328,117,40.108682,211
328,118,41.260168,210
328,119,23.623653,209
328,120,18.273157,208
328,121,15.4436,207
328,122,25.13635,206
328,123,43.190521,205
328,124,15.660214,204
328,125,18.998796,203
328,126,19.330014,202
328,127,21.481718,201
328,128,28.1779555,200
328,129,23.498882,199
328,130,25.996911,198
328,131,26.515704,197
328,132,24.132121,196
328,133,19.106557,195
328,134,21.391418,194
328,135,25.489125,193
328,136,29.415161,192
328,137,32.28205,191
328,138,25.493646,190
328,139,24.699747,189
328,140,26.319147,188
328,141,33.051418,187
328,142,31.597182,186
328,143,37.131796,185
328,144,37.517096,184
328,145,37.336407,183
328,146,44.499196,182
328,147,44.596675,181
328,148,40.192996,180
328,149,39.586328,179
328,150,47.210443,178
328,151,56.687125,177
328,152,54.940196,176
328,153,49.094511,175
328,154,37.949039,174
328,155,36.292604,173
328,156,38.566954,172
328,157,40.450386,171
328,158,43.895618,170
328,159,55.263829,169
328,160,58.933407,168
328,161,51.4154,167
328,162,46.669468,166
328,163,40.878479,165
328,164,43.626532,164
328,165,39.693843,163
328,166,32.333186,162
328,167,36.055439,161
328,168,35.813225,160
328,169,43.931482,159
328,170,45.381618,158
328,171,34.223793,157
328,172,40.025557,156
328,173,48.535886,155
328,174,52.9948,154
328,175,46.283107,153
328,176,43.458189,152
328,177,44.6493369,151
328,178,43.680922,150
328,179,49.555457,149
328,180,48.665189,148
328,181,40.887086,147
328,182,46.288282,146
328,183,47.725764,145
328,184,48.539718,144
328,185,49.6921616,143
328,186,51.330132,142
328,187,48.141507,141
328,188,47.702968,140
328,189,48.576075,139
328,190,43.793786,138
328,191,48.716289,137
328,192,61.307161,136
328,193,57.22825,135
328,194,48.958407,134
328,195,44.310271,133
328,196,38.825443,132
328,197,42.618346,131
328,198,49.812143,130
328,199,52.9676,129
328,200,58.710368,128
328,201,59.740479,127
328,202,71.751039,126
328,203,72.555418,125
328,204,67.189961,124
328,205,63.478789,123
328,206,57.3982619,122
328,207,50.884118,121
328,208,48.812053,120
328,209,55.863075,119
328,210,62.482278,118
328,211,53.492511,117
328,212,53.765647,116
328,213,50.332479,115
328,214,52.772582,114
328,215,48.245207,113
328,216,45.847232,112
328,217,43.779664,111
328,218,49.635832,110
328,219,53.713411,109
328,220,51.288157,108
328,221,53.831761,107
328,222,49.084718,106
328,223,42.025536,105
328,224,45.028411,104
328,225,43.9661,103
328,226,41.494593,102
328,227,39.34495,101
328,228,45.629575,100
328,229,45.713679,99
328,230,47.883618,98
328,231,40.988232,97
328,232,45.688829,96
328,233,50.91525,95
328,234,47.200332,94
328,235,36.415647,93
328,236,44.482018,92
328,237,43.923893,91
328,238,48.6731805,90
328,239,53.419721,89
328,240,50.525985,88
328,241,35.824143,87
328,242,36.168782,86
328,243,41.4235369,85
328,244,38.076536,84
328,245,36.684675,83
328,246,40.318707,82
328,247,46.567621,81
328,248,41.017514,80
328,249,33.244163,79
328,250,30.4726744,78
328,251,29.138248,77
328,252,33.847225,76
328,253,36.241282,75
328,254,39.01445,74
328,255,39.701047,73
328,256,36.37095,72
328,257,38.164618,71
328,258,34.137414,70
328,259,13.559707,69
328,260,17.405007,68
328,261,18.458893,67
328,262,24.623254,66
328,263,26.12935,65
328,264,31.4595866,64
328,265,29.998793,63
328,266,28.4068991,62
328,267,34.7488369,61
328,268,37.8588616,60
328,269,36.278118,59
328,270,33.600011,58
328,271,31.654275,57
328,272,30.679943,56
328,273,28.478157,55
328,274,14.433264,54
328,275,7.738603,53
328,276,8.5614494,52
328,277,17.6409,51
328,278,23.866432,50
328,279,18.36055,49
328,280,29.4990741,48
328,281,29.2829366,47
328,282,29.685018,46
328,283,33.9430866,45
328,284,27.669304,44
328,285,27.203582,43
328,286,28.609589,42
328,287,27.371393,41
328,288,25.020293,40
328,289,27.268121,39
328,290,21.279125,38
328,291,26.371039,37
328,292,26.300895,36
328,293,31.191157,35
328,294,11.292914,34
328,295,12.9538491,33
328,296,12.0213305,32
328,297,15.939704,31
328,298,13.678882,30
328,299,16.306604,29
328,300,14.727003,28
328,301,12.214575,27
328,302,34.016189,26
328,303,8.295271,25
328,304,6.545118,24
328,305,5.81866099999999,23
328,306,8.3585241,22
328,307,7.06012899999999,21
328,308,11.637975,20
328,309,8.75033600000001,19
328,310,6.5586866,18
328,311,11.635293,17
328,312,12.5501055,16
328,313,12.5334494,15
328,314,1.645621,14
328,315,19.721957,13
328,316,5.17813600000001,12
328,317,16.377789,11
328,318,32.153714,10
328,319,22.432243,9
328,320,13.969375,8
328,321,16.637386,7
328,322,15.044843,6
328,323,11.030064,5
328,324,13.937332,4
328,325,12.8484,3
328,326,10.634054,2
328,327,20.000807,1
329,1,6.6807634,328
329,2,14.0658944,327
329,3,38.7005844,326
329,4,29.3961634,325
329,5,28.6064314,324
329,6,22.7444502,323
329,7,30.4534234,322
329,8,44.0123994,321
329,9,57.2990314,320
329,10,42.8003204,319
329,11,29.9378754,318
329,12,46.8136904,317
329,13,48.0091814,316
329,14,30.6913974,315
329,15,23.8413524,314
329,16,27.9670924,313
329,17,36.9581204,312
329,18,25.4586064,311
329,19,19.6685704,310
329,20,25.3426994,309
329,21,50.4668954,308
329,22,50.1361814,307
329,23,52.1709664,306
329,24,43.3932414,305
329,25,23.9920634,304
329,26,39.6225814,303
329,27,25.1467104,302
329,28,25.2381814,301
329,29,28.3951864,300
329,30,21.2215344,299
329,31,35.0789954,298
329,32,24.9818976,297
329,33,30.0207174,296
329,34,42.4023154,295
329,35,24.7517944,294
329,36,24.8082244,293
329,37,16.2245814,292
329,38,15.1356125,291
329,39,44.9883814,290
329,40,41.4843944,289
329,41,42.9120764,288
329,42,25.7211314,287
329,43,29.1571204,286
329,44,19.3368424,285
329,45,24.0256674,284
329,46,31.8555894,283
329,47,19.9146284,282
329,48,15.9889994,281
329,49,30.8207564,280
329,50,28.9839524,279
329,51,23.8318764,278
329,52,28.4890634,277
329,53,35.6804424,276
329,54,20.5635476,275
329,55,23.8792134,274
329,56,21.1235944,273
329,57,20.6460884,272
329,58,6.19989739999999,271
329,59,15.6999934,270
329,60,25.3932564,269
329,61,23.0887924,268
329,62,35.5801994,267
329,63,25.7469634,266
329,64,10.5331384,265
329,65,18.5370604,264
329,66,37.5760654,263
329,67,13.1981814,262
329,68,22.2334814,261
329,69,11.6692904,260
329,70,20.3336214,259
329,71,16.4040564,258
329,72,11.5914494,257
329,73,9.84867339999999,256
329,74,15.0966344,255
329,75,9.0439704,254
329,76,11.8650744,253
329,77,30.8028204,252
329,78,30.9192704,251
329,79,15.5294384,250
329,80,17.0820424,249
329,81,17.4948814,248
329,82,15.4792684,247
329,83,26.1834104,246
329,84,27.4864064,245
329,85,25.8802384,244
329,86,25.2718814,243
329,87,26.0561994,242
329,88,21.7471634,241
329,89,17.4556274,240
329,90,26.4206634,239
329,91,25.2899674,238
329,92,16.3378634,237
329,93,5.8678524,236
329,94,43.5459384,235
329,95,22.0263204,234
329,96,12.0397524,233
329,97,12.2026354,232
329,98,17.0112454,231
329,99,8.16184239999999,230
329,100,10.1172704,229
329,101,42.7956394,228
329,102,28.6483244,227
329,103,15.6571204,226
329,104,13.1015314,225
329,105,17.7274064,224
329,106,22.9312674,223
329,107,23.4619634,222
329,108,22.7042204,221
329,109,20.2460884,220
329,110,37.1411064,219
329,111,26.1494174,218
329,112,16.8894384,217
329,113,19.2500564,216
329,114,31.9135064,215
329,115,34.8656424,214
329,116,47.2612814,213
329,117,43.4620314,212
329,118,44.6135174,211
329,119,26.9770024,210
329,120,21.6265064,209
329,121,10.6296494,208
329,122,28.4896994,207
329,123,46.5438704,206
329,124,19.0135634,205
329,125,22.3521454,204
329,126,22.6833634,203
329,127,23.9166314,202
329,128,22.3646061,201
329,129,26.8522314,200
329,130,22.4314384,199
329,131,23.6163454,198
329,132,27.4854704,197
329,133,22.4599064,196
329,134,20.4093314,195
329,135,26.9229244,194
329,136,27.3504884,193
329,137,35.6353994,192
329,138,28.8469954,191
329,139,20.1349024,190
329,140,24.0055024,189
329,141,30.1531314,188
329,142,32.3648674,187
329,143,40.4851454,186
329,144,40.8704454,185
329,145,38.9382424,184
329,146,47.8525454,183
329,147,47.9500244,182
329,148,43.5463454,181
329,149,42.9396774,180
329,150,45.7292064,179
329,151,52.5398244,178
329,152,58.2935454,177
329,153,52.4478604,176
329,154,41.3023884,175
329,155,33.7282454,174
329,156,38.0862954,173
329,157,37.7190634,172
329,158,47.2489674,171
329,159,54.5319204,170
329,160,59.9523424,169
329,161,51.1842494,168
329,162,48.3539814,167
329,163,43.7310704,166
329,164,46.9798814,165
329,165,43.0471924,164
329,166,35.6865354,163
329,167,39.4087884,162
329,168,35.9137244,161
329,169,40.8667674,160
329,170,39.9842314,159
329,171,35.9920564,158
329,172,43.3789064,157
329,173,51.8892354,156
329,174,56.3481494,155
329,175,49.6364564,154
329,176,46.8115384,153
329,177,38.8359875,152
329,178,39.0323274,151
329,179,49.8239924,150
329,180,52.0185384,149
329,181,44.2404354,148
329,182,40.9723674,147
329,183,44.0786854,146
329,184,51.8930674,145
329,185,43.8788122,144
329,186,49.1833174,143
329,187,49.1604424,142
329,188,49.9703814,141
329,189,51.9294244,140
329,190,47.1471354,139
329,191,52.0696384,138
329,192,64.6605104,137
329,193,60.5815994,136
329,194,49.4748424,135
329,195,47.6636204,134
329,196,42.1787924,133
329,197,45.9716954,132
329,198,53.1654924,131
329,199,56.3209494,130
329,200,57.1453814,129
329,201,55.9265704,128
329,202,75.1043884,127
329,203,71.3254314,126
329,204,65.7081884,125
329,205,66.8321384,124
329,206,51.5849125,123
329,207,54.2374674,122
329,208,52.1654024,121
329,209,59.2164244,120
329,210,65.8356274,119
329,211,56.8458604,118
329,212,56.7852024,117
329,213,52.2671704,116
329,214,56.1259314,115
329,215,47.3479424,114
329,216,49.2005814,113
329,217,47.1330134,112
329,218,52.9891814,111
329,219,57.0667604,110
329,220,54.6415064,109
329,221,55.0165884,108
329,222,52.4380674,107
329,223,45.0428134,106
329,224,42.7962384,105
329,225,47.3194494,104
329,226,44.8479424,103
329,227,42.6982994,102
329,228,48.9829244,101
329,229,45.8996704,100
329,230,51.2369674,99
329,231,40.5901174,98
329,232,40.6220204,97
329,233,54.2685994,96
329,234,50.5536814,95
329,235,37.0165024,94
329,236,47.8353674,93
329,237,47.2772424,92
329,238,42.8598311,91
329,239,56.7730704,90
329,240,53.8793344,89
329,241,38.1753064,88
329,242,33.8544674,87
329,243,35.6101875,86
329,244,38.0118134,85
329,245,36.3697744,84
329,246,43.6720564,83
329,247,49.9209704,82
329,248,44.3708634,81
329,249,36.5975124,80
329,250,24.659325,79
329,251,32.4915974,78
329,252,31.4486244,77
329,253,37.7593674,76
329,254,35.3662994,75
329,255,33.8876976,74
329,256,36.3072994,73
329,257,41.5174314,72
329,258,37.4907634,71
329,259,16.4948424,70
329,260,20.7583564,69
329,261,21.8122424,68
329,262,25.8912954,67
329,263,25.1477994,66
329,264,25.6462372,65
329,265,28.1021564,64
329,266,22.5935497,63
329,267,28.9354875,62
329,268,32.0455122,61
329,269,32.0465314,60
329,270,30.3695384,59
329,271,32.5051744,58
329,272,34.0332924,57
329,273,31.8315064,56
329,274,17.7866134,55
329,275,13.5519524,54
329,276,2.7481,53
329,277,20.9942494,52
329,278,27.2197814,51
329,279,17.3789994,50
329,280,23.6857247,49
329,281,23.4695872,48
329,282,23.8716686,47
329,283,28.1297372,46
329,284,27.7715454,45
329,285,30.5569314,44
329,286,28.5436604,43
329,287,30.7247424,42
329,288,28.3736424,41
329,289,30.6214704,40
329,290,24.6324744,39
329,291,22.0573104,38
329,292,29.6542444,37
329,293,34.5445064,36
329,294,14.6462634,35
329,295,7.1404997,34
329,296,6.29061890000001,33
329,297,12.7924454,32
329,298,16.9456674,31
329,299,17.1592454,30
329,300,18.0803524,29
329,301,18.0279244,28
329,302,39.8295384,27
329,303,14.1086204,26
329,304,4.19063139999999,25
329,305,4.9197884,24
329,306,2.54517470000001,23
329,307,6.3282204,22
329,308,14.9913244,21
329,309,14.5636854,20
329,310,3.20533719999999,19
329,311,5.8219436,18
329,312,6.73675610000001,17
329,313,6.72010000000001,16
329,314,7.08397039999999,15
329,315,25.5353064,14
329,316,10.9914854,13
329,317,19.7311384,12
329,318,35.5070634,11
329,319,25.7855924,10
329,320,13.2390744,9
329,321,22.4507354,8
329,322,20.8581924,7
329,323,16.8434134,6
329,324,17.2906814,5
329,325,12.2822494,4
329,326,7.48679540000001,3
329,327,23.3541564,2
329,328,5.81334939999999,1
330,1,9.38498840000001,329
330,2,16.7701194,328
330,3,41.4048094,327
330,4,32.1003884,326
330,5,31.3106564,325
330,6,24.1983748,324
330,7,33.1576484,323
330,8,46.7166244,322
330,9,60.0032564,321
330,10,45.5045454,320
330,11,32.6421004,319
330,12,49.5179154,318
330,13,50.7134064,317
330,14,33.3956224,316
330,15,26.5455774,315
330,16,30.6713174,314
330,17,39.6623454,313
330,18,28.1628314,312
330,19,22.3727954,311
330,20,28.0469244,310
330,21,53.1711204,309
330,22,52.8404064,308
330,23,54.8751914,307
330,24,46.0974664,306
330,25,26.6962884,305
330,26,42.3268064,304
330,27,27.8509354,303
330,28,27.9424064,302
330,29,31.0994114,301
330,30,20.5873906,300
330,31,37.7832204,299
330,32,23.6024726,298
330,33,32.7249424,297
330,34,45.1065404,296
330,35,27.4560194,295
330,36,27.5124494,294
330,37,18.9288064,293
330,38,13.7561875,292
330,39,47.6926064,291
330,40,44.1886194,290
330,41,45.6163014,289
330,42,28.4253564,288
330,43,31.8613454,287
330,44,22.0410674,286
330,45,25.4050924,285
330,46,34.5598144,284
330,47,22.6188534,283
330,48,17.3684244,282
330,49,32.2001814,281
330,50,30.3633774,280
330,51,26.5361014,279
330,52,31.1932884,278
330,53,38.3846674,277
330,54,22.6268774,276
330,55,26.5834384,275
330,56,23.8278194,274
330,57,23.3503134,273
330,58,8.90412240000001,272
330,59,17.0794184,271
330,60,28.0974814,270
330,61,25.7930174,269
330,62,38.2844244,268
330,63,28.4511884,267
330,64,13.2373634,266
330,65,21.2412854,265
330,66,40.2802904,264
330,67,15.9024064,263
330,68,24.9377064,262
330,69,13.0487154,261
330,70,23.0378464,260
330,71,19.1082814,259
330,72,14.2956744,258
330,73,12.5528984,257
330,74,17.8008594,256
330,75,11.7481954,255
330,76,13.2444994,254
330,77,32.1822454,253
330,78,32.2986954,252
330,79,18.2336634,251
330,80,18.4614674,250
330,81,18.8743064,249
330,82,18.1834934,248
330,83,28.8876354,247
330,84,30.1906314,246
330,85,28.5844634,245
330,86,27.9761064,244
330,87,28.7604244,243
330,88,24.4513884,242
330,89,20.1598524,241
330,90,29.1248884,240
330,91,27.9941924,239
330,92,19.0420884,238
330,93,8.57207740000001,237
330,94,44.9253634,236
330,95,23.4057454,235
330,96,13.4191774,234
330,97,13.5820604,233
330,98,19.7154704,232
330,99,10.8660674,231
330,100,11.4966954,230
330,101,44.1750644,229
330,102,30.0277494,228
330,103,17.0365454,227
330,104,14.4809564,226
330,105,19.1068314,225
330,106,24.3106924,224
330,107,24.8413884,223
330,108,24.0836454,222
330,109,21.6255134,221
330,110,38.5205314,220
330,111,27.5288424,219
330,112,19.5936634,218
330,113,20.6294814,217
330,114,33.2929314,216
330,115,36.2450674,215
330,116,48.6407064,214
330,117,44.8414564,213
330,118,45.9929424,212
330,119,28.3564274,211
330,120,23.0059314,210
330,121,12.0090744,209
330,122,29.8691244,208
330,123,47.9232954,207
330,124,20.3929884,206
330,125,23.7315704,205
330,126,24.0627884,204
330,127,25.2960564,203
330,128,20.4934189,202
330,129,28.2316564,201
330,130,23.8108634,200
330,131,24.9957704,199
330,132,28.8648954,198
330,133,23.8393314,197
330,134,21.7887564,196
330,135,28.3023494,195
330,136,28.7299134,194
330,137,37.0148244,193
330,138,30.2264204,192
330,139,21.5143274,191
330,140,25.3849274,190
330,141,31.5325564,189
330,142,33.7442924,188
330,143,41.8645704,187
330,144,42.2498704,186
330,145,40.3176674,185
330,146,49.2319704,184
330,147,49.3294494,183
330,148,44.9257704,182
330,149,44.3191024,181
330,150,47.1086314,180
330,151,53.9192494,179
330,152,59.6729704,178
330,153,53.8272854,177
330,154,42.6818134,176
330,155,35.1076704,175
330,156,39.4657204,174
330,157,39.0984884,173
330,158,48.6283924,172
330,159,55.9113454,171
330,160,61.3317674,170
330,161,52.5636744,169
330,162,49.7334064,168
330,163,45.1104954,167
330,164,48.3593064,166
330,165,44.4266174,165
330,166,37.0659604,164
330,167,40.7882134,163
330,168,37.2931494,162
330,169,42.2461924,161
330,170,41.3636564,160
330,171,37.3714814,159
330,172,44.7583314,158
330,173,53.2686604,157
330,174,57.7275744,156
330,175,51.0158814,155
330,176,48.1909634,154
330,177,39.6308375,153
330,178,40.4117524,152
330,179,51.2034174,151
330,180,53.3979634,150
330,181,45.6198604,149
330,182,42.3517924,148
330,183,45.4581104,147
330,184,53.2724924,146
330,185,42.9244128,145
330,186,50.5627424,144
330,187,50.5398674,143
330,188,51.3498064,142
330,189,53.3088494,141
330,190,48.5265604,140
330,191,53.4490634,139
330,192,66.0399354,138
330,193,61.9610244,137
330,194,50.8542674,136
330,195,49.0430454,135
330,196,43.5582174,134
330,197,47.3511204,133
330,198,54.5449174,132
330,199,57.7003744,131
330,200,58.5248064,130
330,201,57.3059954,129
330,202,76.4838134,128
330,203,72.7048564,127
330,204,67.0876134,126
330,205,68.2115634,125
330,206,51.8806125,124
330,207,55.6168924,123
330,208,53.5448274,122
330,209,60.5958494,121
330,210,67.2150524,120
330,211,58.2252854,119
330,212,58.1646274,118
330,213,53.6465954,117
330,214,57.5053564,116
330,215,48.7273674,115
330,216,50.5800064,114
330,217,48.5124384,113
330,218,54.3686064,112
330,219,58.4461854,111
330,220,56.0209314,110
330,221,56.3960134,109
330,222,53.8174924,108
330,223,46.4222384,107
330,224,44.1756634,106
330,225,48.6988744,105
330,226,46.2273674,104
330,227,44.0777244,103
330,228,50.3623494,102
330,229,47.2790954,101
330,230,52.6163924,100
330,231,41.9695424,99
330,232,42.0014454,98
330,233,55.6480244,97
330,234,51.9331064,96
330,235,38.3959274,95
330,236,49.2147924,94
330,237,48.6566674,93
330,238,42.2381939,92
330,239,58.1524954,91
330,240,55.2587594,90
330,241,39.5547314,89
330,242,35.2338924,88
330,243,34.9042375,87
330,244,39.3912384,86
330,245,37.7491994,85
330,246,45.0514814,84
330,247,51.3003954,83
330,248,45.7502884,82
330,249,37.9769374,81
330,250,25.7875,80
330,251,33.8710224,79
330,252,32.8280494,78
330,253,39.1387924,77
330,254,36.7457244,76
330,255,33.9294274,75
330,256,37.6867244,74
330,257,42.8968564,73
330,258,38.8701884,72
330,259,17.8742674,71
330,260,22.1377814,70
330,261,23.1916674,69
330,262,27.2707204,68
330,263,26.5272244,67
330,264,26.6917878,66
330,265,29.4815814,65
330,266,21.2220753,64
330,267,27.5662375,63
330,268,29.3412872,62
330,269,33.4259564,61
330,270,31.7489634,60
330,271,33.8845994,59
330,272,35.4127174,58
330,273,33.2109314,57
330,274,19.1660384,56
330,275,16.2561774,55
330,276,2.04382499999999,54
330,277,22.3736744,53
330,278,28.5992064,52
330,279,18.7584244,51
330,280,20.9814997,50
330,281,20.7653622,49
330,282,21.1674436,48
330,283,25.4255122,47
330,284,29.1509704,46
330,285,31.9363564,45
330,286,29.9230854,44
330,287,32.1041674,43
330,288,29.7530674,42
330,289,32.0008954,41
330,290,26.0118994,40
330,291,23.4367354,39
330,292,31.0336694,38
330,293,35.9239314,37
330,294,16.0256884,36
330,295,7.68522529999999,35
330,296,7.67004389999999,34
330,297,14.1718704,33
330,298,18.3250924,32
330,299,18.5386704,31
330,300,19.4597774,30
330,301,20.7321494,29
330,302,42.5337634,28
330,303,16.8128454,27
330,304,6.8948564,26
330,305,6.29921339999999,25
330,306,1.6728503,24
330,307,7.70764539999999,23
330,308,16.3707494,22
330,309,17.2679104,21
330,310,4.9927878,20
330,311,3.11771859999999,19
330,312,4.1151689,18
330,313,4.015875,17
330,314,9.7881954,16
330,315,28.2395314,15
330,316,13.6957104,14
330,317,21.1105634,13
330,318,36.8864884,12
330,319,27.1650174,11
330,320,14.6184994,10
330,321,25.1549604,9
330,322,23.5624174,8
330,323,19.5476384,7
330,324,18.6701064,6
330,325,13.6616744,5
330,326,8.8662204,4
330,327,24.7335814,3
330,328,8.5175744,2
330,329,2.70422500000001,1
331,1,17.076286,330
331,2,17.961345,329
331,3,42.596035,328
331,4,39.811786,327
331,5,35.457118,326
331,6,41.3876996,325
331,7,39.739426,324
331,8,47.90785,323
331,9,61.194482,322
331,10,46.695771,321
331,11,45.467474,320
331,12,50.709141,319
331,13,51.904632,318
331,14,45.629252,317
331,15,34.569597,316
331,16,34.612357,315
331,17,42.855129,314
331,18,37.686043,313
331,19,23.649379,312
331,20,30.98685,311
331,21,54.362346,310
331,22,58.987488,309
331,23,56.066417,308
331,24,54.072308,307
331,25,38.494686,306
331,26,43.518032,305
331,27,41.787839,304
331,28,40.611268,303
331,29,40.811563,302
331,30,39.8647838,301
331,31,41.890554,300
331,32,43.625147,299
331,33,33.916168,298
331,34,46.297766,297
331,35,39.516655,296
331,36,35.118925,295
331,37,29.118668,294
331,38,33.7788619,293
331,39,48.883832,292
331,40,48.075255,291
331,41,46.807527,290
331,42,43.070718,289
331,43,33.801229,288
331,44,23.232293,287
331,45,22.617418,286
331,46,35.75104,285
331,47,23.810079,284
331,48,5.48835,283
331,49,12.177507,282
331,50,29.659503,281
331,51,27.727327,280
331,52,32.384514,279
331,53,41.354207,278
331,54,39.206797,277
331,55,27.774664,276
331,56,25.019045,275
331,57,27.540861,274
331,58,21.311952,273
331,59,13.761344,272
331,60,29.288707,271
331,61,26.984243,270
331,62,39.47565,269
331,63,30.393886,268
331,64,14.428589,267
331,65,22.432511,266
331,66,41.471516,265
331,67,28.926368,264
331,68,26.128932,263
331,69,14.065641,262
331,70,24.229072,261
331,71,20.299507,260
331,72,15.4869,259
331,73,23.395876,258
331,74,22.294515,257
331,75,13.721579,256
331,76,6.861925,255
331,77,12.159571,254
331,78,12.276021,253
331,79,19.590111,252
331,80,12.258293,251
331,81,3.399032,250
331,82,19.374719,249
331,83,30.078861,248
331,84,31.381857,247
331,85,29.775689,246
331,86,32.470968,245
331,87,29.95165,244
331,88,25.642614,243
331,89,26.183922,242
331,90,30.316114,241
331,91,29.185418,240
331,92,21.815586,239
331,93,13.346597,238
331,94,24.902689,237
331,95,20.618071,236
331,96,13.854103,235
331,97,6.44061399999999,234
331,98,20.906696,233
331,99,22.224007,232
331,100,8.525979,231
331,101,24.15239,230
331,102,10.005075,229
331,103,8.56897099999999,228
331,104,7.624318,227
331,105,3.250257,226
331,106,13.380418,225
331,107,7.849914,224
331,108,10.142829,223
331,109,8.43456100000001,222
331,110,18.497857,221
331,111,8.078568,220
331,112,20.784889,219
331,113,2.310507,218
331,114,15.518643,217
331,115,19.387607,216
331,116,28.618032,215
331,117,24.818782,214
331,118,25.970268,213
331,119,8.333753,212
331,120,2.98325700000001,211
331,121,8.0136,210
331,122,13.26345,209
331,123,27.900621,208
331,124,15.715314,207
331,125,7.873796,206
331,126,4.04011400000001,205
331,127,11.772918,204
331,128,18.4691555,203
331,129,12.624818,202
331,130,16.288111,201
331,131,16.806904,200
331,132,11.426679,199
331,133,7.733343,198
331,134,11.682618,197
331,135,15.780325,196
331,136,19.706361,195
331,137,16.99215,194
331,138,11.203654,193
331,139,14.990947,192
331,140,16.610347,191
331,141,23.342618,190
331,142,21.888382,189
331,143,21.841896,188
331,144,22.476704,187
331,145,27.627607,186
331,146,30.457104,185
331,147,29.306775,184
331,148,24.903096,183
331,149,24.296428,182
331,150,37.501643,181
331,151,46.978325,180
331,152,39.899804,179
331,153,33.804611,178
331,154,22.659139,177
331,155,26.583804,176
331,156,28.858154,175
331,157,30.741586,174
331,158,31.439282,173
331,159,45.555029,172
331,160,49.224607,171
331,161,41.7066,170
331,162,36.960668,169
331,163,31.169679,168
331,164,28.336632,167
331,165,24.403943,166
331,166,22.542914,165
331,167,21.098261,164
331,168,26.104425,163
331,169,34.222682,162
331,170,35.672818,161
331,171,24.514993,160
331,172,29.818143,159
331,173,38.162714,158
331,174,37.7049,157
331,175,30.993207,156
331,176,28.168289,155
331,177,34.9405369,154
331,178,33.972122,153
331,179,39.846657,152
331,180,33.375289,151
331,181,28.765214,150
331,182,36.579482,149
331,183,38.016964,148
331,184,33.249818,147
331,185,39.9833616,146
331,186,41.621332,145
331,187,38.432707,144
331,188,37.994168,143
331,189,33.286175,142
331,190,34.003514,141
331,191,36.841111,140
331,192,46.017261,139
331,193,43.10415,138
331,194,39.249607,137
331,195,29.020371,136
331,196,27.035757,135
331,197,27.410454,134
331,198,34.522243,133
331,199,37.6777,132
331,200,49.001568,131
331,201,50.031679,130
331,202,56.461139,129
331,203,62.846618,128
331,204,57.481161,127
331,205,53.519811,126
331,206,47.6894619,125
331,207,36.759482,124
331,208,36.937947,123
331,209,44.656825,122
331,210,51.857722,121
331,211,43.618489,120
331,212,44.056847,119
331,213,40.623679,118
331,214,37.898618,117
331,215,38.536407,116
331,216,32.139068,115
331,217,31.740336,114
331,218,34.345932,113
331,219,39.424089,112
331,220,38.246643,111
331,221,44.122961,110
331,222,34.960082,109
331,223,32.316736,108
331,224,35.319611,107
331,225,28.6762,106
331,226,26.204693,105
331,227,24.05505,104
331,228,30.339675,103
331,229,36.004879,102
331,230,32.593718,101
331,231,31.279432,100
331,232,35.980029,99
331,233,35.62535,98
331,234,31.910432,97
331,235,26.706847,96
331,236,29.192118,95
331,237,28.633993,94
331,238,38.9643805,93
331,239,38.129821,92
331,240,35.236085,91
331,241,26.115343,90
331,242,26.459982,89
331,243,31.7147369,88
331,244,28.367736,87
331,245,26.975875,86
331,246,28.195093,85
331,247,31.610979,84
331,248,25.727614,83
331,249,17.954263,82
331,250,20.7638744,81
331,251,16.019952,80
331,252,24.138425,79
331,253,26.532482,78
331,254,29.30565,77
331,255,29.992247,76
331,256,26.66215,75
331,257,28.455818,74
331,258,18.847514,73
331,259,3.850907,72
331,260,4.698493,71
331,261,7.252107,70
331,262,14.914454,69
331,263,16.42055,68
331,264,21.7507866,67
331,265,20.289993,66
331,266,18.6980991,65
331,267,25.0400369,64
331,268,28.1500616,63
331,269,26.569318,62
331,270,23.891211,61
331,271,21.945475,60
331,272,20.223557,59
331,273,13.520443,58
331,274,12.024464,57
331,275,17.447403,56
331,276,17.9788494,55
331,277,2.7664,54
331,278,12.824868,53
331,279,8.65175,52
331,280,19.7902741,51
331,281,19.5741366,50
331,282,19.976218,49
331,283,24.2342866,48
331,284,17.960504,47
331,285,11.913682,46
331,286,18.900789,45
331,287,12.081493,44
331,288,9.730393,43
331,289,11.978221,42
331,290,10.488275,41
331,291,16.662239,40
331,292,11.010995,39
331,293,15.901257,38
331,294,5.664214,37
331,295,12.3374491,36
331,296,12.3526305,35
331,297,6.230904,34
331,298,3.970082,33
331,299,6.597804,32
331,300,0.936697000000001,31
331,301,21.923375,30
331,302,43.724989,29
331,303,22.337229,28
331,304,21.835018,27
331,305,13.723461,26
331,306,18.3498241,25
331,307,12.315029,24
331,308,12.070475,23
331,309,21.124664,22
331,310,21.8485866,21
331,311,18.405193,20
331,312,15.9075055,19
331,313,16.8409494,18
331,314,13.644279,17
331,315,29.430757,16
331,316,14.886936,15
331,317,8.662889,14
331,318,16.863814,13
331,319,8.391357,12
331,320,5.404175,11
331,321,26.346186,10
331,322,30.170057,9
331,323,20.738864,8
331,324,1.72996800000001,7
331,325,6.361,6
331,326,11.156454,5
331,327,12.289807,4
331,328,15.2899,3
331,329,18.6432494,2
331,330,20.0226744,1
332,1,20.202258,331
332,2,27.587389,330
332,3,52.222079,329
332,4,42.917658,328
332,5,42.127926,327
332,6,42.0582556,326
332,7,43.974918,325
332,8,57.533894,324
332,9,70.820526,323
332,10,56.321815,322
332,11,46.13803,321
332,12,60.335185,320
332,13,61.530676,319
332,14,46.299808,318
332,15,37.362847,317
332,16,41.488587,316
332,17,50.479615,315
332,18,38.980101,314
332,19,33.190065,313
332,20,38.864194,312
332,21,63.98839,311
332,22,63.657676,310
332,23,65.692461,309
332,24,56.914736,308
332,25,39.165242,307
332,26,53.144076,306
332,27,42.458395,305
332,28,41.281824,304
332,29,41.916681,303
332,30,40.5353398,302
332,31,48.60049,301
332,32,44.295703,300
332,33,43.542212,299
332,34,55.92381,298
332,35,40.187211,297
332,36,38.329719,296
332,37,29.789224,295
332,38,34.4494179,294
332,39,58.509876,293
332,40,55.005889,292
332,41,56.433571,291
332,42,43.741274,290
332,43,42.678615,289
332,44,32.858337,288
332,45,32.243462,287
332,46,45.377084,286
332,47,33.436123,285
332,48,15.114394,284
332,49,11.506951,283
332,50,39.285547,282
332,51,37.353371,281
332,52,42.010558,280
332,53,49.201937,279
332,54,39.877353,278
332,55,37.400708,277
332,56,34.645089,276
332,57,34.167583,275
332,58,21.982508,274
332,59,23.387388,273
332,60,38.914751,272
332,61,36.610287,271
332,62,49.101694,270
332,63,39.268458,269
332,64,24.054633,268
332,65,32.058555,267
332,66,51.09756,266
332,67,29.596924,265
332,68,35.754976,264
332,69,23.691685,263
332,70,33.855116,262
332,71,29.925551,261
332,72,25.112944,260
332,73,24.066432,259
332,74,28.618129,258
332,75,22.565465,257
332,76,16.487969,256
332,77,11.489015,255
332,78,18.684565,254
332,79,29.050933,253
332,80,21.884337,252
332,81,13.025076,251
332,82,29.000763,250
332,83,39.704905,249
332,84,41.007901,248
332,85,39.401733,247
332,86,38.793376,246
332,87,39.577694,245
332,88,35.268658,244
332,89,30.977122,243
332,90,39.942158,242
332,91,38.811462,241
332,92,29.859358,240
332,93,19.389347,239
332,94,24.232133,238
332,95,30.244115,237
332,96,23.480147,236
332,97,9.81662999999999,235
332,98,30.53274,234
332,99,22.894563,233
332,100,9.81896500000001,232
332,101,23.481834,231
332,102,9.334519,230
332,103,18.195015,229
332,104,6.212274,228
332,105,12.876301,227
332,106,23.006462,226
332,107,17.475958,225
332,108,3.390415,224
332,109,1.191483,223
332,110,17.827301,222
332,111,17.704612,221
332,112,30.410933,220
332,113,11.936551,219
332,114,12.599701,218
332,115,15.551837,217
332,116,27.947476,216
332,117,24.148226,215
332,118,25.299712,214
332,119,7.663197,213
332,120,10.143001,212
332,121,8.684156,211
332,122,9.175894,210
332,123,27.230065,209
332,124,25.341358,208
332,125,17.49984,207
332,126,8.171058,206
332,127,4.602826,205
332,128,8.8431115,204
332,129,7.538426,203
332,130,6.662067,202
332,131,7.18085999999999,201
332,132,8.171665,200
332,133,3.146101,199
332,134,2.056574,198
332,135,7.609119,197
332,136,10.080317,196
332,137,16.321594,195
332,138,9.53319,194
332,139,5.36490300000001,193
332,140,6.984303,192
332,141,13.716574,191
332,142,13.051062,190
332,143,21.17134,189
332,144,21.55664,188
332,145,19.624437,187
332,146,28.53874,186
332,147,28.636219,185
332,148,24.23254,184
332,149,23.625872,183
332,150,27.875599,182
332,151,37.352281,181
332,152,38.97974,180
332,153,33.134055,179
332,154,21.988583,178
332,155,16.95776,177
332,156,19.23211,176
332,157,21.115542,175
332,158,27.935162,174
332,159,35.928985,173
332,160,40.638537,172
332,161,32.080556,171
332,162,29.040176,170
332,163,24.417265,169
332,164,27.666076,168
332,165,23.733387,167
332,166,16.37273,166
332,167,20.094983,165
332,168,16.599919,164
332,169,24.596638,163
332,170,26.046774,162
332,171,16.678251,161
332,172,24.065101,160
332,173,32.57543,159
332,174,37.034344,158
332,175,30.322651,157
332,176,27.497733,156
332,177,25.3144929,155
332,178,24.346078,154
332,179,30.510187,153
332,180,32.704733,152
332,181,24.92663,151
332,182,26.953438,150
332,183,28.39092,149
332,184,32.579262,148
332,185,30.3573176,147
332,186,31.995288,146
332,187,29.846637,145
332,188,30.656576,144
332,189,32.615619,143
332,190,27.83333,142
332,191,32.755833,141
332,192,45.346705,140
332,193,41.267794,139
332,194,30.161037,138
332,195,28.349815,137
332,196,22.864987,136
332,197,26.65789,135
332,198,33.851687,134
332,199,37.007144,133
332,200,39.375524,132
332,201,40.405635,131
332,202,55.790583,130
332,203,53.220574,129
332,204,47.855117,128
332,205,47.518333,127
332,206,38.0634179,126
332,207,34.923662,125
332,208,32.851597,124
332,209,39.902619,123
332,210,46.521822,122
332,211,37.532055,121
332,212,37.471397,120
332,213,32.953365,119
332,214,36.812126,118
332,215,28.910363,117
332,216,29.886776,116
332,217,27.819208,115
332,218,33.675376,114
332,219,37.752955,113
332,220,35.327701,112
332,221,35.702783,111
332,222,33.124262,110
332,223,25.729008,109
332,224,25.693567,108
332,225,28.005644,107
332,226,25.534137,106
332,227,23.384494,105
332,228,29.669119,104
332,229,26.585865,103
332,230,31.923162,102
332,231,21.653388,101
332,232,26.353985,100
332,233,34.954794,99
332,234,31.239876,98
332,235,17.702697,97
332,236,28.521562,96
332,237,27.963437,95
332,238,29.3383365,94
332,239,37.459265,93
332,240,34.565529,92
332,241,18.861501,91
332,242,16.833938,90
332,243,22.0886929,89
332,244,18.741692,88
332,245,17.349831,87
332,246,24.358251,86
332,247,30.607165,85
332,248,25.057058,84
332,249,17.283707,83
332,250,11.1378304,82
332,251,13.177792,81
332,252,14.512381,80
332,253,18.445562,79
332,254,19.679606,78
332,255,20.366203,77
332,256,17.036106,76
332,257,22.203626,75
332,258,18.176958,74
332,259,5.775137,73
332,260,4.927551,72
332,261,2.498437,71
332,262,6.57749,70
332,263,6.79450600000001,69
332,264,12.1247426,68
332,265,10.663949,67
332,266,9.07205509999999,66
332,267,15.4139929,65
332,268,18.5240176,64
332,269,16.943274,63
332,270,14.265167,62
332,271,13.191369,61
332,272,14.719487,60
332,273,12.517701,59
332,274,21.650508,58
332,275,27.073447,57
332,276,18.6494054,56
332,277,6.859644,55
332,278,7.905976,54
332,279,1.93480600000001,53
332,280,10.1642301,52
332,281,9.9480926,51
332,282,10.350174,50
332,283,14.6082426,49
332,284,8.45774,48
332,285,11.243126,47
332,286,9.274745,46
332,287,11.410937,45
332,288,9.05983699999999,44
332,289,11.307665,43
332,290,5.318669,42
332,291,7.036195,41
332,292,10.340439,40
332,293,22.309801,39
332,294,15.290258,38
332,295,13.0080051,37
332,296,13.0231865,36
332,297,6.52136,35
332,298,5.655962,34
332,299,3.02824,33
332,300,8.689347,32
332,301,31.549419,31
332,302,53.351033,30
332,303,27.630115,29
332,304,22.505574,28
332,305,14.394017,27
332,306,19.0203801,26
332,307,12.985585,25
332,308,21.696519,24
332,309,28.08518,23
332,310,22.5191426,22
332,311,19.075749,21
332,312,16.5780615,20
332,313,17.5115054,19
332,314,20.605465,18
332,315,39.056801,17
332,316,24.51298,16
332,317,18.288933,15
332,318,16.193258,14
332,319,6.471787,13
332,320,6.074731,12
332,321,35.97223,11
332,322,34.379687,10
332,323,30.364908,9
332,324,7.896076,8
332,325,7.031556,7
332,326,11.82701,6
332,327,21.915851,5
332,328,19.334844,4
332,329,19.3138054,3
332,330,20.6932304,2
332,331,9.626044,1
333,1,19.704782,332
333,2,15.285451,331
333,3,39.950961,330
333,4,42.440282,329
333,5,38.085614,328
333,6,44.0161956,327
333,7,42.367922,326
333,8,43.951854,325
333,9,57.238486,324
333,10,47.406325,323
333,11,48.09597,322
333,12,46.753145,321
333,13,47.948636,320
333,14,48.257748,319
333,15,37.198093,318
333,16,37.240853,317
333,17,45.483625,316
333,18,40.314539,315
333,19,26.277875,314
333,20,33.615346,313
333,21,50.40635,312
333,22,61.615984,311
333,23,53.650349,310
333,24,56.700804,309
333,25,41.123182,308
333,26,39.562036,307
333,27,44.416335,306
333,28,43.239764,305
333,29,43.440059,304
333,30,42.4932798,303
333,31,44.51905,302
333,32,46.253643,301
333,33,29.960172,300
333,34,42.34177,299
333,35,42.145151,298
333,36,37.747421,297
333,37,31.747164,296
333,38,36.4073579,295
333,39,44.927836,294
333,40,50.703751,293
333,41,47.696569,292
333,42,45.699214,291
333,43,36.429725,290
333,44,19.276297,289
333,45,18.661422,288
333,46,31.795044,287
333,47,20.698417,286
333,48,5.282746,285
333,49,9.54901099999999,284
333,50,25.703507,283
333,51,28.442169,282
333,52,28.428518,281
333,53,43.982703,280
333,54,41.835293,279
333,55,24.836532,278
333,56,21.063049,277
333,57,30.169357,276
333,58,23.940448,275
333,59,9.80534800000001,274
333,60,30.916089,273
333,61,23.028247,272
333,62,39.852946,271
333,63,33.022382,270
333,64,11.306207,269
333,65,18.476515,268
333,66,37.51552,267
333,67,31.554864,266
333,68,27.257164,265
333,69,10.109645,264
333,70,23.639424,263
333,71,21.343989,262
333,72,11.530904,261
333,73,26.024372,260
333,74,24.923011,259
333,75,16.350075,258
333,76,9.40667100000001,257
333,77,13.159125,256
333,78,9.647525,255
333,79,22.218607,254
333,80,8.302297,253
333,81,3.776864,252
333,82,18.612077,251
333,83,28.039735,250
333,84,31.093039,249
333,85,32.321507,248
333,86,35.099464,247
333,87,32.144646,246
333,88,25.853482,245
333,89,28.812418,244
333,90,31.779882,243
333,91,25.229422,242
333,92,24.444082,241
333,93,15.975093,240
333,94,22.274193,239
333,95,16.662075,238
333,96,9.898107,237
333,97,9.06910999999999,236
333,98,21.1181,235
333,99,24.852503,234
333,100,11.154475,233
333,101,21.523894,232
333,102,7.37657899999999,231
333,103,5.614625,230
333,104,11.580314,229
333,105,3.54433900000001,228
333,106,9.42442200000001,227
333,107,3.893918,226
333,108,14.098825,225
333,109,12.390557,224
333,110,18.035739,223
333,111,4.877672,222
333,112,21.997407,221
333,113,2.02168900000001,220
333,114,19.474639,219
333,115,23.343603,218
333,116,25.989536,217
333,117,22.190286,216
333,118,23.341772,215
333,119,8.12114299999999,214
333,120,3.439039,213
333,121,10.642096,212
333,122,17.219446,211
333,123,25.272125,210
333,124,11.759318,209
333,125,3.91780000000001,208
333,126,5.410982,207
333,127,15.728914,206
333,128,22.4251515,205
333,129,16.580814,204
333,130,20.244107,203
333,131,20.7629,202
333,132,15.382675,201
333,133,11.689339,200
333,134,15.638614,199
333,135,19.736321,198
333,136,23.662357,197
333,137,14.363654,196
333,138,15.15965,195
333,139,18.946943,194
333,140,20.566343,193
333,141,27.298614,192
333,142,25.844378,191
333,143,22.4629,190
333,144,26.4327,189
333,145,31.583603,188
333,146,34.4131,187
333,147,29.011621,186
333,148,26.0266,185
333,149,27.584568,184
333,150,41.457639,183
333,151,50.934321,182
333,152,43.8558,181
333,153,31.176115,180
333,154,20.696757,179
333,155,30.5398,178
333,156,32.81415,177
333,157,34.697582,176
333,158,35.395278,175
333,159,49.511025,174
333,160,53.180603,173
333,161,45.662596,172
333,162,40.916664,171
333,163,35.125675,170
333,164,25.708136,169
333,165,21.775447,168
333,166,26.49891,167
333,167,25.054257,166
333,168,30.060421,165
333,169,38.178678,164
333,170,39.628814,163
333,171,28.470989,162
333,172,33.774139,161
333,173,42.11871,160
333,174,37.660996,159
333,175,33.197689,158
333,176,32.041607,157
333,177,38.8965329,156
333,178,37.928118,155
333,179,43.802653,154
333,180,30.746793,153
333,181,32.72121,152
333,182,40.535478,151
333,183,41.97296,150
333,184,34.538678,149
333,185,43.9393576,148
333,186,45.577328,147
333,187,42.388703,146
333,188,41.950164,145
333,189,35.074721,144
333,190,37.95951,143
333,191,40.797107,142
333,192,43.388765,141
333,193,47.060146,140
333,194,43.205603,139
333,195,28.726825,138
333,196,30.991753,137
333,197,31.36645,136
333,198,33.643653,135
333,199,40.715796,134
333,200,52.957564,133
333,201,53.987675,132
333,202,58.666157,131
333,203,66.802614,130
333,204,61.437157,129
333,205,57.475807,128
333,206,51.6454579,127
333,207,40.715478,126
333,208,40.893943,125
333,209,48.612821,124
333,210,55.813718,123
333,211,47.574485,122
333,212,48.012843,121
333,213,44.579675,120
333,214,41.854614,119
333,215,42.492403,118
333,216,36.095064,117
333,217,35.696332,116
333,218,35.716264,115
333,219,43.380085,114
333,220,42.202639,113
333,221,48.078957,112
333,222,38.916078,111
333,223,36.272732,110
333,224,39.275607,109
333,225,32.297196,108
333,226,28.327703,107
333,227,28.011046,106
333,228,30.627421,105
333,229,39.960875,104
333,230,33.299678,103
333,231,35.235428,102
333,232,39.936025,101
333,233,34.248146,100
333,234,29.281936,99
333,235,30.662843,98
333,236,27.231478,97
333,237,32.338203,96
333,238,42.9203765,95
333,239,35.501325,94
333,240,32.607589,93
333,241,30.071339,92
333,242,30.415978,91
333,243,35.6707329,90
333,244,32.323732,89
333,245,30.931871,88
333,246,32.151089,87
333,247,35.566975,86
333,248,29.182182,85
333,249,15.325767,84
333,250,24.7198704,83
333,251,19.975948,82
333,252,28.094421,81
333,253,30.488478,80
333,254,33.261646,79
333,255,33.948243,78
333,256,30.618146,77
333,257,32.411814,76
333,258,16.219018,75
333,259,7.806903,74
333,260,8.65448899999999,73
333,261,11.208103,72
333,262,18.87045,71
333,263,20.376546,70
333,264,25.7067826,69
333,265,24.245989,68
333,266,22.6540951,67
333,267,28.9960329,66
333,268,32.1060576,65
333,269,30.525314,64
333,270,27.847207,63
333,271,25.901471,62
333,272,24.179553,61
333,273,17.476439,60
333,274,8.06846800000001,59
333,275,18.325993,58
333,276,20.6073454,57
333,277,6.722396,56
333,278,16.780864,55
333,279,12.607746,54
333,280,23.7462701,53
333,281,23.5301326,52
333,282,23.932214,51
333,283,28.1902826,50
333,284,21.9165,49
333,285,10.617414,48
333,286,22.856785,47
333,287,14.037003,46
333,288,7.10310299999999,45
333,289,9.34972499999999,44
333,290,14.444271,43
333,291,20.618235,42
333,292,10.359401,41
333,293,13.272761,40
333,294,6.625482,39
333,295,14.9659451,38
333,296,14.9811265,37
333,297,10.1869,36
333,298,7.92607799999999,35
333,299,10.5538,34
333,300,4.89269299999999,33
333,301,21.801521,32
333,302,39.768993,31
333,303,24.965725,30
333,304,24.463514,29
333,305,16.351957,28
333,306,20.9783201,27
333,307,14.943525,26
333,308,8.11447900000001,25
333,309,23.75316,24
333,310,24.4770826,23
333,311,21.033689,22
333,312,18.5360015,21
333,313,19.4694454,20
333,314,16.272775,19
333,315,25.474761,18
333,316,17.09896,17
333,317,4.706893,16
333,318,14.235318,15
333,319,12.347353,14
333,320,8.21657099999999,13
333,321,22.39019,12
333,322,32.798553,11
333,323,21.284732,10
333,324,5.685964,9
333,325,8.989496,8
333,326,13.78495,7
333,327,8.333811,6
333,328,17.918396,5
333,329,21.2717454,4
333,330,22.6511704,3
333,331,3.95599599999999,2
333,332,13.58204,1
334,1,15.278304,333
334,2,7.893173,332
334,3,19.803283,331
334,4,22.292604,330
334,5,17.937936,329
334,6,23.8685176,328
334,7,22.220244,327
334,8,22.636768,326
334,9,35.339964,325
334,10,27.258647,324
334,11,27.948292,323
334,12,24.854623,322
334,13,26.050114,321
334,14,28.11007,320
334,15,17.050415,319
334,16,17.093175,318
334,17,25.335947,317
334,18,20.166861,316
334,19,6.130197,315
334,20,13.467668,314
334,21,28.507828,313
334,22,41.468306,312
334,23,33.502671,311
334,24,36.553126,310
334,25,20.975504,309
334,26,17.663514,308
334,27,24.268657,307
334,28,23.092086,306
334,29,23.292381,305
334,30,22.3456018,304
334,31,24.371372,303
334,32,26.105965,302
334,33,8.97955000000001,301
334,34,20.443248,300
334,35,21.997473,299
334,36,17.599743,298
334,37,11.599486,297
334,38,16.2596799,296
334,39,23.029314,295
334,40,30.556073,294
334,41,27.548891,293
334,42,25.551536,292
334,43,16.282047,291
334,44,2.62222499999999,290
334,45,22.9016,289
334,46,9.89652200000001,288
334,47,2.04443899999999,287
334,48,20.366168,286
334,49,30.531911,285
334,50,27.859885,284
334,51,8.294491,283
334,52,6.529996,282
334,53,23.835025,281
334,54,21.687615,280
334,55,4.68885400000001,279
334,56,10.936527,278
334,57,10.021679,277
334,58,15.75917,276
334,59,14.575926,275
334,60,10.768411,274
334,61,3.784725,273
334,62,19.705268,272
334,63,12.874704,271
334,64,11.425929,270
334,65,13.087293,269
334,66,15.616998,268
334,67,11.407186,267
334,68,7.10948600000001,266
334,69,11.788877,265
334,70,3.491746,264
334,71,5.55501099999999,263
334,72,10.367618,262
334,73,12.110394,261
334,74,6.862433,260
334,75,12.915097,259
334,76,18.992593,258
334,77,35.057647,257
334,78,29.795203,256
334,79,6.42962899999999,255
334,80,15.957975,254
334,81,22.455486,253
334,82,6.479799,252
334,83,7.89205700000001,251
334,84,10.945361,250
334,85,12.173829,249
334,86,14.951786,248
334,87,11.996968,247
334,88,5.705804,246
334,89,8.66474000000001,245
334,90,11.632204,244
334,91,4.99920000000001,243
334,92,5.621204,242
334,93,16.091215,241
334,94,42.421871,240
334,95,20.902253,239
334,96,12.000415,238
334,97,25.663932,237
334,98,4.947822,236
334,99,13.797225,235
334,100,25.661597,234
334,101,41.671572,233
334,102,27.524257,232
334,103,17.285547,231
334,104,33.478836,230
334,105,22.604261,229
334,106,21.8072,228
334,107,22.337896,227
334,108,35.997347,226
334,109,34.289079,225
334,110,39.934261,224
334,111,25.02535,223
334,112,5.069629,222
334,113,23.544011,221
334,114,41.373161,220
334,115,45.242125,219
334,116,46.137214,218
334,117,42.337964,217
334,118,43.48945,216
334,119,30.019665,215
334,120,25.337561,214
334,121,31.589318,213
334,122,39.117968,212
334,123,45.419803,211
334,124,17.889496,210
334,125,21.228078,209
334,126,27.309504,208
334,127,37.627436,207
334,128,44.3236735,206
334,129,38.479336,205
334,130,42.142629,204
334,131,42.661422,203
334,132,37.281197,202
334,133,33.587861,201
334,134,37.537136,200
334,135,41.634843,199
334,136,45.560879,198
334,137,34.511332,197
334,138,37.058172,196
334,139,40.845465,195
334,140,42.464865,194
334,141,49.197136,193
334,142,47.7429,192
334,143,44.361422,191
334,144,48.331222,190
334,145,53.482125,189
334,146,56.311622,188
334,147,50.910143,187
334,148,47.925122,186
334,149,49.48309,185
334,150,63.356161,184
334,151,72.832843,183
334,152,65.754322,182
334,153,51.323793,181
334,154,42.595279,180
334,155,52.438322,179
334,156,54.712672,178
334,157,56.596104,177
334,158,57.2938,176
334,159,71.409547,175
334,160,75.079125,174
334,161,67.561118,173
334,162,62.815186,172
334,163,57.024197,171
334,164,45.855814,170
334,165,42.174375,169
334,166,48.397432,168
334,167,46.952779,167
334,168,51.958943,166
334,169,60.0772,165
334,170,61.527336,164
334,171,50.369511,163
334,172,55.672661,162
334,173,64.017232,161
334,174,59.559518,160
334,175,55.096211,159
334,176,53.940129,158
334,177,60.7950549,157
334,178,59.82664,156
334,179,65.701175,155
334,180,52.145629,154
334,181,54.619732,153
334,182,62.434,152
334,183,63.871482,151
334,184,56.4372,150
334,185,65.8378796,149
334,186,67.47585,148
334,187,64.287225,147
334,188,63.848686,146
334,189,56.973243,145
334,190,59.858032,144
334,191,62.695629,143
334,192,63.536443,142
334,193,68.958668,141
334,194,65.104125,140
334,195,50.625347,139
334,196,52.890275,138
334,197,53.264972,137
334,198,55.542175,136
334,199,62.614318,135
334,200,74.856086,134
334,201,75.886197,133
334,202,80.564679,132
334,203,88.701136,131
334,204,83.335679,130
334,205,79.374329,129
334,206,73.5439799,128
334,207,62.614,127
334,208,62.792465,126
334,209,70.511343,125
334,210,77.71224,124
334,211,69.473007,123
334,212,69.911365,122
334,213,66.478197,121
334,214,63.753136,120
334,215,64.390925,119
334,216,57.993586,118
334,217,57.594854,117
334,218,57.614786,116
334,219,65.278607,115
334,220,64.101161,114
334,221,69.977479,113
334,222,60.8146,112
334,223,58.171254,111
334,224,61.174129,110
334,225,54.195718,109
334,226,50.226225,108
334,227,49.909568,107
334,228,52.525943,106
334,229,61.859397,105
334,230,55.1982,104
334,231,57.13395,103
334,232,61.834547,102
334,233,56.146668,101
334,234,49.429614,100
334,235,52.561365,99
334,236,49.13,98
334,237,54.236725,97
334,238,64.8188985,96
334,239,55.649003,95
334,240,52.755267,94
334,241,51.969861,93
334,242,52.3145,92
334,243,57.5692549,91
334,244,54.222254,90
334,245,52.830393,89
334,246,54.049611,88
334,247,57.465497,87
334,248,51.080704,86
334,249,35.473445,85
334,250,46.6183924,84
334,251,41.87447,83
334,252,49.992943,82
334,253,52.387,81
334,254,55.160168,80
334,255,55.846765,79
334,256,52.516668,78
334,257,54.310336,77
334,258,36.368304,76
334,259,29.705425,75
334,260,30.553011,74
334,261,33.106625,73
334,262,40.768972,72
334,263,42.275068,71
334,264,47.6053046,70
334,265,46.144511,69
334,266,44.5526171,68
334,267,50.8945549,67
334,268,54.0045796,66
334,269,52.423836,65
334,270,49.745729,64
334,271,47.799993,63
334,272,46.078075,62
334,273,39.374961,61
334,274,16.662546,60
334,275,8.407115,59
334,276,24.7071674,58
334,277,28.620918,57
334,278,38.679386,56
334,279,34.506268,55
334,280,45.6447921,54
334,281,45.4286546,53
334,282,45.830736,52
334,283,50.0888046,51
334,284,43.815022,50
334,285,32.515936,49
334,286,44.755307,48
334,287,35.935525,47
334,288,29.001625,46
334,289,29.497403,45
334,290,36.342793,44
334,291,42.516757,43
334,292,32.257923,42
334,293,33.420439,41
334,294,20.190304,40
334,295,29.0995671,39
334,296,28.1670485,38
334,297,32.085422,37
334,298,29.8246,36
334,299,32.452322,35
334,300,26.791215,34
334,301,3.931143,33
334,302,17.870471,32
334,303,7.85044699999999,31
334,304,17.768436,30
334,305,21.964379,29
334,306,24.5042421,28
334,307,23.205847,27
334,308,13.867257,26
334,309,7.39538199999999,25
334,310,19.6705046,24
334,311,27.781011,23
334,312,28.6958235,22
334,313,28.6791674,21
334,314,14.875097,20
334,315,3.576239,19
334,316,10.967582,18
334,317,18.607071,17
334,318,34.382996,16
334,319,34.245875,15
334,320,30.115093,14
334,321,4.09166799999999,13
334,322,12.650875,12
334,323,5.115654,11
334,324,27.584486,10
334,325,28.994118,9
334,326,26.779772,8
334,327,22.230089,7
334,328,16.145718,6
334,329,21.9590674,5
334,330,24.6632924,4
334,331,25.854518,3
334,332,35.480562,2
334,333,21.898522,1
335,1,12.711354,334
335,2,9.12927700000001,333
335,3,19.308467,332
335,4,18.025554,331
335,5,13.670886,330
335,6,19.6014676,329
335,7,17.953194,328
335,8,24.620282,327
335,9,37.906914,326
335,10,23.408203,325
335,11,23.681242,324
335,12,27.421573,323
335,13,28.617064,322
335,14,23.84302,321
335,15,12.783365,320
335,16,12.826125,319
335,17,21.068897,318
335,18,15.899811,317
335,19,1.863147,316
335,20,9.200618,315
335,21,31.074778,314
335,22,37.201256,313
335,23,32.778849,312
335,24,32.286076,311
335,25,16.708454,310
335,26,20.230464,309
335,27,20.001607,308
335,28,18.825036,307
335,29,19.025331,306
335,30,18.0785518,305
335,31,20.104322,304
335,32,21.838915,303
335,33,10.6286,302
335,34,23.010198,301
335,35,17.730423,300
335,36,13.332693,299
335,37,7.332436,298
335,38,11.9926299,297
335,39,25.596264,296
335,40,26.289023,295
335,41,23.519959,294
335,42,21.284486,293
335,43,12.014997,292
335,44,5.512425,291
335,45,27.16865,290
335,46,12.463472,289
335,47,3.716311,288
335,48,19.131982,287
335,49,33.963739,286
335,50,32.126935,285
335,51,4.439759,284
335,52,9.096946,283
335,53,19.567975,282
335,54,17.420565,281
335,55,4.487096,280
335,56,15.203577,279
335,57,5.754629,278
335,58,13.19222,277
335,59,18.842976,276
335,60,6.501361,275
335,61,8.051775,274
335,62,16.188082,273
335,63,8.607654,272
335,64,13.108521,271
335,65,17.354343,270
335,66,18.183948,269
335,67,7.140136,268
335,68,2.842436,267
335,69,14.812273,266
335,70,0.941503999999998,265
335,71,3.07073899999999,264
335,72,14.560432,263
335,73,9.54344400000001,262
335,74,4.295483,261
335,75,10.348147,260
335,76,16.425643,259
335,77,33.945803,258
335,78,34.062253,257
335,79,3.862679,256
335,80,20.225025,255
335,81,20.637864,254
335,82,5.802651,253
335,83,6.791293,252
335,84,8.094289,251
335,85,7.906779,250
335,86,10.684736,249
335,87,7.72991799999999,248
335,88,2.355046,247
335,89,4.39769,246
335,90,7.365154,245
335,91,5.89785,244
335,92,3.054254,243
335,93,13.524265,242
335,94,46.688921,241
335,95,25.169303,240
335,96,15.182735,239
335,97,23.096982,238
335,98,3.29662800000001,237
335,99,11.230275,236
335,100,23.094647,235
335,101,45.938622,234
335,102,31.791307,233
335,103,18.800103,232
335,104,30.911886,231
335,105,20.870389,230
335,106,26.07425,229
335,107,26.604946,228
335,108,33.430397,227
335,109,31.722129,226
335,110,40.284089,225
335,111,29.2924,224
335,112,2.502679,223
335,113,22.393039,222
335,114,38.806211,221
335,115,42.675175,220
335,116,50.404264,219
335,117,46.605014,218
335,118,47.7565,217
335,119,30.119985,216
335,120,24.769489,215
335,121,29.022368,214
335,122,36.551018,213
335,123,49.686853,212
335,124,22.156546,211
335,125,25.495128,210
335,126,25.826346,209
335,127,35.060486,208
335,128,41.7567235,207
335,129,35.912386,206
335,130,39.575679,205
335,131,40.094472,204
335,132,34.714247,203
335,133,31.020911,202
335,134,34.970186,201
335,135,39.067893,200
335,136,42.993929,199
335,137,38.778382,198
335,138,34.491222,197
335,139,38.278515,196
335,140,39.897915,195
335,141,46.630186,194
335,142,45.17595,193
335,143,43.628128,192
335,144,45.764272,191
335,145,50.915175,190
335,146,53.744672,189
335,147,51.093007,188
335,148,46.689328,187
335,149,46.91614,186
335,150,60.789211,185
335,151,70.265893,184
335,152,63.187372,183
335,153,55.590843,182
335,154,44.445371,181
335,155,49.871372,180
335,156,52.145722,179
335,157,54.029154,178
335,158,54.72685,177
335,159,68.842597,176
335,160,72.512175,175
335,161,64.994168,174
335,162,60.248236,173
335,163,54.457247,172
335,164,50.122864,171
335,165,46.190175,170
335,166,45.830482,169
335,167,44.385829,168
335,168,49.391993,167
335,169,57.51025,166
335,170,58.960386,165
335,171,47.802561,164
335,172,53.105711,163
335,173,61.450282,162
335,174,59.491132,161
335,175,52.779439,160
335,176,51.373179,159
335,177,58.2281049,158
335,178,57.25969,157
335,179,63.134225,156
335,180,55.161521,155
335,181,52.052782,154
335,182,59.86705,153
335,183,61.304532,152
335,184,55.03605,151
335,185,63.2709296,150
335,186,64.9089,149
335,187,61.720275,148
335,188,61.281736,147
335,189,55.072407,146
335,190,57.291082,145
335,191,60.128679,144
335,192,67.803493,143
335,193,66.391718,142
335,194,62.537175,141
335,195,50.806603,140
335,196,50.323325,139
335,197,50.698022,138
335,198,56.308475,137
335,199,60.047368,136
335,200,72.289136,135
335,201,73.319247,134
335,202,78.247371,133
335,203,86.134186,132
335,204,80.768729,131
335,205,76.807379,130
335,206,70.9770299,129
335,207,60.04705,128
335,208,60.225515,127
335,209,67.944393,126
335,210,75.14529,125
335,211,66.906057,124
335,212,67.344415,123
335,213,63.911247,122
335,214,61.186186,121
335,215,61.823975,120
335,216,55.426636,119
335,217,55.027904,118
335,218,56.132164,117
335,219,62.711657,116
335,220,61.534211,115
335,221,67.410529,114
335,222,58.24765,113
335,223,55.604304,112
335,224,58.607179,111
335,225,51.628768,110
335,226,47.990925,109
335,227,47.342618,108
335,228,52.125907,107
335,229,59.292447,106
335,230,54.37995,105
335,231,54.567,104
335,232,59.267597,103
335,233,57.411582,102
335,234,53.696664,101
335,235,49.994415,100
335,236,50.97835,99
335,237,51.669775,98
335,238,62.2519485,97
335,239,59.916053,96
335,240,57.022317,95
335,241,49.402911,94
335,242,49.74755,93
335,243,55.0023049,92
335,244,51.655304,91
335,245,50.263443,90
335,246,51.482661,89
335,247,54.898547,88
335,248,48.513754,87
335,249,39.740495,86
335,250,44.0514424,85
335,251,39.30752,84
335,252,47.425993,83
335,253,49.82005,82
335,254,52.593218,81
335,255,53.279815,80
335,256,49.949718,79
335,257,51.743386,78
335,258,40.633746,77
335,259,27.138475,76
335,260,27.986061,75
335,261,30.539675,74
335,262,38.202022,73
335,263,39.708118,72
335,264,45.0383546,71
335,265,43.577561,70
335,266,41.9856671,69
335,267,48.3276049,68
335,268,51.4376296,67
335,269,49.856886,66
335,270,47.178779,65
335,271,45.233043,64
335,272,43.511125,63
335,273,36.808011,62
335,274,20.929596,61
335,275,6.088735,60
335,276,22.1402174,59
335,277,26.053968,58
335,278,36.112436,57
335,279,31.939318,56
335,280,43.0778421,55
335,281,42.8617046,54
335,282,43.263786,53
335,283,47.5218546,52
335,284,41.248072,51
335,285,33.699914,50
335,286,42.188357,49
335,287,33.867725,48
335,288,31.516625,47
335,289,33.764453,46
335,290,33.775843,45
335,291,39.949807,44
335,292,32.797227,43
335,293,37.687489,42
335,294,17.789246,41
335,295,26.5326171,40
335,296,25.6000985,39
335,297,29.518472,38
335,298,27.25765,37
335,299,29.885372,36
335,300,24.224265,35
335,301,2.613207,34
335,302,20.437421,33
335,303,5.283497,32
335,304,15.201486,31
335,305,19.397429,30
335,306,21.9372921,29
335,307,20.638897,28
335,308,18.134307,27
335,309,4.828432,26
335,310,17.1035546,25
335,311,25.214061,24
335,312,26.1288735,23
335,313,26.1122174,22
335,314,12.308147,21
335,315,6.522089,20
335,316,8.400632,19
335,317,22.874121,18
335,318,38.650046,17
335,319,31.678925,16
335,320,27.548143,15
335,321,8.358718,14
335,322,8.383825,13
335,323,3.12999600000001,12
335,324,25.017536,11
335,325,26.427168,10
335,326,24.212822,9
335,327,26.497139,8
335,328,13.578768,7
335,329,19.3921174,6
335,330,22.0963424,5
335,331,23.287568,4
335,332,32.913612,3
335,333,24.414728,2
335,334,4.26705000000001,1
336,1,8.828164,335
336,2,13.247495,334
336,3,31.190385,333
336,4,21.885964,332
336,5,21.096232,331
336,6,15.4832496,330
336,7,22.943224,329
336,8,36.5022,328
336,9,49.788832,327
336,10,35.290121,326
336,11,22.427676,325
336,12,39.303491,324
336,13,40.498982,323
336,14,23.181198,322
336,15,16.331153,321
336,16,20.456893,320
336,17,29.447921,319
336,18,17.948407,318
336,19,12.158371,317
336,20,17.8325,316
336,21,42.956696,315
336,22,42.625982,314
336,23,44.660767,313
336,24,35.883042,312
336,25,16.481864,311
336,26,32.112382,310
336,27,17.636511,309
336,28,17.727982,308
336,29,20.884987,307
336,30,13.9603338,306
336,31,27.568796,305
336,32,17.720697,304
336,33,22.510518,303
336,34,34.892116,302
336,35,17.241595,301
336,36,17.298025,300
336,37,8.71438199999999,299
336,38,7.87441189999999,298
336,39,37.478182,297
336,40,33.974195,296
336,41,35.401877,295
336,42,18.210932,294
336,43,21.646921,293
336,44,11.826643,292
336,45,31.286868,291
336,46,24.34539,290
336,47,12.404429,289
336,48,23.2502,288
336,49,38.081957,287
336,50,36.245153,286
336,51,16.321677,285
336,52,20.978864,284
336,53,28.170243,283
336,54,13.302347,282
336,55,16.369014,281
336,56,19.321795,280
336,57,13.135889,279
336,58,4.59249800000001,278
336,59,22.961194,277
336,60,17.883057,276
336,61,15.578593,275
336,62,28.07,274
336,63,18.236764,273
336,64,17.226739,272
336,65,21.472561,271
336,66,30.065866,270
336,67,5.68798199999999,269
336,68,14.723282,268
336,69,18.930491,267
336,70,12.823422,266
336,71,8.893857,265
336,72,18.67865,264
336,73,2.50857400000001,263
336,74,7.58643499999999,262
336,75,12.182871,261
336,76,19.126275,260
336,77,38.064021,259
336,78,38.180471,258
336,79,8.019239,257
336,80,24.343243,256
336,81,24.756082,255
336,82,9.92086900000001,254
336,83,18.673211,253
336,84,19.976207,252
336,85,18.370039,251
336,86,17.761682,250
336,87,18.546,249
336,88,14.236964,248
336,89,9.94542799999999,247
336,90,18.910464,246
336,91,17.779768,245
336,92,8.82766399999999,244
336,93,12.557853,243
336,94,50.807139,242
336,95,29.287521,241
336,96,19.300953,240
336,97,19.463836,239
336,98,9.50104599999999,238
336,99,3.68044300000001,237
336,100,17.378471,236
336,101,50.05684,235
336,102,35.909525,234
336,103,22.918321,233
336,104,20.362732,232
336,105,24.988607,231
336,106,30.192468,230
336,107,30.723164,229
336,108,29.965421,228
336,109,27.507289,227
336,110,44.402307,226
336,111,33.410618,225
336,112,9.37923899999999,224
336,113,26.511257,223
336,114,39.174707,222
336,115,42.126843,221
336,116,54.522482,220
336,117,50.723232,219
336,118,51.874718,218
336,119,34.238203,217
336,120,28.887707,216
336,121,17.89085,215
336,122,35.7509,214
336,123,53.805071,213
336,124,26.274764,212
336,125,29.613346,211
336,126,29.944564,210
336,127,31.177832,209
336,128,29.8748055,208
336,129,34.113432,207
336,130,29.692639,206
336,131,30.877546,205
336,132,34.746671,204
336,133,29.721107,203
336,134,27.670532,202
336,135,34.184125,201
336,136,34.611689,200
336,137,42.8966,199
336,138,36.108196,198
336,139,27.396103,197
336,140,31.266703,196
336,141,37.414332,195
336,142,39.626068,194
336,143,47.746346,193
336,144,48.131646,192
336,145,46.199443,191
336,146,55.113746,190
336,147,55.211225,189
336,148,50.807546,188
336,149,50.200878,187
336,150,52.990407,186
336,151,59.801025,185
336,152,65.554746,184
336,153,59.709061,183
336,154,48.563589,182
336,155,40.989446,181
336,156,45.347496,180
336,157,44.980264,179
336,158,54.510168,178
336,159,61.793121,177
336,160,67.213543,176
336,161,58.44545,175
336,162,55.615182,174
336,163,50.992271,173
336,164,54.241082,172
336,165,50.308393,171
336,166,42.947736,170
336,167,46.669989,169
336,168,43.174925,168
336,169,48.127968,167
336,170,47.245432,166
336,171,43.253257,165
336,172,50.640107,164
336,173,59.150436,163
336,174,63.60935,162
336,175,56.897657,161
336,176,54.072739,160
336,177,46.3461869,159
336,178,46.293528,158
336,179,57.085193,157
336,180,59.279739,156
336,181,51.501636,155
336,182,48.233568,154
336,183,51.339886,153
336,184,59.154268,152
336,185,51.3890116,151
336,186,56.444518,150
336,187,56.421643,149
336,188,57.231582,148
336,189,59.190625,147
336,190,54.408336,146
336,191,59.330839,145
336,192,71.921711,144
336,193,67.8428,143
336,194,56.736043,142
336,195,54.924821,141
336,196,49.439993,140
336,197,53.232896,139
336,198,60.426693,138
336,199,63.58215,137
336,200,64.406582,136
336,201,63.187771,135
336,202,82.365589,134
336,203,78.586632,133
336,204,72.969389,132
336,205,74.093339,131
336,206,59.0951119,130
336,207,61.498668,129
336,208,59.426603,128
336,209,66.477625,127
336,210,73.096828,126
336,211,64.107061,125
336,212,64.046403,124
336,213,59.528371,123
336,214,63.387132,122
336,215,54.609143,121
336,216,56.461782,120
336,217,54.394214,119
336,218,60.250382,118
336,219,64.327961,117
336,220,61.902707,116
336,221,62.277789,115
336,222,59.699268,114
336,223,52.304014,113
336,224,50.057439,112
336,225,54.58065,111
336,226,52.109143,110
336,227,49.9595,109
336,228,56.244125,108
336,229,53.160871,107
336,230,58.498168,106
336,231,47.851318,105
336,232,47.883221,104
336,233,61.5298,103
336,234,57.814882,102
336,235,44.277703,101
336,236,55.096568,100
336,237,54.538443,99
336,238,50.3700305,98
336,239,64.034271,97
336,240,61.140535,96
336,241,45.436507,95
336,242,41.115668,94
336,243,43.1203869,93
336,244,45.273014,92
336,245,43.630975,91
336,246,50.933257,90
336,247,57.182171,89
336,248,51.632064,88
336,249,43.858713,87
336,250,32.1695244,86
336,251,39.752798,85
336,252,38.709825,84
336,253,45.020568,83
336,254,42.6275,82
336,255,41.397897,81
336,256,43.5685,80
336,257,48.778632,79
336,258,44.751964,78
336,259,23.756043,77
336,260,28.019557,76
336,261,29.073443,75
336,262,33.152496,74
336,263,32.409,73
336,264,33.1564366,72
336,265,35.363357,71
336,266,30.1037491,70
336,267,36.4456869,69
336,268,39.5557116,68
336,269,39.307732,67
336,270,37.630739,66
336,271,39.766375,65
336,272,41.294493,64
336,273,39.092707,63
336,274,25.047814,62
336,275,10.206953,61
336,276,10.2582994,60
336,277,28.25545,59
336,278,34.480982,58
336,279,24.6402,57
336,280,31.1959241,56
336,281,30.9797866,55
336,282,31.381868,54
336,283,35.6399366,53
336,284,35.032746,52
336,285,37.818132,51
336,286,35.804861,50
336,287,37.985943,49
336,288,35.634843,48
336,289,37.882671,47
336,290,31.893675,46
336,291,29.318511,45
336,292,36.915445,44
336,293,41.805707,43
336,294,21.907464,42
336,295,14.6506991,41
336,296,13.7181805,40
336,297,20.053646,39
336,298,24.206868,38
336,299,24.420446,37
336,300,25.341553,36
336,301,10.517725,35
336,302,32.319339,34
336,303,6.598421,33
336,304,4.06943200000001,32
336,305,12.180989,31
336,306,10.0553741,30
336,307,13.589421,29
336,308,22.252525,28
336,309,7.053486,27
336,310,5.22163660000001,26
336,311,13.332143,25
336,312,14.2469555,24
336,313,14.2302994,23
336,314,12.260171,22
336,315,18.025107,21
336,316,11.433986,20
336,317,26.992339,19
336,318,42.768264,18
336,319,33.046793,17
336,320,20.500275,16
336,321,14.940536,15
336,322,13.347993,14
336,323,9.33321399999999,13
336,324,24.551882,12
336,325,19.54345,11
336,326,14.747996,10
336,327,30.615357,9
336,328,10.61455,8
336,329,7.5101994,7
336,330,10.2144244,6
336,331,25.90445,5
336,332,26.575006,4
336,333,28.532946,3
336,334,14.448868,2
336,335,11.881918,1
337,1,12.2855509,336
337,2,16.7048819,335
337,3,28.3990719,334
337,4,19.0946509,333
337,5,18.3049189,332
337,6,12.0258627,331
337,7,20.1519109,330
337,8,33.7108869,329
337,9,46.9975189,328
337,10,32.4988079,327
337,11,19.6363629,326
337,12,36.5121779,325
337,13,37.7076689,324
337,14,20.3898849,323
337,15,13.5398399,322
337,16,17.6655799,321
337,17,26.6566079,320
337,18,15.1570939,319
337,19,9.36705789999999,318
337,20,15.0411869,317
337,21,40.1653829,316
337,22,39.8346689,315
337,23,41.8694539,314
337,24,33.0917289,313
337,25,13.6905509,312
337,26,29.3210689,311
337,27,14.8451979,310
337,28,14.9366689,309
337,29,18.0936739,308
337,30,10.5029469,307
337,31,24.7774829,306
337,32,14.2633101,305
337,33,19.7192049,304
337,34,32.1008029,303
337,35,14.4502819,302
337,36,14.5067119,301
337,37,5.9230689,300
337,38,4.417025,299
337,39,34.6868689,298
337,40,31.1828819,297
337,41,32.6105639,296
337,42,15.4196189,295
337,43,18.8556079,294
337,44,13.0880299,293
337,45,34.7442549,292
337,46,21.5540769,291
337,47,11.2919159,290
337,48,26.7075869,289
337,49,41.5393439,288
337,50,39.7025399,287
337,51,13.5303639,286
337,52,18.1875509,285
337,53,25.3789299,284
337,54,9.8449601,283
337,55,13.5777009,282
337,56,22.7791819,281
337,57,10.3445759,280
337,58,8.0498849,279
337,59,26.4185809,278
337,60,15.0917439,277
337,61,15.6273799,276
337,62,25.2786869,275
337,63,15.4454509,274
337,64,20.6841259,273
337,65,24.9299479,272
337,66,27.2745529,271
337,67,2.89666889999999,270
337,68,11.9319689,269
337,69,22.3878779,268
337,70,10.0321089,267
337,71,10.6463439,266
337,72,22.1360369,265
337,73,5.96596090000001,264
337,74,7.06732190000001,263
337,75,15.6402579,262
337,76,22.5836619,261
337,77,41.5214079,260
337,78,41.6378579,259
337,79,9.7717259,258
337,80,27.8006299,257
337,81,28.2134689,256
337,82,13.3782559,255
337,83,15.8818979,254
337,84,17.1848939,253
337,85,15.5787259,252
337,86,14.9703689,251
337,87,15.7546869,250
337,88,11.4456509,249
337,89,7.1541149,248
337,90,16.1191509,247
337,91,14.9884549,246
337,92,7.5462509,245
337,93,16.0152399,244
337,94,54.2645259,243
337,95,32.7449079,242
337,96,22.7583399,241
337,97,22.9212229,240
337,98,10.8722329,239
337,99,7.13782990000001,238
337,100,20.8358579,237
337,101,53.5142269,236
337,102,39.3669119,235
337,103,26.3757079,234
337,104,23.8201189,233
337,105,28.4459939,232
337,106,33.6498549,231
337,107,34.1805509,230
337,108,33.4228079,229
337,109,30.9646759,228
337,110,47.8596939,227
337,111,36.8680049,226
337,112,9.9929259,225
337,113,29.9686439,224
337,114,42.6320939,223
337,115,45.5842299,222
337,116,57.9798689,221
337,117,54.1806189,220
337,118,55.3321049,219
337,119,37.6955899,218
337,120,32.3450939,217
337,121,21.3482369,216
337,122,39.2082869,215
337,123,57.2624579,214
337,124,29.7321509,213
337,125,33.0707329,212
337,126,33.4019509,211
337,127,34.6352189,210
337,128,32.6661186,209
337,129,37.5708189,208
337,130,33.1500259,207
337,131,34.3349329,206
337,132,38.2040579,205
337,133,33.1784939,204
337,134,31.1279189,203
337,135,37.6415119,202
337,136,38.0690759,201
337,137,46.3539869,200
337,138,39.5655829,199
337,139,30.8534899,198
337,140,34.7240899,197
337,141,40.8717189,196
337,142,43.0834549,195
337,143,51.2037329,194
337,144,51.5890329,193
337,145,49.6568299,192
337,146,58.5711329,191
337,147,58.6686119,190
337,148,54.2649329,189
337,149,53.6582649,188
337,150,56.4477939,187
337,151,63.2584119,186
337,152,69.0121329,185
337,153,63.1664479,184
337,154,52.0209759,183
337,155,44.4468329,182
337,156,48.8048829,181
337,157,48.4376509,180
337,158,57.9675549,179
337,159,65.2505079,178
337,160,70.6709299,177
337,161,61.9028369,176
337,162,59.0725689,175
337,163,54.4496579,174
337,164,57.6984689,173
337,165,53.7657799,172
337,166,46.4051229,171
337,167,50.1273759,170
337,168,46.6323119,169
337,169,51.5853549,168
337,170,50.7028189,167
337,171,46.7106439,166
337,172,54.0974939,165
337,173,62.6078229,164
337,174,67.0667369,163
337,175,60.3550439,162
337,176,57.5301259,161
337,177,49.1375,160
337,178,49.7509149,159
337,179,60.5425799,158
337,180,62.7371259,157
337,181,54.9590229,156
337,182,51.6909549,155
337,183,54.7972729,154
337,184,62.6116549,153
337,185,54.1803247,152
337,186,59.9019049,151
337,187,59.8790299,150
337,188,60.6889689,149
337,189,62.6480119,148
337,190,57.8657229,147
337,191,62.7882259,146
337,192,75.3790979,145
337,193,71.3001869,144
337,194,60.1934299,143
337,195,58.3822079,142
337,196,52.8973799,141
337,197,56.6902829,140
337,198,63.8840799,139
337,199,67.0395369,138
337,200,67.8639689,137
337,201,66.6451579,136
337,202,85.8229759,135
337,203,82.0440189,134
337,204,76.4267759,133
337,205,77.5507259,132
337,206,61.886425,131
337,207,64.9560549,130
337,208,62.8839899,129
337,209,69.9350119,128
337,210,76.5542149,127
337,211,67.5644479,126
337,212,67.5037899,125
337,213,62.9857579,124
337,214,66.8445189,123
337,215,58.0665299,122
337,216,59.9191689,121
337,217,57.8516009,120
337,218,63.7077689,119
337,219,67.7853479,118
337,220,65.3600939,117
337,221,65.7351759,116
337,222,63.1566549,115
337,223,55.7614009,114
337,224,53.5148259,113
337,225,58.0380369,112
337,226,55.5665299,111
337,227,53.4168869,110
337,228,59.7015119,109
337,229,56.6182579,108
337,230,61.9555549,107
337,231,51.3087049,106
337,232,51.3406079,105
337,233,64.9871869,104
337,234,61.2722689,103
337,235,47.7350899,102
337,236,58.5539549,101
337,237,57.9958299,100
337,238,53.1613436,99
337,239,67.4916579,98
337,240,64.5979219,97
337,241,48.8938939,96
337,242,44.5730549,95
337,243,45.9117,94
337,244,48.7304009,93
337,245,47.0883619,92
337,246,54.3906439,91
337,247,60.6395579,90
337,248,55.0894509,89
337,249,47.3160999,88
337,250,35.1266625,87
337,251,43.2101849,86
337,252,42.1672119,85
337,253,48.4779549,84
337,254,46.0848869,83
337,255,44.1892101,82
337,256,47.0258869,81
337,257,52.2360189,80
337,258,48.2093509,79
337,259,27.2134299,78
337,260,31.4769439,77
337,261,32.5308299,76
337,262,36.6098829,75
337,263,35.8663869,74
337,264,36.0309503,73
337,265,38.8207439,72
337,266,32.8950622,71
337,267,39.237,70
337,268,42.3470247,69
337,269,42.7651189,68
337,270,41.0881259,67
337,271,43.2237619,66
337,272,44.7518799,65
337,273,42.5500939,64
337,274,28.5052009,63
337,275,13.6643399,62
337,276,13.0496125,61
337,277,31.7128369,60
337,278,37.9383689,59
337,279,28.0975869,58
337,280,33.9872372,57
337,281,33.7710997,56
337,282,34.1731811,55
337,283,38.4312497,54
337,284,38.4901329,53
337,285,41.2755189,52
337,286,39.2622479,51
337,287,41.4433299,50
337,288,39.0922299,49
337,289,41.3400579,48
337,290,35.3510619,47
337,291,32.7758979,46
337,292,40.3728319,45
337,293,45.2630939,44
337,294,25.3648509,43
337,295,17.4420122,42
337,296,17.0092064,41
337,297,23.5110329,40
337,298,27.6642549,39
337,299,27.8778329,38
337,300,28.7989399,37
337,301,10.1888119,36
337,302,29.5280259,35
337,303,7.0246079,34
337,304,7.52681890000001,33
337,305,15.6383759,32
337,306,12.8466872,31
337,307,17.0468079,30
337,308,25.7099119,29
337,309,8.2371729,28
337,310,8.01294970000001,27
337,311,16.1234561,26
337,312,17.0382686,25
337,313,17.0216125,24
337,314,15.7175579,23
337,315,15.2337939,22
337,316,14.8913729,21
337,317,30.4497259,20
337,318,46.2256509,19
337,319,36.5041799,18
337,320,23.9576619,17
337,321,15.9343229,16
337,322,10.5566799,15
337,323,10.7056009,14
337,324,28.0092689,13
337,325,23.0008369,12
337,326,18.2053829,11
337,327,34.0727439,10
337,328,14.0719369,9
337,329,10.7185875,8
337,330,13.0057375,7
337,331,29.3618369,6
337,332,30.0323929,5
337,333,31.9903329,4
337,334,11.8426549,3
337,335,9.0906049,2
337,336,3.4573869,1
338,1,7.30342589999999,337
338,2,11.7227569,336
338,3,34.9657469,335
338,4,25.6613259,334
338,5,24.8715939,333
338,6,17.7593123,332
338,7,26.7185859,331
338,8,40.2775619,330
338,9,53.5641939,329
338,10,39.0654829,328
338,11,26.2030379,327
338,12,43.0788529,326
338,13,44.2743439,325
338,14,26.9565599,324
338,15,20.1065149,323
338,16,24.2322549,322
338,17,33.2232829,321
338,18,21.7237689,320
338,19,15.9337329,319
338,20,21.6078619,318
338,21,46.7320579,317
338,22,46.4013439,316
338,23,48.4361289,315
338,24,39.6584039,314
338,25,20.2572259,313
338,26,35.8877439,312
338,27,21.4118729,311
338,28,21.5033439,310
338,29,24.6603489,309
338,30,15.4850719,308
338,31,31.3441579,307
338,32,19.2454351,306
338,33,26.2858799,305
338,34,38.6674779,304
338,35,21.0169569,303
338,36,21.0733869,302
338,37,12.4897439,301
338,38,9.39915000000001,300
338,39,41.2535439,299
338,40,37.7495569,298
338,41,39.1772389,297
338,42,21.9862939,296
338,43,25.4222829,295
338,44,15.6020049,294
338,45,29.7621299,293
338,46,28.1207519,292
338,47,16.1797909,291
338,48,21.7254619,290
338,49,36.5572189,289
338,50,34.7204149,288
338,51,20.0970389,287
338,52,24.7542259,286
338,53,31.9456049,285
338,54,16.1878149,284
338,55,20.1443759,283
338,56,17.7970569,282
338,57,16.9112509,281
338,58,3.0677599,280
338,59,21.4364559,279
338,60,21.6584189,278
338,61,19.3539549,277
338,62,31.8453619,276
338,63,22.0121259,275
338,64,15.7020009,274
338,65,19.9478229,273
338,66,33.8412279,272
338,67,9.4633439,271
338,68,18.4986439,270
338,69,17.4057529,269
338,70,16.5987839,268
338,71,12.6692189,267
338,72,17.1539119,266
338,73,6.1138359,265
338,74,11.3617969,264
338,75,10.6581329,263
338,76,17.6015369,262
338,77,36.5392829,261
338,78,36.6557329,260
338,79,11.7946009,259
338,80,22.8185049,258
338,81,23.2313439,257
338,82,11.7444309,256
338,83,22.4485729,255
338,84,23.7515689,254
338,85,22.1454009,253
338,86,21.5370439,252
338,87,22.3213619,251
338,88,18.0123259,250
338,89,13.7207899,249
338,90,22.6858259,248
338,91,21.5551299,247
338,92,12.6030259,246
338,93,11.0331149,245
338,94,49.2824009,244
338,95,27.7627829,243
338,96,17.7762149,242
338,97,17.9390979,241
338,98,13.2764079,240
338,99,4.4270049,239
338,100,15.8537329,238
338,101,48.5321019,237
338,102,34.3847869,236
338,103,21.3935829,235
338,104,18.8379939,234
338,105,23.4638689,233
338,106,28.6677299,232
338,107,29.1984259,231
338,108,28.4406829,230
338,109,25.9825509,229
338,110,42.8775689,228
338,111,31.8858799,227
338,112,13.1546009,226
338,113,24.9865189,225
338,114,37.6499689,224
338,115,40.6021049,223
338,116,52.9977439,222
338,117,49.1984939,221
338,118,50.3499799,220
338,119,32.7134649,219
338,120,27.3629689,218
338,121,16.3661119,217
338,122,34.2261619,216
338,123,52.2803329,215
338,124,24.7500259,214
338,125,28.0886079,213
338,126,28.4198259,212
338,127,29.6530939,211
338,128,26.0994436,210
338,129,32.5886939,209
338,130,28.1679009,208
338,131,29.3528079,207
338,132,33.2219329,206
338,133,28.1963689,205
338,134,26.1457939,204
338,135,32.6593869,203
338,136,33.0869509,202
338,137,41.3718619,201
338,138,34.5834579,200
338,139,25.8713649,199
338,140,29.7419649,198
338,141,35.8895939,197
338,142,38.1013299,196
338,143,46.2216079,195
338,144,46.6069079,194
338,145,44.6747049,193
338,146,53.5890079,192
338,147,53.6864869,191
338,148,49.2828079,190
338,149,48.6761399,189
338,150,51.4656689,188
338,151,58.2762869,187
338,152,64.0300079,186
338,153,58.1843229,185
338,154,47.0388509,184
338,155,39.4647079,183
338,156,43.8227579,182
338,157,43.4555259,181
338,158,52.9854299,180
338,159,60.2683829,179
338,160,65.6888049,178
338,161,56.9207119,177
338,162,54.0904439,176
338,163,49.4675329,175
338,164,52.7163439,174
338,165,48.7836549,173
338,166,41.4229979,172
338,167,45.1452509,171
338,168,41.6501869,170
338,169,46.6032299,169
338,170,45.7206939,168
338,171,41.7285189,167
338,172,49.1153689,166
338,173,57.6256979,165
338,174,62.0846119,164
338,175,55.3729189,163
338,176,52.5480009,162
338,177,43.987875,161
338,178,44.7687899,160
338,179,55.5604549,159
338,180,57.7550009,158
338,181,49.9768979,157
338,182,46.7088299,156
338,183,49.8151479,155
338,184,57.6295299,154
338,185,47.6136497,153
338,186,54.9197799,152
338,187,54.8969049,151
338,188,55.7068439,150
338,189,57.6658869,149
338,190,52.8835979,148
338,191,57.8061009,147
338,192,70.3969729,146
338,193,66.3180619,145
338,194,55.2113049,144
338,195,53.4000829,143
338,196,47.9152549,142
338,197,51.7081579,141
338,198,58.9019549,140
338,199,62.0574119,139
338,200,62.8818439,138
338,201,61.6630329,137
338,202,80.8408509,136
338,203,77.0618939,135
338,204,71.4446509,134
338,205,72.5686009,133
338,206,56.23765,132
338,207,59.9739299,131
338,208,57.9018649,130
338,209,64.9528869,129
338,210,71.5720899,128
338,211,62.5823229,127
338,212,62.5216649,126
338,213,58.0036329,125
338,214,61.8623939,124
338,215,53.0844049,123
338,216,54.9370439,122
338,217,52.8694759,121
338,218,58.7256439,120
338,219,62.8032229,119
338,220,60.3779689,118
338,221,60.7530509,117
338,222,58.1745299,116
338,223,50.7792759,115
338,224,48.5327009,114
338,225,53.0559119,113
338,226,50.5844049,112
338,227,48.4347619,111
338,228,54.7193869,110
338,229,51.6361329,109
338,230,56.9734299,108
338,231,46.3265799,107
338,232,46.3584829,106
338,233,60.0050619,105
338,234,56.2901439,104
338,235,42.7529649,103
338,236,53.5718299,102
338,237,53.0137049,101
338,238,46.5952314,100
338,239,62.5095329,99
338,240,59.6157969,98
338,241,43.9117689,97
338,242,39.5909299,96
338,243,39.345025,95
338,244,43.7482759,94
338,245,42.1062369,93
338,246,49.4085189,92
338,247,55.6574329,91
338,248,50.1073259,90
338,249,42.3339749,89
338,250,30.1445375,88
338,251,38.2280599,87
338,252,37.1850869,86
338,253,43.4958299,85
338,254,41.1027619,84
338,255,38.2864649,83
338,256,42.0437619,82
338,257,47.2538939,81
338,258,43.2272259,80
338,259,22.2313049,79
338,260,26.4948189,78
338,261,27.5487049,77
338,262,31.6277579,76
338,263,30.8842619,75
338,264,31.0488253,74
338,265,33.8386189,73
338,266,26.3283872,72
338,267,32.670325,71
338,268,35.7803497,70
338,269,37.7829939,69
338,270,36.1060009,68
338,271,38.2416369,67
338,272,39.7697549,66
338,273,37.5679689,65
338,274,23.5230759,64
338,275,9.8171149,63
338,276,6.48293749999999,62
338,277,26.7307119,61
338,278,32.9562439,60
338,279,23.1154619,59
338,280,27.4205622,58
338,281,27.2044247,57
338,282,27.6065061,56
338,283,31.8645747,55
338,284,33.5080079,54
338,285,36.2933939,53
338,286,34.2801229,52
338,287,36.4612049,51
338,288,34.1101049,50
338,289,36.3579329,49
338,290,30.3689369,48
338,291,27.7937729,47
338,292,35.3907069,46
338,293,40.2809689,45
338,294,20.3827259,44
338,295,12.0422628,43
338,296,12.0270814,42
338,297,18.5289079,41
338,298,22.6821299,40
338,299,22.8957079,39
338,300,23.8168149,38
338,301,14.2930869,37
338,302,36.0947009,36
338,303,10.3737829,35
338,304,2.5446939,34
338,305,10.6562509,33
338,306,6.2800122,32
338,307,12.0646829,31
338,308,20.7277869,30
338,309,10.8288479,29
338,310,2.5311253,28
338,311,9.55678109999999,27
338,312,10.4715936,26
338,313,10.4549375,25
338,314,10.7354329,24
338,315,21.8004689,23
338,316,9.90924789999999,22
338,317,25.4676009,21
338,318,41.2435259,20
338,319,31.5220549,19
338,320,18.9755369,18
338,321,18.7158979,17
338,322,17.1233549,16
338,323,13.1085759,15
338,324,23.0271439,14
338,325,18.0187119,13
338,326,13.2232579,12
338,327,29.0906189,11
338,328,9.0898119,10
338,329,5.73646249999999,9
338,330,6.4390625,8
338,331,24.3797119,7
338,332,25.0502679,6
338,333,27.0082079,5
338,334,18.2242299,4
338,335,15.6572799,3
338,336,3.77536190000001,2
338,337,6.56667500000001,1
339,1,11.1269259,338
339,2,18.5120569,337
339,3,43.1467469,336
339,4,33.8423259,335
339,5,33.0525939,334
339,6,25.9403123,333
339,7,34.8995859,332
339,8,48.4585619,331
339,9,61.7451939,330
339,10,47.2464829,329
339,11,34.3840379,328
339,12,51.2598529,327
339,13,52.4553439,326
339,14,35.1375599,325
339,15,28.2875149,324
339,16,32.4132549,323
339,17,41.4042829,322
339,18,29.9047689,321
339,19,24.1147329,320
339,20,29.7888619,319
339,21,54.9130579,318
339,22,54.5823439,317
339,23,56.6171289,316
339,24,47.8394039,315
339,25,28.4382259,314
339,26,44.0687439,313
339,27,29.5928729,312
339,28,29.6843439,311
339,29,32.8413489,310
339,30,22.3293281,309
339,31,39.5251579,308
339,32,24.5119351,307
339,33,34.4668799,306
339,34,46.8484779,305
339,35,29.1979569,304
339,36,29.2543869,303
339,37,20.6707439,302
339,38,14.66565,301
339,39,49.4345439,300
339,40,45.9305569,299
339,41,47.3582389,298
339,42,30.1672939,297
339,43,33.6032829,296
339,44,23.7830049,295
339,45,24.4956299,294
339,46,36.3017519,293
339,47,24.3607909,292
339,48,16.4589619,291
339,49,31.2907189,290
339,50,30.2102149,289
339,51,28.2780389,288
339,52,32.9352259,287
339,53,40.1266049,286
339,54,24.3688149,285
339,55,28.3253759,284
339,56,25.5697569,283
339,57,25.0922509,282
339,58,10.6460599,281
339,59,16.1699559,280
339,60,29.8394189,279
339,61,27.5349549,278
339,62,40.0263619,277
339,63,30.1931259,276
339,64,14.9793009,275
339,65,22.9832229,274
339,66,42.0222279,273
339,67,17.6443439,272
339,68,26.6796439,271
339,69,14.6163529,270
339,70,24.7797839,269
339,71,20.8502189,268
339,72,16.0376119,267
339,73,14.2948359,266
339,74,19.5427969,265
339,75,13.4901329,264
339,76,12.3350369,263
339,77,31.2727829,262
339,78,31.3892329,261
339,79,19.9756009,260
339,80,17.5520049,259
339,81,17.9648439,258
339,82,19.9254309,257
339,83,30.6295729,256
339,84,31.9325689,255
339,85,30.3264009,254
339,86,29.7180439,253
339,87,30.5023619,252
339,88,26.1933259,251
339,89,21.9017899,250
339,90,30.8668259,249
339,91,29.7361299,248
339,92,20.7840259,247
339,93,10.3140149,246
339,94,44.0159009,245
339,95,22.4962829,244
339,96,14.4048149,243
339,97,12.6725979,242
339,98,21.4574079,241
339,99,12.6080049,240
339,100,10.5872329,239
339,101,43.2656019,238
339,102,29.1182869,237
339,103,16.1270829,236
339,104,13.5714939,235
339,105,18.1973689,234
339,106,23.4012299,233
339,107,23.9319259,232
339,108,23.1741829,231
339,109,20.7160509,230
339,110,37.6110689,229
339,111,26.6193799,228
339,112,21.3356009,227
339,113,19.7200189,226
339,114,32.3834689,225
339,115,35.3356049,224
339,116,47.7312439,223
339,117,43.9319939,222
339,118,45.0834799,221
339,119,27.4469649,220
339,120,22.0964689,219
339,121,11.0996119,218
339,122,28.9596619,217
339,123,47.0138329,216
339,124,19.4835259,215
339,125,22.8221079,214
339,126,23.1533259,213
339,127,24.3865939,212
339,128,19.5839564,211
339,129,27.3221939,210
339,130,22.9014009,209
339,131,24.0863079,208
339,132,27.9554329,207
339,133,22.9298689,206
339,134,20.8792939,205
339,135,27.3928869,204
339,136,27.8204509,203
339,137,36.1053619,202
339,138,29.3169579,201
339,139,20.6048649,200
339,140,24.4754649,199
339,141,30.6230939,198
339,142,32.8348299,197
339,143,40.9551079,196
339,144,41.3404079,195
339,145,39.4082049,194
339,146,48.3225079,193
339,147,48.4199869,192
339,148,44.0163079,191
339,149,43.4096399,190
339,150,46.1991689,189
339,151,53.0097869,188
339,152,58.7635079,187
339,153,52.9178229,186
339,154,41.7723509,185
339,155,34.1982079,184
339,156,38.5562579,183
339,157,38.1890259,182
339,158,47.7189299,181
339,159,55.0018829,180
339,160,60.4223049,179
339,161,51.6542119,178
339,162,48.8239439,177
339,163,44.2010329,176
339,164,47.4498439,175
339,165,43.5171549,174
339,166,36.1564979,173
339,167,39.8787509,172
339,168,36.3836869,171
339,169,41.3367299,170
339,170,40.4541939,169
339,171,36.4620189,168
339,172,43.8488689,167
339,173,52.3591979,166
339,174,56.8181119,165
339,175,50.1064189,164
339,176,47.2815009,163
339,177,38.721375,162
339,178,39.5022899,161
339,179,50.2939549,160
339,180,52.4885009,159
339,181,44.7103979,158
339,182,41.4423299,157
339,183,44.5486479,156
339,184,52.3630299,155
339,185,42.0149503,154
339,186,49.6532799,153
339,187,49.6304049,152
339,188,50.4403439,151
339,189,52.3993869,150
339,190,47.6170979,149
339,191,52.5396009,148
339,192,65.1304729,147
339,193,61.0515619,146
339,194,49.9448049,145
339,195,48.1335829,144
339,196,42.6487549,143
339,197,46.4416579,142
339,198,53.6354549,141
339,199,56.7909119,140
339,200,57.6153439,139
339,201,56.3965329,138
339,202,75.5743509,137
339,203,71.7953939,136
339,204,66.1781509,135
339,205,67.3021009,134
339,206,50.97115,133
339,207,54.7074299,132
339,208,52.6353649,131
339,209,59.6863869,130
339,210,66.3055899,129
339,211,57.3158229,128
339,212,57.2551649,127
339,213,52.7371329,126
339,214,56.5958939,125
339,215,47.8179049,124
339,216,49.6705439,123
339,217,47.6029759,122
339,218,53.4591439,121
339,219,57.5367229,120
339,220,55.1114689,119
339,221,55.4865509,118
339,222,52.9080299,117
339,223,45.5127759,116
339,224,43.2662009,115
339,225,47.7894119,114
339,226,45.3179049,113
339,227,43.1682619,112
339,228,49.4528869,111
339,229,46.3696329,110
339,230,51.7069299,109
339,231,41.0600799,108
339,232,41.0919829,107
339,233,54.7385619,106
339,234,51.0236439,105
339,235,37.4864649,104
339,236,48.3053299,103
339,237,47.7472049,102
339,238,41.3287314,101
339,239,57.2430329,100
339,240,54.3492969,99
339,241,38.6452689,98
339,242,34.3244299,97
339,243,33.994775,96
339,244,38.4817759,95
339,245,36.8397369,94
339,246,44.1420189,93
339,247,50.3909329,92
339,248,44.8408259,91
339,249,37.0674749,90
339,250,24.8780375,89
339,251,32.9615599,88
339,252,31.9185869,87
339,253,38.2293299,86
339,254,35.8362619,85
339,255,33.0199649,84
339,256,36.7772619,83
339,257,41.9873939,82
339,258,37.9607259,81
339,259,16.9648049,80
339,260,21.2283189,79
339,261,22.2822049,78
339,262,26.3612579,77
339,263,25.6177619,76
339,264,25.7823253,75
339,265,28.5721189,74
339,266,20.3126128,73
339,267,26.656775,72
339,268,27.5993497,71
339,269,32.5164939,70
339,270,30.8395009,69
339,271,32.9751369,68
339,272,34.5032549,67
339,273,32.3014689,66
339,274,18.2565759,65
339,275,17.9981149,64
339,276,1.69806250000001,63
339,277,21.4642119,62
339,278,27.6897439,61
339,279,17.8489619,60
339,280,19.2395622,59
339,281,19.0234247,58
339,282,19.5918939,57
339,283,23.6835747,56
339,284,28.2415079,55
339,285,31.0268939,54
339,286,29.0136229,53
339,287,31.1947049,52
339,288,28.8436049,51
339,289,31.0914329,50
339,290,25.1024369,49
339,291,22.5272729,48
339,292,30.1242069,47
339,293,35.0144689,46
339,294,15.1162259,45
339,295,6.77576279999999,44
339,296,6.76058139999999,43
339,297,13.2624079,42
339,298,17.4156299,41
339,299,17.6292079,40
339,300,18.5503149,39
339,301,22.4740869,38
339,302,44.2757009,37
339,303,18.5547829,36
339,304,8.6367939,35
339,305,5.38975089999999,34
339,306,1.90098780000001,33
339,307,6.79818289999998,32
339,308,15.4612869,31
339,309,19.0098479,30
339,310,6.7347253,29
339,311,1.37578109999999,28
339,312,3.2057064,27
339,313,2.2739375,26
339,314,11.5301329,25
339,315,29.9814689,24
339,316,15.4376479,23
339,317,20.2011009,22
339,318,35.9770259,21
339,319,26.2555549,20
339,320,13.7090369,19
339,321,26.8968979,18
339,322,25.3043549,17
339,323,21.2895759,16
339,324,17.7606439,15
339,325,12.7522119,14
339,326,7.9567579,13
339,327,23.8241189,12
339,328,10.2595119,11
339,329,4.44616250000001,10
339,330,1.7419375,9
339,331,19.1132119,8
339,332,19.7837679,7
339,333,21.7417079,6
339,334,26.4052299,5
339,335,23.8382799,4
339,336,11.9563619,3
339,337,14.747675,2
339,338,8.181,1
340,1,18.749429,339
340,2,16.468202,338
340,3,41.102892,337
340,4,41.484929,336
340,5,37.130261,335
340,6,43.0608426,334
340,7,41.412569,333
340,8,46.414707,332
340,9,59.701339,331
340,10,46.450972,330
340,11,47.140617,329
340,12,49.215998,328
340,13,50.411489,327
340,14,47.302395,326
340,15,36.24274,325
340,16,36.2855,324
340,17,44.528272,323
340,18,39.359186,322
340,19,25.322522,321
340,20,32.659993,320
340,21,52.869203,319
340,22,60.660631,318
340,23,54.573274,317
340,24,55.745451,316
340,25,40.167829,315
340,26,42.024889,314
340,27,43.460982,313
340,28,42.284411,312
340,29,42.484706,311
340,30,41.5379268,310
340,31,43.563697,309
340,32,45.29829,308
340,33,32.423025,307
340,34,44.804623,306
340,35,41.189798,305
340,36,36.792068,304
340,37,30.791811,303
340,38,35.4520049,302
340,39,47.390689,301
340,40,49.748398,300
340,41,46.741216,299
340,42,44.743861,298
340,43,35.474372,297
340,44,21.73915,296
340,45,21.124275,295
340,46,34.257897,294
340,47,22.316936,293
340,48,4.327393,292
340,49,10.504364,291
340,50,28.16636,290
340,51,27.486816,289
340,52,30.891371,288
340,53,43.02735,287
340,54,40.87994,286
340,55,26.281521,285
340,56,23.525902,284
340,57,29.214004,283
340,58,22.985095,282
340,59,12.268201,281
340,60,29.960736,280
340,61,25.4911,279
340,62,38.897593,278
340,63,32.067029,277
340,64,12.935446,276
340,65,20.939368,275
340,66,39.978373,274
340,67,30.599511,273
340,68,26.301811,272
340,69,12.572498,271
340,70,22.735929,270
340,71,20.388636,269
340,72,13.993757,268
340,73,25.069019,267
340,74,23.967658,266
340,75,15.394722,265
340,76,8.45131800000001,264
340,77,10.696272,263
340,78,10.602878,262
340,79,21.263254,261
340,80,10.76515,260
340,81,2.821511,259
340,82,17.881576,258
340,83,28.585718,257
340,84,30.137686,256
340,85,31.366154,255
340,86,34.144111,254
340,87,31.189293,253
340,88,24.898129,252
340,89,27.857065,251
340,90,30.824529,250
340,91,27.692275,249
340,92,23.488729,248
340,93,15.01974,247
340,94,23.229546,246
340,95,19.124928,245
340,96,12.36096,244
340,97,8.11375699999999,243
340,98,20.162747,242
340,99,23.89715,241
340,100,10.199122,240
340,101,22.479247,239
340,102,8.33193199999999,238
340,103,7.07582799999999,237
340,104,9.117461,236
340,105,2.58898600000001,235
340,106,11.887275,234
340,107,6.356771,233
340,108,11.635972,232
340,109,9.927704,231
340,110,16.824714,230
340,111,6.585425,229
340,112,21.042054,228
340,113,1.06633600000001,227
340,114,17.011786,226
340,115,20.88075,225
340,116,26.944889,224
340,117,23.145639,223
340,118,24.297125,222
340,119,6.66060999999999,221
340,120,1.31011400000001,220
340,121,9.686743,219
340,122,14.756593,218
340,123,26.227478,217
340,124,14.222171,216
340,125,6.380653,215
340,126,2.94812900000001,214
340,127,13.266061,213
340,128,19.9622985,212
340,129,14.117961,211
340,130,17.781254,210
340,131,18.300047,209
340,132,12.919822,208
340,133,9.226486,207
340,134,13.175761,206
340,135,17.273468,205
340,136,21.199504,204
340,137,15.319007,203
340,138,12.696797,202
340,139,16.48409,201
340,140,18.10349,200
340,141,24.835761,199
340,142,23.381525,198
340,143,20.168753,197
340,144,23.969847,196
340,145,29.12075,195
340,146,31.950247,194
340,147,27.633632,193
340,148,23.563747,192
340,149,25.121715,191
340,150,38.994786,190
340,151,48.471468,189
340,152,41.392947,188
340,153,32.131468,187
340,154,20.985996,186
340,155,28.076947,185
340,156,30.351297,184
340,157,32.234729,183
340,158,32.932425,182
340,159,47.048172,181
340,160,50.71775,180
340,161,43.199743,179
340,162,38.453811,178
340,163,32.662822,177
340,164,26.663489,176
340,165,22.7308,175
340,166,24.036057,174
340,167,22.591404,173
340,168,27.597568,172
340,169,35.715825,171
340,170,37.165961,170
340,171,26.008136,169
340,172,31.311286,168
340,173,39.655857,167
340,174,36.031757,166
340,175,30.734836,165
340,176,29.578754,164
340,177,36.4336799,163
340,178,35.465265,162
340,179,41.3398,161
340,180,31.702146,160
340,181,30.258357,159
340,182,38.072625,158
340,183,39.510107,157
340,184,32.075825,156
340,185,41.4765046,155
340,186,43.114475,154
340,187,39.92585,153
340,188,39.487311,152
340,189,32.611868,151
340,190,35.496657,150
340,191,38.334254,149
340,192,44.344118,148
340,193,44.597293,147
340,194,40.74275,146
340,195,27.347228,145
340,196,28.5289,144
340,197,28.903597,143
340,198,32.8491,142
340,199,38.252943,141
340,200,50.494711,140
340,201,51.524822,139
340,202,56.203304,138
340,203,64.339761,137
340,204,58.974304,136
340,205,55.012954,135
340,206,49.1826049,134
340,207,38.252625,133
340,208,38.43109,132
340,209,46.149968,131
340,210,53.350865,130
340,211,45.111632,129
340,212,45.54999,128
340,213,42.116822,127
340,214,39.391761,126
340,215,40.02955,125
340,216,33.632211,124
340,217,33.233479,123
340,218,33.253411,122
340,219,40.917232,121
340,220,39.739786,120
340,221,45.616104,119
340,222,36.453225,118
340,223,33.809879,117
340,224,36.812754,116
340,225,29.834343,115
340,226,25.86485,114
340,227,25.548193,113
340,228,28.666532,112
340,229,37.498022,111
340,230,30.920575,110
340,231,32.772575,109
340,232,37.473172,108
340,233,33.952207,107
340,234,30.237289,106
340,235,28.19999,105
340,236,27.518975,104
340,237,29.87535,103
340,238,40.4575235,102
340,239,36.456678,101
340,240,33.562942,100
340,241,27.608486,99
340,242,27.953125,98
340,243,33.2078799,97
340,244,29.860879,96
340,245,28.469018,95
340,246,29.688236,94
340,247,33.104122,93
340,248,26.719329,92
340,249,16.28112,91
340,250,22.2570174,90
340,251,17.513095,89
340,252,25.631568,88
340,253,28.025625,87
340,254,30.798793,86
340,255,31.48539,85
340,256,28.155293,84
340,257,29.948961,83
340,258,17.174371,82
340,259,5.34405,81
340,260,6.191636,80
340,261,8.74525,79
340,262,16.407597,78
340,263,17.913693,77
340,264,23.2439296,76
340,265,21.783136,75
340,266,20.1912421,74
340,267,26.5331799,73
340,268,29.6432046,72
340,269,28.062461,71
340,270,25.384354,70
340,271,23.438618,69
340,272,21.7167,68
340,273,15.013586,67
340,274,10.531321,66
340,275,17.37064,65
340,276,19.6519924,64
340,277,4.259543,63
340,278,14.318011,62
340,279,10.144893,61
340,280,21.2834171,60
340,281,21.0672796,59
340,282,21.469361,58
340,283,25.7274296,57
340,284,19.453647,56
340,285,10.240539,55
340,286,20.393932,54
340,287,11.57415,53
340,288,8.05724999999999,52
340,289,10.305078,51
340,290,11.981418,50
340,291,18.155382,49
340,292,9.33785199999999,48
340,293,14.228114,47
340,294,5.670129,46
340,295,14.0105921,45
340,296,14.0257735,44
340,297,7.724047,43
340,298,5.463225,42
340,299,8.090947,41
340,300,2.42984,40
340,301,20.846168,39
340,302,42.231846,38
340,303,24.010372,37
340,304,23.508161,36
340,305,15.396604,35
340,306,20.0229671,34
340,307,13.988172,33
340,308,10.577332,32
340,309,22.797807,31
340,310,23.5217296,30
340,311,20.078336,29
340,312,17.5806485,28
340,313,18.5140924,27
340,314,15.317422,26
340,315,27.937614,25
340,316,16.143607,24
340,317,7.169746,23
340,318,15.190671,22
340,319,9.8845,21
340,320,7.077318,20
340,321,24.853043,19
340,322,31.8432,18
340,323,20.329379,17
340,324,3.223111,16
340,325,8.034143,15
340,326,12.829597,14
340,327,10.796664,13
340,328,16.963043,12
340,329,20.3163924,11
340,330,21.6958174,10
340,331,1.673143,9
340,332,11.119187,8
340,333,2.462853,7
340,334,24.361375,6
340,335,23.459375,5
340,336,27.577593,4
340,337,31.0349799,3
340,338,26.0528549,2
340,339,20.7863549,1
341,1,12.576993,340
341,2,8.15766199999999,339
341,3,32.823172,338
341,4,35.312493,337
341,5,30.957825,336
341,6,36.8884066,335
341,7,35.240133,334
341,8,35.740943,333
341,9,49.027575,332
341,10,40.278536,331
341,11,40.968181,330
341,12,38.542234,329
341,13,39.737725,328
341,14,41.129959,327
341,15,30.070304,326
341,16,30.113064,325
341,17,38.355836,324
341,18,33.18675,323
341,19,19.150086,322
341,20,26.487557,321
341,21,42.195439,320
341,22,54.488195,319
341,23,46.52256,318
341,24,49.573015,317
341,25,33.995393,316
341,26,31.351125,315
341,27,37.288546,314
341,28,36.111975,313
341,29,36.31227,312
341,30,35.3654908,311
341,31,37.391261,310
341,32,39.125854,309
341,33,21.999439,308
341,34,34.130859,307
341,35,35.017362,306
341,36,30.619632,305
341,37,24.619375,304
341,38,29.2795689,303
341,39,36.716925,302
341,40,43.575962,301
341,41,40.56878,300
341,42,38.571425,299
341,43,29.301936,298
341,44,11.774514,297
341,45,10.450511,296
341,46,23.584133,295
341,47,13.570628,294
341,48,6.678557,293
341,49,16.8443,292
341,50,17.492596,291
341,51,21.31438,290
341,52,20.217607,289
341,53,36.854914,288
341,54,34.707504,287
341,55,17.708743,286
341,56,12.852138,285
341,57,23.041568,284
341,58,16.812659,283
341,59,1.59443700000001,282
341,60,23.7883,281
341,61,14.817336,280
341,62,32.725157,279
341,63,25.894593,278
341,64,4.178418,277
341,65,10.265604,276
341,66,29.304609,275
341,67,24.427075,274
341,68,20.129375,273
341,69,2.474666,272
341,70,16.511635,271
341,71,14.2162,270
341,72,3.31999299999999,269
341,73,18.896583,268
341,74,17.795222,267
341,75,9.222286,266
341,76,5.304982,265
341,77,21.370036,264
341,78,16.775314,263
341,79,15.090818,262
341,80,2.938086,261
341,81,8.767875,260
341,82,11.484288,259
341,83,20.911946,258
341,84,23.96525,257
341,85,25.193718,256
341,86,27.971675,255
341,87,25.016857,254
341,88,18.725693,253
341,89,21.684629,252
341,90,24.652093,251
341,91,18.019089,250
341,92,17.316293,249
341,93,8.847304,248
341,94,29.401982,247
341,95,8.451164,246
341,96,2.104204,245
341,97,11.976321,244
341,98,13.990311,243
341,99,17.724714,242
341,100,11.973986,241
341,101,28.651683,240
341,102,14.504368,239
341,103,3.59793600000001,238
341,104,19.791225,237
341,105,8.91665,236
341,106,8.787311,235
341,107,9.318007,234
341,108,22.309736,233
341,109,20.601468,232
341,110,26.24665,231
341,111,12.005461,230
341,112,14.869618,229
341,113,9.8564,228
341,114,27.68555,227
341,115,31.554514,226
341,116,33.117325,225
341,117,29.318075,224
341,118,30.469561,223
341,119,16.332054,222
341,120,11.64995,221
341,121,17.901707,220
341,122,25.430357,219
341,123,32.399914,218
341,124,4.86960700000001,217
341,125,8.20818899999999,216
341,126,13.621893,215
341,127,23.939825,214
341,128,30.6360625,213
341,129,24.791725,212
341,130,28.455018,211
341,131,28.973811,210
341,132,23.593586,209
341,133,19.90025,208
341,134,23.849525,207
341,135,27.947232,206
341,136,31.873268,205
341,137,21.491443,204
341,138,23.370561,203
341,139,27.157854,202
341,140,28.777254,201
341,141,35.509525,200
341,142,34.055289,199
341,143,30.673811,198
341,144,34.643611,197
341,145,39.794514,196
341,146,42.624011,195
341,147,37.222532,194
341,148,34.237511,193
341,149,35.795479,192
341,150,49.66855,191
341,151,59.145232,190
341,152,52.066711,189
341,153,38.303904,188
341,154,28.907668,187
341,155,38.750711,186
341,156,41.025061,185
341,157,42.908493,184
341,158,43.606189,183
341,159,57.721936,182
341,160,61.391514,181
341,161,53.873507,180
341,162,49.127575,179
341,163,43.336586,178
341,164,32.835925,177
341,165,28.903236,176
341,166,34.709821,175
341,167,33.265168,174
341,168,38.271332,173
341,169,46.389589,172
341,170,47.839725,171
341,171,36.6819,170
341,172,41.98505,169
341,173,50.329621,168
341,174,45.871907,167
341,175,41.4086,166
341,176,40.252518,165
341,177,47.1074439,164
341,178,46.139029,163
341,179,52.013564,162
341,180,38.458018,161
341,181,40.932121,160
341,182,48.746389,159
341,183,50.183871,158
341,184,42.749589,157
341,185,52.1502686,156
341,186,53.788239,155
341,187,50.599614,154
341,188,50.161075,153
341,189,43.285632,152
341,190,46.170421,151
341,191,49.008018,150
341,192,50.516554,149
341,193,55.271057,148
341,194,51.416514,147
341,195,36.937736,146
341,196,39.202664,145
341,197,39.577361,144
341,198,41.854564,143
341,199,48.926707,142
341,200,61.168475,141
341,201,62.198586,140
341,202,66.877068,139
341,203,75.013525,138
341,204,69.648068,137
341,205,65.686718,136
341,206,59.8563689,135
341,207,48.926389,134
341,208,49.104854,133
341,209,56.823732,132
341,210,64.024629,131
341,211,55.785396,130
341,212,56.223754,129
341,213,52.790586,128
341,214,50.065525,127
341,215,50.703314,126
341,216,44.305975,125
341,217,43.907243,124
341,218,43.927175,123
341,219,51.590996,122
341,220,50.41355,121
341,221,56.289868,120
341,222,47.126989,119
341,223,44.483643,118
341,224,47.486518,117
341,225,40.508107,116
341,226,36.538614,115
341,227,36.221957,114
341,228,38.838332,113
341,229,48.171786,112
341,230,41.510589,111
341,231,43.446339,110
341,232,48.146936,109
341,233,42.459057,108
341,234,36.409725,107
341,235,38.873754,106
341,236,35.442389,105
341,237,40.549114,104
341,238,51.1312875,103
341,239,42.629114,102
341,240,39.735378,101
341,241,38.28225,100
341,242,38.626889,99
341,243,43.8816439,98
341,244,40.534643,97
341,245,39.142782,96
341,246,40.362,95
341,247,43.777886,94
341,248,37.393093,93
341,249,22.453556,92
341,250,32.9307814,91
341,251,28.186859,90
341,252,36.305332,89
341,253,38.699389,88
341,254,41.472557,87
341,255,42.159154,86
341,256,38.829057,85
341,257,40.622725,84
341,258,23.346807,83
341,259,16.017814,82
341,260,16.8654,81
341,261,19.419014,80
341,262,27.081361,79
341,263,28.587457,78
341,264,33.9176936,77
341,265,32.4569,76
341,266,30.8650061,75
341,267,37.2069439,74
341,268,40.3169686,73
341,269,38.736225,72
341,270,36.058118,71
341,271,34.112382,70
341,272,32.390464,69
341,273,25.68735,68
341,274,3.642657,67
341,275,11.198204,66
341,276,13.4795564,65
341,277,14.933307,64
341,278,24.991775,63
341,279,20.818657,62
341,280,31.9571811,61
341,281,31.7410436,60
341,282,32.143125,59
341,283,36.4011936,58
341,284,30.127411,57
341,285,18.828325,56
341,286,31.067696,55
341,287,22.247914,54
341,288,15.314014,53
341,289,16.477514,52
341,290,22.655182,51
341,291,28.829146,50
341,292,18.570312,49
341,293,20.40055,48
341,294,6.502693,47
341,295,15.4119561,46
341,296,14.4794375,45
341,297,18.397811,44
341,298,16.136989,43
341,299,18.764711,42
341,300,13.103604,41
341,301,14.673732,40
341,302,31.558082,39
341,303,17.837936,38
341,304,17.335725,37
341,305,9.22416800000001,36
341,306,13.8505311,35
341,307,9.51823599999999,34
341,308,0.847367999999996,33
341,309,16.625371,32
341,310,17.3492936,31
341,311,14.0934,30
341,312,15.0082125,29
341,313,14.9915564,28
341,314,9.14498599999999,27
341,315,17.26385,26
341,316,9.97117100000001,25
341,317,5.587182,24
341,318,21.363107,23
341,319,20.558264,22
341,320,16.427482,21
341,321,14.179279,20
341,322,25.670764,19
341,323,14.156943,18
341,324,13.896875,17
341,325,15.306507,16
341,326,13.092161,15
341,327,9.2102,14
341,328,10.790607,13
341,329,14.1439564,12
341,330,15.5233814,11
341,331,12.166907,10
341,332,21.792951,9
341,333,8.21091100000001,8
341,334,13.687611,7
341,335,17.286939,6
341,336,21.405157,5
341,337,24.8625439,4
341,338,19.8804189,3
341,339,14.6139189,2
341,340,10.673764,1
342,1,21.337054,341
342,2,15.088377,340
342,3,10.682767,339
342,4,12.066454,338
342,5,7.711786,337
342,6,13.6423676,336
342,7,11.994094,335
342,8,15.994582,334
342,9,29.281214,333
342,10,17.032497,332
342,11,17.722142,331
342,12,18.795873,330
342,13,19.991364,329
342,14,17.88392,328
342,15,6.824265,327
342,16,6.867025,326
342,17,15.109797,325
342,18,9.940711,324
342,19,8.349247,323
342,20,3.241518,322
342,21,22.449078,321
342,22,31.242156,320
342,23,24.153149,319
342,24,26.326976,318
342,25,10.749354,317
342,26,11.604764,316
342,27,14.042507,315
342,28,12.865936,314
342,29,13.066231,313
342,30,12.1194518,312
342,31,14.145222,311
342,32,15.879815,310
342,33,2.0029,309
342,34,14.384498,308
342,35,11.771323,307
342,36,7.373593,306
342,37,11.793236,305
342,38,20.0495299,304
342,39,16.970564,303
342,40,20.329923,302
342,41,17.322741,301
342,42,15.325386,300
342,43,6.055897,299
342,44,11.471525,298
342,45,33.12775,297
342,46,3.837772,296
342,47,9.675411,295
342,48,26.424918,294
342,49,39.922839,293
342,50,38.086035,292
342,51,4.185941,291
342,52,8.61234600000001,290
342,53,13.608875,289
342,54,11.461465,288
342,55,5.53729599999999,287
342,56,21.162677,286
342,57,7.371729,285
342,58,21.81792,284
342,59,24.802076,283
342,60,2.624561,282
342,61,14.010875,281
342,62,9.479118,280
342,63,2.648554,279
342,64,19.067621,278
342,65,23.313443,277
342,66,9.558248,276
342,67,14.819636,275
342,68,5.784336,274
342,69,20.771373,273
342,70,7.684196,272
342,71,11.613761,271
342,72,20.519532,270
342,73,18.169144,269
342,74,12.921183,268
342,75,18.973847,267
342,76,25.051343,266
342,77,41.116397,265
342,78,40.021353,264
342,79,12.488379,263
342,80,26.184125,262
342,81,28.514236,261
342,82,12.538549,260
342,83,2.334093,259
342,84,0.719210999999998,258
342,85,2.137579,257
342,86,4.725636,256
342,87,1.96161800000001,255
342,88,6.270654,254
342,89,10.56219,253
342,90,1.597154,252
342,91,5.22695,251
342,92,11.679954,250
342,93,22.149965,249
342,94,52.648021,248
342,95,31.128403,247
342,96,21.141835,246
342,97,31.722682,245
342,98,11.006572,244
342,99,19.855975,243
342,100,31.720347,242
342,101,51.897722,241
342,102,37.750407,240
342,103,24.759203,239
342,104,39.537586,238
342,105,28.663011,237
342,106,32.03335,236
342,107,32.564046,235
342,108,42.056097,234
342,109,40.347829,233
342,110,46.243189,232
342,111,35.2515,231
342,112,11.128379,230
342,113,29.602761,229
342,114,47.431911,228
342,115,51.300875,227
342,116,56.363364,226
342,117,52.564114,225
342,118,53.7156,224
342,119,36.079085,223
342,120,31.396311,222
342,121,37.648068,221
342,122,45.176718,220
342,123,55.645953,219
342,124,28.115646,218
342,125,31.454228,217
342,126,33.368254,216
342,127,43.686186,215
342,128,50.3824235,214
342,129,44.538086,213
342,130,48.201379,212
342,131,48.720172,211
342,132,43.339947,210
342,133,39.646611,209
342,134,43.595886,208
342,135,47.693593,207
342,136,51.619629,206
342,137,44.737482,205
342,138,43.116922,204
342,139,46.904215,203
342,140,48.523615,202
342,141,55.255886,201
342,142,53.80165,200
342,143,50.420172,199
342,144,54.389972,198
342,145,59.540875,197
342,146,62.370372,196
342,147,57.052107,195
342,148,53.983872,194
342,149,55.54184,193
342,150,69.414911,192
342,151,78.891593,191
342,152,71.813072,190
342,153,61.549943,189
342,154,50.404471,188
342,155,58.497072,187
342,156,60.771422,186
342,157,62.654854,185
342,158,63.35255,184
342,159,77.468297,183
342,160,81.137875,182
342,161,73.619868,181
342,162,68.873936,180
342,163,63.082947,179
342,164,56.081964,178
342,165,52.149275,177
342,166,54.456182,176
342,167,53.011529,175
342,168,58.017693,174
342,169,66.13595,173
342,170,67.586086,172
342,171,56.428261,171
342,172,61.731411,170
342,173,70.075982,169
342,174,65.618268,168
342,175,61.154961,167
342,176,59.998879,166
342,177,66.8538049,165
342,178,65.88539,164
342,179,71.759925,163
342,180,61.120621,162
342,181,60.678482,161
342,182,68.49275,160
342,183,69.930232,159
342,184,62.49595,158
342,185,71.8966296,157
342,186,73.5346,156
342,187,70.345975,155
342,188,69.907436,154
342,189,63.031993,153
342,190,65.916782,152
342,191,68.754379,151
342,192,73.762593,150
342,193,75.017418,149
342,194,71.162875,148
342,195,56.765703,147
342,196,58.949025,146
342,197,59.323722,145
342,198,62.267575,144
342,199,68.673068,143
342,200,80.914836,142
342,201,81.944947,141
342,202,86.623429,140
342,203,94.759886,139
342,204,89.394429,138
342,205,85.433079,137
342,206,79.6027299,136
342,207,68.67275,135
342,208,68.851215,134
342,209,76.570093,133
342,210,83.77099,132
342,211,75.531757,131
342,212,75.970115,130
342,213,72.536947,129
342,214,69.811886,128
342,215,70.449675,127
342,216,64.052336,126
342,217,63.653604,125
342,218,63.673536,124
342,219,71.337357,123
342,220,70.159911,122
342,221,76.036229,121
342,222,66.87335,120
342,223,64.230004,119
342,224,67.232879,118
342,225,60.254468,117
342,226,56.284975,116
342,227,55.968318,115
342,228,58.584693,114
342,229,67.918147,113
342,230,61.25695,112
342,231,63.1927,111
342,232,67.893297,110
342,233,63.370682,109
342,234,59.655764,108
342,235,58.620115,107
342,236,56.93745,106
342,237,60.295475,105
342,238,70.8776485,104
342,239,65.875153,103
342,240,62.981417,102
342,241,58.028611,101
342,242,58.37325,100
342,243,63.6280049,99
342,244,60.281004,98
342,245,58.889143,97
342,246,60.108361,96
342,247,63.524247,95
342,248,57.139454,94
342,249,45.699595,93
342,250,52.6771424,92
342,251,47.93322,91
342,252,56.051693,90
342,253,58.44575,89
342,254,61.218918,88
342,255,61.905515,87
342,256,58.575418,86
342,257,60.369086,85
342,258,46.592846,84
342,259,35.764175,83
342,260,36.611761,82
342,261,39.165375,81
342,262,46.827722,80
342,263,48.333818,79
342,264,53.6640546,78
342,265,52.203261,77
342,266,50.6113671,76
342,267,56.9533049,75
342,268,60.0633296,74
342,269,58.482586,73
342,270,55.804479,72
342,271,53.858743,71
342,272,52.136825,70
342,273,45.433711,69
342,274,26.888696,68
342,275,14.465865,67
342,276,30.7659174,66
342,277,34.679668,65
342,278,44.738136,64
342,279,40.565018,63
342,280,51.7035421,62
342,281,51.4874046,61
342,282,51.889486,60
342,283,56.1475546,59
342,284,49.873772,58
342,285,39.659014,57
342,286,50.814057,56
342,287,41.994275,55
342,288,37.475725,54
342,289,39.723553,53
342,290,42.401543,52
342,291,48.575507,51
342,292,38.756327,50
342,293,43.646589,49
342,294,26.249054,48
342,295,35.1583171,47
342,296,34.2257985,46
342,297,38.144172,45
342,298,35.88335,44
342,299,38.511072,43
342,300,32.849965,42
342,301,9.989893,41
342,302,11.811721,40
342,303,13.909197,39
342,304,23.827186,38
342,305,28.023129,37
342,306,30.5629921,36
342,307,29.264597,35
342,308,24.093407,34
342,309,13.454132,33
342,310,25.7292546,32
342,311,33.839761,31
342,312,34.7545735,30
342,313,34.7379174,29
342,314,20.933847,28
342,315,12.481189,27
342,316,17.026332,26
342,317,28.833221,25
342,318,44.609146,24
342,319,40.304625,23
342,320,36.173843,22
342,321,14.317818,21
342,322,7.159625,20
342,323,11.174404,19
342,324,33.643236,18
342,325,35.052868,17
342,326,32.838522,16
342,327,32.456239,15
342,328,22.204468,14
342,329,28.0178174,13
342,330,30.7220424,12
342,331,31.913268,11
342,332,41.539312,10
342,333,30.373828,9
342,334,10.22615,8
342,335,8.6257,7
342,336,20.507618,6
342,337,17.7163049,5
342,338,24.2829799,4
342,339,32.4639799,3
342,340,30.420125,2
342,341,23.246039,1
343,1,12.1203131,342
343,2,16.5396441,341
343,3,30.3152341,340
343,4,21.0108131,339
343,5,20.2210811,338
343,6,13.1087995,337
343,7,22.0680731,336
343,8,35.6270491,335
343,9,48.9136811,334
343,10,34.4149701,333
343,11,21.5525251,332
343,12,38.4283401,331
343,13,39.6238311,330
343,14,22.3060471,329
343,15,15.4560021,328
343,16,19.5817421,327
343,17,28.5727701,326
343,18,17.0732561,325
343,19,11.2832201,324
343,20,16.9573491,323
343,21,42.0815451,322
343,22,41.7508311,321
343,23,43.7856161,320
343,24,35.0078911,319
343,25,15.6067131,318
343,26,31.2372311,317
343,27,16.7613601,316
343,28,16.8528311,315
343,29,20.0098361,314
343,30,10.6681847,313
343,31,26.6936451,312
343,32,14.4285479,311
343,33,21.6353671,310
343,34,34.0169651,309
343,35,16.3664441,308
343,36,16.4228741,307
343,37,7.83923109999999,306
343,38,4.5822628,305
343,39,36.6030311,304
343,40,33.0990441,303
343,41,34.5267261,302
343,42,17.3357811,301
343,43,20.7717701,300
343,44,12.9227921,299
343,45,34.5790171,298
343,46,23.4702391,297
343,47,11.5292781,296
343,48,26.5423491,295
343,49,41.3741061,294
343,50,39.5373021,293
343,51,15.4465261,292
343,52,20.1037131,291
343,53,27.2950921,290
343,54,11.5373021,289
343,55,15.4938631,288
343,56,22.6139441,287
343,57,12.2607381,286
343,58,7.8846471,285
343,59,26.2533431,284
343,60,17.0079061,283
343,61,15.4621421,282
343,62,27.1948491,281
343,63,17.3616131,280
343,64,20.5188881,279
343,65,24.7647101,278
343,66,29.1907151,277
343,67,4.81283109999999,276
343,68,13.8481311,275
343,69,22.2226401,274
343,70,11.9482711,273
343,71,10.4811061,272
343,72,21.9707991,271
343,73,5.80072310000001,270
343,74,6.90208410000001,269
343,75,15.4750201,268
343,76,22.4184241,267
343,77,41.3561701,266
343,78,41.4726201,265
343,79,9.6064881,264
343,80,27.6353921,263
343,81,28.0482311,262
343,82,13.2130181,261
343,83,17.7980601,260
343,84,19.1010561,259
343,85,17.4948881,258
343,86,16.8865311,257
343,87,17.6708491,256
343,88,13.3618131,255
343,89,9.07027709999999,254
343,90,18.0353131,253
343,91,16.9046171,252
343,92,7.95251309999999,251
343,93,15.8500021,250
343,94,54.0992881,249
343,95,32.5796701,248
343,96,22.5931021,247
343,97,22.7559851,246
343,98,10.7069951,245
343,99,6.97259210000001,244
343,100,20.6706201,243
343,101,53.3489891,242
343,102,39.2016741,241
343,103,26.2104701,240
343,104,23.6548811,239
343,105,28.2807561,238
343,106,33.4846171,237
343,107,34.0153131,236
343,108,33.2575701,235
343,109,30.7994381,234
343,110,47.6944561,233
343,111,36.7027671,232
343,112,9.8276881,231
343,113,29.8034061,230
343,114,42.4668561,229
343,115,45.4189921,228
343,116,57.8146311,227
343,117,54.0153811,226
343,118,55.1668671,225
343,119,37.5303521,224
343,120,32.1798561,223
343,121,21.1829991,222
343,122,39.0430491,221
343,123,57.0972201,220
343,124,29.5669131,219
343,125,32.9054951,218
343,126,33.2367131,217
343,127,34.4699811,216
343,128,30.7499564,215
343,129,37.4055811,214
343,130,32.9847881,213
343,131,34.1696951,212
343,132,38.0388201,211
343,133,33.0132561,210
343,134,30.9626811,209
343,135,37.4762741,208
343,136,37.9038381,207
343,137,46.1887491,206
343,138,39.4003451,205
343,139,30.6882521,204
343,140,34.5588521,203
343,141,40.7064811,202
343,142,42.9182171,201
343,143,51.0384951,200
343,144,51.4237951,199
343,145,49.4915921,198
343,146,58.4058951,197
343,147,58.5033741,196
343,148,54.0996951,195
343,149,53.4930271,194
343,150,56.2825561,193
343,151,63.0931741,192
343,152,68.8468951,191
343,153,63.0012101,190
343,154,51.8557381,189
343,155,44.2815951,188
343,156,48.6396451,187
343,157,48.2724131,186
343,158,57.8023171,185
343,159,65.0852701,184
343,160,70.5056921,183
343,161,61.7375991,182
343,162,58.9073311,181
343,163,54.2844201,180
343,164,57.5332311,179
343,165,53.6005421,178
343,166,46.2398851,177
343,167,49.9621381,176
343,168,46.4670741,175
343,169,51.4201171,174
343,170,50.5375811,173
343,171,46.5454061,172
343,172,53.9322561,171
343,173,62.4425851,170
343,174,66.9014991,169
343,175,60.1898061,168
343,176,57.3648881,167
343,177,48.8047622,166
343,178,49.5856771,165
343,179,60.3773421,164
343,180,62.5718881,163
343,181,54.7937851,162
343,182,51.5257171,161
343,183,54.6320351,160
343,184,62.4464171,159
343,185,52.2641625,158
343,186,59.7366671,157
343,187,59.7137921,156
343,188,60.5237311,155
343,189,62.4827741,154
343,190,57.7004851,153
343,191,62.6229881,152
343,192,75.2138601,151
343,193,71.1349491,150
343,194,60.0281921,149
343,195,58.2169701,148
343,196,52.7321421,147
343,197,56.5250451,146
343,198,63.7188421,145
343,199,66.8742991,144
343,200,67.6987311,143
343,201,66.4799201,142
343,202,85.6577381,141
343,203,81.8787811,140
343,204,76.2615381,139
343,205,77.3854881,138
343,206,61.0545372,137
343,207,64.7908171,136
343,208,62.7187521,135
343,209,69.7697741,134
343,210,76.3889771,133
343,211,67.3992101,132
343,212,67.3385521,131
343,213,62.8205201,130
343,214,66.6792811,129
343,215,57.9012921,128
343,216,59.7539311,127
343,217,57.6863631,126
343,218,63.5425311,125
343,219,67.6201101,124
343,220,65.1948561,123
343,221,65.5699381,122
343,222,62.9914171,121
343,223,55.5961631,120
343,224,53.3495881,119
343,225,57.8727991,118
343,226,55.4012921,117
343,227,53.2516491,116
343,228,59.5362741,115
343,229,56.4530201,114
343,230,61.7903171,113
343,231,51.1434671,112
343,232,51.1753701,111
343,233,64.8219491,110
343,234,61.1070311,109
343,235,47.5698521,108
343,236,58.3887171,107
343,237,57.8305921,106
343,238,51.4121186,105
343,239,67.3264201,104
343,240,64.4326841,103
343,241,48.7286561,102
343,242,44.4078171,101
343,243,44.0781622,100
343,244,48.5651631,99
343,245,46.9231241,98
343,246,54.2254061,97
343,247,60.4743201,96
343,248,54.9242131,95
343,249,47.1508621,94
343,250,34.9614247,93
343,251,43.0449471,92
343,252,42.0019741,91
343,253,48.3127171,90
343,254,45.9196491,89
343,255,43.1033521,88
343,256,46.8606491,87
343,257,52.0707811,86
343,258,48.0441131,85
343,259,27.0481921,84
343,260,31.3117061,83
343,261,32.3655921,82
343,262,36.4446451,81
343,263,35.7011491,80
343,264,35.8657125,79
343,265,38.6555061,78
343,266,30.9789,77
343,267,37.3208378,76
343,268,40.4308625,75
343,269,42.5998811,74
343,270,40.9228881,73
343,271,43.0585241,72
343,272,44.5866421,71
343,273,42.3848561,70
343,274,28.3399631,69
343,275,13.4991021,68
343,276,11.2177497,67
343,277,31.5475991,66
343,278,37.7731311,65
343,279,27.9323491,64
343,280,32.071075,63
343,281,31.8549375,62
343,282,32.2570189,61
343,283,36.5150875,60
343,284,38.3248951,59
343,285,41.1102811,58
343,286,39.0970101,57
343,287,41.2780921,56
343,288,38.9269921,55
343,289,41.1748201,54
343,290,35.1858241,53
343,291,32.6106601,52
343,292,40.2075941,51
343,293,45.0978561,50
343,294,25.1996131,49
343,295,16.85915,48
343,296,16.8439686,47
343,297,23.3457951,46
343,298,27.4990171,45
343,299,27.7125951,44
343,300,28.6337021,43
343,301,10.0235741,42
343,302,31.4441881,41
343,303,6.8593701,40
343,304,7.36158110000001,39
343,305,15.4731381,38
343,306,10.930525,37
343,307,16.8815701,36
343,308,25.5446741,35
343,309,8.0719351,34
343,310,7.34801250000001,33
343,311,14.2072939,32
343,312,15.1221064,31
343,313,15.1054503,30
343,314,15.5523201,29
343,315,17.1499561,28
343,316,14.7261351,27
343,317,30.2844881,26
343,318,46.0604131,25
343,319,36.3389421,24
343,320,23.7924241,23
343,321,15.7690851,22
343,322,12.4728421,21
343,323,10.5403631,20
343,324,27.8440311,19
343,325,22.8355991,18
343,326,18.0401451,17
343,327,33.9075061,16
343,328,13.9066991,15
343,329,10.5533497,14
343,330,11.0895753,13
343,331,29.1965991,12
343,332,29.8671551,11
343,333,31.8250951,10
343,334,13.5737171,9
343,335,11.0067671,8
343,336,3.2921491,7
343,337,1.9161622,6
343,338,4.81688720000001,5
343,339,12.8315128,4
343,340,30.8697421,3
343,341,24.6973061,2
343,342,19.6324671,1
344,1,19.457875,343
344,2,14.125356,342
344,3,12.561946,341
344,4,13.029475,340
344,5,8.674807,339
344,6,14.6053886,338
344,7,12.957115,337
344,8,17.873761,336
344,9,31.160393,335
344,10,17.995518,334
344,11,18.685163,333
344,12,20.675052,332
344,13,21.870543,331
344,14,18.846941,330
344,15,7.787286,329
344,16,7.830046,328
344,17,16.072818,327
344,18,10.903732,326
344,19,6.47006800000001,325
344,20,4.204539,324
344,21,24.328257,323
344,22,32.205177,322
344,23,26.032328,321
344,24,27.289997,320
344,25,11.712375,319
344,26,13.483943,318
344,27,15.005528,317
344,28,13.828957,316
344,29,14.029252,315
344,30,13.0824728,314
344,31,15.108243,313
344,32,16.842836,312
344,33,3.88207899999999,311
344,34,16.263677,310
344,35,12.734344,309
344,36,8.336614,308
344,37,9.91405700000001,307
344,38,18.1703509,306
344,39,18.849743,305
344,40,21.292944,304
344,41,18.285762,303
344,42,16.288407,302
344,43,7.018918,301
344,44,10.508504,300
344,45,32.164729,299
344,46,5.716951,298
344,47,8.71239,297
344,48,24.545739,296
344,49,38.959818,295
344,50,37.123014,294
344,51,2.306762,293
344,52,7.64932500000001,292
344,53,14.571896,291
344,54,12.424486,290
344,55,4.574275,289
344,56,20.199656,288
344,57,5.49255,287
344,58,19.938741,286
344,59,23.839055,285
344,60,1.505282,284
344,61,13.047854,283
344,62,10.442139,282
344,63,3.611575,281
344,64,18.1046,280
344,65,22.350422,279
344,66,11.437427,278
344,67,12.940457,277
344,68,3.905157,276
344,69,19.808352,275
344,70,5.805017,274
344,71,9.734582,273
344,72,19.556511,272
344,73,16.289965,271
344,74,11.042004,270
344,75,17.094668,269
344,76,23.172164,268
344,77,39.237218,267
344,78,39.058332,266
344,79,10.6092,265
344,80,25.221104,264
344,81,26.635057,263
344,82,10.79873,262
344,83,1.371072,261
344,84,1.682232,260
344,85,2.91069999999999,259
344,86,5.688657,258
344,87,2.73383899999999,257
344,88,4.39147500000001,256
344,89,8.683011,255
344,90,2.369075,254
344,91,4.263929,253
344,92,9.80077500000001,252
344,93,20.270786,251
344,94,51.685,250
344,95,30.165382,249
344,96,20.178814,248
344,97,29.843503,247
344,98,9.12739300000001,246
344,99,17.976796,245
344,100,29.841168,244
344,101,50.934701,243
344,102,36.787386,242
344,103,23.796182,241
344,104,37.658407,240
344,105,26.783832,239
344,106,31.070329,238
344,107,31.601025,237
344,108,40.176918,236
344,109,38.46865,235
344,110,45.280168,234
344,111,34.288479,233
344,112,9.2492,232
344,113,27.723582,231
344,114,45.552732,230
344,115,49.421696,229
344,116,55.400343,228
344,117,51.601093,227
344,118,52.752579,226
344,119,35.116064,225
344,120,29.765568,224
344,121,35.768889,223
344,122,43.297539,222
344,123,54.682932,221
344,124,27.152625,220
344,125,30.491207,219
344,126,31.489075,218
344,127,41.807007,217
344,128,48.5032445,216
344,129,42.658907,215
344,130,46.3222,214
344,131,46.840993,213
344,132,41.460768,212
344,133,37.767432,211
344,134,41.716707,210
344,135,45.814414,209
344,136,49.74045,208
344,137,43.774461,207
344,138,41.237743,206
344,139,45.025036,205
344,140,46.644436,204
344,141,53.376707,203
344,142,51.922471,202
344,143,48.624207,201
344,144,52.510793,200
344,145,57.661696,199
344,146,60.491193,198
344,147,56.089086,197
344,148,52.104693,196
344,149,53.662661,195
344,150,67.535732,194
344,151,77.012414,193
344,152,69.933893,192
344,153,60.586922,191
344,154,49.44145,190
344,155,56.617893,189
344,156,58.892243,188
344,157,60.775675,187
344,158,61.473371,186
344,159,75.589118,185
344,160,79.258696,184
344,161,71.740689,183
344,162,66.994757,182
344,163,61.203768,181
344,164,55.118943,180
344,165,51.186254,179
344,166,52.577003,178
344,167,51.13235,177
344,168,56.138514,176
344,169,64.256771,175
344,170,65.706907,174
344,171,54.549082,173
344,172,59.852232,172
344,173,68.196803,171
344,174,64.487211,170
344,175,59.275782,169
344,176,58.1197,168
344,177,64.9746259,167
344,178,64.006211,166
344,179,69.880746,165
344,180,60.1576,164
344,181,58.799303,163
344,182,66.613571,162
344,183,68.051053,161
344,184,60.616771,160
344,185,70.0174506,159
344,186,71.655421,158
344,187,68.466796,157
344,188,68.028257,156
344,189,61.152814,155
344,190,64.037603,154
344,191,66.8752,153
344,192,72.799572,152
344,193,73.138239,151
344,194,69.283696,150
344,195,55.802682,149
344,196,57.069846,148
344,197,57.444543,147
344,198,61.304554,146
344,199,66.793889,145
344,200,79.035657,144
344,201,80.065768,143
344,202,84.74425,142
344,203,92.880707,141
344,204,87.51525,140
344,205,83.5539,139
344,206,77.7235509,138
344,207,66.793571,137
344,208,66.972036,136
344,209,74.690914,135
344,210,81.891811,134
344,211,73.652578,133
344,212,74.090936,132
344,213,70.657768,131
344,214,67.932707,130
344,215,68.570496,129
344,216,62.173157,128
344,217,61.774425,127
344,218,61.794357,126
344,219,69.458178,125
344,220,68.280732,124
344,221,74.15705,123
344,222,64.994171,122
344,223,62.350825,121
344,224,65.3537,120
344,225,58.375289,119
344,226,54.405796,118
344,227,54.089139,117
344,228,57.121986,116
344,229,66.038968,115
344,230,59.377771,114
344,231,61.313521,113
344,232,66.014118,112
344,233,62.407661,111
344,234,58.692743,110
344,235,56.740936,109
344,236,55.974429,108
344,237,58.416296,107
344,238,68.9984695,106
344,239,64.912132,105
344,240,62.018396,104
344,241,56.149432,103
344,242,56.494071,102
344,243,61.7488259,101
344,244,58.401825,100
344,245,57.009964,99
344,246,58.229182,98
344,247,61.645068,97
344,248,55.260275,96
344,249,44.736574,95
344,250,50.7979634,94
344,251,46.054041,93
344,252,54.172514,92
344,253,56.566571,91
344,254,59.339739,90
344,255,60.026336,89
344,256,56.696239,88
344,257,58.489907,87
344,258,45.629825,86
344,259,33.884996,85
344,260,34.732582,84
344,261,37.286196,83
344,262,44.948543,82
344,263,46.454639,81
344,264,51.7848756,80
344,265,50.324082,79
344,266,48.7321881,78
344,267,55.0741259,77
344,268,58.1841506,76
344,269,56.603407,75
344,270,53.9253,74
344,271,51.979564,73
344,272,50.257646,72
344,273,43.554532,71
344,274,25.925675,70
344,275,12.586686,69
344,276,28.8867384,68
344,277,32.800489,67
344,278,42.858957,66
344,279,38.685839,65
344,280,49.8243631,64
344,281,49.6082256,63
344,282,50.010307,62
344,283,54.2683756,61
344,284,47.994593,60
344,285,38.695993,59
344,286,48.934878,58
344,287,40.115096,57
344,288,36.512704,56
344,289,38.760532,55
344,290,40.522364,54
344,291,46.696328,53
344,292,37.793306,52
344,293,42.683568,51
344,294,24.369875,50
344,295,33.2791381,49
344,296,32.3466195,48
344,297,36.264993,47
344,298,34.004171,46
344,299,36.631893,45
344,300,30.970786,44
344,301,8.110714,43
344,302,13.6909,42
344,303,12.030018,41
344,304,21.948007,40
344,305,26.14395,39
344,306,28.6838131,38
344,307,27.385418,37
344,308,23.130386,36
344,309,11.574953,35
344,310,23.8500756,34
344,311,31.960582,33
344,312,32.8753945,32
344,313,32.8587384,31
344,314,19.054668,30
344,315,11.518168,29
344,316,15.147153,28
344,317,27.8702,27
344,318,43.646125,26
344,319,38.425446,25
344,320,34.294664,24
344,321,13.354797,23
344,322,5.280446,22
344,323,9.29522500000001,21
344,324,31.764057,20
344,325,33.173689,19
344,326,30.959343,18
344,327,31.493218,17
344,328,20.325289,16
344,329,26.1386384,15
344,330,28.8428634,14
344,331,30.034089,13
344,332,39.660133,12
344,333,29.410807,11
344,334,9.26312900000001,10
344,335,6.746521,9
344,336,18.628439,8
344,337,15.8371259,7
344,338,22.4038009,6
344,339,30.5848009,5
344,340,28.540946,4
344,341,22.283018,3
344,342,1.879179,2
344,343,17.7532881,1
345,1,22.8622381,344
345,2,27.2815691,343
345,3,21.7407591,342
345,4,12.4363381,341
345,5,11.6466061,340
345,6,4.5343245,339
345,7,13.4935981,338
345,8,27.0525741,337
345,9,40.3392061,336
345,10,25.8404951,335
345,11,12.9780501,334
345,12,29.8538651,333
345,13,31.0493561,332
345,14,13.7315721,331
345,15,6.8815271,330
345,16,11.0072671,329
345,17,19.9982951,328
345,18,8.4987811,327
345,19,16.2891451,326
345,20,8.9516741,325
345,21,33.5070701,324
345,22,33.1763561,323
345,23,35.2111411,322
345,24,26.4334161,321
345,25,7.0322381,320
345,26,22.6627561,319
345,27,8.1868851,318
345,28,8.27835610000001,317
345,29,11.4353611,316
345,30,0.923340300000001,315
345,31,18.1191701,314
345,32,3.6866229,313
345,33,13.4397921,312
345,34,25.4424901,311
345,35,7.7919691,310
345,36,7.84839910000001,309
345,37,10.8198561,308
345,38,8.9915378,307
345,39,28.0285561,306
345,40,24.5245691,305
345,41,25.9522511,304
345,42,8.7613061,303
345,43,12.1972951,302
345,44,23.6647171,301
345,45,45.3209421,300
345,46,15.2317641,299
345,47,21.8686031,298
345,48,37.2842741,297
345,49,52.1160311,296
345,50,50.2792271,295
345,51,14.1248511,294
345,52,20.8055381,293
345,53,18.7206171,292
345,54,2.9628271,291
345,55,17.7304881,290
345,56,33.3558691,289
345,57,12.3976631,288
345,58,18.6265721,287
345,59,36.9952681,286
345,60,11.6509311,285
345,61,26.2040671,284
345,62,18.6203741,283
345,63,9.5446381,282
345,64,31.2608131,281
345,65,35.5066351,280
345,66,20.6162401,279
345,67,11.0121561,278
345,68,15.3098561,277
345,69,32.9645651,276
345,70,18.9275961,275
345,71,21.2230311,274
345,72,32.7127241,273
345,73,16.5426481,272
345,74,17.6440091,271
345,75,26.2169451,270
345,76,33.1603491,269
345,77,52.0980951,268
345,78,52.2145451,267
345,79,20.3484131,266
345,80,38.3773171,265
345,81,38.7901561,264
345,82,23.9549431,263
345,83,14.5272851,262
345,84,11.4739811,261
345,85,10.2455131,260
345,86,8.3120561,259
345,87,10.4223741,258
345,88,16.7135381,257
345,89,13.7546021,256
345,90,10.7871381,255
345,91,17.4201421,254
345,92,18.1229381,253
345,93,26.5919271,252
345,94,64.8412131,251
345,95,43.3215951,250
345,96,33.3350271,249
345,97,33.4979101,248
345,98,21.4489201,247
345,99,17.7145171,246
345,100,31.4125451,245
345,101,64.0909141,244
345,102,49.9435991,243
345,103,36.9523951,242
345,104,34.3968061,241
345,105,39.0226811,240
345,106,44.2265421,239
345,107,44.7572381,238
345,108,43.9994951,237
345,109,41.5413631,236
345,110,58.4363811,235
345,111,47.4446921,234
345,112,20.5696131,233
345,113,40.5453311,232
345,114,53.2087811,231
345,115,56.1609171,230
345,116,68.5565561,229
345,117,64.7573061,228
345,118,65.9087921,227
345,119,48.2722771,226
345,120,42.9217811,225
345,121,31.9249241,224
345,122,49.7849741,223
345,123,67.8391451,222
345,124,40.3088381,221
345,125,43.6474201,220
345,126,43.9786381,219
345,127,45.2119061,218
345,128,40.4092686,217
345,129,48.1475061,216
345,130,43.7267131,215
345,131,44.9116201,214
345,132,48.7807451,213
345,133,43.7551811,212
345,134,41.7046061,211
345,135,48.2181991,210
345,136,48.6457631,209
345,137,56.9306741,208
345,138,50.1422701,207
345,139,41.4301771,206
345,140,45.3007771,205
345,141,51.4484061,204
345,142,53.6601421,203
345,143,61.7804201,202
345,144,62.1657201,201
345,145,60.2335171,200
345,146,69.1478201,199
345,147,69.2452991,198
345,148,64.8416201,197
345,149,64.2349521,196
345,150,67.0244811,195
345,151,73.8350991,194
345,152,79.5888201,193
345,153,73.7431351,192
345,154,62.5976631,191
345,155,55.0235201,190
345,156,59.3815701,189
345,157,59.0143381,188
345,158,68.5442421,187
345,159,75.8271951,186
345,160,81.2476171,185
345,161,72.4795241,184
345,162,69.6492561,183
345,163,65.0263451,182
345,164,68.2751561,181
345,165,64.3424671,180
345,166,56.9818101,179
345,167,60.7040631,178
345,168,57.2089991,177
345,169,62.1620421,176
345,170,61.2795061,175
345,171,57.2873311,174
345,172,64.6741811,173
345,173,73.1845101,172
345,174,77.6434241,171
345,175,70.9317311,170
345,176,68.1068131,169
345,177,59.5466872,168
345,178,60.3276021,167
345,179,71.1192671,166
345,180,73.3138131,165
345,181,65.5357101,164
345,182,62.2676421,163
345,183,65.3739601,162
345,184,73.1883421,161
345,185,62.8402625,160
345,186,70.4785921,159
345,187,70.4557171,158
345,188,71.2656561,157
345,189,73.2246991,156
345,190,68.4424101,155
345,191,73.3649131,154
345,192,85.9557851,153
345,193,81.8768741,152
345,194,70.7701171,151
345,195,68.9588951,150
345,196,63.4740671,149
345,197,67.2669701,148
345,198,74.4607671,147
345,199,77.6162241,146
345,200,78.4406561,145
345,201,77.2218451,144
345,202,96.3996631,143
345,203,92.6207061,142
345,204,87.0034631,141
345,205,88.1274131,140
345,206,71.7964622,139
345,207,75.5327421,138
345,208,73.4606771,137
345,209,80.5116991,136
345,210,87.1309021,135
345,211,78.1411351,134
345,212,78.0804771,133
345,213,73.5624451,132
345,214,77.4212061,131
345,215,68.6432171,130
345,216,70.4958561,129
345,217,68.4282881,128
345,218,74.2844561,127
345,219,78.3620351,126
345,220,75.9367811,125
345,221,76.3118631,124
345,222,73.7333421,123
345,223,66.3380881,122
345,224,64.0915131,121
345,225,68.6147241,120
345,226,66.1432171,119
345,227,63.9935741,118
345,228,70.2781991,117
345,229,67.1949451,116
345,230,72.5322421,115
345,231,61.8853921,114
345,232,61.9172951,113
345,233,75.5638741,112
345,234,71.8489561,111
345,235,58.3117771,110
345,236,69.1306421,109
345,237,68.5725171,108
345,238,62.1540436,107
345,239,78.0683451,106
345,240,75.1746091,105
345,241,59.4705811,104
345,242,55.1497421,103
345,243,54.8200872,102
345,244,59.3070881,101
345,245,57.6650491,100
345,246,64.9673311,99
345,247,71.2162451,98
345,248,65.6661381,97
345,249,57.8927871,96
345,250,45.7033497,95
345,251,53.7868721,94
345,252,52.7438991,93
345,253,59.0546421,92
345,254,56.6615741,91
345,255,53.8452771,90
345,256,57.6025741,89
345,257,62.8127061,88
345,258,58.7860381,87
345,259,37.7901171,86
345,260,42.0536311,85
345,261,43.1075171,84
345,262,47.1865701,83
345,263,46.4430741,82
345,264,46.6076375,81
345,265,49.3974311,80
345,266,41.137925,79
345,267,47.4820872,78
345,268,49.0053375,77
345,269,53.3418061,76
345,270,51.6648131,75
345,271,53.8004491,74
345,272,55.3285671,73
345,273,53.1267811,72
345,274,39.0818881,71
345,275,24.2410271,70
345,276,21.9596747,69
345,277,42.2895241,68
345,278,48.5150561,67
345,279,38.6742741,66
345,280,40.64555,65
345,281,40.4294125,64
345,282,40.8314939,63
345,283,45.0895625,62
345,284,49.0668201,61
345,285,51.8522061,60
345,286,49.8389351,59
345,287,52.0200171,58
345,288,49.6689171,57
345,289,51.9167451,56
345,290,45.9277491,55
345,291,43.3525851,54
345,292,50.9495191,53
345,293,55.8397811,52
345,294,35.9415381,51
345,295,27.601075,50
345,296,27.5858936,49
345,297,34.0877201,48
345,298,38.2409421,47
345,299,38.4545201,46
345,300,39.3756271,45
345,301,20.7654991,44
345,302,22.8697131,43
345,303,17.6012951,42
345,304,18.1035061,41
345,305,26.2150631,40
345,306,21.5887,39
345,307,27.6234951,38
345,308,36.2865991,37
345,309,18.8138601,36
345,310,18.0899375,35
345,311,22.7817689,34
345,312,24.0310186,33
345,313,23.6799253,32
345,314,26.2942451,31
345,315,24.6743811,30
345,316,25.4680601,29
345,317,41.0264131,28
345,318,56.8023381,27
345,319,47.0808671,26
345,320,34.5343491,25
345,321,26.5110101,24
345,322,9.7684671,23
345,323,21.2822881,22
345,324,38.5859561,21
345,325,33.5775241,20
345,326,28.7820701,19
345,327,44.6494311,18
345,328,24.6486241,17
345,329,21.2952747,16
345,330,19.9158497,15
345,331,39.9385241,14
345,332,40.6090801,13
345,333,42.5670201,12
345,334,22.4193421,11
345,335,18.1522921,10
345,336,14.0340741,9
345,337,10.5766872,8
345,338,15.5588122,7
345,339,21.4059878,6
345,340,41.6116671,5
345,341,35.4392311,4
345,342,12.1931921,3
345,343,10.741925,2
345,344,13.1562131,1
346,1,20.513082,345
346,2,24.932413,344
346,3,24.504203,343
346,4,15.199782,342
346,5,14.41005,341
346,6,7.2977684,340
346,7,16.257042,339
346,8,29.816018,338
346,9,43.10265,337
346,10,28.603939,336
346,11,15.741494,335
346,12,32.617309,334
346,13,33.8128,333
346,14,16.495016,332
346,15,9.644971,331
346,16,13.770711,330
346,17,22.761739,329
346,18,11.262225,328
346,19,13.939989,327
346,20,11.146318,326
346,21,36.270514,325
346,22,35.9398,324
346,23,37.974585,323
346,24,29.19686,322
346,25,9.795682,321
346,26,25.4262,320
346,27,10.950329,319
346,28,11.0418,318
346,29,14.198805,317
346,30,3.6867842,316
346,31,20.882614,315
346,32,6.035779,314
346,33,15.824336,313
346,34,28.205934,312
346,35,10.555413,311
346,36,10.611843,310
346,37,8.4707,309
346,38,6.2280939,308
346,39,30.792,307
346,40,27.288013,306
346,41,28.715695,305
346,42,11.52475,304
346,43,14.960739,303
346,44,21.315561,302
346,45,42.971786,301
346,46,17.659208,300
346,47,19.519447,299
346,48,34.935118,298
346,49,49.766875,297
346,50,47.930071,296
346,51,11.775695,295
346,52,18.456382,294
346,53,21.484061,293
346,54,5.726271,292
346,55,15.381332,291
346,56,31.006713,290
346,57,10.048507,289
346,58,16.277416,288
346,59,34.646112,287
346,60,11.196875,286
346,61,23.854911,285
346,62,21.383818,284
346,63,11.550582,283
346,64,28.911657,282
346,65,33.157479,281
346,66,23.379684,280
346,67,8.663,279
346,68,12.9607,278
346,69,30.615409,277
346,70,16.57844,276
346,71,18.873875,275
346,72,30.363568,274
346,73,14.193492,273
346,74,15.294853,272
346,75,23.867789,271
346,76,30.811193,270
346,77,49.748939,269
346,78,49.865389,268
346,79,17.999257,267
346,80,36.028161,266
346,81,36.441,265
346,82,21.605787,264
346,83,12.178129,263
346,84,13.290025,262
346,85,11.683857,261
346,86,11.0755,260
346,87,11.859818,259
346,88,14.364382,258
346,89,11.405446,257
346,90,12.224282,256
346,91,15.070986,255
346,92,15.773782,254
346,93,24.242771,253
346,94,62.492057,252
346,95,40.972439,251
346,96,30.985871,250
346,97,31.148754,249
346,98,19.099764,248
346,99,15.365361,247
346,100,29.063389,246
346,101,61.741758,245
346,102,47.594443,244
346,103,34.603239,243
346,104,32.04765,242
346,105,36.673525,241
346,106,41.877386,240
346,107,42.408082,239
346,108,41.650339,238
346,109,39.192207,237
346,110,56.087225,236
346,111,45.095536,235
346,112,18.220457,234
346,113,38.196175,233
346,114,50.859625,232
346,115,53.811761,231
346,116,66.2074,230
346,117,62.40815,229
346,118,63.559636,228
346,119,45.923121,227
346,120,40.572625,226
346,121,29.575768,225
346,122,47.435818,224
346,123,65.489989,223
346,124,37.959682,222
346,125,41.298264,221
346,126,41.629482,220
346,127,42.86275,219
346,128,38.0601125,218
346,129,45.79835,217
346,130,41.377557,216
346,131,42.562464,215
346,132,46.431589,214
346,133,41.406025,213
346,134,39.35545,212
346,135,45.869043,211
346,136,46.296607,210
346,137,54.581518,209
346,138,47.793114,208
346,139,39.081021,207
346,140,42.951621,206
346,141,49.09925,205
346,142,51.310986,204
346,143,59.431264,203
346,144,59.816564,202
346,145,57.884361,201
346,146,66.798664,200
346,147,66.896143,199
346,148,62.492464,198
346,149,61.885796,197
346,150,64.675325,196
346,151,71.485943,195
346,152,77.239664,194
346,153,71.393979,193
346,154,60.248507,192
346,155,52.674364,191
346,156,57.032414,190
346,157,56.665182,189
346,158,66.195086,188
346,159,73.478039,187
346,160,78.898461,186
346,161,70.130368,185
346,162,67.3001,184
346,163,62.677189,183
346,164,65.926,182
346,165,61.993311,181
346,166,54.632654,180
346,167,58.354907,179
346,168,54.859843,178
346,169,59.812886,177
346,170,58.93035,176
346,171,54.938175,175
346,172,62.325025,174
346,173,70.835354,173
346,174,75.294268,172
346,175,68.582575,171
346,176,65.757657,170
346,177,57.1975311,169
346,178,57.978446,168
346,179,68.770111,167
346,180,70.964657,166
346,181,63.186554,165
346,182,59.918486,164
346,183,63.024804,163
346,184,70.839186,162
346,185,60.4911064,161
346,186,68.129436,160
346,187,68.106561,159
346,188,68.9165,158
346,189,70.875543,157
346,190,66.093254,156
346,191,71.015757,155
346,192,83.606629,154
346,193,79.527718,153
346,194,68.420961,152
346,195,66.609739,151
346,196,61.124911,150
346,197,64.917814,149
346,198,72.111611,148
346,199,75.267068,147
346,200,76.0915,146
346,201,74.872689,145
346,202,94.050507,144
346,203,90.27155,143
346,204,84.654307,142
346,205,85.778257,141
346,206,69.4473061,140
346,207,73.183586,139
346,208,71.111521,138
346,209,78.162543,137
346,210,84.781746,136
346,211,75.791979,135
346,212,75.731321,134
346,213,71.213289,133
346,214,75.07205,132
346,215,66.294061,131
346,216,68.1467,130
346,217,66.079132,129
346,218,71.9353,128
346,219,76.012879,127
346,220,73.587625,126
346,221,73.962707,125
346,222,71.384186,124
346,223,63.988932,123
346,224,61.742357,122
346,225,66.265568,121
346,226,63.794061,120
346,227,61.644418,119
346,228,67.929043,118
346,229,64.845789,117
346,230,70.183086,116
346,231,59.536236,115
346,232,59.568139,114
346,233,73.214718,113
346,234,69.4998,112
346,235,55.962621,111
346,236,66.781486,110
346,237,66.223361,109
346,238,59.8048875,108
346,239,75.719189,107
346,240,72.825453,106
346,241,57.121425,105
346,242,52.800586,104
346,243,52.4709311,103
346,244,56.957932,102
346,245,55.315893,101
346,246,62.618175,100
346,247,68.867089,99
346,248,63.316982,98
346,249,55.543631,97
346,250,43.3541936,96
346,251,51.437716,95
346,252,50.394743,94
346,253,56.705486,93
346,254,54.312418,92
346,255,51.496121,91
346,256,55.253418,90
346,257,60.46355,89
346,258,56.436882,88
346,259,35.440961,87
346,260,39.704475,86
346,261,40.758361,85
346,262,44.837414,84
346,263,44.093918,83
346,264,44.2584814,82
346,265,47.048275,81
346,266,38.7887689,80
346,267,45.1329311,79
346,268,46.2418936,78
346,269,50.99265,77
346,270,49.315657,76
346,271,51.451293,75
346,272,52.979411,74
346,273,50.777625,73
346,274,36.732732,72
346,275,21.891871,71
346,276,19.6105186,70
346,277,39.940368,69
346,278,46.1659,68
346,279,36.325118,67
346,280,37.8821061,66
346,281,37.6659686,65
346,282,38.06805,64
346,283,42.3261186,63
346,284,46.717664,62
346,285,49.50305,61
346,286,47.489779,60
346,287,49.670861,59
346,288,47.319761,58
346,289,49.567589,57
346,290,43.578593,56
346,291,41.003429,55
346,292,48.600363,54
346,293,53.490625,53
346,294,33.592382,52
346,295,25.2519189,51
346,296,25.2367375,50
346,297,31.738564,49
346,298,35.891786,48
346,299,36.105364,47
346,300,37.026471,46
346,301,18.416343,45
346,302,25.633157,44
346,303,15.252139,43
346,304,15.75435,42
346,305,23.865907,41
346,306,19.2395439,40
346,307,25.274339,39
346,308,33.937443,38
346,309,16.464704,37
346,310,15.7407814,36
346,311,20.018325,35
346,312,21.6818625,34
346,313,20.9164814,33
346,314,23.945089,32
346,315,22.325225,31
346,316,23.118904,30
346,317,38.677257,29
346,318,54.453182,28
346,319,44.731711,27
346,320,32.185193,26
346,321,24.161854,25
346,322,7.419311,24
346,323,18.933132,23
346,324,36.2368,22
346,325,31.228368,21
346,326,26.432914,20
346,327,42.300275,19
346,328,22.299468,18
346,329,18.9461186,17
346,330,17.5666936,16
346,331,37.589368,15
346,332,38.259924,14
346,333,40.217864,13
346,334,20.070186,12
346,335,15.803136,11
346,336,11.684918,10
346,337,8.22753109999999,9
346,338,13.2096561,8
346,339,18.6425439,7
346,340,39.262511,6
346,341,33.090075,5
346,342,13.821436,4
346,343,8.39276889999999,3
346,344,11.942257,2
346,345,2.7634439,1
347,1,10.706082,346
347,2,15.125413,345
347,3,23.979803,344
347,4,14.675382,343
347,5,13.88565,342
347,6,13.6053316,341
347,7,15.732642,340
347,8,29.291618,339
347,9,42.57825,338
347,10,28.079539,337
347,11,17.685106,336
347,12,32.092909,335
347,13,33.2884,334
347,14,17.846884,333
347,15,9.120571,332
347,16,13.246311,331
347,17,22.237339,330
347,18,10.737825,329
347,19,4.947789,328
347,20,10.621918,327
347,21,35.746114,326
347,22,35.4154,325
347,23,37.450185,324
347,24,28.67246,323
347,25,10.712318,322
347,26,24.9018,321
347,27,14.005471,320
347,28,12.8289,319
347,29,13.674405,318
347,30,12.0824158,317
347,31,20.358214,316
347,32,15.842779,315
347,33,15.299936,314
347,34,27.681534,313
347,35,11.734287,312
347,36,10.087443,311
347,37,1.5038,310
347,38,6.7524939,309
347,39,30.2676,308
347,40,26.763613,307
347,41,28.191295,306
347,42,15.28835,305
347,43,14.436339,304
347,44,11.508561,303
347,45,33.164786,302
347,46,17.134808,301
347,47,9.71244699999999,300
347,48,25.128118,299
347,49,39.959875,298
347,50,38.123071,297
347,51,9.111095,296
347,52,13.768282,295
347,53,20.959661,294
347,54,11.424429,293
347,55,9.158432,292
347,56,21.199713,291
347,57,5.925307,290
347,58,8.520884,289
347,59,24.839112,288
347,60,10.672475,287
347,61,14.047911,286
347,62,20.859418,285
347,63,11.026182,284
347,64,19.104657,283
347,65,23.350479,282
347,66,22.855284,281
347,67,1.5226,280
347,68,7.51270000000001,279
347,69,20.808409,278
347,70,6.77144,277
347,71,9.06687499999999,276
347,72,20.556568,275
347,73,4.872108,274
347,74,5.487853,273
347,75,14.060789,272
347,76,21.004193,271
347,77,39.941939,270
347,78,40.058389,269
347,79,8.19225699999999,268
347,80,26.221161,267
347,81,26.634,266
347,82,11.798787,265
347,83,11.462629,264
347,84,12.765625,263
347,85,11.159457,262
347,86,10.5511,261
347,87,11.335418,260
347,88,7.026382,259
347,89,2.734846,258
347,90,11.699882,257
347,91,10.569186,256
347,92,5.966782,255
347,93,14.435771,254
347,94,52.685057,253
347,95,31.165439,252
347,96,21.178871,251
347,97,21.341754,250
347,98,9.292764,249
347,99,6.558939,248
347,100,19.256389,247
347,101,51.934758,246
347,102,37.787443,245
347,103,24.796239,244
347,104,26.24055,243
347,105,26.866525,242
347,106,32.070386,241
347,107,32.601082,240
347,108,31.843339,239
347,109,29.385207,238
347,110,46.280225,237
347,111,35.288536,236
347,112,8.413457,235
347,113,28.389175,234
347,114,41.052625,233
347,115,44.004761,232
347,116,56.4004,231
347,117,52.60115,230
347,118,53.752636,229
347,119,36.116121,228
347,120,30.765625,227
347,121,24.351032,226
347,122,37.628818,225
347,123,55.682989,224
347,124,28.152682,223
347,125,31.491264,222
347,126,31.822482,221
347,127,33.05575,220
347,128,37.0853875,219
347,129,35.99135,218
347,130,34.904343,217
347,131,35.423136,216
347,132,36.624589,215
347,133,31.599025,214
347,134,30.29885,213
347,135,36.062043,212
347,136,38.322593,211
347,137,44.774518,210
347,138,37.986114,209
347,139,33.607179,208
347,140,35.226579,207
347,141,41.95885,206
347,142,41.503986,205
347,143,49.624264,204
347,144,50.009564,203
347,145,48.077361,202
347,146,56.991664,201
347,147,57.089143,200
347,148,52.685464,199
347,149,52.078796,198
347,150,56.117875,197
347,151,65.594557,196
347,152,67.432664,195
347,153,61.586979,194
347,154,50.441507,193
347,155,45.200036,192
347,156,47.474386,191
347,157,49.357818,190
347,158,56.388086,189
347,159,64.171261,188
347,160,69.091461,187
347,161,60.323368,186
347,162,57.4931,185
347,163,52.870189,184
347,164,56.119,183
347,165,52.186311,182
347,166,44.825654,181
347,167,48.547907,180
347,168,45.052843,179
347,169,52.838914,178
347,170,54.28905,177
347,171,45.131175,176
347,172,52.518025,175
347,173,61.028354,174
347,174,65.487268,173
347,175,58.775575,172
347,176,55.950657,171
347,177,53.5567689,170
347,178,52.588354,169
347,179,58.963111,168
347,180,61.157657,167
347,181,53.379554,166
347,182,55.195714,165
347,183,56.633196,164
347,184,61.032186,163
347,185,58.5995936,162
347,186,60.237564,161
347,187,58.299561,160
347,188,59.1095,159
347,189,61.068543,158
347,190,56.286254,157
347,191,61.208757,156
347,192,73.799629,155
347,193,69.720718,154
347,194,58.613961,153
347,195,56.802739,152
347,196,51.317911,151
347,197,55.110814,150
347,198,62.304611,149
347,199,65.460068,148
347,200,67.6178,147
347,201,68.647911,146
347,202,84.243507,145
347,203,81.46285,144
347,204,76.097393,143
347,205,75.971257,142
347,206,66.3056939,141
347,207,63.376586,140
347,208,61.304521,139
347,209,68.355543,138
347,210,74.974746,137
347,211,65.984979,136
347,212,65.924321,135
347,213,61.406289,134
347,214,65.26505,133
347,215,57.152639,132
347,216,58.3397,131
347,217,56.272132,130
347,218,62.1283,129
347,219,66.205879,128
347,220,63.780625,127
347,221,64.155707,126
347,222,61.577186,125
347,223,54.181932,124
347,224,53.935843,123
347,225,56.458568,122
347,226,53.987061,121
347,227,51.837418,120
347,228,58.122043,119
347,229,55.038789,118
347,230,60.376086,117
347,231,49.895664,116
347,232,54.596261,115
347,233,63.407718,114
347,234,59.6928,113
347,235,46.155621,112
347,236,56.974486,111
347,237,56.416361,110
347,238,57.5806125,109
347,239,65.912189,108
347,240,63.018453,107
347,241,47.314425,106
347,242,45.076214,105
347,243,50.3309689,104
347,244,47.150932,103
347,245,45.592107,102
347,246,52.811175,101
347,247,59.060089,100
347,248,53.509982,99
347,249,45.736631,98
347,250,39.3801064,97
347,251,41.630716,96
347,252,42.754657,95
347,253,46.898486,94
347,254,47.921882,93
347,255,48.608479,92
347,256,45.446418,91
347,257,50.65655,90
347,258,46.629882,89
347,259,25.633961,88
347,260,29.897475,87
347,261,30.951361,86
347,262,35.030414,85
347,263,35.036782,84
347,264,40.3670186,83
347,265,38.906225,82
347,266,37.3143311,81
347,267,43.6562689,80
347,268,46.7662936,79
347,269,45.18555,78
347,270,42.507443,77
347,271,41.644293,76
347,272,43.172411,75
347,273,40.970625,74
347,274,26.925732,73
347,275,12.084871,72
347,276,17.4688814,71
347,277,30.133368,70
347,278,36.3589,69
347,279,27.267982,68
347,280,38.4065061,67
347,281,38.1903686,66
347,282,38.59245,65
347,283,42.8505186,64
347,284,36.910664,63
347,285,39.69605,62
347,286,37.682779,61
347,287,39.863861,60
347,288,37.512761,59
347,289,39.760589,58
347,290,33.771593,57
347,291,35.278471,56
347,292,38.793363,55
347,293,43.683625,54
347,294,23.785382,53
347,295,21.8612811,52
347,296,20.9287625,51
347,297,24.847136,50
347,298,26.084786,49
347,299,26.298364,48
347,300,27.219471,47
347,301,8.609343,46
347,302,25.108757,45
347,303,5.445139,44
347,304,10.53015,43
347,305,14.726093,42
347,306,17.2659561,41
347,307,15.967561,40
347,308,24.130443,39
347,309,6.65770399999999,38
347,310,12.4322186,37
347,311,20.542725,36
347,312,21.4575375,35
347,313,21.4408814,34
347,314,14.138089,33
347,315,12.518225,32
347,316,13.311904,31
347,317,28.870257,30
347,318,44.646182,29
347,319,34.924711,28
347,320,22.876807,27
347,321,14.354854,26
347,322,6.137411,25
347,323,9.126132,24
347,324,26.4298,23
347,325,21.755832,22
347,326,19.541486,21
347,327,32.493275,20
347,328,12.492468,19
347,329,14.7207814,18
347,330,17.4250064,17
347,331,27.782368,16
347,332,28.452924,15
347,333,30.410864,14
347,334,10.263186,13
347,335,5.996136,12
347,336,7.21058199999999,11
347,337,4.4192689,10
347,338,10.9859439,9
347,339,19.1669439,8
347,340,29.455511,7
347,341,23.283075,6
347,342,13.297036,5
347,343,6.33543109999999,4
347,344,11.417857,3
347,345,12.1561561,2
347,346,9.807,1
348,1,10.4551259,347
348,2,14.8744569,346
348,3,34.8960469,345
348,4,25.5916259,344
348,5,24.8018939,343
348,6,17.6896123,342
348,7,26.6488859,341
348,8,40.2078619,340
348,9,53.4944939,339
348,10,38.9957829,338
348,11,26.1333379,337
348,12,43.0091529,336
348,13,44.2046439,335
348,14,26.8868599,334
348,15,20.0368149,333
348,16,24.1625549,332
348,17,33.1535829,331
348,18,21.6540689,330
348,19,15.8640329,329
348,20,21.5381619,328
348,21,46.6623579,327
348,22,46.3316439,326
348,23,48.3664289,325
348,24,39.5887039,324
348,25,20.1875259,323
348,26,35.8180439,322
348,27,21.3421729,321
348,28,21.4336439,320
348,29,24.5906489,319
348,30,14.0786281,318
348,31,31.2744579,317
348,32,16.0937351,316
348,33,26.2161799,315
348,34,38.5977779,314
348,35,20.9472569,313
348,36,21.0036869,312
348,37,12.4200439,311
348,38,6.24745,310
348,39,41.1838439,309
348,40,37.6798569,308
348,41,39.1075389,307
348,42,21.9165939,306
348,43,25.3525829,305
348,44,15.5323049,304
348,45,32.9138299,303
348,46,28.0510519,302
348,47,16.1100909,301
348,48,24.8771619,300
348,49,39.7089189,299
348,50,37.8721149,298
348,51,20.0273389,297
348,52,24.6845259,296
348,53,31.8759049,295
348,54,16.1181149,294
348,55,20.0746759,293
348,56,20.9487569,292
348,57,16.8415509,291
348,58,6.2194599,290
348,59,24.5881559,289
348,60,21.5887189,288
348,61,19.2842549,287
348,62,31.7756619,286
348,63,21.9424259,285
348,64,18.8537009,284
348,65,23.0995229,283
348,66,33.7715279,282
348,67,9.39364389999999,281
348,68,18.4289439,280
348,69,20.5574529,279
348,70,16.5290839,278
348,71,12.5995189,277
348,72,20.3056119,276
348,73,6.04413589999999,275
348,74,11.2920969,274
348,75,13.8098329,273
348,76,20.7532369,272
348,77,39.6909829,271
348,78,39.8074329,270
348,79,11.7249009,269
348,80,25.9702049,268
348,81,26.3830439,267
348,82,11.6747309,266
348,83,22.3788729,265
348,84,23.6818689,264
348,85,22.0757009,263
348,86,21.4673439,262
348,87,22.2516619,261
348,88,17.9426259,260
348,89,13.6510899,259
348,90,22.6161259,258
348,91,21.4854299,257
348,92,12.5333259,256
348,93,14.1848149,255
348,94,52.4341009,254
348,95,30.9144829,253
348,96,20.9279149,252
348,97,21.0907979,251
348,98,13.2067079,250
348,99,5.30740490000001,249
348,100,19.0054329,248
348,101,51.6838019,247
348,102,37.5364869,246
348,103,24.5452829,245
348,104,21.9896939,244
348,105,26.6155689,243
348,106,31.8194299,242
348,107,32.3501259,241
348,108,31.5923829,240
348,109,29.1342509,239
348,110,46.0292689,238
348,111,35.0375799,237
348,112,13.0849009,236
348,113,28.1382189,235
348,114,40.8016689,234
348,115,43.7538049,233
348,116,56.1494439,232
348,117,52.3501939,231
348,118,53.5016799,230
348,119,35.8651649,229
348,120,30.5146689,228
348,121,19.5178119,227
348,122,37.3778619,226
348,123,55.4320329,225
348,124,27.9017259,224
348,125,31.2403079,223
348,126,31.5715259,222
348,127,32.8047939,221
348,128,28.0021564,220
348,129,35.7403939,219
348,130,31.3196009,218
348,131,32.5045079,217
348,132,36.3736329,216
348,133,31.3480689,215
348,134,29.2974939,214
348,135,35.8110869,213
348,136,36.2386509,212
348,137,44.5235619,211
348,138,37.7351579,210
348,139,29.0230649,209
348,140,32.8936649,208
348,141,39.0412939,207
348,142,41.2530299,206
348,143,49.3733079,205
348,144,49.7586079,204
348,145,47.8264049,203
348,146,56.7407079,202
348,147,56.8381869,201
348,148,52.4345079,200
348,149,51.8278399,199
348,150,54.6173689,198
348,151,61.4279869,197
348,152,67.1817079,196
348,153,61.3360229,195
348,154,50.1905509,194
348,155,42.6164079,193
348,156,46.9744579,192
348,157,46.6072259,191
348,158,56.1371299,190
348,159,63.4200829,189
348,160,68.8405049,188
348,161,60.0724119,187
348,162,57.2421439,186
348,163,52.6192329,185
348,164,55.8680439,184
348,165,51.9353549,183
348,166,44.5746979,182
348,167,48.2969509,181
348,168,44.8018869,180
348,169,49.7549299,179
348,170,48.8723939,178
348,171,44.8802189,177
348,172,52.2670689,176
348,173,60.7773979,175
348,174,65.2363119,174
348,175,58.5246189,173
348,176,55.6997009,172
348,177,47.139575,171
348,178,47.9204899,170
348,179,58.7121549,169
348,180,60.9067009,168
348,181,53.1285979,167
348,182,49.8605299,166
348,183,52.9668479,165
348,184,60.7812299,164
348,185,50.4331503,163
348,186,58.0714799,162
348,187,58.0486049,161
348,188,58.8585439,160
348,189,60.8175869,159
348,190,56.0352979,158
348,191,60.9578009,157
348,192,73.5486729,156
348,193,69.4697619,155
348,194,58.3630049,154
348,195,56.5517829,153
348,196,51.0669549,152
348,197,54.8598579,151
348,198,62.0536549,150
348,199,65.2091119,149
348,200,66.0335439,148
348,201,64.8147329,147
348,202,83.9925509,146
348,203,80.2135939,145
348,204,74.5963509,144
348,205,75.7203009,143
348,206,59.38935,142
348,207,63.1256299,141
348,208,61.0535649,140
348,209,68.1045869,139
348,210,74.7237899,138
348,211,65.7340229,137
348,212,65.6733649,136
348,213,61.1553329,135
348,214,65.0140939,134
348,215,56.2361049,133
348,216,58.0887439,132
348,217,56.0211759,131
348,218,61.8773439,130
348,219,65.9549229,129
348,220,63.5296689,128
348,221,63.9047509,127
348,222,61.3262299,126
348,223,53.9309759,125
348,224,51.6844009,124
348,225,56.2076119,123
348,226,53.7361049,122
348,227,51.5864619,121
348,228,57.8710869,120
348,229,54.7878329,119
348,230,60.1251299,118
348,231,49.4782799,117
348,232,49.5101829,116
348,233,63.1567619,115
348,234,59.4418439,114
348,235,45.9046649,113
348,236,56.7235299,112
348,237,56.1654049,111
348,238,49.7469314,110
348,239,65.6612329,109
348,240,62.7674969,108
348,241,47.0634689,107
348,242,42.7426299,106
348,243,42.412975,105
348,244,46.8999759,104
348,245,45.2579369,103
348,246,52.5602189,102
348,247,58.8091329,101
348,248,53.2590259,100
348,249,45.4856749,99
348,250,33.2962375,98
348,251,41.3797599,97
348,252,40.3367869,96
348,253,46.6475299,95
348,254,44.2544619,94
348,255,41.4381649,93
348,256,45.1954619,92
348,257,50.4055939,91
348,258,46.3789259,90
348,259,25.3830049,89
348,260,29.6465189,88
348,261,30.7004049,87
348,262,34.7794579,86
348,263,34.0359619,85
348,264,34.2005253,84
348,265,36.9903189,83
348,266,28.7308128,82
348,267,35.074975,81
348,268,35.8500497,80
348,269,40.9346939,79
348,270,39.2577009,78
348,271,41.3933369,77
348,272,42.9214549,76
348,273,40.7196689,75
348,274,26.6747759,74
348,275,11.8339149,73
348,276,9.5525625,72
348,277,29.8824119,71
348,278,36.1079439,70
348,279,26.2671619,69
348,280,27.4902622,68
348,281,27.2741247,67
348,282,28.0100939,66
348,283,31.9342747,65
348,284,36.6597079,64
348,285,39.4450939,63
348,286,37.4318229,62
348,287,39.6129049,61
348,288,37.2618049,60
348,289,39.5096329,59
348,290,33.5206369,58
348,291,30.9454729,57
348,292,38.5424069,56
348,293,43.4326689,55
348,294,23.5344259,54
348,295,15.1939628,53
348,296,15.1787814,52
348,297,21.6806079,51
348,298,25.8338299,50
348,299,26.0474079,49
348,300,26.9685149,48
348,301,14.2233869,47
348,302,36.0250009,46
348,303,10.3040829,45
348,304,5.69639390000001,44
348,305,13.8079509,43
348,306,9.1815878,42
348,307,15.2163829,41
348,308,23.8794869,40
348,309,10.7591479,39
348,310,5.68282530000001,38
348,311,9.6264811,37
348,312,11.6239064,36
348,313,10.6904625,35
348,314,13.8871329,34
348,315,21.7307689,33
348,316,13.0609479,32
348,317,28.6193009,31
348,318,44.3952259,30
348,319,34.6737549,29
348,320,22.1272369,28
348,321,18.6461979,27
348,322,17.0536549,26
348,323,13.0388759,25
348,324,26.1788439,24
348,325,21.1704119,23
348,326,16.3749579,22
348,327,32.2423189,21
348,328,12.2415119,20
348,329,8.8881625,19
348,330,7.50873750000001,18
348,331,27.5314119,17
348,332,28.2019679,16
348,333,30.1599079,15
348,334,18.1545299,14
348,335,15.5875799,13
348,336,3.7056619,12
348,337,6.496975,11
348,338,3.15170000000001,10
348,339,8.41820000000001,9
348,340,29.2045549,8
348,341,23.0321189,7
348,342,24.2132799,6
348,343,4.5808128,5
348,344,22.3341009,4
348,345,13.1552878,3
348,346,10.3918439,2
348,347,10.9162439,1
349,1,14.500732,348
349,2,10.081401,347
349,3,34.746911,346
349,4,37.236232,345
349,5,32.881564,344
349,6,38.8121456,343
349,7,37.163872,342
349,8,37.580396,341
349,9,50.701136,340
349,10,42.202275,339
349,11,42.89192,338
349,12,40.215795,337
349,13,41.411286,336
349,14,43.053698,335
349,15,31.994043,334
349,16,32.036803,333
349,17,40.279575,332
349,18,35.110489,331
349,19,21.073825,330
349,20,28.411296,329
349,21,43.869,328
349,22,56.411934,327
349,23,48.446299,326
349,24,51.496754,325
349,25,35.919132,324
349,26,33.024686,323
349,27,39.212285,322
349,28,38.035714,321
349,29,38.236009,320
349,30,37.2892298,319
349,31,39.315,318
349,32,41.049593,317
349,33,23.923178,316
349,34,35.80442,315
349,35,36.941101,314
349,36,32.543371,313
349,37,26.543114,312
349,38,31.2033079,311
349,39,38.390486,310
349,40,45.499701,309
349,41,42.492519,308
349,42,40.495164,307
349,43,31.225675,306
349,44,13.698253,305
349,45,12.124072,304
349,46,25.257694,303
349,47,15.494367,302
349,48,5.004996,301
349,49,15.170739,300
349,50,19.166157,299
349,51,23.238119,298
349,52,21.891168,297
349,53,38.778653,296
349,54,36.631243,295
349,55,19.632482,294
349,56,14.525699,293
349,57,24.965307,292
349,58,18.736398,291
349,59,3.26799800000001,290
349,60,25.712039,289
349,61,16.490897,288
349,62,34.648896,287
349,63,27.818332,286
349,64,6.10215700000001,285
349,65,11.939165,284
349,66,30.97817,283
349,67,26.350814,282
349,68,22.053114,281
349,69,4.398405,280
349,70,18.435374,279
349,71,16.139939,278
349,72,4.993554,277
349,73,20.820322,276
349,74,19.718961,275
349,75,11.146025,274
349,76,4.20262100000001,273
349,77,19.696475,272
349,78,14.851575,271
349,79,17.014557,270
349,80,1.764947,269
349,81,7.094314,268
349,82,13.408027,267
349,83,22.835685,266
349,84,25.888989,265
349,85,27.117457,264
349,86,29.895414,263
349,87,26.940596,262
349,88,20.649432,261
349,89,23.608368,260
349,90,26.575832,259
349,91,19.942828,258
349,92,19.240032,257
349,93,10.771043,256
349,94,27.478243,255
349,95,10.124725,254
349,96,4.027943,253
349,97,10.30276,252
349,98,15.91405,251
349,99,19.648453,250
349,100,10.300425,249
349,101,26.727944,248
349,102,12.580629,247
349,103,1.92437500000001,246
349,104,18.117664,245
349,105,7.243089,244
349,106,6.863572,243
349,107,7.394268,242
349,108,20.636175,241
349,109,18.927907,240
349,110,24.573089,239
349,111,10.081722,238
349,112,16.793357,237
349,113,8.18283899999999,236
349,114,26.011989,235
349,115,29.880953,234
349,116,31.193586,233
349,117,27.394336,232
349,118,28.545822,231
349,119,14.658493,230
349,120,9.976389,229
349,121,16.228146,228
349,122,23.756796,227
349,123,30.476175,226
349,124,5.221968,225
349,125,6.28444999999999,224
349,126,11.948332,223
349,127,22.266264,222
349,128,28.9625015,221
349,129,23.118164,220
349,130,26.781457,219
349,131,27.30025,218
349,132,21.920025,217
349,133,18.226689,216
349,134,22.175964,215
349,135,26.273671,214
349,136,30.199707,213
349,137,19.567704,212
349,138,21.697,211
349,139,25.484293,210
349,140,27.103693,209
349,141,33.835964,208
349,142,32.381728,207
349,143,29.00025,206
349,144,32.97005,205
349,145,38.120953,204
349,146,40.95045,203
349,147,35.548971,202
349,148,32.56395,201
349,149,34.121918,200
349,150,47.994989,199
349,151,57.471671,198
349,152,50.39315,197
349,153,36.380165,196
349,154,27.234107,195
349,155,37.07715,194
349,156,39.3515,193
349,157,41.234932,192
349,158,41.932628,191
349,159,56.048375,190
349,160,59.717953,189
349,161,52.199946,188
349,162,47.454014,187
349,163,41.663025,186
349,164,30.912186,185
349,165,26.979497,184
349,166,33.03626,183
349,167,31.591607,182
349,168,36.597771,181
349,169,44.716028,180
349,170,46.166164,179
349,171,35.008339,178
349,172,40.311489,177
349,173,48.65606,176
349,174,44.198346,175
349,175,39.735039,174
349,176,38.578957,173
349,177,45.4338829,172
349,178,44.465468,171
349,179,50.340003,170
349,180,36.784457,169
349,181,39.25856,168
349,182,47.072828,167
349,183,48.51031,166
349,184,41.076028,165
349,185,50.4767076,164
349,186,52.114678,163
349,187,48.926053,162
349,188,48.487514,161
349,189,41.612071,160
349,190,44.49686,159
349,191,47.334457,158
349,192,48.592815,157
349,193,53.597496,156
349,194,49.742953,155
349,195,35.264175,154
349,196,37.529103,153
349,197,37.9038,152
349,198,40.181003,151
349,199,47.253146,150
349,200,59.494914,149
349,201,60.525025,148
349,202,65.203507,147
349,203,73.339964,146
349,204,67.974507,145
349,205,64.013157,144
349,206,58.1828079,143
349,207,47.252828,142
349,208,47.431293,141
349,209,55.150171,140
349,210,62.351068,139
349,211,54.111835,138
349,212,54.550193,137
349,213,51.117025,136
349,214,48.391964,135
349,215,49.029753,134
349,216,42.632414,133
349,217,42.233682,132
349,218,42.253614,131
349,219,49.917435,130
349,220,48.739989,129
349,221,54.616307,128
349,222,45.453428,127
349,223,42.810082,126
349,224,45.812957,125
349,225,38.834546,124
349,226,34.865053,123
349,227,34.548396,122
349,228,37.164771,121
349,229,46.498225,120
349,230,39.837028,119
349,231,41.772778,118
349,232,46.473375,117
349,233,40.785496,116
349,234,34.485986,115
349,235,37.200193,114
349,236,33.768828,113
349,237,38.875553,112
349,238,49.4577265,111
349,239,40.705375,110
349,240,37.811639,109
349,241,36.608689,108
349,242,36.953328,107
349,243,42.2080829,106
349,244,38.861082,105
349,245,37.469221,104
349,246,38.688439,103
349,247,42.104325,102
349,248,35.719532,101
349,249,20.529817,100
349,250,31.2572204,99
349,251,26.513298,98
349,252,34.631771,97
349,253,37.025828,96
349,254,39.798996,95
349,255,40.485593,94
349,256,37.155496,93
349,257,38.949164,92
349,258,21.423068,91
349,259,14.344253,90
349,260,15.191839,89
349,261,17.745453,88
349,262,25.4078,87
349,263,26.913896,86
349,264,32.2441326,85
349,265,30.783339,84
349,266,29.1914451,83
349,267,35.5333829,82
349,268,38.6434076,81
349,269,37.062664,80
349,270,34.384557,79
349,271,32.438821,78
349,272,30.716903,77
349,273,24.013789,76
349,274,1.718918,75
349,275,13.121943,74
349,276,15.4032954,73
349,277,13.259746,72
349,278,23.318214,71
349,279,19.145096,70
349,280,30.2836201,69
349,281,30.0674826,68
349,282,30.469564,67
349,283,34.7276326,66
349,284,28.45385,65
349,285,17.154764,64
349,286,29.394135,63
349,287,20.574353,62
349,288,13.640453,61
349,289,14.553775,60
349,290,20.981621,59
349,291,27.155585,58
349,292,16.896751,57
349,293,18.476811,56
349,294,4.829132,55
349,295,13.7383951,54
349,296,12.8058765,53
349,297,16.72425,52
349,298,14.463428,51
349,299,17.09115,50
349,300,11.430043,49
349,301,16.597471,48
349,302,33.231643,47
349,303,19.761675,46
349,304,19.259464,45
349,305,11.147907,44
349,306,15.7742701,43
349,307,9.73947500000001,42
349,308,1.577129,41
349,309,18.54911,40
349,310,19.2730326,39
349,311,15.829639,38
349,312,13.3346515,37
349,313,14.2653954,36
349,314,11.068725,35
349,315,18.937411,34
349,316,11.89491,33
349,317,3.663443,32
349,318,19.439368,31
349,319,18.884703,30
349,320,14.753921,29
349,321,15.85284,28
349,322,27.594503,27
349,323,16.080682,26
349,324,12.223314,25
349,325,13.632946,24
349,326,11.4186,23
349,327,7.286461,22
349,328,12.714346,21
349,329,16.0676954,20
349,330,17.4471204,19
349,331,10.493346,18
349,332,20.11939,17
349,333,6.53735,16
349,334,15.361172,15
349,335,19.210678,14
349,336,23.328896,13
349,337,26.7862829,12
349,338,21.8041579,11
349,339,16.5376579,10
349,340,9.000203,9
349,341,1.923739,8
349,342,25.169778,7
349,343,26.6210451,6
349,344,24.206757,5
349,345,37.3629701,4
349,346,35.013814,3
349,347,25.206814,2
349,348,24.9558579,1
350,1,7.278643,349
350,2,1.719312,348
350,3,26.384822,347
350,4,28.874143,346
350,5,24.519475,345
350,6,30.4500566,344
350,7,28.801783,343
350,8,30.052993,342
350,9,43.339625,341
350,10,33.840186,340
350,11,34.529831,339
350,12,32.854284,338
350,13,34.049775,337
350,14,34.691609,336
350,15,23.631954,335
350,16,23.674714,334
350,17,31.917486,333
350,18,26.7484,332
350,19,12.711736,331
350,20,20.049207,330
350,21,36.507489,329
350,22,48.049845,328
350,23,40.08421,327
350,24,43.134665,326
350,25,27.557043,325
350,26,25.663175,324
350,27,30.850196,323
350,28,29.673625,322
350,29,29.87392,321
350,30,28.9271408,320
350,31,30.952911,319
350,32,32.687504,318
350,33,16.061311,317
350,34,28.442909,316
350,35,28.579012,315
350,36,24.181282,314
350,37,18.181025,313
350,38,22.8412189,312
350,39,31.028975,311
350,40,37.137612,310
350,41,34.13043,309
350,42,32.133075,308
350,43,22.863586,307
350,44,5.377436,306
350,45,16.320061,305
350,46,17.896183,304
350,47,7.13227800000001,303
350,48,12.366507,302
350,49,23.11515,301
350,50,21.278346,300
350,51,14.87603,299
350,52,14.529657,298
350,53,30.416564,297
350,54,28.269154,296
350,55,11.270393,295
350,56,7.164188,294
350,57,16.603218,293
350,58,10.374309,292
350,59,7.99438699999999,291
350,60,17.34995,290
350,61,9.129386,289
350,62,26.286807,288
350,63,19.456243,287
350,64,3.42626799999999,286
350,65,6.505754,285
350,66,23.616659,284
350,67,17.988725,283
350,68,13.691025,282
350,69,3.963684,281
350,70,10.073285,280
350,71,7.77785000000001,279
350,72,3.711843,278
350,73,12.458233,277
350,74,11.356872,276
350,75,4.915436,275
350,76,10.992932,274
350,77,27.057986,273
350,78,23.213664,272
350,79,8.65246800000001,271
350,80,9.376436,270
350,81,14.455825,269
350,82,5.045938,268
350,83,14.473596,267
350,84,17.5269,266
350,85,18.755368,265
350,86,21.533325,264
350,87,18.578507,263
350,88,12.287343,262
350,89,15.246279,261
350,90,18.213743,260
350,91,11.580739,259
350,92,10.877943,258
350,93,8.091554,257
350,94,35.840332,256
350,95,14.320714,255
350,96,4.334146,254
350,97,17.664271,253
350,98,7.551961,252
350,99,11.286364,251
350,100,17.661936,250
350,101,35.090033,249
350,102,20.942718,248
350,103,9.28588600000001,247
350,104,25.479175,246
350,105,14.6046,245
350,106,15.225661,244
350,107,15.756357,243
350,108,27.997686,242
350,109,26.289418,241
350,110,31.9346,240
350,111,18.443811,239
350,112,8.43126800000001,238
350,113,15.54435,237
350,114,33.3735,236
350,115,37.242464,235
350,116,39.555675,234
350,117,35.756425,233
350,118,36.907911,232
350,119,22.020004,231
350,120,17.3379,230
350,121,23.589657,229
350,122,31.118307,228
350,123,38.838264,227
350,124,11.307957,226
350,125,14.646539,225
350,126,19.309843,224
350,127,29.627775,223
350,128,36.3240125,222
350,129,30.479675,221
350,130,34.142968,220
350,131,34.661761,219
350,132,29.281536,218
350,133,25.5882,217
350,134,29.537475,216
350,135,33.635182,215
350,136,37.561218,214
350,137,27.929793,213
350,138,29.058511,212
350,139,32.845804,211
350,140,34.465204,210
350,141,41.197475,209
350,142,39.743239,208
350,143,36.361761,207
350,144,40.331561,206
350,145,45.482464,205
350,146,48.311961,204
350,147,42.910482,203
350,148,39.925461,202
350,149,41.483429,201
350,150,55.3565,200
350,151,64.833182,199
350,152,57.754661,198
350,153,44.742254,197
350,154,34.595618,196
350,155,44.438661,195
350,156,46.713011,194
350,157,48.596443,193
350,158,49.294139,192
350,159,63.409886,191
350,160,67.079464,190
350,161,59.561457,189
350,162,54.815525,188
350,163,49.024536,187
350,164,39.274275,186
350,165,35.341586,185
350,166,40.397771,184
350,167,38.953118,183
350,168,43.959282,182
350,169,52.077539,181
350,170,53.527675,180
350,171,42.36985,179
350,172,47.673,178
350,173,56.017571,177
350,174,51.559857,176
350,175,47.09655,175
350,176,45.940468,174
350,177,52.7953939,173
350,178,51.826979,172
350,179,57.701514,171
350,180,44.312932,170
350,181,46.620071,169
350,182,54.434339,168
350,183,55.871821,167
350,184,48.437539,166
350,185,57.8382186,165
350,186,59.476189,164
350,187,56.287564,163
350,188,55.849025,162
350,189,48.973582,161
350,190,51.858371,160
350,191,54.695968,159
350,192,56.954904,158
350,193,60.959007,157
350,194,57.104464,156
350,195,42.625686,155
350,196,44.890614,154
350,197,45.265311,153
350,198,47.542514,152
350,199,54.614657,151
350,200,66.856425,150
350,201,67.886536,149
350,202,72.565018,148
350,203,80.701475,147
350,204,75.336018,146
350,205,71.374668,145
350,206,65.5443189,144
350,207,54.614339,143
350,208,54.792804,142
350,209,62.511682,141
350,210,69.712579,140
350,211,61.473346,139
350,212,61.911704,138
350,213,58.478536,137
350,214,55.753475,136
350,215,56.391264,135
350,216,49.993925,134
350,217,49.595193,133
350,218,49.615125,132
350,219,57.278946,131
350,220,56.1015,130
350,221,61.977818,129
350,222,52.814939,128
350,223,50.171593,127
350,224,53.174468,126
350,225,46.196057,125
350,226,42.226564,124
350,227,41.909907,123
350,228,44.526282,122
350,229,53.859736,121
350,230,47.198539,120
350,231,49.134289,119
350,232,53.834886,118
350,233,48.147007,117
350,234,42.848075,116
350,235,44.561704,115
350,236,41.130339,114
350,237,46.237064,113
350,238,56.8192375,112
350,239,49.067464,111
350,240,46.173728,110
350,241,43.9702,109
350,242,44.314839,108
350,243,49.5695939,107
350,244,46.222593,106
350,245,44.830732,105
350,246,46.04995,104
350,247,49.465836,103
350,248,43.081043,102
350,249,28.891906,101
350,250,38.6187314,100
350,251,33.874809,99
350,252,41.993282,98
350,253,44.387339,97
350,254,47.160507,96
350,255,47.847104,95
350,256,44.517007,94
350,257,46.310675,93
350,258,29.785157,92
350,259,21.705764,91
350,260,22.55335,90
350,261,25.106964,89
350,262,32.769311,88
350,263,34.275407,87
350,264,39.6056436,86
350,265,38.14485,85
350,266,36.5529561,84
350,267,42.8948939,83
350,268,46.0049186,82
350,269,44.424175,81
350,270,41.746068,80
350,271,39.800332,79
350,272,38.078414,78
350,273,31.3753,77
350,274,10.081007,76
350,275,4.759854,75
350,276,16.7075064,74
350,277,20.621257,73
350,278,30.679725,72
350,279,26.506607,71
350,280,37.6451311,70
350,281,37.4289936,69
350,282,37.831075,68
350,283,42.0891436,67
350,284,35.815361,66
350,285,24.516275,65
350,286,36.755646,64
350,287,27.935864,63
350,288,21.001964,62
350,289,22.915864,61
350,290,28.343132,60
350,291,34.517096,59
350,292,24.258262,58
350,293,26.8389,57
350,294,12.190643,56
350,295,21.0999061,55
350,296,20.1673875,54
350,297,24.085761,53
350,298,21.824939,52
350,299,24.452661,51
350,300,18.791554,50
350,301,8.235382,49
350,302,25.870132,48
350,303,11.399586,47
350,304,10.897375,46
350,305,13.964718,45
350,306,16.5045811,44
350,307,15.206186,43
350,308,7.28571799999999,42
350,309,10.187021,41
350,310,11.6708436,40
350,311,19.78135,39
350,312,20.6961625,38
350,313,20.6795064,37
350,314,6.875436,36
350,315,11.5759,35
350,316,3.53282100000001,34
350,317,12.025532,33
350,318,27.801457,32
350,319,26.246214,31
350,320,22.115432,30
350,321,8.491329,29
350,322,19.232414,28
350,323,7.718593,27
350,324,19.584825,26
350,325,20.994457,25
350,326,18.780111,24
350,327,15.64855,23
350,328,8.146057,22
350,329,13.9594064,21
350,330,16.6636314,20
350,331,17.854857,19
350,332,27.480901,18
350,333,13.898861,17
350,334,7.999661,16
350,335,10.848589,15
350,336,14.966807,14
350,337,18.4241939,13
350,338,13.4420689,12
350,339,18.4055689,11
350,340,16.361714,10
350,341,6.43835,9
350,342,16.807689,8
350,343,18.2589561,7
350,344,15.844668,6
350,345,29.0008811,5
350,346,26.651725,4
350,347,16.844725,3
350,348,16.5937689,2
350,349,8.362089,1
351,1,22.680407,350
351,2,16.015124,349
351,3,9.339414,348
351,4,11.139707,347
351,5,6.785039,346
351,6,12.7156206,345
351,7,11.067347,344
351,8,14.651229,343
351,9,27.937861,342
351,10,16.10575,341
351,11,16.795395,340
351,12,17.45252,339
351,13,18.648011,338
351,14,16.957173,337
351,15,5.897518,336
351,16,5.940278,335
351,17,14.18305,334
351,18,9.013964,333
351,19,9.6926,332
351,20,4.018471,331
351,21,21.105725,330
351,22,30.315409,329
351,23,22.809796,328
351,24,25.400229,327
351,25,9.822607,326
351,26,10.261411,325
351,27,13.11576,324
351,28,11.939189,323
351,29,12.139484,322
351,30,11.4780048,321
351,31,13.218475,320
351,32,14.953068,319
351,33,2.173347,318
351,34,13.041145,317
351,35,10.844576,316
351,36,6.446846,315
351,37,13.136589,314
351,38,21.3928829,313
351,39,15.627211,312
351,40,19.403176,311
351,41,16.395994,310
351,42,14.398639,309
351,43,5.12915,308
351,44,12.398272,307
351,45,34.054497,306
351,46,3.965319,305
351,47,10.602158,304
351,48,27.768271,303
351,49,40.849586,302
351,50,39.012782,301
351,51,5.529294,300
351,52,9.539093,299
351,53,12.682128,298
351,54,10.534718,297
351,55,6.46404299999999,296
351,56,22.089424,295
351,57,8.715082,294
351,58,23.161273,293
351,59,25.728823,292
351,60,3.967914,291
351,61,14.937622,290
351,62,8.552371,289
351,63,3.614207,288
351,64,19.994368,287
351,65,24.24019,286
351,66,8.214895,285
351,67,16.162989,284
351,68,7.12768899999999,283
351,69,21.69812,282
351,70,9.027549,281
351,71,12.957114,280
351,72,21.446279,279
351,73,19.512497,278
351,74,14.264536,277
351,75,20.3172,276
351,76,26.394696,275
351,77,42.45975,274
351,78,40.9481,273
351,79,13.831732,272
351,80,27.110872,271
351,81,29.857589,270
351,82,13.881902,269
351,83,3.26084,268
351,84,1.874764,267
351,85,3.480932,266
351,86,4.089289,265
351,87,3.30497100000001,264
351,88,7.614007,263
351,89,11.905543,262
351,90,2.940507,261
351,91,6.15369699999999,260
351,92,13.023307,259
351,93,23.493318,258
351,94,53.574768,257
351,95,32.05515,256
351,96,22.068582,255
351,97,33.066035,254
351,98,12.349925,253
351,99,21.199328,252
351,100,33.0637,251
351,101,52.824469,250
351,102,38.677154,249
351,103,25.68595,248
351,104,40.880939,247
351,105,30.006364,246
351,106,32.960097,245
351,107,33.490793,244
351,108,43.39945,243
351,109,41.691182,242
351,110,47.336364,241
351,111,36.178247,240
351,112,12.471732,239
351,113,30.946114,238
351,114,48.775264,237
351,115,52.644228,236
351,116,57.290111,235
351,117,53.490861,234
351,118,54.642347,233
351,119,37.421768,232
351,120,32.739664,231
351,121,38.991421,230
351,122,46.520071,229
351,123,56.5727,228
351,124,29.042393,227
351,125,32.380975,226
351,126,34.711607,225
351,127,45.029539,224
351,128,51.7257765,223
351,129,45.881439,222
351,130,49.544732,221
351,131,50.063525,220
351,132,44.6833,219
351,133,40.989964,218
351,134,44.939239,217
351,135,49.036946,216
351,136,52.962982,215
351,137,45.664229,214
351,138,44.460275,213
351,139,48.247568,212
351,140,49.866968,211
351,141,56.599239,210
351,142,55.145003,209
351,143,51.763525,208
351,144,55.733325,207
351,145,60.884228,206
351,146,63.713725,205
351,147,58.312246,204
351,148,55.327225,203
351,149,56.885193,202
351,150,70.758264,201
351,151,80.234946,200
351,152,73.156425,199
351,153,62.47669,198
351,154,51.331218,197
351,155,59.840425,196
351,156,62.114775,195
351,157,63.998207,194
351,158,64.695903,193
351,159,78.81165,192
351,160,82.481228,191
351,161,74.963221,190
351,162,70.217289,189
351,163,64.4263,188
351,164,57.008711,187
351,165,53.076022,186
351,166,55.799535,185
351,167,54.354882,184
351,168,59.361046,183
351,169,67.479303,182
351,170,68.929439,181
351,171,57.771614,180
351,172,63.074764,179
351,173,71.419335,178
351,174,66.961621,177
351,175,62.498314,176
351,176,61.342232,175
351,177,68.1971579,174
351,178,67.228743,173
351,179,73.103278,172
351,180,62.047368,171
351,181,62.021835,170
351,182,69.836103,169
351,183,71.273585,168
351,184,63.839303,167
351,185,73.2399826,166
351,186,74.877953,165
351,187,71.689328,164
351,188,71.250789,163
351,189,64.375346,162
351,190,67.260135,161
351,191,70.097732,160
351,192,74.68934,159
351,193,76.360771,158
351,194,72.506228,157
351,195,58.02745,156
351,196,60.292378,155
351,197,60.667075,154
351,198,63.194322,153
351,199,70.016421,152
351,200,82.258189,151
351,201,83.2883,150
351,202,87.966782,149
351,203,96.103239,148
351,204,90.737782,147
351,205,86.776432,146
351,206,80.9460829,145
351,207,70.016103,144
351,208,70.194568,143
351,209,77.913446,142
351,210,85.114343,141
351,211,76.87511,140
351,212,77.313468,139
351,213,73.8803,138
351,214,71.155239,137
351,215,71.793028,136
351,216,65.395689,135
351,217,64.996957,134
351,218,65.016889,133
351,219,72.68071,132
351,220,71.503264,131
351,221,77.379582,130
351,222,68.216703,129
351,223,65.573357,128
351,224,68.576232,127
351,225,61.597821,126
351,226,57.628328,125
351,227,57.311671,124
351,228,59.928046,123
351,229,69.2615,122
351,230,62.600303,121
351,231,64.536053,120
351,232,69.23665,119
351,233,64.297429,118
351,234,60.582511,117
351,235,59.963468,116
351,236,57.864197,115
351,237,61.638828,114
351,238,72.2210015,113
351,239,66.8019,112
351,240,63.908164,111
351,241,59.371964,110
351,242,59.716603,109
351,243,64.9713579,108
351,244,61.624357,107
351,245,60.232496,106
351,246,61.451714,105
351,247,64.8676,104
351,248,58.482807,103
351,249,46.626342,102
351,250,54.0204954,101
351,251,49.276573,100
351,252,57.395046,99
351,253,59.789103,98
351,254,62.562271,97
351,255,63.248868,96
351,256,59.918771,95
351,257,61.712439,94
351,258,47.519593,93
351,259,37.107528,92
351,260,37.955114,91
351,261,40.508728,90
351,262,48.171075,89
351,263,49.677171,88
351,264,55.0074076,87
351,265,53.546614,86
351,266,51.9547201,85
351,267,58.2966579,84
351,268,61.4066826,83
351,269,59.825939,82
351,270,57.147832,81
351,271,55.202096,80
351,272,53.480178,79
351,273,46.777064,78
351,274,27.815443,77
351,275,15.809218,76
351,276,32.1092704,75
351,277,36.023021,74
351,278,46.081489,73
351,279,41.908371,72
351,280,53.0468951,71
351,281,52.8307576,70
351,282,53.232839,69
351,283,57.4909076,68
351,284,51.217125,67
351,285,40.585761,66
351,286,52.15741,65
351,287,43.337628,64
351,288,38.402472,63
351,289,40.6503,62
351,290,43.744896,61
351,291,49.91886,60
351,292,39.683074,59
351,293,44.573336,58
351,294,27.592407,57
351,295,36.5016701,56
351,296,35.5691515,55
351,297,39.487525,54
351,298,37.226703,53
351,299,39.854425,52
351,300,34.193318,51
351,301,11.333246,50
351,302,10.468368,49
351,303,15.25255,48
351,304,25.170539,47
351,305,29.366482,46
351,306,31.9063451,45
351,307,30.60795,44
351,308,25.020154,43
351,309,14.797485,42
351,310,27.0726076,41
351,311,35.183114,40
351,312,36.0979265,39
351,313,36.0812704,38
351,314,22.2772,37
351,315,13.407936,36
351,316,18.369685,35
351,317,29.759968,34
351,318,45.535893,33
351,319,41.647978,32
351,320,37.517196,31
351,321,15.244565,30
351,322,8.502978,29
351,323,12.517757,28
351,324,34.986589,27
351,325,36.396221,26
351,326,34.181875,25
351,327,33.382986,24
351,328,23.547821,23
351,329,29.3611704,22
351,330,32.0653954,21
351,331,33.256621,20
351,332,42.882665,19
351,333,31.300575,18
351,334,11.152897,17
351,335,9.969053,16
351,336,21.850971,15
351,337,19.0596579,14
351,338,25.6263329,13
351,339,33.8073329,12
351,340,31.763478,11
351,341,24.172786,10
351,342,1.343353,9
351,343,20.9758201,8
351,344,3.222532,7
351,345,12.4013451,6
351,346,15.164789,5
351,347,14.640389,4
351,348,25.5566329,3
351,349,26.096525,2
351,350,17.734436,1
352,1,18.332211,351
352,2,21.50092,350
352,3,13.68761,349
352,4,5.653911,348
352,5,3.593457,347
352,6,7.2298246,346
352,7,5.581551,345
352,8,18.999425,344
352,9,32.286057,343
352,10,17.787346,342
352,11,11.309599,341
352,12,21.800716,340
352,13,22.996207,339
352,14,11.471377,338
352,15,1.171622,337
352,16,2.954118,336
352,17,11.945146,335
352,18,3.528168,334
352,19,10.508496,333
352,20,3.171025,332
352,21,25.453921,331
352,22,25.123207,330
352,23,27.157992,329
352,24,19.914433,328
352,25,4.336811,327
352,26,14.609607,326
352,27,7.629964,325
352,28,6.453393,324
352,29,6.653688,323
352,30,7.1298088,322
352,31,10.066021,321
352,32,9.467272,320
352,33,7.659143,319
352,34,17.389341,318
352,35,5.35878,317
352,36,0.961050000000004,316
352,37,8.788393,315
352,38,17.0446869,314
352,39,19.975407,313
352,40,16.47142,312
352,41,17.899102,311
352,42,8.912843,310
352,43,4.144146,309
352,44,17.884068,308
352,45,39.540293,307
352,46,9.451115,306
352,47,16.087954,305
352,48,31.503625,304
352,49,46.335382,303
352,50,44.498578,302
352,51,8.344202,301
352,52,15.024889,300
352,53,10.667468,299
352,54,5.090322,298
352,55,11.949839,297
352,56,27.57522,296
352,57,6.617014,295
352,58,18.813077,294
352,59,31.214619,293
352,60,5.870282,292
352,61,20.423418,291
352,62,10.567225,290
352,63,3.763989,289
352,64,25.480164,288
352,65,29.725986,287
352,66,12.563091,286
352,67,11.814793,285
352,68,9.529207,284
352,69,27.183916,283
352,70,13.146947,282
352,71,15.442382,281
352,72,26.932075,280
352,73,15.164301,279
352,74,11.86336,278
352,75,20.436296,277
352,76,27.3797,276
352,77,46.317446,275
352,78,46.433896,274
352,79,14.567764,273
352,80,32.596668,272
352,81,33.009507,271
352,82,18.174294,270
352,83,8.746636,269
352,84,5.693332,268
352,85,4.464864,267
352,86,1.686907,266
352,87,4.641725,265
352,88,10.932889,264
352,89,7.973953,263
352,90,5.006489,262
352,91,11.639493,261
352,92,12.342289,260
352,93,20.811278,259
352,94,59.060564,258
352,95,37.540946,257
352,96,27.554378,256
352,97,28.717839,255
352,98,15.668271,254
352,99,16.851132,253
352,100,28.715504,252
352,101,58.310265,251
352,102,44.16295,250
352,103,31.171746,249
352,104,36.532743,248
352,105,33.242032,247
352,106,38.445893,246
352,107,38.976589,245
352,108,39.051254,244
352,109,37.342986,243
352,110,52.655732,242
352,111,41.664043,241
352,112,14.788964,240
352,113,34.764682,239
352,114,47.428132,238
352,115,50.380268,237
352,116,62.775907,236
352,117,58.976657,235
352,118,60.128143,234
352,119,42.491628,233
352,120,37.141132,232
352,121,34.643225,231
352,122,44.004325,230
352,123,62.058496,229
352,124,34.528189,228
352,125,37.866771,227
352,126,38.197989,226
352,127,40.681343,225
352,128,47.3775805,224
352,129,42.366857,223
352,130,45.196536,222
352,131,45.715329,221
352,132,43.000096,220
352,133,37.974532,219
352,134,40.591043,218
352,135,44.68875,217
352,136,48.614786,216
352,137,51.150025,215
352,138,44.361621,214
352,139,43.899372,213
352,140,45.518772,212
352,141,52.251043,211
352,142,50.796807,210
352,143,55.999771,209
352,144,56.385071,208
352,145,56.536032,207
352,146,63.367171,206
352,147,63.46465,205
352,148,59.060971,204
352,149,58.454303,203
352,150,66.410068,202
352,151,75.88675,201
352,152,73.808171,200
352,153,67.962486,199
352,154,56.817014,198
352,155,55.492229,197
352,156,57.766579,196
352,157,59.650011,195
352,158,62.763593,194
352,159,74.463454,193
352,160,78.133032,192
352,161,70.615025,191
352,162,65.869093,190
352,163,60.078104,189
352,164,62.494507,188
352,165,58.561818,187
352,166,51.451339,186
352,167,54.923414,185
352,168,55.01285,184
352,169,63.131107,183
352,170,64.581243,182
352,171,53.423418,181
352,172,58.893532,180
352,173,67.403861,179
352,174,71.862775,178
352,175,65.151082,177
352,176,62.326164,176
352,177,63.8489619,175
352,178,62.880547,174
352,179,68.755082,173
352,180,67.533164,172
352,181,59.755061,171
352,182,65.487907,170
352,183,66.925389,169
352,184,67.407693,168
352,185,68.8917866,167
352,186,70.529757,166
352,187,67.341132,165
352,188,66.902593,164
352,189,67.44405,163
352,190,62.911939,162
352,191,67.584264,161
352,192,80.175136,160
352,193,76.096225,159
352,194,68.158032,158
352,195,63.178246,157
352,196,57.693418,156
352,197,61.486321,155
352,198,68.680118,154
352,199,71.835575,153
352,200,77.909993,152
352,201,78.940104,151
352,202,90.619014,150
352,203,91.755043,149
352,204,86.389586,148
352,205,82.428236,147
352,206,76.5978869,146
352,207,69.752093,145
352,208,67.680028,144
352,209,74.73105,143
352,210,81.350253,142
352,211,72.526914,141
352,212,72.965272,140
352,213,69.532104,139
352,214,71.640557,138
352,215,67.444832,137
352,216,64.715207,136
352,217,62.647639,135
352,218,68.503807,134
352,219,72.581386,133
352,220,70.156132,132
352,221,73.031386,131
352,222,67.952693,130
352,223,61.225161,129
352,224,64.228036,128
352,225,62.834075,127
352,226,60.362568,126
352,227,58.212925,125
352,228,64.49755,124
352,229,64.913304,123
352,230,66.751593,122
352,231,60.187857,121
352,232,64.888454,120
352,233,69.783225,119
352,234,66.068307,118
352,235,55.615272,117
352,236,63.349993,116
352,237,62.791868,115
352,238,67.8728055,114
352,239,72.287696,113
352,240,69.39396,112
352,241,55.023768,111
352,242,55.368407,110
352,243,60.6231619,109
352,244,57.276161,108
352,245,55.8843,107
352,246,59.186682,106
352,247,65.435596,105
352,248,59.885489,104
352,249,52.112138,103
352,250,49.6722994,102
352,251,48.006223,101
352,252,53.04685,100
352,253,55.440907,99
352,254,58.214075,98
352,255,58.900672,97
352,256,55.570575,96
352,257,57.364243,95
352,258,53.005389,94
352,259,32.759332,93
352,260,36.272982,92
352,261,37.326868,91
352,262,43.822879,90
352,263,45.328975,89
352,264,50.6592116,88
352,265,49.198418,87
352,266,47.6065241,86
352,267,53.9484619,85
352,268,57.0584866,84
352,269,55.477743,83
352,270,52.799636,82
352,271,50.8539,81
352,272,49.547918,80
352,273,47.346132,79
352,274,33.301239,78
352,275,18.460378,77
352,276,27.7610744,76
352,277,36.508875,75
352,278,42.734407,74
352,279,37.560175,73
352,280,48.6986991,72
352,281,48.4825616,71
352,282,48.884643,70
352,283,53.1427116,69
352,284,46.868929,68
352,285,46.071557,67
352,286,47.809214,66
352,287,46.239368,65
352,288,43.888268,64
352,289,46.136096,63
352,290,40.1471,62
352,291,45.570664,61
352,292,45.16887,60
352,293,50.059132,59
352,294,30.160889,58
352,295,32.1534741,57
352,296,31.2209555,56
352,297,35.139329,55
352,298,32.878507,54
352,299,35.506229,53
352,300,33.594978,52
352,301,14.98485,51
352,302,14.816564,50
352,303,11.820646,49
352,304,20.822343,48
352,305,25.018286,47
352,306,27.5581491,46
352,307,26.259754,45
352,308,30.50595,44
352,309,13.033211,43
352,310,22.7244116,42
352,311,30.834918,41
352,312,31.7497305,40
352,313,31.7330744,39
352,314,20.513596,38
352,315,18.893732,37
352,316,19.687411,36
352,317,35.245764,35
352,318,51.021689,34
352,319,41.300218,33
352,320,33.169,32
352,321,20.730361,31
352,322,4.154782,30
352,323,15.501639,29
352,324,32.805307,28
352,325,32.048025,27
352,326,29.833679,26
352,327,38.868782,25
352,328,19.199625,24
352,329,25.0129744,23
352,330,27.7171994,22
352,331,34.157875,21
352,332,38.534469,20
352,333,36.786371,19
352,334,16.638693,18
352,335,12.371643,17
352,336,17.502775,16
352,337,14.7114619,15
352,338,21.2781369,14
352,339,29.4591369,13
352,340,35.831018,12
352,341,29.658582,11
352,342,6.412543,10
352,343,16.6276241,9
352,344,7.375564,8
352,345,8.0531491,7
352,346,10.816593,6
352,347,10.292193,5
352,348,21.2084369,4
352,349,31.582321,3
352,350,23.220232,2
352,351,5.485796,1
353,1,13.23795,352
353,2,15.988981,351
353,3,18.781871,350
353,4,11.16585,349
353,5,8.687718,348
353,6,12.7417636,347
353,7,11.09349,346
353,8,24.093686,345
353,9,37.380318,344
353,10,22.881607,343
353,11,16.821538,342
353,12,26.894977,341
353,13,28.090468,340
353,14,16.983316,339
353,15,5.923661,338
353,16,8.048379,337
353,17,17.039407,336
353,18,9.040107,335
353,19,4.996557,334
353,20,5.423986,333
353,21,30.548182,332
353,22,30.341552,331
353,23,32.252253,330
353,24,25.426372,329
353,25,9.84875,328
353,26,19.703868,327
353,27,13.141903,326
353,28,11.965332,325
353,29,12.165627,324
353,30,11.2188478,323
353,31,15.160282,322
353,32,14.979211,321
353,33,10.102004,320
353,34,22.483602,319
353,35,10.870719,318
353,36,6.472989,317
353,37,3.694132,316
353,38,11.9504259,315
353,39,25.069668,314
353,40,21.565681,313
353,41,22.993363,312
353,42,14.424782,311
353,43,9.238407,310
353,44,12.372129,309
353,45,34.028354,308
353,46,11.936876,307
353,47,10.576015,306
353,48,25.991686,305
353,49,40.823443,304
353,50,38.986639,303
353,51,3.913163,302
353,52,9.51295000000001,301
353,53,15.761729,300
353,54,10.560861,299
353,55,6.4379,298
353,56,22.063281,297
353,57,1.105075,296
353,58,13.718816,295
353,59,25.70268,294
353,60,5.474543,293
353,61,14.911479,292
353,62,15.661486,291
353,63,5.82825,290
353,64,19.968225,289
353,65,24.214047,288
353,66,17.657352,287
353,67,6.720532,286
353,68,4.017268,285
353,69,21.671977,284
353,70,7.635008,283
353,71,9.930443,282
353,72,21.420136,281
353,73,10.07004,280
353,74,6.35142100000001,279
353,75,14.924357,278
353,76,21.867761,277
353,77,40.805507,276
353,78,40.921957,275
353,79,9.055825,274
353,80,27.084729,273
353,81,27.497568,272
353,82,12.662355,271
353,83,6.26469700000001,270
353,84,7.567693,269
353,85,5.961525,268
353,86,5.353168,267
353,87,6.13748599999999,266
353,88,5.42095,265
353,89,2.463086,264
353,90,6.50195,263
353,91,6.127554,262
353,92,6.83035,261
353,93,15.299339,260
353,94,53.548625,259
353,95,32.029007,258
353,96,22.042439,257
353,97,23.623578,256
353,98,10.156332,255
353,99,11.756871,254
353,100,23.621243,253
353,101,52.798326,252
353,102,38.651011,251
353,103,25.659807,250
353,104,31.438482,249
353,105,27.730093,248
353,106,32.933954,247
353,107,33.46465,246
353,108,33.956993,245
353,109,32.248725,244
353,110,47.143793,243
353,111,36.152104,242
353,112,9.277025,241
353,113,29.252743,240
353,114,41.916193,239
353,115,44.868329,238
353,116,57.263968,237
353,117,53.464718,236
353,118,54.616204,235
353,119,36.979689,234
353,120,31.629193,233
353,121,29.548964,232
353,122,38.492386,231
353,123,56.546557,230
353,124,29.01625,229
353,125,32.354832,228
353,126,32.68605,227
353,127,35.587082,226
353,128,42.2833195,225
353,129,36.854918,224
353,130,40.102275,223
353,131,40.621068,222
353,132,37.488157,221
353,133,32.462593,220
353,134,35.496782,219
353,135,39.594489,218
353,136,43.520525,217
353,137,45.638086,216
353,138,38.849682,215
353,139,38.805111,214
353,140,40.424511,213
353,141,47.156782,212
353,142,45.702546,211
353,143,50.487832,210
353,144,50.873132,209
353,145,51.441771,208
353,146,57.855232,207
353,147,57.952711,206
353,148,53.549032,205
353,149,52.942364,204
353,150,61.315807,203
353,151,70.792489,202
353,152,68.296232,201
353,153,62.450547,200
353,154,51.305075,199
353,155,50.397968,198
353,156,52.672318,197
353,157,54.55575,196
353,158,57.251654,195
353,159,69.369193,194
353,160,73.038771,193
353,161,65.520764,192
353,162,60.774832,191
353,163,54.983843,190
353,164,56.982568,189
353,165,53.049879,188
353,166,46.357078,187
353,167,49.411475,186
353,168,49.918589,185
353,169,58.036846,184
353,170,59.486982,183
353,171,48.329157,182
353,172,53.632307,181
353,173,61.976878,180
353,174,66.350836,179
353,175,59.639143,178
353,176,56.814225,177
353,177,58.7547009,176
353,178,57.786286,175
353,179,63.660821,174
353,180,62.021225,173
353,181,54.243122,172
353,182,60.393646,171
353,183,61.831128,170
353,184,61.895754,169
353,185,63.7975256,168
353,186,65.435496,167
353,187,62.246871,166
353,188,61.808332,165
353,189,61.932111,164
353,190,57.817678,163
353,191,62.072325,162
353,192,74.663197,161
353,193,70.584286,160
353,194,63.063771,159
353,195,57.666307,158
353,196,52.181479,157
353,197,55.974382,156
353,198,63.168179,155
353,199,66.323636,154
353,200,72.815732,153
353,201,73.845843,152
353,202,85.107075,151
353,203,86.660782,150
353,204,81.295325,149
353,205,77.333975,148
353,206,71.5036259,147
353,207,64.240154,146
353,208,62.168089,145
353,209,69.219111,144
353,210,75.838314,143
353,211,67.432653,142
353,212,67.871011,141
353,213,64.437843,140
353,214,66.128618,139
353,215,62.350571,138
353,216,59.203268,137
353,217,57.1357,136
353,218,62.991868,135
353,219,67.069447,134
353,220,64.644193,133
353,221,67.937125,132
353,222,62.440754,131
353,223,56.1309,130
353,224,59.133775,129
353,225,57.322136,128
353,226,54.850629,127
353,227,52.700986,126
353,228,58.985611,125
353,229,59.819043,124
353,230,61.239654,123
353,231,55.093596,122
353,232,59.794193,121
353,233,64.271286,120
353,234,60.556368,119
353,235,50.521011,118
353,236,57.838054,117
353,237,57.279929,116
353,238,62.7785445,115
353,239,66.775757,114
353,240,63.882021,113
353,241,49.929507,112
353,242,50.274146,111
353,243,55.5289009,110
353,244,52.1819,109
353,245,50.790039,108
353,246,53.674743,107
353,247,59.923657,106
353,248,54.37355,105
353,249,46.600199,104
353,250,44.5780384,103
353,251,42.494284,102
353,252,47.952589,101
353,253,50.346646,100
353,254,53.119814,99
353,255,53.806411,98
353,256,50.476314,97
353,257,52.269982,96
353,258,47.49345,95
353,259,27.665071,94
353,260,30.761043,93
353,261,31.814929,92
353,262,38.728618,91
353,263,40.234714,90
353,264,45.5649506,89
353,265,44.104157,88
353,266,42.5122631,87
353,267,48.8542009,86
353,268,51.9642256,85
353,269,50.383482,84
353,270,47.705375,83
353,271,45.759639,82
353,272,44.037721,81
353,273,41.834193,80
353,274,27.7893,79
353,275,12.948439,78
353,276,22.6668134,77
353,277,30.996936,76
353,278,37.222468,75
353,279,32.465914,74
353,280,43.6044381,73
353,281,43.3883006,72
353,282,43.790382,71
353,283,48.0484506,70
353,284,41.774668,69
353,285,40.559618,68
353,286,42.714953,67
353,287,40.727429,66
353,288,38.376329,65
353,289,40.624157,64
353,290,34.635161,63
353,291,40.476403,62
353,292,39.656931,61
353,293,44.547193,60
353,294,24.64895,59
353,295,27.0592131,58
353,296,26.1266945,57
353,297,30.045068,56
353,298,27.784246,55
353,299,30.411968,54
353,300,28.083039,53
353,301,9.472911,52
353,302,19.910825,51
353,303,6.308707,50
353,304,15.728082,49
353,305,19.924025,48
353,306,22.4638881,47
353,307,21.165493,46
353,308,24.994011,45
353,309,7.521272,44
353,310,17.6301506,43
353,311,25.740657,42
353,312,26.6554695,41
353,313,26.6388134,40
353,314,15.001657,39
353,315,13.381793,38
353,316,14.175472,37
353,317,29.733825,36
353,318,45.50975,35
353,319,35.788279,34
353,320,28.074739,33
353,321,15.218422,32
353,322,1.524121,31
353,323,9.98970000000001,30
353,324,27.293368,29
353,325,26.953764,28
353,326,24.739418,27
353,327,33.356843,26
353,328,14.105364,25
353,329,19.9187134,24
353,330,22.6229384,23
353,331,28.645936,22
353,332,33.440208,21
353,333,31.274432,20
353,334,11.126754,19
353,335,6.859704,18
353,336,12.408514,17
353,337,9.6172009,16
353,338,16.1838759,15
353,339,24.3648759,14
353,340,30.319079,13
353,341,24.146643,12
353,342,8.099104,11
353,343,11.5333631,10
353,344,6.219925,9
353,345,11.2925881,8
353,346,8.943432,7
353,347,5.197932,6
353,348,16.1141759,5
353,349,26.070382,4
353,350,17.708293,3
353,351,9.442457,2
353,352,5.511939,1
354,1,11.5489884,353
354,2,18.9341194,352
354,3,43.5688094,351
354,4,34.2643884,350
354,5,33.4746564,349
354,6,26.3623748,348
354,7,35.3216484,347
354,8,48.8806244,346
354,9,62.1672564,345
354,10,47.6685454,344
354,11,34.8061004,343
354,12,51.6819154,342
354,13,52.8774064,341
354,14,35.5596224,340
354,15,28.7095774,339
354,16,32.8353174,338
354,17,41.8263454,337
354,18,30.3268314,336
354,19,24.5367954,335
354,20,30.2109244,334
354,21,55.3351204,333
354,22,55.0044064,332
354,23,57.0391914,331
354,24,48.2614664,330
354,25,28.8602884,329
354,26,44.4908064,328
354,27,30.0149354,327
354,28,30.1064064,326
354,29,33.2634114,325
354,30,22.7513906,324
354,31,39.9472204,323
354,32,24.8485726,322
354,33,34.8889424,321
354,34,47.2705404,320
354,35,29.6200194,319
354,36,29.6764494,318
354,37,21.0928064,317
354,38,15.0022875,316
354,39,49.8566064,315
354,40,46.3526194,314
354,41,47.7803014,313
354,42,30.5893564,312
354,43,34.0253454,311
354,44,24.2050674,310
354,45,24.1589924,309
354,46,36.7238144,308
354,47,24.7828534,307
354,48,16.1223244,306
354,49,30.9540814,305
354,50,30.6322774,304
354,51,28.7001014,303
354,52,33.3572884,302
354,53,40.5486674,301
354,54,24.7908774,300
354,55,28.7474384,299
354,56,25.9918194,298
354,57,25.5143134,297
354,58,11.0681224,296
354,59,15.8333184,295
354,60,30.2614814,294
354,61,27.9570174,293
354,62,40.4484244,292
354,63,30.6151884,291
354,64,15.4013634,290
354,65,23.4052854,289
354,66,42.4442904,288
354,67,18.0664064,287
354,68,27.1017064,286
354,69,15.0384154,285
354,70,25.2018464,284
354,71,21.2722814,283
354,72,16.4596744,282
354,73,14.7168984,281
354,74,19.9648594,280
354,75,13.9121954,279
354,76,11.9983994,278
354,77,30.9361454,277
354,78,31.0525954,276
354,79,20.3976634,275
354,80,17.2153674,274
354,81,17.6282064,273
354,82,20.3474934,272
354,83,31.0516354,271
354,84,32.3546314,270
354,85,30.7484634,269
354,86,30.1401064,268
354,87,30.9244244,267
354,88,26.6153884,266
354,89,22.3238524,265
354,90,31.2888884,264
354,91,30.1581924,263
354,92,21.2060884,262
354,93,10.7360774,261
354,94,43.6792634,260
354,95,22.1596454,259
354,96,14.8268774,258
354,97,12.3359604,257
354,98,21.8794704,256
354,99,13.0300674,255
354,100,10.2505954,254
354,101,42.9289644,253
354,102,28.7816494,252
354,103,15.7904454,251
354,104,13.2348564,250
354,105,17.8607314,249
354,106,23.0645924,248
354,107,23.5952884,247
354,108,22.8375454,246
354,109,20.3794134,245
354,110,37.2744314,244
354,111,26.2827424,243
354,112,21.7576634,242
354,113,19.3833814,241
354,114,32.0468314,240
354,115,34.9989674,239
354,116,47.3946064,238
354,117,43.5953564,237
354,118,44.7468424,236
354,119,27.1103274,235
354,120,21.7598314,234
354,121,10.7629744,233
354,122,28.6230244,232
354,123,46.6771954,231
354,124,19.1468884,230
354,125,22.4854704,229
354,126,22.8166884,228
354,127,24.0499564,227
354,128,19.2473189,226
354,129,26.9855564,225
354,130,22.5647634,224
354,131,23.7496704,223
354,132,27.6187954,222
354,133,22.5932314,221
354,134,20.5426564,220
354,135,27.0562494,219
354,136,27.4838134,218
354,137,35.7687244,217
354,138,28.9803204,216
354,139,20.2682274,215
354,140,24.1388274,214
354,141,30.2864564,213
354,142,32.4981924,212
354,143,40.6184704,211
354,144,41.0037704,210
354,145,39.0715674,209
354,146,47.9858704,208
354,147,48.0833494,207
354,148,43.6796704,206
354,149,43.0730024,205
354,150,45.8625314,204
354,151,52.6731494,203
354,152,58.4268704,202
354,153,52.5811854,201
354,154,41.4357134,200
354,155,33.8615704,199
354,156,38.2196204,198
354,157,37.8523884,197
354,158,47.3822924,196
354,159,54.6652454,195
354,160,60.0856674,194
354,161,51.3175744,193
354,162,48.4873064,192
354,163,43.8643954,191
354,164,47.1132064,190
354,165,43.1805174,189
354,166,35.8198604,188
354,167,39.5421134,187
354,168,36.0470494,186
354,169,41.0000924,185
354,170,40.1175564,184
354,171,36.1253814,183
354,172,43.5122314,182
354,173,52.0225604,181
354,174,56.4814744,180
354,175,49.7697814,179
354,176,46.9448634,178
354,177,38.3847375,177
354,178,39.1656524,176
354,179,49.9573174,175
354,180,52.1518634,174
354,181,44.3737604,173
354,182,41.1056924,172
354,183,44.2120104,171
354,184,52.0263924,170
354,185,41.6783128,169
354,186,49.3166424,168
354,187,49.2937674,167
354,188,50.1037064,166
354,189,52.0627494,165
354,190,47.2804604,164
354,191,52.2029634,163
354,192,64.7938354,162
354,193,60.7149244,161
354,194,49.6081674,160
354,195,47.7969454,159
354,196,42.3121174,158
354,197,46.1050204,157
354,198,53.2988174,156
354,199,56.4542744,155
354,200,57.2787064,154
354,201,56.0598954,153
354,202,75.2377134,152
354,203,71.4587564,151
354,204,65.8415134,150
354,205,66.9654634,149
354,206,50.6345125,148
354,207,54.3707924,147
354,208,52.2987274,146
354,209,59.3497494,145
354,210,65.9689524,144
354,211,56.9791854,143
354,212,56.9185274,142
354,213,52.4004954,141
354,214,56.2592564,140
354,215,47.4812674,139
354,216,49.3339064,138
354,217,47.2663384,137
354,218,53.1225064,136
354,219,57.2000854,135
354,220,54.7748314,134
354,221,55.1499134,133
354,222,52.5713924,132
354,223,45.1761384,131
354,224,42.9295634,130
354,225,47.4527744,129
354,226,44.9812674,128
354,227,42.8316244,127
354,228,49.1162494,126
354,229,46.0329954,125
354,230,51.3702924,124
354,231,40.7234424,123
354,232,40.7553454,122
354,233,54.4019244,121
354,234,50.6870064,120
354,235,37.1498274,119
354,236,47.9686924,118
354,237,47.4105674,117
354,238,40.9920939,116
354,239,56.9063954,115
354,240,54.0126594,114
354,241,38.3086314,113
354,242,33.9877924,112
354,243,33.6581375,111
354,244,38.1451384,110
354,245,36.5030994,109
354,246,43.8053814,108
354,247,50.0542954,107
354,248,44.5041884,106
354,249,36.7308374,105
354,250,24.5414,104
354,251,32.6249224,103
354,252,31.5819494,102
354,253,37.8926924,101
354,254,35.4996244,100
354,255,32.6833274,99
354,256,36.4406244,98
354,257,41.6507564,97
354,258,37.6240884,96
354,259,16.6281674,95
354,260,20.8916814,94
354,261,21.9455674,93
354,262,26.0246204,92
354,263,25.2811244,91
354,264,25.4456878,90
354,265,28.2354814,89
354,266,19.9759753,88
354,267,26.3201375,87
354,268,27.1772872,86
354,269,32.1798564,85
354,270,30.5028634,84
354,271,32.6384994,83
354,272,34.1666174,82
354,273,31.9648314,81
354,274,17.9199384,80
354,275,18.4201774,79
354,276,2.12012499999999,78
354,277,21.1275744,77
354,278,27.3531064,76
354,279,17.5123244,75
354,280,18.8174997,74
354,281,18.6013622,73
354,282,19.2552564,72
354,283,23.2615122,71
354,284,27.9048704,70
354,285,30.6902564,69
354,286,28.6769854,68
354,287,30.8580674,67
354,288,28.5069674,66
354,289,30.7547954,65
354,290,24.7657994,64
354,291,22.1906354,63
354,292,29.7875694,62
354,293,34.6778314,61
354,294,14.7795884,60
354,295,6.43912530000001,59
354,296,6.42394390000001,58
354,297,12.9257704,57
354,298,17.0789924,56
354,299,17.2925704,55
354,300,18.2136774,54
354,301,22.8961494,53
354,302,44.6977634,52
354,303,18.9768454,51
354,304,9.05885639999999,50
354,305,5.0531134,49
354,306,2.32305029999999,48
354,307,6.4615454,47
354,308,15.1246494,46
354,309,19.4319104,45
354,310,7.15678779999999,44
354,311,0.953718600000007,43
354,312,2.86906890000001,42
354,313,1.93562500000002,41
354,314,11.9521954,40
354,315,30.4035314,39
354,316,15.8597104,38
354,317,19.8644634,37
354,318,35.6403884,36
354,319,25.9189174,35
354,320,13.3723994,34
354,321,27.3189604,33
354,322,25.7264174,32
354,323,21.7116384,31
354,324,17.4240064,30
354,325,12.4155744,29
354,326,7.62012040000001,28
354,327,23.4874814,27
354,328,10.6815744,26
354,329,4.868225,25
354,330,2.16399999999999,24
354,331,18.7765744,23
354,332,19.4471304,22
354,333,21.4050704,21
354,334,26.8272924,20
354,335,24.2603424,19
354,336,12.3784244,18
354,337,15.1697375,17
354,338,8.60306249999999,16
354,339,0.422062499999985,15
354,340,20.4497174,14
354,341,14.2772814,13
354,342,32.8860424,12
354,343,13.2535753,11
354,344,31.0068634,10
354,345,21.8280503,9
354,346,19.0646064,8
354,347,19.5890064,7
354,348,8.7548375,6
354,349,16.2010204,5
354,350,18.8276314,4
354,351,34.2293954,3
354,352,29.8811994,2
354,353,24.7869384,1
