"","i","j","day_diff","idx_diff"
"1",2,1,2.05918016377997,1
"2",3,1,6.71619811466081,2
"3",3,2,4.6630005149988,1
"4",4,1,4.14208492672872,3
"5",4,2,4.37430485357189,2
"6",4,3,2.57801486018293,1
"7",5,1,5.21131130610802,4
"8",5,2,4.7554323147926,3
"9",5,3,1.50913571987158,2
"10",5,4,1.68252573936358,1
"11",6,1,5.17251255225366,5
"12",6,2,5.40473247909683,4
"13",6,3,3.38737656559061,3
"14",6,4,1.77980767224964,2
"15",6,5,1.88248975703781,1
"16",7,1,4.92291282638164,6
"17",7,2,4.9397604449783,5
"18",7,3,1.79328528827917,4
"19",7,4,0.784729571903758,3
"20",7,5,1.01446590205446,2
"21",7,6,1.59409127731144,1
"22",8,1,6.77656101406727,7
"23",8,2,4.7173808502873,6
"24",8,3,1.38559296136704,5
"25",8,4,2.63837775958938,4
"26",8,5,2.89472868123862,3
"27",8,6,3.68401120453411,2
"28",8,7,2.35298938909624,1
"29",9,1,9.5162530097673,8
"30",9,2,7.45707284598733,7
"31",9,3,2.80005489510649,6
"32",9,4,5.37806975528942,5
"33",9,5,4.30494170365928,4
"34",9,6,6.1874314606971,3
"35",9,7,4.59334018338566,2
"36",9,8,2.73969199570003,1
"37",10,1,6.76804935679644,9
"38",10,2,5.36622293383842,8
"39",10,3,1.31694807781008,7
"40",10,4,2.62986610231855,6
"41",10,5,2.17471262097767,5
"42",10,6,3.43922780772623,4
"43",10,7,1.8451365304148,3
"44",10,8,1.12393570796204,2
"45",10,9,2.74820365297086,1
"46",11,1,4.36056996024011,10
"47",11,2,4.59278988708328,9
"48",11,3,3.35221929187923,8
"49",11,4,1.50833887496651,7
"50",11,5,3.19086461433009,6
"51",11,6,2.29545708200845,5
"52",11,7,2.17639871227563,4
"53",11,8,3.41258219128569,3
"54",11,9,6.15227418698572,2
"55",11,10,3.40407053401486,1
"56",12,1,6.87178373486329,11
"57",12,2,4.81260357108333,10
"58",12,3,2.33748225793045,9
"59",12,4,2.85609282884788,8
"60",12,5,3.84661797780203,7
"61",12,6,4.63590050109752,6
"62",12,7,3.30487868565965,5
"63",12,8,0.951889296563405,4
"64",12,9,2.64446927490401,3
"65",12,10,2.01253265079013,2
"66",12,11,3.50780491208172,1
"67",13,1,7.8631375093983,12
"68",13,2,5.80395734561833,11
"69",13,3,1.5925910300218,10
"70",13,4,3.72495425492041,9
"71",13,5,3.10172674989337,8
"72",13,6,4.53431596032809,7
"73",13,7,2.94022468301666,6
"74",13,8,1.08657649533103,5
"75",13,9,1.653115500369,4
"76",13,10,1.09508815260186,3
"77",13,11,4.49915868661672,2
"78",13,12,1.08569620956038,1
"79",14,1,5.35596503090275,13
"80",14,2,5.58818495774592,12
"81",14,3,2.27721222704423,11
"82",14,4,1.21388010417403,10
"83",14,5,2.18902933856922,9
"84",14,6,1.40848703731238,8
"85",14,7,1.17456343651476,7
"86",14,8,2.30232188955825,6
"87",14,9,5.04201388525828,5
"88",14,10,2.29381023228742,4
"89",14,11,1.11026030172744,3
"90",14,12,3.22741346378513,2
"91",14,13,3.38889838488928,1
"92",15,1,4.14932362399937,14
"93",15,2,4.38154355084254,13
"94",15,3,2.63146017198705,12
"95",15,4,1.28623466073733,11
"96",15,5,1.12657336343426,10
"97",15,6,1.28553231034554,9
"98",15,7,0.838174883707883,8
"99",15,8,3.1904381930218,7
"100",15,9,5.43151506709354,6
"101",15,10,2.68331141412268,5
"102",15,11,2.73388952662907,4
"103",15,12,4.14232748958521,3
"104",15,13,3.77839956672454,2
"105",15,14,1.73205425086819,1
"106",16,1,4.82875924145661,15
"107",16,2,4.33300515973758,14
"108",16,3,1.8874388732042,13
"109",16,4,1.4757778711909,12
"110",16,5,0.422427155055021,11
"111",16,6,1.53575952987388,10
"112",16,7,0.807718033881785,9
"113",16,8,2.64810572266234,8
"114",16,9,4.68749376831069,7
"115",16,10,1.93929011533983,6
"116",16,11,2.98411674615741,5
"117",16,12,3.59999501922574,4
"118",16,13,3.03437826794169,3
"119",16,14,1.98228147039654,2
"120",16,15,0.744021298782849,1
"121",17,1,5.56076789740096,16
"122",17,2,4.91976756335723,15
"123",17,3,1.60441146211781,14
"124",17,4,1.42258464292308,13
"125",17,5,1.7013499163711,12
"126",17,6,2.49063243966659,11
"127",17,7,1.15961062422872,10
"128",17,8,1.21579311666631,9
"129",17,9,3.95548511236634,8
"130",17,10,1.20728145939548,7
"131",17,11,2.19678907461939,6
"132",17,12,2.14526806143093,5
"133",17,13,2.30236961199733,4
"134",17,14,1.08652877289194,3
"135",17,15,1.99705942815428,2
"136",17,16,1.45472695779482,1
"137",18,1,2.88606617238275,17
"138",18,2,4.59392224350277,16
"139",18,3,4.93646995429926,15
"140",18,4,2.35845509411633,14
"141",18,5,3.43158314574647,13
"142",18,6,3.06831686552873,12
"143",18,7,3.14318466602009,11
"144",18,8,4.99683285370572,10
"145",18,9,7.73652484940575,9
"146",18,10,4.98832119643489,8
"147",18,11,2.22524339093678,7
"148",18,12,5.09205557450175,6
"149",18,13,6.08340934903675,5
"150",18,14,3.22063846159942,4
"151",18,15,2.8657565816326,3
"152",18,16,3.11598380116095,2
"153",18,17,3.78103973703941,1
"154",19,1,2.21206831873105,18
"155",19,2,1.81294178978596,17
"156",19,3,4.50412979592975,16
"157",19,4,3.17519629013155,15
"158",19,5,3.55632375135226,14
"159",19,6,4.20562391565649,13
"160",19,7,3.74065188153796,12
"161",19,8,4.56449269533621,11
"162",19,9,7.30418469103625,10
"163",19,10,4.55598103806538,9
"164",19,11,3.39368132364294,8
"165",19,12,4.65971541613224,7
"166",19,13,5.65106919066724,6
"167",19,14,4.38907639430558,5
"168",19,15,3.1824349874022,4
"169",19,16,3.13389659629724,3
"170",19,17,3.72065899991689,2
"171",19,18,2.78098045371681,1
"172",20,1,4.18878775254308,19
"173",20,2,3.49870438158375,18
"174",20,3,2.52741036211773,17
"175",20,4,1.57615989455582,16
"176",20,5,1.25672793320885,15
"177",20,6,1.90602809751308,14
"178",20,7,1.44105606339455,13
"179",20,8,2.58777326152419,12
"180",20,9,5.32746525722422,11
"181",20,10,2.57926160425336,10
"182",20,11,3.08449876952233,9
"183",20,12,3.50604775335036,8
"184",20,13,3.67434975685522,7
"185",20,14,2.08948057616217,6
"186",20,15,0.882839169258788,5
"187",20,16,0.834300778153826,4
"188",20,17,1.42106318177348,3
"189",20,18,3.21636582452586,2
"190",20,19,2.29959581814341,1
"191",21,1,8.50872573469815,20
"192",21,2,6.44954557091818,19
"193",21,3,2.05889133277516,18
"194",21,4,4.37054248022026,17
"195",21,5,3.56802705264673,16
"196",21,6,5.17990418562794,15
"197",21,7,3.58581290831651,14
"198",21,8,1.73216472063088,13
"199",21,9,1.00752727506915,12
"200",21,10,1.98748457368599,11
"201",21,11,5.14474691191657,10
"202",21,12,1.63694199983485,9
"203",21,13,0.892574108770079,8
"204",21,14,4.03448661018913,7
"205",21,15,4.42398779202439,6
"206",21,16,3.67996649324154,5
"207",21,17,2.94795783729719,4
"208",21,18,6.7289975743366,3
"209",21,19,6.29665741596709,2
"210",21,20,4.31993798215507,1
"211",22,1,7.934474701966,21
"212",22,2,7.8669421553511,20
"213",22,3,3.20394164035231,19
"214",22,4,3.79629144748811,18
"215",22,5,3.11150984055851,17
"216",22,6,4.60565315289579,16
"217",22,7,3.01156187558436,15
"218",22,8,3.62465492947473,14
"219",22,9,3.35981965363245,13
"220",22,10,2.50071922151269,12
"221",22,11,4.57049587918442,11
"222",22,12,4.51325187230282,10
"223",22,13,3.42755566274244,9
"224",22,14,3.46023557745698,8
"225",22,15,3.84973675929224,7
"226",22,16,3.53393699561353,6
"227",22,17,2.94717459199387,5
"228",22,18,6.15474654160445,4
"229",22,19,6.66783359191076,3
"230",22,20,4.36823777376735,2
"231",22,21,4.14084184896603,1
"232",23,1,8.30826505177283,22
"233",23,2,6.29952050462209,21
"234",23,3,1.63651998962329,20
"235",23,4,4.17008179729495,19
"236",23,5,3.09695374566481,18
"237",23,6,4.97944350270263,17
"238",23,7,3.38535222539119,16
"239",23,8,2.05723327874571,15
"240",23,9,1.82406314896591,14
"241",23,10,1.5402156949764,13
"242",23,11,4.94428622899126,12
"243",23,12,2.9458302215738,11
"244",23,13,1.86013401201342,10
"245",23,14,3.83402592726381,9
"246",23,15,4.22352710909907,8
"247",23,16,3.47950581031622,7
"248",23,17,2.74749715437187,6
"249",23,18,6.52853689141128,5
"250",23,19,6.09619673304178,4
"251",23,20,4.11947729922975,3
"252",23,21,2.57342019823701,2
"253",23,22,1.56742165072902,1
"254",24,1,6.50485909071344,23
"255",24,2,6.73707901755661,22
"256",24,3,2.80642408448502,21
"257",24,4,2.36277416398472,20
"258",24,5,2.71824119601,19
"259",24,6,3.12099795175802,18
"260",24,7,1.79731857257831,17
"261",24,8,2.49479179168024,16
"262",24,9,3.06643350893908,15
"263",24,10,1.48947600667493,14
"264",24,11,3.08584067804665,13
"265",24,12,3.38338873450832,12
"266",24,13,2.58438647159084,11
"267",24,14,1.9755803763192,10
"268",24,15,2.36508155815446,9
"269",24,16,2.51149332783733,8
"270",24,17,1.81731145419938,7
"271",24,18,4.67009134046667,6
"272",24,19,5.53797045411627,5
"273",24,20,3.23837463597286,4
"274",24,21,3.47696058036092,3
"275",24,22,1.48465520113777,2
"276",24,23,1.85844555094461,1
"277",25,1,3.96235707704761,24
"278",25,2,4.19457700389078,23
"279",25,3,3.55108273420202,22
"280",25,4,0.973067874019095,21
"281",25,5,2.04619592564923,20
"282",25,6,1.21015547520605,19
"283",25,7,1.75779744592285,18
"284",25,8,3.61144563360848,17
"285",25,9,6.35113762930851,16
"286",25,10,3.60293397633765,15
"287",25,11,1.33145398415129,14
"288",25,12,3.70666835440451,13
"289",25,13,4.69802212893951,12
"290",25,14,1.39360795385514,11
"291",25,15,1.40243554247777,10
"292",25,16,1.66364386099782,9
"293",25,17,2.39565251694217,8
"294",25,18,1.90496432680186,7
"295",25,19,2.99546844045044,6
"296",25,20,1.75304478537104,5
"297",25,21,5.34361035423936,4
"298",25,22,4.76935932150721,3
"299",25,23,5.14314967131404,2
"300",25,24,3.28470412036944,1
"301",26,1,4.9594128389253,25
"302",26,2,4.37586881942219,24
"303",26,3,3.7032990382575,23
"304",26,4,3.71745426876344,22
"305",26,5,4.70797941771758,21
"306",26,6,5.49726194101307,20
"307",26,7,4.1662401255752,19
"308",26,8,3.28258574913507,18
"309",26,9,5.31878022685986,17
"310",26,10,4.40652145709712,16
"311",26,11,3.63308841034198,15
"312",26,12,2.67431095195585,14
"313",26,13,3.66566472649085,13
"314",26,14,4.62848348100462,12
"315",26,15,5.00368892950076,11
"316",26,16,4.4613564591413,10
"317",26,17,3.96006608661593,9
"318",26,18,2.42894507548434,8
"319",26,19,3.60914743812548,7
"320",26,20,4.36740919326592,6
"321",26,21,4.31125295179071,5
"322",26,22,6.9072406786098,4
"323",26,23,5.33981902788079,3
"324",26,24,5.77737754081531,2
"325",26,25,4.3339094022862,1
"326",27,1,3.95909496429175,26
"327",27,2,4.19131489113492,25
"328",27,3,3.96945676329919,24
"329",27,4,1.39144190311626,23
"330",27,5,2.80466418565432,22
"331",27,6,1.69349417786109,21
"332",27,7,2.17617147502002,20
"333",27,8,4.02981966270565,19
"334",27,9,6.76951165840568,18
"335",27,10,4.02130800543482,17
"336",27,11,0.617237471419958,16
"337",27,12,4.12504238350168,15
"338",27,13,5.11639615803668,14
"339",27,14,1.7274977731474,13
"340",27,15,2.3476890979533,12
"341",27,16,2.59791631748165,11
"342",27,17,2.81402654603934,10
"343",27,18,1.82376839498841,9
"344",27,19,2.99220632769458,8
"345",27,20,2.69829834084657,7
"346",27,21,5.76198438333653,6
"347",27,22,5.18773335060438,5
"348",27,23,5.56152370041121,4
"349",27,24,3.7030781494666,3
"350",27,25,0.945253555475525,2
"351",27,26,3.80376776315198,1
"352",28,1,3.06219211264165,27
"353",28,2,4.598074842726,26
"354",28,3,4.6202161182178,25
"355",28,4,2.04220125803488,24
"356",28,5,3.32688426855685,23
"357",28,6,2.4618577574951,22
"358",28,7,2.82693082993863,21
"359",28,8,4.68057901762426,20
"360",28,9,7.42027101332429,19
"361",28,10,4.67206736035343,18
"362",28,11,1.29837784759846,17
"363",28,12,4.77580173842029,16
"364",28,13,5.76715551295529,15
"365",28,14,2.37825712806601,14
"366",28,15,2.86990918085582,13
"367",28,16,3.12013640038417,12
"368",28,17,3.46478590095795,11
"369",28,18,0.926865543338313,10
"370",28,19,2.78513305294004,9
"371",28,20,3.22051842374909,8
"372",28,21,6.41274373825514,7
"373",28,22,5.83849270552299,6
"374",28,23,6.21228305532983,5
"375",28,24,4.35383750438522,4
"376",28,25,1.46747363837805,3
"377",28,26,3.03540418351797,2
"378",28,27,0.896902851650097,1
"379",29,1,3.92405568165654,28
"380",29,2,4.15627560849971,27
"381",29,3,3.18441656110398,26
"382",29,4,0.606401700921051,25
"383",29,5,2.28878529013587,24
"384",29,6,1.99769476717306,23
"385",29,7,1.39113127282481,22
"386",29,8,3.24477946051044,21
"387",29,9,5.98447145621047,20
"388",29,10,3.23626780323961,19
"389",29,11,0.90207932419422,18
"390",29,12,3.34000218130646,17
"391",29,13,4.33135595584146,16
"392",29,14,1.43190934924621,15
"393",29,15,1.83181020243485,14
"394",29,16,2.08203742196319,13
"395",29,17,2.02898634384413,12
"396",29,18,1.7887291123532,11
"397",29,19,2.95716704505937,10
"398",29,20,2.18241944532811,9
"399",29,21,4.97694418114132,8
"400",29,22,4.40269314840917,7
"401",29,23,4.776483498216,6
"402",29,24,2.91803794727139,5
"403",29,25,0.834342228446187,4
"404",29,26,3.49956717384001,3
"405",29,27,0.785040202195214,2
"406",29,28,1.43579955711382,1
"407",30,1,3.70019713966444,29
"408",30,2,4.28318083097967,28
"409",30,3,5.26501329828635,27
"410",30,4,2.68699843810343,26
"411",30,5,3.76012648973356,25
"412",30,6,1.87763673269575,24
"413",30,7,3.47172801000718,23
"414",30,8,5.32537619769281,22
"415",30,9,8.06506819339284,21
"416",30,10,5.31686454042198,20
"417",30,11,1.91279400640712,19
"418",30,12,5.42059891848884,18
"419",30,13,6.41195269302384,17
"420",30,14,3.02305430813456,16
"421",30,15,2.6335531262993,15
"422",30,16,3.37757442508215,14
"423",30,17,4.10958308102651,13
"424",30,18,2.2041553268713,12
"425",30,19,2.73330850306727,11
"426",30,20,2.90562441200276,10
"427",30,21,7.05754091832369,9
"428",30,22,6.48328988559154,8
"429",30,23,6.85708023539838,7
"430",30,24,4.99863468445377,6
"431",30,25,1.71393056408433,5
"432",30,26,4.63310040235564,4
"433",30,27,1.29555653498716,3
"434",30,28,1.59769621883768,2
"435",30,29,2.08059673718238,1
"436",31,1,4.85817853341417,30
"437",31,2,4.39470428678378,29
"438",31,3,1.97014051108097,28
"439",31,4,0.899027728966777,27
"440",31,5,1.88955287792092,26
"441",31,6,2.67883540121641,25
"442",31,7,1.34781358577855,24
"443",31,8,1.9183824806531,23
"444",31,9,4.65807447635313,22
"445",31,10,1.90987082338227,21
"446",31,11,1.49419971063259,20
"447",31,12,2.01360520144913,19
"448",31,13,3.00495897598413,18
"449",31,14,1.27034836390403,17
"450",31,15,2.1852623897041,16
"451",31,16,1.67520975443328,15
"452",31,17,0.702589363986793,14
"453",31,18,3.07845037305262,13
"454",31,19,3.19559572334344,12
"455",31,20,1.7755917777982,11
"456",31,21,3.65054720128398,10
"457",31,22,3.47223786856733,9
"458",31,23,3.45008651835866,8
"459",31,24,2.34237473077283,7
"460",31,25,1.69306315295538,6
"461",31,26,3.43500281004248,5
"462",31,27,2.11143718205255,4
"463",31,28,2.76219653697116,3
"464",31,29,1.32639697985734,2
"465",31,30,3.40699371703971,1
"466",32,1,3.84803522588909,31
"467",32,2,5.55589129700911,30
"468",32,3,5.97651497701195,29
"469",32,4,3.39850011682902,28
"470",32,5,4.47162816845916,27
"471",32,6,2.58913841142134,26
"472",32,7,4.18322968873278,25
"473",32,8,6.0368778764184,24
"474",32,9,8.77656987211844,23
"475",32,10,6.02836621914757,22
"476",32,11,2.62429568513271,21
"477",32,12,6.13210059721443,20
"478",32,13,7.12345437174943,19
"479",32,14,3.73455598686016,18
"480",32,15,3.82772563513894,17
"481",32,16,4.08907610380774,16
"482",32,17,4.8210847597521,15
"483",32,18,1.47168600738252,14
"484",32,19,3.74294950722315,13
"485",32,20,4.1783348780322,12
"486",32,21,7.76904259704928,11
"487",32,22,7.19479156431713,10
"488",32,23,7.56858191412397,9
"489",32,24,5.71013636317936,8
"490",32,25,2.42543224280992,7
"491",32,26,3.90063108286686,6
"492",32,27,2.00705821371275,5
"493",32,28,1.35629885879414,4
"494",32,29,2.79209841590797,3
"495",32,30,1.27271046602945,2
"496",32,31,4.11849539576531,1
"497",33,1,3.49576220528815,32
"498",33,2,2.50324702542999,31
"499",33,3,3.63658827164752,30
"500",33,4,3.34789261022062,29
"501",33,5,3.72902007144132,28
"502",33,6,4.37832023574556,27
"503",33,7,3.91334820162703,26
"504",33,8,3.28079880877912,25
"505",33,9,6.02049080447915,24
"506",33,10,4.33981069048714,23
"507",33,11,3.56637764373201,22
"508",33,12,3.37602152957514,21
"509",33,13,4.36737530411015,20
"510",33,14,4.56177271439465,19
"511",33,15,3.35513130749126,18
"512",33,16,3.3065929163863,17
"513",33,17,3.89335532000596,16
"514",33,18,2.50084501622969,15
"515",33,19,1.73652564413328,14
"516",33,20,2.49478739927372,13
"517",33,21,5.01296352941,12
"518",33,22,6.84052991199983,11
"519",33,23,5.27310826127081,10
"520",33,24,5.71066677420533,9
"521",33,25,3.1681647605395,8
"522",33,26,1.8726217939922,7
"523",33,27,3.16490264778364,6
"524",33,28,2.50499761545292,5
"525",33,29,3.12986336514843,4
"526",33,30,2.90600482315633,3
"527",33,31,3.3682920434325,2
"528",33,32,3.46281406973603,1
"529",34,1,7.30022403312306,33
"530",34,2,5.24104386934309,32
"531",34,3,0.59146151327013,31
"532",34,4,3.16204077864518,30
"533",34,5,2.10059723314171,29
"534",34,6,3.97140248405286,28
"535",34,7,2.37731120674142,27
"536",34,8,1.07890150011174,26
"537",34,9,2.21602897664424,25
"538",34,10,1.49133280508366,24
"539",34,11,3.93624521034149,23
"540",34,12,1.74602074466032,22
"541",34,13,1.00112951675167,21
"542",34,14,2.82598490861404,20
"543",34,15,3.2154860904493,19
"544",34,16,2.47146479166646,18
"545",34,17,1.77879618939139,17
"546",34,18,5.52049587276151,16
"547",34,19,5.08815571439201,15
"548",34,20,3.11143628057998,14
"549",34,21,1.46742981950503,13
"550",34,22,3.38576196243376,12
"551",34,23,1.81834031170474,11
"552",34,24,2.9808088117586,10
"553",34,25,4.13510865266428,9
"554",34,26,3.52147871617604,8
"555",34,27,4.55348268176144,7
"556",34,28,5.20424203668006,6
"557",34,29,3.76844247956623,5
"558",34,30,5.84903921674861,4
"559",34,31,2.44204549970889,3
"560",34,32,6.5605408954742,2
"561",34,33,3.80446182783491,1
"562",35,1,4.3067244828548,34
"563",35,2,4.53894440969797,33
"564",35,3,3.25761914569416,32
"565",35,4,0.749765105958778,31
"566",35,5,1.77700447504211,30
"567",35,6,1.03004256629086,29
"568",35,7,1.46433385741499,28
"569",35,8,3.31798204510061,27
"570",35,9,6.05767404080065,26
"571",35,10,3.30947038782978,25
"572",35,11,1.41386013928798,24
"573",35,12,3.60585793480666,23
"574",35,13,4.40455854043164,22
"575",35,14,1.04924054804795,21
"576",35,15,1.32002938734108,20
"577",35,16,1.57025660686943,19
"578",35,17,2.10218892843431,18
"579",35,18,2.17139791355147,17
"580",35,19,3.33983584625763,16
"581",35,20,1.67063863023435,15
"582",35,21,5.05014676573149,14
"583",35,22,4.47589573299934,13
"584",35,23,4.84968608280618,12
"585",35,24,2.99124053186157,11
"586",35,25,0.344367405807191,10
"587",35,26,4.46721937472222,9
"588",35,27,1.02765971061222,8
"589",35,28,1.54987979351474,7
"590",35,29,0.967652200882204,6
"591",35,30,2.0073941525922,5
"592",35,31,1.64879283492556,4
"593",35,32,2.71889583131779,3
"594",35,33,3.51253216634669,2
"595",35,34,3.84164506415641,1
"596",36,1,2.97972931713259,35
"597",36,2,4.67112033135405,34
"598",36,3,5.39480812851287,33
"599",36,4,2.83715999747934,32
"600",36,5,3.88992131996008,31
"601",36,6,3.86758762300428,30
"602",36,7,3.6015228402337,29
"603",36,8,5.45517102791933,28
"604",36,9,8.19486302361936,27
"605",36,10,5.4466593706485,26
"606",36,11,3.05564503099073,25
"607",36,12,5.55039374871535,24
"608",36,13,6.54174752325036,23
"609",36,14,4.05104010165337,22
"610",36,15,3.02400540770805,21
"611",36,16,3.50736925530867,20
"612",36,17,4.23937791125302,19
"613",36,18,0.830401640053951,18
"614",36,19,2.85817854156809,17
"615",36,20,3.29356391237714,16
"616",36,21,7.18733574855021,15
"617",36,22,6.61308471581806,14
"618",36,23,6.98687506562489,13
"619",36,24,5.19993416146406,12
"620",36,25,2.65743214779823,11
"621",36,26,2.8760827967595,10
"622",36,27,2.65417003504236,9
"623",36,28,1.75726718339226,8
"624",36,29,2.61913075240715,7
"625",36,30,2.65341688056293,6
"626",36,31,3.53678854726623,5
"627",36,32,2.22401167823012,4
"628",36,33,2.57804310408097,3
"629",36,34,5.97883404697512,2
"630",36,35,3.00179955360542,1
"631",37,1,3.11773913646571,36
"632",37,2,3.34995906330887,35
"633",37,3,4.08346285012317,34
"634",37,4,1.80262975566115,33
"635",37,5,2.57857604157038,32
"636",37,6,2.05477341578796,31
"637",37,7,2.290177561844,30
"638",37,8,4.14382574952963,29
"639",37,9,6.88351774522966,28
"640",37,10,4.1353140922588,27
"641",37,11,2.82986643095044,26
"642",37,12,4.65872258450903,25
"643",37,13,5.23040224486066,24
"644",37,14,2.23822589443705,23
"645",37,15,1.45200267813612,22
"646",37,16,2.19602397691897,21
"647",37,17,2.92803263286332,20
"648",37,18,3.09113894894025,19
"649",37,19,2.15085049986853,18
"650",37,20,1.55605248800544,17
"651",37,21,5.87599047016051,16
"652",37,22,5.30173943742836,15
"653",37,23,5.67552978723519,14
"654",37,24,3.81708423629058,13
"655",37,25,1.49841244679915,12
"656",37,26,5.52008402442459,11
"657",37,27,2.44366600227467,10
"658",37,28,2.9658860851772,9
"659",37,29,2.02051685058458,8
"660",37,30,2.65099207343086,7
"661",37,31,2.70165748462793,6
"662",37,32,3.92370253946031,5
"663",37,33,3.64746223043239,4
"664",37,34,4.66748876858542,3
"665",37,35,1.41600629166246,2
"666",37,36,3.54040050263187,1
"667",38,1,3.01547094992362,37
"668",38,2,3.81572729313841,36
"669",38,3,6.69298984400884,35
"670",38,4,4.11497498382591,34
"671",38,5,5.18810303545605,33
"672",38,6,3.30561327841823,32
"673",38,7,4.89970455572967,31
"674",38,8,6.75335274341529,30
"675",38,9,9.49304473911533,29
"676",38,10,6.74484108614446,28
"677",38,11,3.3407705521296,27
"678",38,12,6.84857546421132,26
"679",38,13,7.83992923874632,25
"680",38,14,4.45103085385705,24
"681",38,15,4.06152967202179,23
"682",38,16,4.80555097080463,22
"683",38,17,5.53755962674899,21
"684",38,18,3.41485922069422,20
"685",38,19,2.23465685805308,19
"686",38,20,4.16557948189111,18
"687",38,21,8.48551746404617,17
"688",38,22,7.91126643131402,16
"689",38,23,8.28505678112086,15
"690",38,24,6.42661123017625,14
"691",38,25,3.14190710980681,13
"692",38,26,5.84380429617856,12
"693",38,27,2.72353308070964,11
"694",38,28,2.80840011266059,10
"695",38,29,3.50857328290486,9
"696",38,30,1.42797654572248,8
"697",38,31,4.8349702627622,7
"698",38,32,1.94317321331171,6
"699",38,33,3.97118250218636,5
"700",38,34,7.27701576247109,4
"701",38,35,3.43537069831468,3
"702",38,36,3.86412077438585,2
"703",38,37,2.60952699388567,1
"704",39,1,7.36044520411114,38
"705",39,2,5.30126504033117,37
"706",39,3,2.31168581893631,36
"707",39,4,3.22226194963325,35
"708",39,5,3.50663417251145,34
"709",39,6,4.29591669580694,33
"710",39,7,2.96489488036907,32
"711",39,8,1.89097252981388,31
"712",39,9,2.15580780565616,30
"713",39,10,3.01490823777593,29
"714",39,11,4.23748195855187,28
"715",39,12,1.83102086152422,27
"716",39,13,2.08807179654617,26
"717",39,14,3.23687026168343,25
"718",39,15,3.80234368429462,24
"719",39,16,3.26001121393516,23
"720",39,17,2.56845286729475,22
"721",39,18,5.58071704374959,21
"722",39,19,5.14837688538008,20
"723",39,20,3.17165745156806,19
"724",39,21,1.37478561032259,18
"725",39,22,5.51562745928862,17
"726",39,23,3.9482058085596,16
"727",39,24,4.38576432149412,15
"728",39,25,4.19532982365235,14
"729",39,26,3.16297242120369,13
"730",39,27,4.61370385274952,12
"731",39,28,5.26446320766813,11
"732",39,29,3.8286636505543,10
"733",39,30,5.90926038773668,9
"734",39,31,2.92857496682773,8
"735",39,32,6.62076206646227,7
"736",39,33,3.86468299882299,6
"737",39,34,2.12986549685485,5
"738",39,35,3.90186623514448,4
"739",39,36,6.0390552179632,3
"740",39,37,4.7277099395735,2
"741",39,38,7.33723693345916,1
"742",40,1,6.3578815112572,39
"743",40,2,5.85156690331255,38
"744",40,3,1.96184135648901,37
"745",40,4,2.21969825677931,36
"746",40,5,1.92409408464322,35
"747",40,6,3.02905996218699,34
"748",40,7,1.43496868487556,33
"749",40,8,1.60927967743618,32
"750",40,9,3.1583714985101,31
"751",40,10,0.644893278678929,30
"752",40,11,2.99390268847562,29
"753",40,12,2.49787662026427,28
"754",40,13,1.73980374359484,27
"755",40,14,1.88364238674818,26
"756",40,15,2.27314356858344,25
"757",40,16,1.67747112606694,24
"758",40,17,0.931799339955319,23
"759",40,18,4.57815335089565,22
"760",40,19,4.65245833987221,21
"761",40,20,2.3528625217288,20
"762",40,21,2.63237785236492,19
"763",40,22,2.01537525203855,18
"764",40,23,1.95038354051564,17
"765",40,24,0.885512114244057,16
"766",40,25,3.19276613079841,15
"767",40,26,4.89186542657125,14
"768",40,27,3.61114015989558,13
"769",40,28,4.26189951481419,12
"770",40,29,2.82609995770037,11
"771",40,30,4.90669669488274,10
"772",40,31,1.49970297784303,9
"773",40,32,5.61819837360833,8
"774",40,33,4.82515465996128,7
"775",40,34,2.13622608376259,6
"776",40,35,2.89930254229054,5
"777",40,36,5.03649152510926,4
"778",40,37,3.72514624671956,3
"779",40,38,6.33467324060522,2
"780",40,39,3.50025220725007,1
"781",41,1,7.0806056020134,40
"782",41,2,5.71342602864286,39
"783",41,3,1.05201213242766,38
"784",41,4,2.94242234753552,37
"785",41,5,1.87512982600777,36
"786",41,6,3.7517840529432,35
"787",41,7,2.15769277563176,34
"788",41,8,1.47113880276649,33
"789",41,9,2.4356474077539,32
"790",41,10,0.347203094804448,31
"791",41,11,3.71662677923183,30
"792",41,12,2.35973574559458,29
"793",41,13,1.2740395360342,28
"794",41,14,2.60636647750438,27
"795",41,15,2.99586765933965,26
"796",41,16,2.2518463605568,25
"797",41,17,1.51983770461244,24
"798",41,18,5.30087744165186,23
"799",41,19,4.86853728328235,22
"800",41,20,2.89181784947032,21
"801",41,21,1.98732572225779,20
"802",41,22,2.15351612670824,19
"803",41,23,1.22765944975943,18
"804",41,24,1.75441195205735,17
"805",41,25,3.91549022155462,16
"806",41,26,4.75372455190156,15
"807",41,27,4.33386425065179,14
"808",41,28,4.9846236055704,13
"809",41,29,3.54882404845657,12
"810",41,30,5.62942078563895,11
"811",41,31,2.22242706859923,10
"812",41,32,6.34092246436454,9
"813",41,33,4.68701378529159,8
"814",41,34,1.23224583572552,7
"815",41,35,3.62202663304675,6
"816",41,36,5.75921561586546,5
"817",41,37,4.44787033747576,4
"818",41,38,7.05739733136143,3
"819",41,39,3.36211133258038,2
"820",41,40,0.909829224061348,1
"821",42,1,5.35563213547389,41
"822",42,2,5.58785206231706,40
"823",42,3,2.71044053338508,39
"824",42,4,1.26283777282764,38
"825",42,5,1.76566084848325,37
"826",42,6,0.676936032205529,36
"827",42,7,0.917155245105908,35
"828",42,8,3.16704130511212,34
"829",42,9,5.51049542849157,33
"830",42,10,2.7622917755207,32
"831",42,11,1.77848718258646,31
"832",42,12,4.11893060167552,30
"833",42,13,3.85737992812256,29
"834",42,14,0.891517137890388,28
"835",42,15,1.30868576078223,27
"836",42,16,1.55891298031058,26
"837",42,17,1.97366254024459,25
"838",42,18,3.22030556617056,24
"839",42,19,4.38874349887672,23
"840",42,20,2.08914768073331,22
"841",42,21,4.50296815342241,21
"842",42,22,3.92871712069026,20
"843",42,23,4.3025074704971,19
"844",42,24,2.44406191955249,18
"845",42,25,1.39327505842628,17
"846",42,26,4.98029204159108,16
"847",42,27,1.39653717118214,15
"848",42,28,2.29344002283224,14
"849",42,29,1.48072486775107,13
"850",42,30,2.55457276490128,12
"851",42,31,2.16186550179442,11
"852",42,32,3.26607444362687,10
"853",42,33,4.56143981896578,9
"854",42,34,3.29446645184733,8
"855",42,35,1.04890765261909,7
"856",42,36,4.05070720622451,6
"857",42,37,2.23789299900819,5
"858",42,38,3.98254931062376,4
"859",42,39,3.77894679638494,3
"860",42,40,2.35212392998146,2
"861",42,41,3.07484802073767,1
"862",43,1,4.63924530927715,42
"863",43,2,3.75504073826424,41
"864",43,3,2.07695280538366,40
"865",43,4,1.24138002954053,39
"866",43,5,1.00039157652836,38
"867",43,6,1.65875381281603,37
"868",43,7,1.18471970671406,36
"869",43,8,2.13731570479011,35
"870",43,9,4.87700770049015,34
"871",43,10,2.12880404751928,33
"872",43,11,2.74971890450704,32
"873",43,12,2.97714668828149,31
"874",43,13,3.22389220012114,30
"875",43,14,1.83314421948168,29
"876",43,15,1.16518080130372,28
"877",43,16,0.622848330944256,27
"878",43,17,1.16472682509299,26
"879",43,18,2.88158595951057,25
"880",43,19,2.5559321748239,24
"881",43,20,0.528901065068877,23
"882",43,21,3.86948042542099,22
"883",43,22,4.11190141708686,21
"884",43,23,3.66901974249568,20
"885",43,24,2.98203827929237,19
"886",43,25,1.47412992881837,18
"887",43,26,3.83850812819704,17
"888",43,27,2.36351847583127,16
"889",43,28,2.8857385587338,15
"890",43,29,1.84763958031282,14
"891",43,30,3.1880604929027,13
"892",43,31,1.4408119127829,12
"893",43,32,3.89956217162829,11
"894",43,33,2.72862849491297,10
"895",43,34,2.66097872384591,9
"896",43,35,1.33585876521906,8
"897",43,36,3.31785532312921,7
"898",43,37,2.00651004473951,6
"899",43,38,4.61603703862518,5
"900",43,39,2.72119989483398,4
"901",43,40,2.09652616504831,3
"902",43,41,2.44136029273625,2
"903",43,42,1.83281132405282,1
"904",44,1,4.35088239603446,43
"905",44,2,2.2917022322545,42
"906",44,3,2.6923798978403,41
"907",44,4,4.19258346899745,40
"908",44,5,2.7848116976341,39
"909",44,6,4.25256512768043,38
"910",44,7,3.52452363168833,37
"911",44,8,3.48040362331195,36
"912",44,9,5.16537061373284,35
"913",44,10,3.73882291896894,34
"914",44,11,5.70092234396396,33
"915",44,12,4.43229291987535,32
"916",44,13,3.6874016919667,31
"917",44,14,4.69908706820309,30
"918",44,15,2.9670328173349,29
"919",44,16,2.71680559780655,28
"920",44,17,4.02628630327667,27
"921",44,18,5.8327893989675,26
"922",44,19,3.05180894525068,25
"923",44,20,2.61642357444163,24
"924",44,21,4.15784333866368,23
"925",44,22,5.89632153819261,22
"926",44,23,4.32889988746359,21
"927",44,24,5.22829892564388,20
"928",44,25,4.36946835981267,19
"929",44,26,5.29365435979091,18
"930",44,27,5.3147219152882,17
"931",44,28,5.83694199819072,16
"932",44,29,4.79884301976974,15
"933",44,30,5.52204798644439,14
"934",44,31,4.39201535223983,13
"935",44,32,6.79475845247384,12
"936",44,33,3.42103256579871,11
"937",44,34,2.9493416370886,10
"938",44,35,4.28706220467598,9
"939",44,36,5.90998748681877,8
"940",44,37,2.87105591301352,7
"941",44,38,5.05459444860313,6
"942",44,39,4.09230911458477,5
"943",44,40,4.38371619764787,4
"944",44,41,3.74280541148437,3
"945",44,42,4.27571857811713,2
"946",44,43,2.95120343945692,1
"947",45,1,6.85633483368393,44
"948",45,2,5.14847876256391,43
"949",45,3,6.33148644825805,42
"950",45,4,8.10219507609664,41
"951",45,5,6.41966933673307,40
"952",45,6,8.16217673477962,39
"953",45,7,7.43413523878753,38
"954",45,8,7.23600322109621,37
"955",45,9,6.13384540157237,36
"956",45,10,7.64843452606813,35
"957",45,11,9.61053395106315,34
"958",45,12,7.20407285403551,33
"959",45,13,6.55352406115223,32
"960",45,14,8.60869867530228,31
"961",45,15,6.87664442443409,30
"962",45,16,6.62641720490574,29
"963",45,17,7.93589791037586,28
"964",45,18,9.74240100606669,27
"965",45,19,6.96142055234988,26
"966",45,20,6.52603518154082,25
"967",45,21,5.66094995238215,24
"968",45,22,9.03425824182204,23
"969",45,23,7.95790855053828,22
"970",45,24,9.13791053274307,21
"971",45,25,8.27907996691186,20
"972",45,26,8.34575643959993,19
"973",45,27,9.22433352238739,18
"974",45,28,9.74655360528991,17
"975",45,29,8.70845462686894,16
"976",45,30,9.43165959354358,15
"977",45,31,8.30162695933902,14
"978",45,32,10.704370059573,13
"979",45,33,7.241555989837,12
"980",45,34,6.15710172098447,11
"981",45,35,8.19667381177517,10
"982",45,36,9.81959909391797,9
"983",45,37,6.78066752011271,8
"984",45,38,8.96420605570232,7
"985",45,39,5.37305199251128,6
"986",45,40,8.29332780474706,5
"987",45,41,7.38349858068571,4
"988",45,42,8.18533018521632,3
"989",45,43,6.86081504655611,2
"990",45,44,3.90961160709919,1
"991",46,1,6.9500608907463,45
"992",46,2,4.89088072696633,44
"993",46,3,2.53914727606104,43
"994",46,4,4.30985590389963,42
"995",46,5,2.62733016453605,41
"996",46,6,4.36983756258261,40
"997",46,7,3.64179606659051,39
"998",46,8,3.4436640488992,38
"999",46,9,4.17726903454511,37
"1000",46,10,3.85609535387112,36
"1001",46,11,5.81819477886614,35
"1002",46,12,3.7564594307746,34
"1003",46,13,3.01156820286595,33
"1004",46,14,4.81635950310527,32
"1005",46,15,3.08430525223708,31
"1006",46,16,2.83407803270873,30
"1007",46,17,4.14355873817885,29
"1008",46,18,5.95006183386967,28
"1009",46,19,4.73799257201524,27
"1010",46,20,2.76127313820322,26
"1011",46,21,3.4778685056193,25
"1012",46,22,5.24191906962502,24
"1013",46,23,4.16556937834126,23
"1014",46,24,5.34557136054605,22
"1015",46,25,4.48674079471485,21
"1016",46,26,4.61782087069016,20
"1017",46,27,5.43199435019038,19
"1018",46,28,5.9542144330929,18
"1019",46,29,4.91611545467192,17
"1020",46,30,5.63932042134657,16
"1021",46,31,4.509287787142,15
"1022",46,32,6.91203088737601,14
"1023",46,33,3.45429868545815,13
"1024",46,34,2.36476254878746,12
"1025",46,35,4.40433463957816,11
"1026",46,36,6.02725992172095,10
"1027",46,37,4.31732562620866,9
"1028",46,38,6.92685262009432,8
"1029",46,39,3.41647562548402,7
"1030",46,40,4.50098863255005,6
"1031",46,41,3.5911594084887,5
"1032",46,42,4.39299101301931,4
"1033",46,43,3.0684758743591,3
"1034",46,44,2.59917849471183,2
"1035",46,45,4.61906167990446,1
"1036",47,1,4.60123575618842,46
"1037",47,2,2.54205559240845,45
"1038",47,3,2.39101966952865,44
"1039",47,4,4.16172829736725,43
"1040",47,5,2.47920255800367,42
"1041",47,6,4.22170995605023,41
"1042",47,7,3.49366846005813,40
"1043",47,8,3.68604181237948,39
"1044",47,9,5.05874071271339,38
"1045",47,10,3.70796774733874,37
"1046",47,11,5.67006717233376,36
"1047",47,12,4.63793110894288,35
"1048",47,13,3.89303988103423,34
"1049",47,14,4.66823189657288,33
"1050",47,15,2.93617764570469,32
"1051",47,16,2.68595042617634,31
"1052",47,17,3.99543113164646,30
"1053",47,18,5.80193422733729,29
"1054",47,19,3.02095377362048,28
"1055",47,20,2.58556840281143,27
"1056",47,21,4.35934018378759,26
"1057",47,22,5.40947481734092,25
"1058",47,23,4.01744177180888,24
"1059",47,24,5.19744375401367,23
"1060",47,25,4.33861318818247,22
"1061",47,26,5.49929254885844,21
"1062",47,27,5.28386674365799,20
"1063",47,28,5.80608682656051,19
"1064",47,29,4.76798784813954,18
"1065",47,30,5.49119281481418,17
"1066",47,31,4.36116018060962,16
"1067",47,32,6.76390328084363,15
"1068",47,33,3.62667075486624,14
"1069",47,34,2.89191036428256,13
"1070",47,35,4.25620703304577,12
"1071",47,36,5.87913231518857,11
"1072",47,37,2.84020074138332,10
"1073",47,38,5.02373927697293,9
"1074",47,39,4.2979473036523,8
"1075",47,40,4.35286102601767,7
"1076",47,41,3.44303180195632,6
"1077",47,42,4.24486340648692,5
"1078",47,43,2.92034826782672,4
"1079",47,44,0.486846720851688,3
"1080",47,45,3.9404667787294,2
"1081",47,46,2.34882513455788,1
"1082",48,1,4.08398712423772,47
"1083",48,2,2.85564657274624,46
"1084",48,3,4.9433236464978,45
"1085",48,4,5.32984736665043,44
"1086",48,5,4.56222249078101,43
"1087",48,6,5.38982902533341,42
"1088",48,7,4.74655062096671,41
"1089",48,8,5.41826465568947,40
"1090",48,9,7.74337854160429,39
"1091",48,10,5.17301310982683,38
"1092",48,11,6.83818624161694,37
"1093",48,12,6.37015395225287,36
"1094",48,13,6.09026304123528,35
"1095",48,14,5.83635096585607,34
"1096",48,15,4.18833372683095,33
"1097",48,16,4.13979533572599,32
"1098",48,17,5.16355020092964,31
"1099",48,18,6.97005329662047,30
"1100",48,19,4.18907284290366,29
"1101",48,20,3.75368747209461,28
"1102",48,21,6.73585126653513,27
"1103",48,22,7.67373233133951,26
"1104",48,23,6.53539058360982,25
"1105",48,24,6.54386919354502,24
"1106",48,25,5.50673225746565,23
"1107",48,26,7.23151539216843,22
"1108",48,27,6.45198581294117,21
"1109",48,28,6.9742058958437,20
"1110",48,29,5.93610691742272,19
"1111",48,30,6.65931188409736,18
"1112",48,31,5.5292792498928,17
"1113",48,32,7.93202235012681,16
"1114",48,33,5.35889359817623,15
"1115",48,34,5.52734956496005,14
"1116",48,35,5.42432610232896,13
"1117",48,36,7.04725138447175,12
"1118",48,37,4.0083198106665,11
"1119",48,38,6.19185834625611,10
"1120",48,39,6.03017014696229,9
"1121",48,40,5.65835707930096,8
"1122",48,41,5.52021620463127,7
"1123",48,42,5.4129824757701,6
"1124",48,43,4.0884673371099,5
"1125",48,44,2.57800792787145,4
"1126",48,45,3.84941938659954,3
"1127",48,46,5.17718642258328,2
"1128",48,47,2.8283612880254,1
"1129",49,1,5.93900008019589,48
"1130",49,2,4.23114400907587,47
"1131",49,3,6.48167721769308,46
"1132",49,4,7.1848603226086,45
"1133",49,5,6.57410901748689,44
"1134",49,6,7.24484198129158,43
"1135",49,7,6.75843714767259,42
"1136",49,8,6.36754341533705,41
"1137",49,9,8.84953087199958,40
"1138",49,10,7.1848996365327,39
"1139",49,11,8.69319919757511,38
"1140",49,12,7.31943271190046,37
"1141",49,13,7.19641537163058,36
"1142",49,14,7.69136392181423,35
"1143",49,15,6.20022025353683,34
"1144",49,16,6.15168186243186,33
"1145",49,17,7.01856315688781,32
"1146",49,18,8.82506625257864,31
"1147",49,19,6.04408579886183,30
"1148",49,20,5.60870042805277,29
"1149",49,21,7.84200359693043,28
"1150",49,22,9.68561885804539,27
"1151",49,23,8.11819720731637,26
"1152",49,24,8.5557557202509,25
"1153",49,25,7.36174521342382,24
"1154",49,26,8.18079415181601,23
"1155",49,27,8.30699876889934,22
"1156",49,28,8.82921885180187,21
"1157",49,29,7.79111987338089,20
"1158",49,30,8.51432484005553,19
"1159",49,31,7.38429220585097,18
"1160",49,32,9.78703530608498,17
"1161",49,33,6.32422123634895,16
"1162",49,34,6.63350189535534,15
"1163",49,35,7.27933905828712,14
"1164",49,36,8.90226434042992,13
"1165",49,37,5.86333276662467,12
"1166",49,38,8.04687130221428,11
"1167",49,39,6.97944890660988,10
"1168",49,40,7.67024360600684,9
"1169",49,41,7.53210273133715,8
"1170",49,42,7.40652876501135,7
"1171",49,43,5.94348029306807,6
"1172",49,44,3.78929731985278,5
"1173",49,45,4.95557171699483,4
"1174",49,46,6.28333875297858,3
"1175",49,47,4.27614404070447,2
"1176",49,48,2.01188652670588,1
"1177",50,1,9.16097909117083,49
"1178",50,2,7.45312302005081,48
"1179",50,3,8.63613070574495,47
"1180",50,4,10.4068393335835,46
"1181",50,5,8.72431359421996,45
"1182",50,6,10.4668209922665,44
"1183",50,7,9.73877949627443,43
"1184",50,8,9.54064747858311,42
"1185",50,9,8.43848965905927,41
"1186",50,10,9.95307878355503,40
"1187",50,11,11.9151782085501,39
"1188",50,12,9.5087171115224,38
"1189",50,13,8.85816831863913,37
"1190",50,14,10.9133429327892,36
"1191",50,15,9.18128868192099,35
"1192",50,16,8.93106146239264,34
"1193",50,17,10.2405421678628,33
"1194",50,18,12.0470452635536,32
"1195",50,19,9.26606480983678,31
"1196",50,20,8.83067943902772,30
"1197",50,21,7.96559420986905,29
"1198",50,22,11.3389024993089,28
"1199",50,23,10.2625528080252,27
"1200",50,24,11.44255479023,26
"1201",50,25,10.5837242243988,25
"1202",50,26,10.6504006970868,24
"1203",50,27,11.5289777798743,23
"1204",50,28,12.0511978627768,22
"1205",50,29,11.0130988843558,21
"1206",50,30,11.7363038510305,20
"1207",50,31,10.6062712168259,19
"1208",50,32,13.0090143170599,18
"1209",50,33,9.5462002473239,17
"1210",50,34,8.46174597847137,16
"1211",50,35,10.5013180692621,15
"1212",50,36,12.1242433514049,14
"1213",50,37,9.08531177759961,13
"1214",50,38,11.2688503131892,12
"1215",50,39,7.67769624999818,11
"1216",50,40,10.597972062234,10
"1217",50,41,9.68814283817261,9
"1218",50,42,10.4899744427032,8
"1219",50,43,9.16545930404302,7
"1220",50,44,6.21425586458609,6
"1221",50,45,2.55148799080837,5
"1222",50,46,6.09698342968391,4
"1223",50,47,6.2451110362163,3
"1224",50,48,6.40090737740791,2
"1225",50,49,7.5070597078032,1
"1226",51,1,5.0257484002412,50
"1227",51,2,3.62475433403002,49
"1228",51,3,2.08639177645851,48
"1229",51,4,3.20489687084626,47
"1230",51,5,1.52237113148268,46
"1231",51,6,3.26487852952924,45
"1232",51,7,2.53683703353714,44
"1233",51,8,3.47198473782555,43
"1234",51,9,4.84468363815946,42
"1235",51,10,2.7519686775646,41
"1236",51,11,4.71323574581277,40
"1237",51,12,4.42387403438896,39
"1238",51,13,3.6789828064803,38
"1239",51,14,3.7114004700519,37
"1240",51,15,1.97934621918371,36
"1241",51,16,1.72911899965536,35
"1242",51,17,3.03859970512548,34
"1243",51,18,4.8451028008163,33
"1244",51,19,2.81368008151014,32
"1245",51,20,1.62873697629044,31
"1246",51,21,4.14528310923366,30
"1247",51,22,4.24218782132108,29
"1248",51,23,3.66836082622747,28
"1249",51,24,4.24061232749268,27
"1250",51,25,3.38178176166148,26
"1251",51,26,5.28523547430451,25
"1252",51,27,4.32703531713701,24
"1253",51,28,4.84925540003953,23
"1254",51,29,3.81115642161855,22
"1255",51,30,4.5343613882932,21
"1256",51,31,3.40432875408863,20
"1257",51,32,5.80707185432264,19
"1258",51,33,3.41261368031231,18
"1259",51,34,2.67785328972864,17
"1260",51,35,3.29937560652479,16
"1261",51,36,4.92230088866758,15
"1262",51,37,2.39301313570356,14
"1263",51,38,5.00254012958922,13
"1264",51,39,4.08389022909837,12
"1265",51,40,3.39602959949668,11
"1266",51,41,2.48620037543533,10
"1267",51,42,3.28803197996594,9
"1268",51,43,1.96351684130573,8
"1269",51,44,1.65413371687153,7
"1270",51,45,4.89729820525038,6
"1271",51,46,1.9243124905051,5
"1272",51,47,1.16728699601984,4
"1273",51,48,3.43154451001843,3
"1274",51,49,5.44343103672431,2
"1275",51,50,7.20194246273728,1
"1276",52,1,4.68071959026976,51
"1277",52,2,2.62153942648979,50
"1278",52,3,3.58410426304712,49
"1279",52,4,3.29540860162022,48
"1280",52,5,3.67653606284092,47
"1281",52,6,4.32583622714516,46
"1282",52,7,3.86086419302663,45
"1283",52,8,3.1633909739247,44
"1284",52,9,4.83553341949754,43
"1285",52,10,4.28732668188674,42
"1286",52,11,4.60790762418762,41
"1287",52,12,2.27479403109661,40
"1288",52,13,3.36049024065699,39
"1289",52,14,4.50928870579425,38
"1290",52,15,3.30264729889087,37
"1291",52,16,3.2541089077859,36
"1292",52,17,3.84087131140556,35
"1293",52,18,4.73977467919116,34
"1294",52,19,2.46865127153871,33
"1295",52,20,2.41980812963208,32
"1296",52,21,3.82800614442838,31
"1297",52,22,6.78804590339943,30
"1298",52,23,5.22062425267041,29
"1299",52,24,5.65818276560494,28
"1300",52,25,3.27645364003633,27
"1301",52,26,3.3431301127244,26
"1302",52,27,4.22170719551186,25
"1303",52,28,4.74392727841438,24
"1304",52,29,3.7058282999934,23
"1305",52,30,4.42903326666805,22
"1306",52,31,3.3158080348321,21
"1307",52,32,5.7017437326975,20
"1308",52,33,2.23892966296146,19
"1309",52,34,3.40228394096567,18
"1310",52,35,3.46004815774629,17
"1311",52,36,4.81697276704243,16
"1312",52,37,2.54100594385214,15
"1313",52,38,4.65751131961779,14
"1314",52,39,2.67972561384137,13
"1315",52,40,4.77267065136088,12
"1316",52,41,4.63452977669119,11
"1317",52,42,4.50895581036539,10
"1318",52,43,2.67614448631257,9
"1319",52,44,2.31457627921846,8
"1320",52,45,5.00262632687553,7
"1321",52,46,2.69779693591572,6
"1322",52,47,2.52021446828599,5
"1323",52,48,4.25243731159598,4
"1324",52,49,5.20171607124356,3
"1325",52,50,7.30727058436243,2
"1326",52,51,2.54585808207835,1
"1327",53,1,5.14707342819936,52
"1328",53,2,4.46273852102295,51
"1329",53,3,1.68895726186599,50
"1330",53,4,1.00889017372148,49
"1331",53,5,1.82923028925198,48
"1332",53,6,2.61851281254747,47
"1333",53,7,1.2874909971096,46
"1334",53,8,1.6294875858679,45
"1335",53,9,4.36917958156794,44
"1336",53,10,1.62097592859707,43
"1337",53,11,1.78309460541779,42
"1338",53,12,2.01738768855005,41
"1339",53,13,2.71606408119893,40
"1340",53,14,1.21002577523508,39
"1341",53,15,2.12493980103516,38
"1342",53,16,1.58260733067569,37
"1343",53,17,0.457029042334289,36
"1344",53,18,3.36734526783782,35
"1345",53,19,3.26362995758261,34
"1346",53,20,1.49440852858322,33
"1347",53,21,3.36165230649878,32
"1348",53,22,3.40420363432816,31
"1349",53,23,3.16119162357347,30
"1350",53,24,2.27434049653366,29
"1351",53,25,1.98195804774058,28
"1352",53,26,3.50303704428164,27
"1353",53,27,2.40033207683775,26
"1354",53,28,3.05109143175636,25
"1355",53,29,1.61529187464253,24
"1356",53,30,3.69588861182491,23
"1357",53,31,0.288894894785195,22
"1358",53,32,4.4073902905505,21
"1359",53,33,3.43632627767167,20
"1360",53,34,2.1531506049237,19
"1361",53,35,1.68849445923271,18
"1362",53,36,3.82568344205142,17
"1363",53,37,2.64133489595898,16
"1364",53,38,5.12386515754739,15
"1365",53,39,2.64739171761276,14
"1366",53,40,1.38882838228961,13
"1367",53,41,1.93353217381404,12
"1368",53,42,2.10154291312547,11
"1369",53,43,1.15962866356793,10
"1370",53,44,4.11083210302485,9
"1371",53,45,8.02044371012404,8
"1372",53,46,4.22810453792703,7
"1373",53,47,4.07997693139465,6
"1374",53,48,5.24809600067783,5
"1375",53,49,7.103108956636,4
"1376",53,50,10.3250879676109,3
"1377",53,51,3.12314550487366,2
"1378",53,52,3.38384226907127,1
"1379",54,1,5.53126093995364,53
"1380",54,2,5.76348086679681,52
"1381",54,3,3.10167014603907,51
"1382",54,4,2.58305957512164,50
"1383",54,5,1.59253442616749,49
"1384",54,6,0.92154540328788,48
"1385",54,7,2.13427371830987,47
"1386",54,8,4.48726310740611,46
"1387",54,9,5.85996200774002,45
"1388",54,10,3.76724704714516,44
"1389",54,11,3.09870898488046,43
"1390",54,12,5.43915240396952,42
"1391",54,13,4.69426117606087,41
"1392",54,14,2.21173894018439,40
"1393",54,15,1.38193731595427,39
"1394",54,16,1.83915738474378,38
"1395",54,17,3.29388434253859,37
"1396",54,18,3.87156876840074,36
"1397",54,19,4.56437230335647,35
"1398",54,20,2.26477648521306,34
"1399",54,21,5.16056147881422,33
"1400",54,22,4.12861126477994,32
"1401",54,23,4.68363919580803,31
"1402",54,24,3.56763711413369,30
"1403",54,25,1.96660444159888,29
"1404",54,26,6.30051384388508,28
"1405",54,27,2.4967460807331,27
"1406",54,28,3.26510966036711,26
"1407",54,29,2.80094667004506,25
"1408",54,30,2.3546786208116,24
"1409",54,31,3.48208730408842,23
"1410",54,32,3.46373872808128,22
"1411",54,33,4.73706862344553,21
"1412",54,34,3.6931316593092,20
"1413",54,35,1.83329446916286,19
"1414",54,36,4.32083032209236,18
"1415",54,37,2.41352180348793,17
"1416",54,38,3.78265516653409,16
"1417",54,39,5.09916859867894,15
"1418",54,40,3.51662851081071,14
"1419",54,41,3.46766425217526,13
"1420",54,42,1.320221802294,12
"1421",54,43,2.46200571568803,11
"1422",54,44,3.79286024963831,10
"1423",54,45,7.24063133149174,9
"1424",54,46,3.44829215929473,8
"1425",54,47,3.30601352878663,7
"1426",54,48,5.57027104278522,6
"1427",54,49,7.5821575694911,5
"1428",54,50,9.54527558897864,4
"1429",54,51,2.34333312624136,3
"1430",54,52,4.68458461484513,2
"1431",54,53,3.42176471541947,1
"1432",55,1,3.22280380662295,54
"1433",55,2,1.18115712499392,53
"1434",55,3,3.55028068945514,52
"1435",55,4,3.26158502802824,51
"1436",55,5,3.64271248924894,50
"1437",55,6,4.29201265355318,49
"1438",55,7,3.82704061943465,48
"1439",55,8,3.55375720744432,47
"1440",55,9,6.29344920314435,46
"1441",55,10,4.25350310829476,45
"1442",55,11,3.48007006153962,44
"1443",55,12,3.64897992824034,43
"1444",55,13,4.64033370277535,42
"1445",55,14,4.47546513220226,41
"1446",55,15,3.26882372529888,40
"1447",55,16,3.22028533419392,39
"1448",55,17,3.80704773781358,38
"1449",55,18,3.46366893580818,37
"1450",55,19,1.0107354878919,36
"1451",55,20,2.3859845560401,35
"1452",55,21,5.2859219280752,34
"1453",55,22,6.75422232980745,33
"1454",55,23,5.18680067907843,32
"1455",55,24,5.62435919201295,31
"1456",55,25,3.08185717834712,30
"1457",55,26,3.19471169442827,29
"1458",55,27,3.07859506559126,28
"1459",55,28,3.4678215350314,27
"1460",55,29,3.04355578295605,26
"1461",55,30,3.15292752328507,25
"1462",55,31,3.28198446124012,24
"1463",55,32,4.42563798931452,23
"1464",55,33,1.32208990043607,22
"1465",55,34,4.07742022650011,21
"1466",55,35,3.42622458415431,20
"1467",55,36,3.54086702365946,19
"1468",55,37,2.32537232999632,18
"1469",55,38,3.19959553597098,17
"1470",55,39,4.13764139748818,16
"1471",55,40,4.7388470777689,15
"1472",55,41,4.60070620309921,14
"1473",55,42,4.4751322367734,13
"1474",55,43,2.64232091272059,12
"1475",55,44,2.36912046315932,11
"1476",55,45,6.27873207025851,10
"1477",55,46,3.72725708412335,9
"1478",55,47,2.33826529152911,8
"1479",55,48,4.03680369774016,7
"1480",55,49,5.36139731677046,6
"1481",55,50,8.58337632774541,5
"1482",55,51,2.51203450848637,4
"1483",55,52,1.45791578364681,3
"1484",55,53,3.35001869547929,2
"1485",55,54,4.65076104125315,1
"1486",56,1,3.28382018308131,55
"1487",56,2,1.44094456482447,54
"1488",56,3,5.98745303291458,53
"1489",56,4,5.69875737148767,52
"1490",56,5,6.07988483270838,51
"1491",56,6,6.72918499701261,50
"1492",56,7,6.26421296289408,49
"1493",56,8,5.56673974379215,48
"1494",56,9,6.23243282668599,47
"1495",56,10,6.69067545175419,46
"1496",56,11,5.91724240499906,45
"1497",56,12,4.67814280096407,44
"1498",56,13,5.76383901052444,43
"1499",56,14,6.9126374756617,42
"1500",56,15,5.70599606875832,41
"1501",56,16,5.65745767765336,40
"1502",56,17,6.24422008127301,39
"1503",56,18,5.70207021589542,38
"1504",56,19,2.92108976217861,37
"1505",56,20,4.82315689949953,36
"1506",56,21,5.22490555161684,35
"1507",56,22,9.19139467326688,34
"1508",56,23,7.62397302253787,33
"1509",56,24,8.06153153547239,32
"1510",56,25,5.51902952180656,31
"1511",56,26,4.30542564942866,30
"1512",56,27,5.51576740905069,29
"1513",56,28,5.70622281511864,28
"1514",56,29,5.48072812641549,27
"1515",56,30,5.39132880337231,26
"1516",56,31,5.71915680469955,25
"1517",56,32,6.66403926940176,24
"1518",56,33,3.20122519966573,23
"1519",56,34,5.80563271083312,22
"1520",56,35,5.86339692761375,21
"1521",56,36,5.7792683037467,20
"1522",56,37,4.67441158122465,19
"1523",56,38,4.92387526553106,18
"1524",56,39,4.07662502102983,17
"1525",56,40,7.17601942122833,16
"1526",56,41,7.03787854655864,15
"1527",56,42,6.91230458023284,14
"1528",56,43,5.07949325618002,13
"1529",56,44,3.29507313507427,12
"1530",56,45,4.04033079017127,11
"1531",56,46,5.10114570578317,10
"1532",56,47,3.78191985592596,9
"1533",56,48,4.29659113757071,8
"1534",56,49,5.2458698972183,7
"1535",56,50,6.34497504765817,6
"1536",56,51,4.9492068519458,5
"1537",56,52,2.40334876986745,4
"1538",56,53,5.78719103893872,3
"1539",56,54,7.08793338471259,2
"1540",56,55,2.43717234345944,1
"1541",57,1,3.58792356336855,56
"1542",57,2,3.14060223985665,55
"1543",57,3,3.12827455129226,54
"1544",57,4,1.9398555397912,53
"1545",57,5,1.62338774273947,52
"1546",57,6,2.26413023924019,51
"1547",57,7,1.79915820512166,50
"1548",57,8,3.18863745069872,49
"1549",57,9,5.92832944639875,48
"1550",57,10,3.18012579342789,47
"1551",57,11,3.44819441475772,46
"1552",57,12,4.11250544603317,45
"1553",57,13,4.27521394602975,44
"1554",57,14,2.44758271788928,43
"1555",57,15,1.2409413109859,42
"1556",57,16,1.24083567808806,41
"1557",57,17,1.97284433403241,40
"1558",57,18,3.58006146976125,39
"1559",57,19,1.94149367641631,38
"1560",57,20,0.606457692682803,37
"1561",57,21,4.9208021713296,36
"1562",57,22,4.72633991549446,35
"1563",57,23,4.72034148840428,34
"1564",57,24,3.59647677769996,33
"1565",57,25,2.11674043060642,32
"1566",57,26,4.97386688594872,31
"1567",57,27,3.06199398608195,30
"1568",57,28,3.58421406898447,29
"1569",57,29,2.54611509056349,28
"1570",57,30,3.26932005723814,27
"1571",57,31,2.15544034615206,26
"1572",57,32,4.54203052326759,25
"1573",57,33,3.10124509195653,24
"1574",57,34,3.71230046975451,23
"1575",57,35,2.03433427546973,22
"1576",57,36,3.65725955761253,21
"1577",57,37,0.955188298830909,20
"1578",57,38,3.56471529271658,19
"1579",57,39,3.77252164074259,18
"1580",57,40,2.76995794788865,17
"1581",57,41,3.49268203864485,16
"1582",57,42,2.44724982246042,15
"1583",57,43,1.13535875775168,14
"1584",57,44,2.25272792920625,13
"1585",57,45,6.16233953630544,12
"1586",57,46,3.36213732737775,11
"1587",57,47,2.22187275757604,10
"1588",57,48,3.38999182685922,9
"1589",57,49,5.24500478281739,8
"1590",57,50,8.46698379379234,7
"1591",57,51,1.43782483687265,6
"1592",57,52,2.06170598790497,5
"1593",57,53,2.09511775748312,4
"1594",57,54,2.62287862694016,3
"1595",57,55,2.02788241431299,2
"1596",57,56,4.46505475777242,1
"1597",58,1,1.52613445225195,57
"1598",58,2,1.75835437909512,56
"1599",58,3,6.10560406164323,55
"1600",58,4,3.5275892014603,54
"1601",58,5,4.60071725309044,53
"1602",58,6,3.64637810000171,52
"1603",58,7,4.31231877336406,51
"1604",58,8,6.16596696104969,50
"1605",58,9,8.90565895674972,49
"1606",58,10,6.15745530377886,48
"1607",58,11,2.92000535492726,47
"1608",58,12,6.26118968184571,46
"1609",58,13,7.25254345638072,45
"1610",58,14,3.86364507149144,44
"1611",58,15,3.47414388965618,43
"1612",58,16,4.21816518843903,42
"1613",58,17,4.95017384438338,41
"1614",58,18,3.61181440022337,40
"1615",58,19,2.43161203758223,39
"1616",58,20,3.5781936995255,38
"1617",58,21,7.89813168168057,37
"1618",58,22,7.32388064894842,36
"1619",58,23,7.69767099875525,35
"1620",58,24,5.83922544781064,34
"1621",58,25,2.55452132744121,33
"1622",58,26,6.04075947570771,32
"1623",58,27,2.53380492625149,31
"1624",58,28,3.05602500915401,30
"1625",58,29,2.92118750053925,29
"1626",58,30,2.74113099740768,28
"1627",58,31,4.24758448039659,27
"1628",58,32,4.01384146343713,26
"1629",58,33,4.16813768171551,25
"1630",58,34,6.68962998010548,24
"1631",58,35,2.84798491594907,23
"1632",58,36,4.06107595391499,22
"1633",58,37,2.02214121152006,21
"1634",58,38,2.27367745956643,20
"1635",58,39,6.74985115109356,19
"1636",58,40,5.74728745823962,18
"1637",58,41,6.47001154899582,17
"1638",58,42,3.82949768322194,16
"1639",58,43,4.02865125625957,15
"1640",58,44,3.74028834301688,14
"1641",58,45,6.6905285961359,13
"1642",58,46,6.33946683772872,12
"1643",58,47,3.99064170317084,11
"1644",58,48,3.91818088668968,10
"1645",58,49,5.77319384264785,9
"1646",58,50,8.9951728536228,8
"1647",58,51,4.41515434722362,7
"1648",58,52,4.07012553725218,6
"1649",58,53,4.53647937518178,5
"1650",58,54,4.00512648770169,4
"1651",58,55,2.84604778127944,3
"1652",58,56,3.10583522110999,2
"1653",58,57,2.97732951035097,1
"1654",59,1,2.8034532365839,58
"1655",59,2,2.57123330974073,57
"1656",59,3,7.23423382473953,56
"1657",59,4,6.94553816331262,55
"1658",59,5,7.32666562453333,54
"1659",59,6,7.97596578883756,53
"1660",59,7,7.51099375471903,52
"1661",59,8,6.8135205356171,51
"1662",59,9,8.95802543502528,50
"1663",59,10,7.93745624357915,49
"1664",59,11,7.16402319682401,48
"1665",59,12,6.31355616012127,47
"1666",59,13,7.30490993465628,46
"1667",59,14,8.15941826748665,45
"1668",59,15,6.95277686058327,44
"1669",59,16,6.90423846947831,43
"1670",59,17,7.49100087309797,42
"1671",59,18,4.93877980588724,41
"1672",59,19,3.77034187318107,40
"1673",59,20,6.06993769132448,39
"1674",59,21,7.95049815995613,38
"1675",59,22,10.4381754650918,37
"1676",59,23,8.87075381436282,36
"1677",59,24,9.30831232729734,35
"1678",59,25,6.76581031363151,34
"1679",59,26,3.63924520816542,33
"1680",59,27,6.76254820087565,32
"1681",59,28,5.86564534922555,31
"1682",59,29,6.72750891824044,30
"1683",59,30,6.50365037624834,29
"1684",59,31,6.96593759652451,28
"1685",59,32,6.33238984406341,27
"1686",59,33,3.59764555309201,26
"1687",59,34,7.05241350265807,25
"1688",59,35,7.1101777194387,24
"1689",59,36,4.81836317964928,23
"1690",59,37,5.9211923730496,22
"1691",59,38,5.81892418650752,21
"1692",59,39,6.80221762936912,20
"1693",59,40,8.42280021305328,19
"1694",59,41,8.2846593383836,18
"1695",59,42,8.15908537205779,17
"1696",59,43,6.32627404800497,16
"1697",59,44,4.54185392689923,15
"1698",59,45,5.06406628002053,14
"1699",59,46,6.39183331600428,13
"1700",59,47,5.02870064775091,12
"1701",59,48,3.7786844451538,11
"1702",59,49,4.72796320480138,10
"1703",59,50,7.6155542708289,9
"1704",59,51,6.19598764377075,8
"1705",59,52,4.12249201552774,7
"1706",59,53,7.03397183076368,6
"1707",59,54,8.33471417653754,5
"1708",59,55,3.68395313528439,4
"1709",59,56,2.72559260833929,3
"1710",59,57,5.71183554959738,2
"1711",59,58,4.32958768883585,1
"1712",60,1,4.32120231098763,59
"1713",60,2,3.09734416496471,58
"1714",60,3,2.39499580367317,57
"1715",60,4,2.02233536885054,56
"1716",60,5,1.65808814982789,55
"1717",60,6,2.30738831413212,54
"1718",60,7,1.84241628001359,53
"1719",60,8,2.46655915601808,52
"1720",60,9,5.19505069877967,51
"1721",60,10,2.4468470458088,50
"1722",60,11,3.53067424381705,49
"1723",60,12,3.41844845258148,48
"1724",60,13,3.54193519841066,47
"1725",60,14,2.52883896805618,46
"1726",60,15,1.28419938587783,45
"1727",60,16,1.23566099477287,44
"1728",60,17,1.85603820312975,43
"1729",60,18,3.66254129882058,42
"1730",60,19,2.10913399225658,41
"1731",60,20,0.446175474294716,40
"1732",60,21,4.18752342371051,39
"1733",60,22,4.76959799038639,38
"1734",60,23,3.9870627407852,37
"1735",60,24,3.6397348525919,36
"1736",60,25,2.19922025966576,35
"1737",60,26,4.27980989249704,34
"1738",60,27,3.14447381514128,33
"1739",60,28,3.66669389804381,32
"1740",60,29,2.62859491962283,31
"1741",60,30,3.35179988629747,30
"1742",60,31,2.22176725209291,29
"1743",60,32,4.62451035232692,28
"1744",60,33,2.40718809850484,27
"1745",60,34,2.97902172213543,26
"1746",60,35,2.11681410452907,25
"1747",60,36,3.73973938667186,24
"1748",60,37,1.68846704644999,23
"1749",60,38,4.29799404033566,22
"1750",60,39,3.0784646472909,21
"1751",60,40,2.75422273834784,20
"1752",60,41,2.75940329102577,19
"1753",60,42,2.49050789735235,18
"1754",60,43,0.780955339310009,17
"1755",60,44,2.17024810014691,16
"1756",60,45,6.0798597072461,15
"1757",60,46,2.62885857975866,14
"1758",60,47,2.13939292851671,13
"1759",60,48,3.30751199779989,12
"1760",60,49,5.16252495375806,11
"1761",60,50,8.38450396473301,10
"1762",60,51,1.18256150199572,9
"1763",60,52,2.01844791301304,8
"1764",60,53,1.94058400287794,7
"1765",60,54,2.6661367018321,6
"1766",60,55,1.98462433942105,5
"1767",60,56,4.42179668288049,4
"1768",60,57,0.733278747619084,3
"1769",60,58,3.71060825797005,2
"1770",60,59,5.66857747470544,1
"1771",61,1,5.08580834502989,60
"1772",61,2,3.02662818124992,59
"1773",61,3,3.17867736335859,58
"1774",61,4,4.78386669267106,57
"1775",61,5,3.27110916315239,56
"1776",61,6,4.84384835135404,55
"1777",61,7,4.11580685536194,54
"1778",61,8,3.91767483767063,53
"1779",61,9,4.43044466473741,52
"1780",61,10,4.33010614264255,51
"1781",61,11,6.29220556763757,50
"1782",61,12,3.88574447060992,49
"1783",61,13,3.23519567772664,48
"1784",61,14,5.2903702918767,47
"1785",61,15,3.5583160410085,46
"1786",61,16,3.30808882148016,45
"1787",61,17,4.61756952695027,44
"1788",61,18,6.4240726226411,43
"1789",61,19,3.64309216892429,42
"1790",61,20,3.20770679811524,41
"1791",61,21,3.52376180387995,40
"1792",61,22,6.38261900371089,39
"1793",61,23,4.81519735298188,38
"1794",61,24,5.81958214931748,37
"1795",61,25,4.96075158348628,36
"1796",61,26,5.02742805617434,35
"1797",61,27,5.9060051389618,34
"1798",61,28,6.42822522186433,33
"1799",61,29,5.39012624344335,32
"1800",61,30,6.11333121011799,31
"1801",61,31,4.98329857591343,30
"1802",61,32,7.38604167614744,29
"1803",61,33,3.92322760641141,28
"1804",61,34,2.99685704127713,27
"1805",61,35,4.87834542834959,26
"1806",61,36,6.50127071049238,25
"1807",61,37,3.46233913668713,24
"1808",61,38,5.64587767227674,23
"1809",61,39,3.46236892374466,22
"1810",61,40,4.97499942132148,21
"1811",61,41,4.22910287700266,20
"1812",61,42,4.86700180179073,19
"1813",61,43,3.54248666313053,18
"1814",61,44,0.734925948995425,17
"1815",61,45,3.31832838342558,16
"1816",61,46,2.29237003622719,15
"1817",61,47,0.973144186369975,14
"1818",61,48,3.31293387686688,13
"1819",61,49,4.41908620726217,12
"1820",61,50,5.62297264091248,11
"1821",61,51,2.14043118238981,10
"1822",61,52,1.68463608837835,9
"1823",61,53,4.70211532669846,8
"1824",61,54,4.2791577151566,7
"1825",61,55,2.96040368683292,6
"1826",61,56,2.80877566955599,5
"1827",61,57,2.84401115287985,4
"1828",61,58,4.47521429201231,3
"1829",61,59,4.52758077028787,2
"1830",61,60,2.76153132382052,1
"1831",62,1,7.0318630148706,61
"1832",62,2,5.56534686599361,60
"1833",62,3,1.28359304996871,59
"1834",62,4,2.89367976039271,58
"1835",62,5,1.82055170876258,57
"1836",62,6,3.70304146580039,56
"1837",62,7,2.10895018848896,55
"1838",62,8,2.66918601133575,54
"1839",62,9,4.04188491166966,53
"1840",62,10,2.01385967699377,52
"1841",62,11,3.97595910198879,51
"1842",62,12,3.62107530789916,50
"1843",62,13,2.8761840799905,49
"1844",62,14,2.97412382622791,48
"1845",62,15,2.94712507219684,47
"1846",62,16,2.20310377341399,46
"1847",62,17,2.30132306130149,45
"1848",62,18,5.25213485450905,44
"1849",62,19,4.81979469613954,43
"1850",62,20,2.84307526232752,42
"1851",62,21,3.34248438274386,41
"1852",62,22,3.39968339274767,40
"1853",62,23,2.86556209973766,39
"1854",62,24,3.5033356836687,38
"1855",62,25,3.86674763441181,37
"1856",62,26,4.60564538925231,36
"1857",62,27,4.28512166350898,35
"1858",62,28,4.93588101842759,34
"1859",62,29,3.50008146131376,33
"1860",62,30,5.58067819849614,32
"1861",62,31,2.66705211026465,31
"1862",62,32,6.29217987722173,30
"1863",62,33,4.53893462264233,29
"1864",62,34,1.87505456323884,28
"1865",62,35,3.57328404590394,27
"1866",62,36,5.71047302872265,26
"1867",62,37,4.39912775033296,25
"1868",62,38,7.00865474421862,24
"1869",62,39,3.28109150260857,23
"1870",62,40,2.6587529556727,22
"1871",62,41,1.74892373161135,21
"1872",62,42,3.02610543359486,20
"1873",62,43,2.39261770559344,19
"1874",62,44,3.59472624883511,18
"1875",62,45,6.40771535803067,17
"1876",62,46,1.84223567687735,16
"1877",62,47,3.10787952798342,15
"1878",62,48,5.37213704198202,14
"1879",62,49,7.38402356868789,13
"1880",62,50,7.93921910656127,12
"1881",62,51,2.0061146146294,11
"1882",62,52,4.48645061404193,10
"1883",62,53,2.38586886104968,9
"1884",62,54,3.22599957768454,8
"1885",62,55,4.45262704044995,7
"1886",62,56,6.88979938390939,6
"1887",62,57,3.44393945150205,5
"1888",62,58,6.42126896185302,4
"1889",62,59,8.13658017573434,3
"1890",62,60,2.71066070388296,2
"1891",62,61,4.0810237143534,1
"1892",63,1,3.78978076313036,62
"1893",63,2,2.90612242623257,61
"1894",63,3,2.92641735153045,60
"1895",63,4,1.46818242733933,59
"1896",63,5,1.84930988856003,58
"1897",63,6,2.49861005286427,57
"1898",63,7,2.03363801874574,56
"1899",63,8,2.98678025093691,55
"1900",63,9,5.72647224663694,54
"1901",63,10,2.97826859366608,53
"1902",63,11,2.7078448910021,52
"1903",63,12,3.08200297173293,51
"1904",63,13,4.07335674626794,50
"1905",63,14,2.68206253151335,49
"1906",63,15,1.47542112460997,48
"1907",63,16,1.42688273350501,47
"1908",63,17,2.01364513712467,46
"1909",63,18,2.83971194600563,45
"1910",63,19,1.70701386279223,44
"1911",63,20,0.592581955351185,43
"1912",63,21,4.71894497156779,42
"1913",63,22,4.96081972911854,41
"1914",63,23,4.51848428864247,40
"1915",63,24,3.83095659132404,39
"1916",63,25,1.37639090685081,38
"1917",63,26,3.79718034880722,37
"1918",63,27,2.32164446232633,36
"1919",63,28,2.84386454522886,35
"1920",63,29,1.80576556680788,34
"1921",63,30,2.52897053348252,33
"1922",63,31,1.48858186055121,32
"1923",63,32,3.80168099951197,31
"1924",63,33,1.92455855481502,30
"1925",63,34,3.5104432699927,29
"1926",63,35,1.6328219834654,28
"1927",63,36,2.91691003385691,27
"1928",63,37,1.72290367561737,26
"1929",63,38,3.76657249247839,25
"1930",63,39,3.57066444098077,24
"1931",63,40,2.94544447707999,23
"1932",63,41,3.29082483888304,22
"1933",63,42,2.68172963608449,21
"1934",63,43,0.849464546146793,20
"1935",63,44,2.99307745296186,19
"1936",63,45,6.90268906006105,18
"1937",63,46,3.16028012761594,17
"1938",63,47,2.96222228133166,16
"1939",63,48,4.13034135061484,15
"1940",63,49,5.98535430657301,14
"1941",63,50,9.20733331754795,13
"1942",63,51,2.00539085481067,12
"1943",63,52,1.90006273318552,11
"1944",63,53,1.55661609479038,10
"1945",63,54,2.85735844056424,9
"1946",63,55,1.79340260068891,8
"1947",63,56,4.23057494414835,7
"1948",63,57,1.1766865371415,6
"1949",63,58,3.17918671011278,5
"1950",63,59,5.4773557359733,4
"1951",63,60,0.82282935281495,3
"1952",63,61,3.58436067663547,2
"1953",63,62,3.24208225174024,1
"1954",64,1,1.57034740488273,63
"1955",64,2,1.11403774373928,62
"1956",64,3,5.77703825873808,61
"1957",64,4,5.48834259731118,60
"1958",64,5,5.86947005853188,59
"1959",64,6,6.51877022283612,58
"1960",64,7,6.05379818871759,57
"1961",64,8,5.7447494477612,56
"1962",64,9,8.48444144346123,55
"1963",64,10,6.4802606775777,54
"1964",64,11,5.70682763082257,53
"1965",64,12,5.83997216855723,52
"1966",64,13,6.83132594309223,51
"1967",64,14,6.7022227014852,50
"1968",64,15,5.49558129458182,49
"1969",64,16,5.44704290347686,48
"1970",64,17,6.03380530709652,47
"1971",64,18,4.45641357726548,46
"1972",64,19,2.31314630717962,45
"1973",64,20,4.61274212532304,44
"1974",64,21,7.47691416839208,43
"1975",64,22,8.98097989909039,42
"1976",64,23,7.41355824836137,41
"1977",64,24,7.85111676129589,40
"1978",64,25,5.30861474763006,39
"1979",64,26,4.15169100691951,38
"1980",64,27,5.3053526348742,37
"1981",64,28,4.46056617648871,36
"1982",64,29,5.27031335223899,35
"1983",64,30,5.04645481024689,34
"1984",64,31,5.50874203052306,33
"1985",64,32,5.41838263077182,32
"1986",64,33,2.46395063898208,31
"1987",64,34,6.268412466817,30
"1988",64,35,5.65298215343725,29
"1989",64,36,4.53361166511676,28
"1990",64,37,4.46399680704816,27
"1991",64,38,4.36172862050607,26
"1992",64,39,6.32863363780507,25
"1993",64,40,6.96560464705184,24
"1994",64,41,6.82746377238215,23
"1995",64,42,6.70188980605634,22
"1996",64,43,4.86907848200353,21
"1997",64,44,3.3190708297284,20
"1998",64,45,5.2859874288012,19
"1999",64,46,5.91824932444023,18
"2000",64,47,3.57150508174947,17
"2001",64,48,3.07982438524892,16
"2002",64,49,4.36865267531316,15
"2003",64,50,7.5906316862881,14
"2004",64,51,4.73879207776931,13
"2005",64,52,3.6489080239637,12
"2006",64,53,5.57677626476223,11
"2007",64,54,6.87751861053609,10
"2008",64,55,2.22675756928294,9
"2009",64,56,2.25200861677524,8
"2010",64,57,4.25463998359593,7
"2011",64,58,2.8723921228344,6
"2012",64,59,1.45719556600145,5
"2013",64,60,4.21138190870399,4
"2014",64,61,4.05399677872382,3
"2015",64,62,6.67938460973289,2
"2016",64,63,4.02016016997185,1
"2017",65,1,3.38216862364287,64
"2018",65,2,3.1499486967997,63
"2019",65,3,7.8129492117985,62
"2020",65,4,7.52425355037159,61
"2021",65,5,7.9053810115923,60
"2022",65,6,8.55468117589653,59
"2023",65,7,8.089709141778,58
"2024",65,8,7.39223592267607,57
"2025",65,9,8.14251725996818,56
"2026",65,10,8.51617163063812,55
"2027",65,11,7.74273858388298,54
"2028",65,12,6.50363897984799,53
"2029",65,13,7.58933518940836,52
"2030",65,14,8.73813365454562,51
"2031",65,15,7.53149224764224,50
"2032",65,16,7.48295385653728,49
"2033",65,17,8.06971626015693,48
"2034",65,18,5.51749519294621,47
"2035",65,19,4.34905726024004,46
"2036",65,20,6.64865307838345,45
"2037",65,21,7.13498998489903,44
"2038",65,22,11.0168908521508,43
"2039",65,23,9.44946920142179,42
"2040",65,24,9.88702771435631,41
"2041",65,25,7.34452570069048,40
"2042",65,26,4.109650173541,39
"2043",65,27,7.34126358793461,38
"2044",65,28,6.44436073628452,37
"2045",65,29,7.30622430529941,36
"2046",65,30,7.08236576330731,35
"2047",65,31,7.54465298358348,34
"2048",65,32,6.91110523112238,33
"2049",65,33,4.17636094015097,32
"2050",65,34,7.63112888971704,31
"2051",65,35,7.68889310649767,30
"2052",65,36,4.68709355289225,29
"2053",65,37,6.49990776010857,28
"2054",65,38,6.39763957356649,27
"2055",65,39,5.98670945431201,26
"2056",65,40,9.00151560011225,25
"2057",65,41,8.86337472544256,24
"2058",65,42,8.73780075911676,23
"2059",65,43,6.90498943506394,22
"2060",65,44,5.12056931395819,21
"2061",65,45,5.38924197368679,20
"2062",65,46,6.9266418846671,19
"2063",65,47,5.60741603480988,18
"2064",65,48,5.56091406668797,17
"2065",65,49,6.51019282633555,16
"2066",65,50,7.69388623117369,15
"2067",65,51,6.77470303082972,14
"2068",65,52,4.22884494875137,13
"2069",65,53,7.61268721782264,12
"2070",65,54,8.91342956359651,11
"2071",65,55,4.26266852234336,10
"2072",65,56,1.91008443328219,9
"2073",65,57,6.29055093665635,8
"2074",65,58,4.90830307589482,7
"2075",65,59,1.78222962153417,6
"2076",65,60,6.24729286176441,5
"2077",65,61,4.63427184843991,4
"2078",65,62,8.71529556279331,3
"2079",65,63,6.05607112303227,2
"2080",65,64,2.48108968143905,1
"2081",66,1,6.28798508011769,65
"2082",66,2,4.22880491633773,64
"2083",66,3,2.84836830944406,63
"2084",66,4,3.08582501768618,62
"2085",66,5,2.94080010923786,61
"2086",66,6,3.59010027354209,60
"2087",66,7,3.12512823942356,59
"2088",66,8,2.42765502032163,58
"2089",66,9,3.22826792964961,57
"2090",66,10,3.55159072828367,56
"2091",66,11,4.59416389265269,55
"2092",66,12,2.18770279562504,54
"2093",66,13,2.62475428705392,53
"2094",66,14,3.77355275219118,52
"2095",66,15,2.90988411670811,51
"2096",66,16,2.51837295418284,50
"2097",66,17,3.10513535780249,49
"2098",66,18,4.72603094765623,48
"2099",66,19,4.07591676138664,47
"2100",66,20,2.27360438047327,46
"2101",66,21,2.22074065458045,45
"2102",66,22,6.05230994979636,44
"2103",66,23,4.48488829906734,43
"2104",66,24,4.92244681200187,42
"2105",66,25,3.2627099085014,41
"2106",66,26,3.32938638118947,40
"2107",66,27,4.20796346397693,39
"2108",66,28,4.73018354687945,38
"2109",66,29,3.69208456845847,37
"2110",66,30,4.83680026374324,36
"2111",66,31,3.28525690092856,35
"2112",66,32,5.68800000116257,34
"2113",66,33,2.79222287482955,33
"2114",66,34,2.6665479873626,32
"2115",66,35,3.18030375336471,31
"2116",66,36,4.96659509396975,30
"2117",66,37,3.65524981558005,29
"2118",66,38,6.26477680946572,28
"2119",66,39,1.07246012399344,27
"2120",66,40,4.03693469775781,26
"2121",66,41,3.89879382308812,25
"2122",66,42,3.77321985676232,24
"2123",66,43,1.9404085327095,23
"2124",66,44,3.19984954699825,22
"2125",66,45,5.01637005841046,21
"2126",66,46,2.5240160578975,20
"2127",66,47,3.40548773606578,19
"2128",66,48,5.13771057937577,18
"2129",66,49,6.08698933902336,17
"2130",66,50,7.32101431589736,16
"2131",66,51,3.19143066151186,15
"2132",66,52,1.60726548984793,14
"2133",66,53,3.00407365171358,13
"2134",66,54,4.20670903109242,12
"2135",66,55,3.06518127349474,11
"2136",66,56,3.13908472347052,10
"2137",66,57,2.88006207315607,9
"2138",66,58,5.67739102710011,8
"2139",66,59,5.72975750537567,7
"2140",66,60,2.18600507970438,6
"2141",66,61,2.56990935615815,5
"2142",66,62,3.75071466043886,4
"2143",66,63,2.49820431698733,3
"2144",66,64,5.25617351381163,2
"2145",66,65,4.96458090235444,1
"2146",67,1,4.19380265164287,66
"2147",67,2,4.42602257848604,65
"2148",67,3,3.77858607826683,64
"2149",67,4,3.2599755073494,63
"2150",67,5,2.26945035839525,62
"2151",67,6,2.28871917898636,61
"2152",67,7,2.81118965053763,60
"2153",67,8,5.16417903963388,59
"2154",67,9,6.53687793996779,58
"2155",67,10,4.44416297937292,57
"2156",67,11,3.77562491710822,56
"2157",67,12,6.11606833619728,55
"2158",67,13,5.37117710828863,54
"2159",67,14,2.88865487241215,53
"2160",67,15,1.97374084661208,52
"2161",67,16,2.51607331697154,51
"2162",67,17,3.97080027476636,50
"2163",67,18,4.5484847006285,49
"2164",67,19,3.36828233798736,48
"2165",67,20,2.61002058284692,47
"2166",67,21,5.83747741104199,46
"2167",67,22,4.77581170961999,45
"2168",67,23,5.36055512803579,44
"2169",67,24,4.24455304636145,43
"2170",67,25,2.64352037382664,42
"2171",67,26,6.97742977611284,41
"2172",67,27,3.35087596659413,40
"2173",67,28,3.94202559259487,39
"2174",67,29,3.47786260227283,38
"2175",67,30,3.55820203775032,37
"2176",67,31,4.15900323631618,36
"2177",67,32,4.83091250377977,35
"2178",67,33,5.10480798212064,34
"2179",67,34,4.37004759153696,33
"2180",67,35,2.51021040139062,32
"2181",67,36,4.99774625432012,31
"2182",67,37,1.45734575168825,30
"2183",67,38,3.13545472169403,29
"2184",67,39,5.7760845309067,28
"2185",67,40,4.19354444303848,27
"2186",67,41,4.14458018440302,26
"2187",67,42,2.31187262942306,25
"2188",67,43,3.1389216479158,24
"2189",67,44,2.45540196132754,23
"2190",67,45,5.87345755579326,22
"2191",67,46,3.79139789840029,21
"2192",67,47,1.96855524047585,20
"2193",67,48,4.23281275447445,19
"2194",67,49,6.24469928118032,18
"2195",67,50,8.17810181328016,17
"2196",67,51,1.86708540789519,16
"2197",67,52,3.99835169554039,15
"2198",67,53,4.09868064764723,14
"2199",67,54,1.36717377569848,13
"2200",67,55,3.78271808168457,12
"2201",67,56,5.75047509640182,11
"2202",67,57,2.00356289016411,10
"2203",67,58,2.66766819939092,9
"2204",67,59,6.99725588822677,8
"2205",67,60,2.6976198836158,7
"2206",67,61,2.94169942684583,6
"2207",67,62,3.87320002252459,5
"2208",67,63,3.18024942730562,4
"2209",67,64,5.54006032222532,3
"2210",67,65,7.57597127528574,2
"2211",67,66,4.88362496332018,1
"2212",68,1,2.34946763127146,67
"2213",68,2,2.09538294160775,66
"2214",68,3,4.36673048338935,65
"2215",68,4,3.34558689588595,64
"2216",68,5,3.72671435710665,63
"2217",68,6,4.37601452141089,62
"2218",68,7,3.91104248729236,61
"2219",68,8,4.42709338279581,60
"2220",68,9,7.16678537849584,59
"2221",68,10,4.41858172552498,58
"2222",68,11,3.56407192939734,57
"2223",68,12,4.52231610359183,56
"2224",68,13,5.51366987812684,55
"2225",68,14,4.55946700005997,54
"2226",68,15,3.35282559315659,53
"2227",68,16,3.30428720205163,52
"2228",68,17,3.89104960567129,51
"2229",68,18,2.49853930189502,50
"2230",68,19,0.590231070116589,49
"2231",68,20,2.46998642389781,48
"2232",68,21,6.15925810342669,47
"2233",68,22,6.83822419766516,46
"2234",68,23,5.95879742050137,45
"2235",68,24,5.70836105987066,44
"2236",68,25,3.16585904620483,43
"2237",68,26,3.01891636800889,42
"2238",68,27,3.16259693344897,41
"2239",68,28,2.50269190111824,40
"2240",68,29,3.12755765081376,39
"2241",68,30,2.90369910882166,38
"2242",68,31,3.36598632909783,37
"2243",68,32,3.46050835540136,36
"2244",68,33,1.14629457401669,35
"2245",68,34,4.9507564018516,34
"2246",68,35,3.51022645201202,33
"2247",68,36,2.5757373897463,32
"2248",68,37,2.5011676564157,31
"2249",68,38,2.82488792816967,30
"2250",68,39,5.01097757283968,29
"2251",68,40,4.82284894562661,28
"2252",68,41,4.73113797074194,27
"2253",68,42,4.55913410463111,26
"2254",68,43,2.7263227805783,25
"2255",68,44,3.33425009707248,24
"2256",68,45,7.24386170417167,23
"2257",68,46,4.60059325947484,22
"2258",68,47,3.30339492544227,21
"2259",68,48,4.47151399472545,20
"2260",68,49,6.32652695068362,19
"2261",68,50,9.54850596165857,18
"2262",68,51,2.67628076896974,17
"2263",68,52,2.3312519589983,16
"2264",68,53,3.434020563337,15
"2265",68,54,4.73476290911086,14
"2266",68,55,0.965129633913159,13
"2267",68,56,3.2035309140004,12
"2268",68,57,2.1118842821707,11
"2269",68,58,3.02184310769882,10
"2270",68,59,3.59995126742668,9
"2271",68,60,2.06862620727876,8
"2272",68,61,3.92553332074608,7
"2273",68,62,4.68239538359914,6
"2274",68,63,1.87740446854662,5
"2275",68,64,2.14275570142523,4
"2276",68,65,4.17866665448565,3
"2277",68,66,3.93851744884623,2
"2278",68,67,3.95851340810395,1
"2279",69,1,7.12842914888656,68
"2280",69,2,5.42057307776654,67
"2281",69,3,6.60358076346068,66
"2282",69,4,8.37428939129927,65
"2283",69,5,6.69176365193569,64
"2284",69,6,8.43427104998225,63
"2285",69,7,7.70622955399015,62
"2286",69,8,7.63625446416484,61
"2287",69,9,9.00895336449875,60
"2288",69,10,7.92052884127076,59
"2289",69,11,9.88262826626578,58
"2290",69,12,8.58814376072825,57
"2291",69,13,7.8432525328196,56
"2292",69,14,8.88079299050491,55
"2293",69,15,7.14873873963671,54
"2294",69,16,6.89851152010836,53
"2295",69,17,8.20799222557848,52
"2296",69,18,10.0144953212693,51
"2297",69,19,7.2335148675525,50
"2298",69,20,6.79812949674345,49
"2299",69,21,8.30955283557295,48
"2300",69,22,9.30635255702466,47
"2301",69,23,8.2300028657409,46
"2302",69,24,9.41000484794569,45
"2303",69,25,8.55117428211449,44
"2304",69,26,9.44950520064381,43
"2305",69,27,9.49642783759001,42
"2306",69,28,10.0186479204925,41
"2307",69,29,8.98054894207156,40
"2308",69,30,9.7037539087462,39
"2309",69,31,8.57372127454164,38
"2310",69,32,10.9764643747757,37
"2311",69,33,7.57688340665161,36
"2312",69,34,6.84212301606793,35
"2313",69,35,8.4687681269778,34
"2314",69,36,10.0916934091206,33
"2315",69,37,7.05276183531534,32
"2316",69,38,9.23630037090495,31
"2317",69,39,8.24815995543767,30
"2318",69,40,8.56542211994969,29
"2319",69,41,7.65559289588834,28
"2320",69,42,8.45742450041894,27
"2321",69,43,7.13290936175874,26
"2322",69,44,4.18170592230182,25
"2323",69,45,4.78132684832044,24
"2324",69,46,4.83168432995365,23
"2325",69,47,4.21256109393202,22
"2326",69,48,4.57220074844524,21
"2327",69,49,5.75763505897766,20
"2328",69,50,4.55926724700675,19
"2329",69,51,5.16939252045301,18
"2330",69,52,6.47042712007136,17
"2331",69,53,8.29253802532667,16
"2332",69,54,7.51272564669437,15
"2333",69,55,6.55082638546113,14
"2334",69,56,6.51458094604609,13
"2335",69,57,6.43443385150806,12
"2336",69,58,6.96262291133852,11
"2337",69,59,6.5101916660241,10
"2338",69,60,6.35195402244873,9
"2339",69,61,4.785791031693,8
"2340",69,62,5.90666916427699,7
"2341",69,63,7.17478337526368,6
"2342",69,64,5.55808174400383,5
"2343",69,65,7.77890387516334,4
"2344",69,66,7.35570038785115,3
"2345",69,67,6.14555187099588,2
"2346",69,68,7.51595601937429,1
"2347",70,1,3.03549398128325,69
"2348",70,2,1.38128138599239,68
"2349",70,3,3.68070413337756,67
"2350",70,4,2.9930234675795,66
"2351",70,5,3.37415092880021,65
"2352",70,6,4.02345109310444,64
"2353",70,7,3.55847905898591,63
"2354",70,8,3.74106703278402,62
"2355",70,9,6.48075902848405,61
"2356",70,10,3.98494154784602,60
"2357",70,11,3.70630498090103,59
"2358",70,12,3.83628975358005,58
"2359",70,13,4.82764352811505,57
"2360",70,14,4.20690357175353,56
"2361",70,15,3.00026216485015,55
"2362",70,16,2.95172377374519,54
"2363",70,17,3.53848617736484,53
"2364",70,18,3.83817203590456,52
"2365",70,19,1.05719158218775,51
"2366",70,20,2.11742299559136,50
"2367",70,21,5.4732317534149,49
"2368",70,22,6.48566076935871,48
"2369",70,23,5.27277107048959,47
"2370",70,24,5.35579763156422,46
"2371",70,25,2.81329561789839,45
"2372",70,26,4.02508618031309,44
"2373",70,27,3.32010455222526,43
"2374",70,28,3.84232463512779,42
"2375",70,29,2.80422565670681,41
"2376",70,30,3.52743062338145,40
"2377",70,31,3.01342290079138,39
"2378",70,32,4.8001410894109,38
"2379",70,33,2.15246438632089,37
"2380",70,34,4.26473005183982,36
"2381",70,35,3.15766302370558,35
"2382",70,36,3.91537012375584,34
"2383",70,37,1.96867767731648,33
"2384",70,38,3.0599770855402,32
"2385",70,39,4.32495122282789,31
"2386",70,40,4.47028551732016,30
"2387",70,41,4.33214464265047,29
"2388",70,42,4.20657067632467,28
"2389",70,43,2.37375935227185,27
"2390",70,44,1.99461736306293,26
"2391",70,45,5.90422897016212,25
"2392",70,46,3.91456690946305,24
"2393",70,47,1.96376219143273,23
"2394",70,48,3.20642921185534,22
"2395",70,49,4.98689421667408,21
"2396",70,50,8.20887322764902,20
"2397",70,51,2.24347294803763,19
"2398",70,52,1.64522560898652,18
"2399",70,53,3.08145713503055,17
"2400",70,54,4.38219948080442,16
"2401",70,55,0.830374485884824,15
"2402",70,56,2.70573390390817,14
"2403",70,57,1.75932085386425,13
"2404",70,58,2.42489992826567,12
"2405",70,59,3.95251469573312,11
"2406",70,60,1.71606277897232,10
"2407",70,61,2.58590058673654,9
"2408",70,62,4.18406548000121,8
"2409",70,63,1.52484104024017,7
"2410",70,64,2.49531912973168,6
"2411",70,65,4.53123008279209,5
"2412",70,66,3.25249109883445,4
"2413",70,67,3.04474119249364,3
"2414",70,68,1.33963273400954,2
"2415",70,69,6.17632328536475,1
"2416",71,1,2.87783089475314,70
"2417",71,2,1.54082425345579,69
"2418",71,3,3.83836721990767,68
"2419",71,4,2.83348060011611,67
"2420",71,5,3.21460806133681,66
"2421",71,6,3.86390822564105,65
"2422",71,7,3.39893619152252,64
"2423",71,8,3.89873011931412,63
"2424",71,9,6.63842211501416,62
"2425",71,10,3.89021846204329,61
"2426",71,11,4.28604579106261,60
"2427",71,12,4.06067150455261,59
"2428",71,13,4.98530661464515,58
"2429",71,14,4.04736070429013,57
"2430",71,15,2.84071929738675,56
"2431",71,16,2.79218090628179,55
"2432",71,17,3.37894330990145,54
"2433",71,18,4.41791284606614,53
"2434",71,19,1.63693239234933,52
"2435",71,20,1.95788012812797,51
"2436",71,21,5.630894839945,50
"2437",71,22,6.32611790189532,49
"2438",71,23,5.43043415701969,48
"2439",71,24,5.19625476410082,47
"2440",71,25,2.95459180691131,46
"2441",71,26,4.92203294446816,45
"2442",71,27,3.89984536238684,44
"2443",71,28,4.42206544528936,43
"2444",71,29,3.38396646686839,42
"2445",71,30,4.10717143354303,41
"2446",71,31,2.97713879933847,40
"2447",71,32,5.37988189957248,39
"2448",71,33,3.04941115047597,38
"2449",71,34,4.42239313836992,37
"2450",71,35,2.99812015624218,36
"2451",71,36,4.49511093391742,35
"2452",71,37,1.80913480985309,34
"2453",71,38,3.63971789570178,33
"2454",71,39,4.48261430935799,32
"2455",71,40,4.31074264985677,31
"2456",71,41,4.20277470726026,30
"2457",71,42,4.04702780886127,29
"2458",71,43,2.21421648480846,28
"2459",71,44,1.47305150128132,27
"2460",71,45,5.32448816000055,26
"2461",71,46,4.07222999599315,25
"2462",71,47,1.72340486143527,24
"2463",71,48,2.55214045055433,23
"2464",71,49,4.4071534065125,22
"2465",71,50,7.62913241748745,21
"2466",71,51,2.14791750548805,20
"2467",71,52,1.94295486389571,19
"2468",71,53,2.92191426756716,18
"2469",71,54,4.22265661334102,17
"2470",71,55,1.7273212500399,16
"2471",71,56,2.86527677137157,15
"2472",71,57,1.59977798640086,14
"2473",71,58,2.26723684173556,13
"2474",71,59,4.11205756319652,12
"2475",71,60,1.55651991150892,11
"2476",71,61,2.20797745027675,10
"2477",71,62,4.15403212011745,9
"2478",71,63,1.57820090006051,8
"2479",71,64,2.65486199719507,7
"2480",71,65,4.69077295025549,6
"2481",71,66,3.41015418536455,5
"2482",71,67,2.88519832503025,4
"2483",71,68,1.91937354417112,3
"2484",71,69,5.59658247520317,2
"2485",71,70,0.896946764155073,1
"2486",72,1,3.59720327517479,71
"2487",72,2,1.88934720405476,70
"2488",72,3,4.28407447907281,69
"2489",72,4,4.8430635175875,68
"2490",72,5,4.37650627886661,67
"2491",72,6,5.02580644317084,66
"2492",72,7,4.56083440905231,65
"2493",72,8,3.97687166258706,64
"2494",72,9,6.50421082196241,63
"2495",72,10,4.98729689791243,62
"2496",72,11,6.35140239255401,61
"2497",72,12,4.82991859546246,60
"2498",72,13,4.8510953215934,59
"2499",72,14,5.34956711679313,58
"2500",72,15,4.00261751491655,57
"2501",72,16,3.95407912381159,56
"2502",72,17,4.67676635186671,55
"2503",72,18,6.48326944755754,54
"2504",72,19,3.70228899384073,53
"2505",72,20,3.26690362303167,52
"2506",72,21,5.49668354689325,51
"2507",72,22,7.48801611942512,50
"2508",72,23,5.9205944686961,49
"2509",72,24,6.35815298163062,48
"2510",72,25,5.01994840840271,47
"2511",72,26,5.69128003537802,46
"2512",72,27,5.96520196387824,45
"2513",72,28,6.48742204678076,44
"2514",72,29,5.44932306835979,43
"2515",72,30,6.17252803503443,42
"2516",72,31,5.04249540082987,41
"2517",72,32,7.44523850106388,40
"2518",72,33,3.98242443132785,39
"2519",72,34,4.28818184531817,38
"2520",72,35,4.93754225326602,37
"2521",72,36,6.56046753540882,36
"2522",72,37,3.52153596160356,35
"2523",72,38,5.70507449719318,34
"2524",72,39,4.48993479017188,33
"2525",72,40,5.47264086738656,32
"2526",72,41,5.33449999271688,31
"2527",72,42,5.20892602639107,30
"2528",72,43,3.60168348804697,29
"2529",72,44,1.59169458123251,28
"2530",72,45,3.25913155850915,27
"2531",72,46,3.9380187029414,26
"2532",72,47,2.07854130208419,25
"2533",72,48,1.54023535679041,24
"2534",72,49,2.489514116438,23
"2535",72,50,5.56377581599605,22
"2536",72,51,3.24582829810403,21
"2537",72,52,2.71220195480557,20
"2538",72,53,4.7613121516149,19
"2539",72,54,5.38455483087082,18
"2540",72,55,3.01960051174936,17
"2541",72,56,2.7563557807803,16
"2542",72,57,2.90320797779629,15
"2543",72,58,3.43139703762675,14
"2544",72,59,2.95015934566672,13
"2545",72,60,2.82072814873696,12
"2546",72,61,2.073766157225,11
"2547",72,62,5.18642083006762,10
"2548",72,63,3.64355750155191,9
"2549",72,64,2.02685587029206,8
"2550",72,65,4.02067870989755,7
"2551",72,66,3.59747522258536,6
"2552",72,67,4.04709654256005,5
"2553",72,68,3.98473014566252,4
"2554",72,69,3.75822516526579,3
"2555",72,70,2.64509741165298,2
"2556",72,71,2.0653566014914,1
"2557",73,1,2.94438969688568,72
"2558",73,2,3.17660962372885,71
"2559",73,3,4.38359062670723,70
"2560",73,4,3.06247365341505,69
"2561",73,5,2.87870381815444,68
"2562",73,6,2.51457477541677,67
"2563",73,7,2.61368779660328,66
"2564",73,8,4.96667718569952,65
"2565",73,9,7.18364552181372,64
"2566",73,10,4.43544186884286,63
"2567",73,11,3.9629319917003,62
"2568",73,12,5.91856648226293,61
"2569",73,13,5.53053002144472,60
"2570",73,14,2.96109671593942,59
"2571",73,15,1.77623899267772,58
"2572",73,16,2.49615175350303,57
"2573",73,17,3.773298420832,56
"2574",73,18,4.35098284669415,55
"2575",73,19,3.17078048405301,54
"2576",73,20,2.41251872891257,53
"2577",73,21,6.17611824674457,52
"2578",73,22,5.60186721401242,51
"2579",73,23,5.97565756381926,50
"2580",73,24,4.11721201287465,49
"2581",73,25,2.631478007549,48
"2582",73,26,6.77992792217849,47
"2583",73,27,3.57673156302453,46
"2584",73,28,4.09895164592705,45
"2585",73,29,3.28036074833848,44
"2586",73,30,3.78405763418072,43
"2587",73,31,3.96150138238183,42
"2588",73,32,5.05676810021017,41
"2589",73,33,4.90730612818629,40
"2590",73,34,4.96761654516949,39
"2591",73,35,2.54907185241231,38
"2592",73,36,4.80024440038577,37
"2593",73,37,1.2598438977539,36
"2594",73,38,3.31660409633947,35
"2595",73,39,5.57858267697235,34
"2596",73,40,4.02527402330362,33
"2597",73,41,4.74799811405983,32
"2598",73,42,2.53772822585346,31
"2599",73,43,2.94141979398144,30
"2600",73,44,2.01827490808089,29
"2601",73,45,5.64760195936286,28
"2602",73,46,4.61745340279272,27
"2603",73,47,2.26862826823484,26
"2604",73,48,2.98339979971726,25
"2605",73,49,4.99528632642314,24
"2606",73,50,7.95224621684976,23
"2607",73,51,2.69314091228762,22
"2608",73,52,3.80084984160604,21
"2609",73,53,3.90117879371288,20
"2610",73,54,2.58687124306796,19
"2611",73,55,3.58521622775022,18
"2612",73,56,4.50106214164463,17
"2613",73,57,1.80606103622976,16
"2614",73,58,1.722013434936,15
"2615",73,59,5.74784293346958,14
"2616",73,60,2.50011802968145,13
"2617",73,61,2.75320085707631,12
"2618",73,62,4.69925552691702,11
"2619",73,63,2.98274757337127,10
"2620",73,64,4.29064736746814,9
"2621",73,65,6.32655832052855,8
"2622",73,66,4.68612310938583,7
"2623",73,67,1.24941295475718,6
"2624",73,68,3.7610115541696,5
"2625",73,69,5.91969627456548,4
"2626",73,70,2.7548417418654,3
"2627",73,71,1.85789497771032,2
"2628",73,72,2.79768358780286,1
"2629",74,1,2.12755024079066,73
"2630",74,2,1.73906613482146,72
"2631",74,3,4.58864787387015,71
"2632",74,4,2.63523871875043,70
"2633",74,5,3.08376106531736,69
"2634",74,6,3.66566634427537,68
"2635",74,7,3.20069431015684,67
"2636",74,8,4.6490107732766,66
"2637",74,9,7.38870276897664,65
"2638",74,10,4.64049911600577,64
"2639",74,11,3.26667490549775,63
"2640",74,12,4.74423349407263,62
"2641",74,13,5.73558726860763,61
"2642",74,14,3.84911882292446,60
"2643",74,15,2.64247741602108,59
"2644",74,16,2.70120900066594,58
"2645",74,17,3.4332176566103,57
"2646",74,18,3.39854196050128,56
"2647",74,19,1.24203715610599,55
"2648",74,20,2.06123751175242,54
"2649",74,21,6.38117549390748,53
"2650",74,22,6.12787602052964,52
"2651",74,23,6.18071481098217,51
"2652",74,24,4.99801288273515,50
"2653",74,25,2.45551086906932,49
"2654",74,26,4.85118459423146,48
"2655",74,27,2.88047447682198,47
"2656",74,28,3.40269455972451,46
"2657",74,29,2.41720947367824,45
"2658",74,30,3.08780054797817,44
"2659",74,31,2.73062829262351,43
"2660",74,32,4.36051101400762,42
"2661",74,33,2.97856280023926,41
"2662",74,34,5.1726737923324,40
"2663",74,35,2.79987827487651,39
"2664",74,36,3.47574004835256,38
"2665",74,37,1.61089292848741,37
"2666",74,38,2.62034701013692,36
"2667",74,39,5.23289496332047,35
"2668",74,40,4.23033127046653,34
"2669",74,41,4.95305536122274,33
"2670",74,42,3.8487859274956,32
"2671",74,43,2.51169506848649,31
"2672",74,44,2.43424743846621,30
"2673",74,45,6.34385904556541,29
"2674",74,46,4.82251064995563,28
"2675",74,47,2.47368551539775,27
"2676",74,48,3.57151133611919,26
"2677",74,49,5.42652429207736,25
"2678",74,50,8.6485033030523,24
"2679",74,51,2.89819815945053,23
"2680",74,52,2.5531693494791,22
"2681",74,53,3.0195231874087,21
"2682",74,54,4.02441473197534,20
"2683",74,55,1.6564728998032,19
"2684",74,56,3.06351865273724,18
"2685",74,57,1.46037332257789,17
"2686",74,58,1.51695618777308,16
"2687",74,59,4.31029944456219,15
"2688",74,60,2.19365207019697,14
"2689",74,61,3.02553066213982,13
"2690",74,62,4.90431277407993,12
"2691",74,63,1.6622305223397,11
"2692",74,64,2.85310387856075,10
"2693",74,65,4.88901483162116,9
"2694",74,66,4.16043483932703,8
"2695",74,67,2.68695644366457,7
"2696",74,68,1.83226822622257,6
"2697",74,69,6.61595336076803,5
"2698",74,70,0.907943740492583,4
"2699",74,71,1.01937088556486,3
"2700",74,72,3.08472748705626,2
"2701",74,73,1.92874332794702,1
"2702",75,1,0.810743343922676,74
"2703",75,2,1.36588838027011,73
"2704",75,3,6.02290633115095,72
"2705",75,4,4.55871485399021,71
"2706",75,5,4.93984231521092,70
"2707",75,6,5.58914247951515,69
"2708",75,7,5.12417044539662,68
"2709",75,8,6.08326923055741,67
"2710",75,9,8.82296122625744,66
"2711",75,10,6.07475757328658,65
"2712",75,11,4.7771998875016,64
"2713",75,12,6.17849195135344,63
"2714",75,13,7.16984572588844,62
"2715",75,14,5.77259495816424,61
"2716",75,15,4.56595355126086,60
"2717",75,16,4.5174151601559,59
"2718",75,17,5.10417756377555,58
"2719",75,18,3.69680951630543,57
"2720",75,19,1.5187765352212,56
"2721",75,20,3.68311438200207,55
"2722",75,21,7.81543395118829,54
"2723",75,22,8.05135215576942,53
"2724",75,23,7.61497326826298,52
"2725",75,24,6.92148901797493,51
"2726",75,25,4.3789870043091,50
"2727",75,26,4.66023447207664,49
"2728",75,27,4.37572489155323,48
"2729",75,28,3.70096211552865,47
"2730",75,29,4.34068560891803,46
"2731",75,30,4.11682706692593,45
"2732",75,31,4.57911428720209,44
"2733",75,32,4.65877856981177,43
"2734",75,33,2.80247042177829,42
"2735",75,34,6.60693224961321,41
"2736",75,35,4.72335441011629,40
"2737",75,36,3.77400760415671,39
"2738",75,37,3.53436906372719,38
"2739",75,38,3.43210087718511,37
"2740",75,39,6.66715342060128,36
"2741",75,40,6.03597690373087,35
"2742",75,41,6.38731381850355,34
"2743",75,42,5.77226206273538,33
"2744",75,43,3.9459535257673,32
"2745",75,44,3.65759061252461,31
"2746",75,45,6.04559148976126,30
"2747",75,46,6.25676910723644,29
"2748",75,47,3.90794397267856,28
"2749",75,48,3.27324378031504,27
"2750",75,49,5.12825673627321,26
"2751",75,50,8.35023574724816,25
"2752",75,51,4.33245661673134,24
"2753",75,52,3.98742780675991,23
"2754",75,53,4.64714852144126,22
"2755",75,54,5.94789086721513,21
"2756",75,55,2.52951202311309,20
"2757",75,56,2.59052839957145,19
"2758",75,57,3.32501224027496,18
"2759",75,58,1.94276437951344,17
"2760",75,59,2.38682330932241,16
"2761",75,60,3.62791052747778,15
"2762",75,61,4.39251656152003,14
"2763",75,62,6.33857123136074,13
"2764",75,63,3.0964889796205,12
"2765",75,64,0.929627743320966,11
"2766",75,65,2.98963314659617,10
"2767",75,66,5.59469329660784,9
"2768",75,67,4.61043257890435,8
"2769",75,68,1.6561758477616,7
"2770",75,69,6.31768580496388,6
"2771",75,70,2.34220219777339,5
"2772",75,71,2.18453911124329,4
"2773",75,72,2.78645993125211,3
"2774",75,73,3.36101962414717,2
"2775",75,74,1.92347613523978,1
"2776",76,1,2.83314286281514,75
"2777",76,2,2.13868113098062,74
"2778",76,3,5.54294253891434,73
"2779",76,4,4.2468351023199,72
"2780",76,5,4.6279625635406,71
"2781",76,6,5.27726272784484,70
"2782",76,7,4.81229069372631,69
"2783",76,8,5.6033054383208,68
"2784",76,9,8.34299743402083,67
"2785",76,10,5.59479378104997,66
"2786",76,11,5.58734198019436,65
"2787",76,12,5.69852815911683,64
"2788",76,13,6.68988193365183,63
"2789",76,14,5.46071520649393,62
"2790",76,15,4.25407379959054,61
"2791",76,16,4.20553540848558,60
"2792",76,17,4.79229781210524,59
"2793",76,18,5.71920903519789,58
"2794",76,19,2.93822858148108,57
"2795",76,20,3.37123463033176,56
"2796",76,21,7.33547015895168,55
"2797",76,22,7.73947240409911,54
"2798",76,23,7.13500947602637,53
"2799",76,24,6.60960926630461,52
"2800",76,25,4.25588799604307,51
"2801",76,26,6.51454995040281,50
"2802",76,27,5.2011415515186,49
"2803",76,28,5.72336163442112,48
"2804",76,29,4.68526265600014,47
"2805",76,30,5.40846762267479,46
"2806",76,31,4.27843498847022,45
"2807",76,32,6.68117808870423,44
"2808",76,33,4.64192815641061,43
"2809",76,34,6.1269684573766,42
"2810",76,35,4.41147465844597,41
"2811",76,36,5.79640712304917,40
"2812",76,37,3.22248931205688,39
"2813",76,38,4.94101408483353,38
"2814",76,39,6.18718962836467,37
"2815",76,40,5.72409715206056,36
"2816",76,41,5.90735002626694,35
"2817",76,42,5.46038231106507,34
"2818",76,43,3.62757098701225,33
"2819",76,44,3.177626820288,32
"2820",76,45,4.44903827901609,31
"2821",76,46,5.77680531499983,30
"2822",76,47,3.42798018044195,29
"2823",76,48,1.25084426142258,28
"2824",76,49,3.10585721738075,27
"2825",76,50,7.00052626982445,26
"2826",76,51,3.85249282449473,25
"2827",76,52,3.53547186983036,24
"2828",76,53,4.33526876977095,23
"2829",76,54,5.63601111554481,22
"2830",76,55,3.31983825597454,21
"2831",76,56,3.57962569580509,20
"2832",76,57,3.01313248860465,19
"2833",76,58,2.66733662526711,18
"2834",76,59,3.06171900338817,17
"2835",76,60,3.14794673524117,16
"2836",76,61,3.91255276928342,15
"2837",76,62,5.85860743912413,14
"2838",76,63,2.87949708919226,13
"2839",76,64,2.36285894348329,12
"2840",76,65,4.84394862492235,11
"2841",76,66,5.11472950437123,10
"2842",76,67,4.29855282723404,9
"2843",76,68,3.49563358239392,8
"2844",76,69,5.17181964086179,7
"2845",76,70,2.48946377008972,6
"2846",76,71,1.70457531900668,5
"2847",76,72,1.83878661205843,4
"2848",76,73,3.04913987247686,3
"2849",76,74,2.32066707469661,2
"2850",76,75,2.02239951889247,1
"2851",77,1,5.70751927206483,76
"2852",77,2,4.4554305421399,75
"2853",77,3,6.81494381884049,74
"2854",77,4,6.95337951447754,73
"2855",77,5,6.45759084155716,72
"2856",77,6,7.1068910058614,71
"2857",77,7,6.64191897174287,70
"2858",77,8,7.01804862508312,69
"2859",77,9,9.61499871394698,68
"2860",77,10,7.06838146060298,67
"2861",77,11,8.46171838944406,66
"2862",77,12,7.96993792164653,65
"2863",77,13,7.96188321357798,64
"2864",77,14,7.45988311368318,63
"2865",77,15,6.0837020776071,62
"2866",77,16,6.03516368650214,61
"2867",77,17,6.78708234875676,60
"2868",77,18,8.59358544444759,59
"2869",77,19,5.81260499073078,58
"2870",77,20,5.37721961992172,57
"2871",77,21,8.60747143887783,56
"2872",77,22,9.56910068211567,55
"2873",77,23,8.40701075595251,54
"2874",77,24,8.43923754432117,53
"2875",77,25,7.13026440529276,52
"2876",77,26,8.83129936156208,51
"2877",77,27,8.07551796076829,50
"2878",77,28,8.59773804367081,49
"2879",77,29,7.55963906524984,48
"2880",77,30,8.28284403192448,47
"2881",77,31,7.15281139771992,46
"2882",77,32,9.55555449795393,45
"2883",77,33,6.95867756756989,44
"2884",77,34,7.39896973730274,43
"2885",77,35,7.04785825015607,42
"2886",77,36,8.67078353229887,41
"2887",77,37,5.63185195849361,40
"2888",77,38,7.81539049408322,39
"2889",77,39,7.62995411635595,38
"2890",77,40,7.55372543007712,37
"2891",77,41,7.41558455540743,36
"2892",77,42,7.29001058908162,35
"2893",77,43,5.71199948493701,34
"2894",77,44,4.44962810021414,33
"2895",77,45,5.72103955894223,32
"2896",77,46,7.04880659492598,31
"2897",77,47,4.6999814603681,30
"2898",77,48,1.89536835077615,29
"2899",77,49,0.765467841947401,28
"2900",77,50,8.2725275497506,27
"2901",77,51,5.32691286079459,26
"2902",77,52,5.85222128098964,25
"2903",77,53,6.87162814850494,24
"2904",77,54,7.46563939356137,23
"2905",77,55,5.63658766713382,22
"2906",77,56,5.89637510696437,21
"2907",77,57,5.01352397468634,20
"2908",77,58,5.5417130345168,19
"2909",77,59,5.37846841454745,18
"2910",77,60,4.93104414562701,17
"2911",77,61,5.18455404920957,16
"2912",77,62,7.26750539275817,15
"2913",77,63,5.75387349844195,14
"2914",77,64,4.67960835464257,13
"2915",77,65,7.16069803608162,12
"2916",77,66,6.73749454876943,11
"2917",77,67,6.1281811052506,10
"2918",77,68,6.09504614255257,9
"2919",77,69,6.44382092078794,8
"2920",77,70,4.80621318124899,7
"2921",77,71,4.17567259838145,6
"2922",77,72,3.14001932618407,5
"2923",77,73,4.87876815049342,4
"2924",77,74,5.19504348394631,3
"2925",77,75,4.89677592814216,2
"2926",77,76,2.87437640924969,1
"2927",78,1,7.39839601608407,77
"2928",78,2,5.69053994496405,76
"2929",78,3,6.87354763065819,75
"2930",78,4,8.64425625849678,74
"2931",78,5,6.9617305191332,73
"2932",78,6,8.70423791717976,72
"2933",78,7,7.97619642118766,71
"2934",78,8,7.77806440349635,70
"2935",78,9,6.67590658397251,69
"2936",78,10,8.19049570846827,68
"2937",78,11,10.1525951334633,67
"2938",78,12,7.74613403643564,66
"2939",78,13,7.09558524355236,65
"2940",78,14,9.15075985770242,64
"2941",78,15,7.41870560683422,63
"2942",78,16,7.16847838730588,62
"2943",78,17,8.47795909277599,61
"2944",78,18,10.2844621884668,60
"2945",78,19,7.50348173475001,59
"2946",78,20,7.06809636394096,58
"2947",78,21,6.20301113478228,57
"2948",78,22,9.57631942422217,56
"2949",78,23,8.49996973293841,55
"2950",78,24,9.6799717151432,54
"2951",78,25,8.821141149312,53
"2952",78,26,8.88781762200006,52
"2953",78,27,9.76639470478752,51
"2954",78,28,10.28861478769,50
"2955",78,29,9.25051580926907,49
"2956",78,30,9.97372077594371,48
"2957",78,31,8.84368814173915,47
"2958",78,32,11.2464312419732,46
"2959",78,33,7.78361717223713,45
"2960",78,34,6.69916290338461,44
"2961",78,35,8.73873499417531,43
"2962",78,36,10.3616602763181,42
"2963",78,37,7.32272870251285,41
"2964",78,38,9.50626723810246,40
"2965",78,39,5.91511317491142,39
"2966",78,40,8.8353889871472,38
"2967",78,41,7.92555976308585,37
"2968",78,42,8.72739136761645,36
"2969",78,43,7.40287622895625,35
"2970",78,44,4.45167278949933,34
"2971",78,45,1.88071041552543,33
"2972",78,46,5.20595156590217,32
"2973",78,47,4.48252796112953,31
"2974",78,48,3.31440889184635,30
"2975",78,49,3.07486130146941,29
"2976",78,50,4.43219840633379,28
"2977",78,51,5.43935938765052,27
"2978",78,52,5.54468750927567,26
"2979",78,53,8.56250489252418,25
"2980",78,54,7.78269251389188,24
"2981",78,55,6.82079325265864,23
"2982",78,56,4.5823919725714,22
"2983",78,57,6.70440071870558,21
"2984",78,58,7.23258977853603,20
"2985",78,59,5.54329709666882,19
"2986",78,60,6.62192088964624,18
"2987",78,61,3.86038956582572,17
"2988",78,62,6.99460524402838,16
"2989",78,63,7.44475024246119,15
"2990",78,64,5.82804861120134,14
"2991",78,65,5.93130315608692,13
"2992",78,66,5.5584312408106,12
"2993",78,67,6.41551873819339,11
"2994",78,68,7.7859228865718,10
"2995",78,69,5.36821673431814,9
"2996",78,70,6.44629015256226,8
"2997",78,71,5.86654934240068,7
"2998",78,72,3.80119274090928,6
"2999",78,73,6.18966314176299,5
"3000",78,74,6.88592022796554,4
"3001",78,75,6.58765267216139,3
"3002",78,76,4.56525315326893,2
"3003",78,77,3.84032914341681,1
"3004",79,1,3.52041166970758,78
"3005",79,2,2.52295455882688,77
"3006",79,3,3.19578644495323,76
"3007",79,4,3.42028769105053,75
"3008",79,5,2.23247775596572,74
"3009",79,6,3.48026934973351,73
"3010",79,7,2.75222785374141,72
"3011",79,8,4.09091251336029,71
"3012",79,9,5.99584134005972,70
"3013",79,10,3.37089645309934,69
"3014",79,11,4.92862656601704,68
"3015",79,12,5.0428018099237,67
"3016",79,13,4.34272583969072,66
"3017",79,14,3.92679129025617,65
"3018",79,15,2.19473703938797,64
"3019",79,16,1.94450981985963,63
"3020",79,17,3.25399052532974,62
"3021",79,18,5.06049362102057,61
"3022",79,19,2.29501581171378,60
"3023",79,20,1.84412779649471,59
"3024",79,21,4.98831406499057,58
"3025",79,22,5.34398759652423,57
"3026",79,23,4.78785338206526,56
"3027",79,24,4.45600314769695,55
"3028",79,25,3.59717258186575,54
"3029",79,26,5.90416324983925,53
"3030",79,27,4.54242613734127,52
"3031",79,28,5.0646462202438,51
"3032",79,29,4.02654724182282,50
"3033",79,30,4.74975220849746,49
"3034",79,31,3.6197195742929,48
"3035",79,32,6.02246267452691,47
"3036",79,33,4.03154145584705,46
"3037",79,34,3.77981236341549,45
"3038",79,35,3.51476642672906,44
"3039",79,36,5.13769170887185,43
"3040",79,37,2.0987601350666,42
"3041",79,38,4.28229867065621,41
"3042",79,39,4.70281800463311,40
"3043",79,40,3.61142041970095,39
"3044",79,41,3.56019393230583,38
"3045",79,42,3.5034228001702,37
"3046",79,43,2.17890766151,36
"3047",79,44,0.830470726326888,35
"3048",79,45,4.68190738504611,34
"3049",79,46,3.42964922103872,33
"3050",79,47,1.08082408648084,32
"3051",79,48,2.32974473481528,31
"3052",79,49,4.34163126152116,30
"3053",79,50,6.98655164253301,29
"3054",79,51,1.50533673053362,28
"3055",79,52,2.9250851692668,27
"3056",79,53,3.33853632507793,26
"3057",79,54,3.24052630796993,25
"3058",79,55,2.70945155541099,24
"3059",79,56,3.84740707674265,23
"3060",79,57,1.48043215125933,22
"3061",79,58,2.90981761668999,21
"3062",79,59,5.09418786856761,20
"3063",79,60,1.62435335734221,19
"3064",79,61,1.56539667532231,18
"3065",79,62,3.51145134516302,17
"3066",79,63,2.22078167501494,16
"3067",79,64,3.63699230256616,15
"3068",79,65,5.67290325562657,14
"3069",79,66,3.8103584370466,13
"3070",79,67,1.90306801965916,12
"3071",79,68,2.88524688183036,11
"3072",79,69,4.95400170024874,10
"3073",79,70,1.87907706952616,9
"3074",79,71,0.982130305371089,8
"3075",79,72,2.14402852290089,7
"3076",79,73,1.187804181754,6
"3077",79,74,1.66195166051929,5
"3078",79,75,2.82711988619772,4
"3079",79,76,2.39548480757488,3
"3080",79,77,4.22511308559144,2
"3081",79,78,5.22396856744625,1
"3082",80,1,2.94854718526758,79
"3083",80,2,1.79606147209419,78
"3084",80,3,6.45906198709298,77
"3085",80,4,6.17036632566608,76
"3086",80,5,6.55149378688679,75
"3087",80,6,7.20079395119102,74
"3088",80,7,6.73582191707249,73
"3089",80,8,6.03834869797056,72
"3090",80,9,8.20634166432881,71
"3091",80,10,7.1622844059326,70
"3092",80,11,6.38885135917747,69
"3093",80,12,5.5618723894248,68
"3094",80,13,6.5532261639598,67
"3095",80,14,7.38424642984011,66
"3096",80,15,6.17760502293673,65
"3097",80,16,6.12906663183177,64
"3098",80,17,6.71582903545142,63
"3099",80,18,5.83461335765033,62
"3100",80,19,3.05363290393352,61
"3101",80,20,5.29476585367794,60
"3102",80,21,7.19881438925965,59
"3103",80,22,9.66300362744529,58
"3104",80,23,8.09558197671628,57
"3105",80,24,8.5331404896508,56
"3106",80,25,5.99063847598497,55
"3107",80,26,4.56976727981703,54
"3108",80,27,5.9873763632291,53
"3109",80,28,5.83876595687355,52
"3110",80,29,5.9523370805939,51
"3111",80,30,5.7284785386018,50
"3112",80,31,6.19076575887796,49
"3113",80,32,6.79658241115667,48
"3114",80,33,3.33376834142064,47
"3115",80,34,6.27724166501153,46
"3116",80,35,6.33500588179216,45
"3117",80,36,5.91181144550161,44
"3118",80,37,5.14602053540306,43
"3119",80,38,5.05641840728597,42
"3120",80,39,6.05053385867264,41
"3121",80,40,7.64762837540674,40
"3122",80,41,7.50948750073705,39
"3123",80,42,7.38391353441125,38
"3124",80,43,5.55110221035843,37
"3125",80,44,3.76668208925268,36
"3126",80,45,4.31238250932406,35
"3127",80,46,5.6401495453078,34
"3128",80,47,4.25352881010437,33
"3129",80,48,2.6617481123514,32
"3130",80,49,3.61102687199898,31
"3131",80,50,6.86387050013243,30
"3132",80,51,5.42081580612421,29
"3133",80,52,3.37080824483127,28
"3134",80,53,6.25879999311713,27
"3135",80,54,7.559542338891,26
"3136",80,55,2.90878129763784,25
"3137",80,56,1.97390883764281,24
"3138",80,57,4.93666371195083,23
"3139",80,58,3.55441585118931,22
"3140",80,59,1.1169363328024,21
"3141",80,60,4.8934056370589,20
"3142",80,61,3.7758969995914,19
"3143",80,62,7.36140833808779,18
"3144",80,63,4.70218389832675,17
"3145",80,64,1.37819978038485,16
"3146",80,65,2.89916595433657,15
"3147",80,66,4.9780737346792,14
"3148",80,67,6.22208405058022,13
"3149",80,68,3.33607405575531,12
"3150",80,69,5.73501982837756,11
"3151",80,70,3.17734285808658,10
"3152",80,71,3.33688572554997,9
"3153",80,72,2.17498750802018,8
"3154",80,73,4.97267109582304,7
"3155",80,74,3.53512760691565,6
"3156",80,75,2.1378038413449,5
"3157",80,76,1.94478267058578,4
"3158",80,77,4.26153208174506,3
"3159",80,78,4.44984883081649,2
"3160",80,79,4.31901603092106,1
"3161",81,1,3.43634993816761,80
"3162",81,2,2.32126192654393,79
"3163",81,3,6.01684267825239,78
"3164",81,4,5.14136152144711,77
"3165",81,5,5.52248898266781,76
"3166",81,6,6.17178914697204,75
"3167",81,7,5.70681711285352,74
"3168",81,8,6.07720557765885,73
"3169",81,9,8.81689757335888,72
"3170",81,10,6.13327960171363,71
"3171",81,11,6.19054905554684,70
"3172",81,12,6.17242829845487,69
"3173",81,13,7.16378207298987,68
"3174",81,14,6.35524162562113,67
"3175",81,15,5.14860021871775,66
"3176",81,16,5.10006182761279,65
"3177",81,17,5.68682423123245,64
"3178",81,18,6.32241611055037,63
"3179",81,19,3.54143565683356,62
"3180",81,20,4.26576104945896,61
"3181",81,21,7.80937029828973,60
"3182",81,22,8.63399882322632,59
"3183",81,23,7.60890961536441,58
"3184",81,24,7.50413568543182,57
"3185",81,25,4.96163367176599,56
"3186",81,26,6.69713074596612,55
"3187",81,27,5.80434862687107,54
"3188",81,28,6.32656870977359,53
"3189",81,29,5.28846973135261,52
"3190",81,30,6.01167469802726,51
"3191",81,31,5.16176095465899,50
"3192",81,32,7.28438516405671,49
"3193",81,33,4.82450895197392,48
"3194",81,34,6.60086859671464,47
"3195",81,35,5.30600107757318,46
"3196",81,36,6.39961419840165,45
"3197",81,37,4.11701573118409,44
"3198",81,38,5.544221160186,43
"3199",81,39,6.66108976770271,42
"3200",81,40,6.61862357118777,41
"3201",81,41,6.48048269651808,40
"3202",81,42,6.35490873019227,39
"3203",81,43,4.52209740613945,38
"3204",81,44,3.65152695962604,37
"3205",81,45,4.92293841835413,36
"3206",81,46,6.25070545433788,35
"3207",81,47,3.90188031978,34
"3208",81,48,1.07351903175459,33
"3209",81,49,2.50265014202827,32
"3210",81,50,7.4744264091625,31
"3211",81,51,4.39181100190524,30
"3212",81,52,3.98136415386134,29
"3213",81,53,5.22979518889816,28
"3214",81,54,6.53053753467202,27
"3215",81,55,3.50241905153785,26
"3216",81,56,3.7622064913684,25
"3217",81,57,3.90765890773186,24
"3218",81,58,3.27054370061958,23
"3219",81,59,3.24429979895148,22
"3220",81,60,3.86440083283992,21
"3221",81,61,4.38645290862147,20
"3222",81,62,6.33250757846218,19
"3223",81,63,3.67317909410778,18
"3224",81,64,2.5454397390466,17
"3225",81,65,5.02652942048565,16
"3226",81,66,5.58862964370927,15
"3227",81,67,5.19307924636125,14
"3228",81,68,3.82387680865535,13
"3229",81,69,5.64571978019984,12
"3230",81,70,2.67204456565302,11
"3231",81,71,2.307880921331,10
"3232",81,72,2.31268675139647,9
"3233",81,73,3.94366629160407,8
"3234",81,74,2.92387415004909,7
"3235",81,75,2.62560659424494,6
"3236",81,76,0.894526419127208,5
"3237",81,77,2.27116933389722,4
"3238",81,78,3.96204607791646,3
"3239",81,79,3.29001122670209,2
"3240",81,80,2.12736346614908,1
"3241",82,1,1.64319396612972,81
"3242",82,2,1.43103712261013,80
"3243",82,3,5.5265619858896,79
"3244",82,4,4.87246171259712,78
"3245",82,5,5.25358917381782,77
"3246",82,6,5.90288933812206,76
"3247",82,7,5.43791730400353,75
"3248",82,8,5.58692488529605,74
"3249",82,9,8.32661688099609,73
"3250",82,10,5.86437979286364,72
"3251",82,11,5.09094674610851,71
"3252",82,12,5.68214760609208,70
"3253",82,13,6.67350138062708,69
"3254",82,14,6.08634181677115,68
"3255",82,15,4.87970040986777,67
"3256",82,16,4.8311620187628,66
"3257",82,17,5.41792442238246,65
"3258",82,18,3.16288512089264,64
"3259",82,19,1.69726542246556,63
"3260",82,20,3.99686124060898,62
"3261",82,21,7.31908960592694,61
"3262",82,22,8.36509901437633,60
"3263",82,23,7.11862892300162,59
"3264",82,24,7.23523587658183,58
"3265",82,25,4.692733862916,57
"3266",82,26,3.31621887279558,56
"3267",82,27,4.68947175016014,55
"3268",82,28,3.79256889851004,54
"3269",82,29,4.65443246752493,53
"3270",82,30,4.43057392553284,52
"3271",82,31,4.892861145809,51
"3272",82,32,4.2593133933479,50
"3273",82,33,2.30612607651694,49
"3274",82,34,6.11058790435185,48
"3275",82,35,5.0371012687232,47
"3276",82,36,3.24008320874392,46
"3277",82,37,3.8481159223341,45
"3278",82,38,3.74584773579202,44
"3279",82,39,6.17080907533992,43
"3280",82,40,6.34972376233778,42
"3281",82,41,6.21158288766809,41
"3282",82,42,6.08600892134229,40
"3283",82,43,4.25319759728947,39
"3284",82,44,3.16124626726325,38
"3285",82,45,6.57951588517405,37
"3286",82,46,5.76042476197508,36
"3287",82,47,3.4115996274172,35
"3288",82,48,3.91529651937285,34
"3289",82,49,5.662181131686,33
"3290",82,50,8.88416014266095,32
"3291",82,51,4.12291119305525,31
"3292",82,52,3.49108346149855,30
"3293",82,53,4.96089538004817,29
"3294",82,54,6.26163772582203,28
"3295",82,55,2.03316767785174,27
"3296",82,56,2.53918509500278,26
"3297",82,57,3.63875909888187,25
"3298",82,58,2.72454060291212,24
"3299",82,59,2.07307645071551,23
"3300",82,60,3.59550102398994,22
"3301",82,61,3.89617221625868,21
"3302",82,62,6.06350372501883,20
"3303",82,63,3.40427928525779,19
"3304",82,64,1.29352845637284,18
"3305",82,65,2.65179183777447,17
"3306",82,66,5.09834895134648,16
"3307",82,67,4.92417943751126,15
"3308",82,68,1.52687481671117,14
"3309",82,69,6.85161020037667,13
"3310",82,70,1.87943824501762,12
"3311",82,71,2.03898111248101,11
"3312",82,72,3.3203843266649,10
"3313",82,73,3.67476648275408,9
"3314",82,74,2.23722299384669,8
"3315",82,75,1.34401559928105,7
"3316",82,76,3.19833107760722,6
"3317",82,77,5.5150804887665,5
"3318",82,78,7.12157706757418,4
"3319",82,79,3.0211114178521,3
"3320",82,80,2.67172823675769,2
"3321",82,81,3.38091187317053,1
"3322",83,1,2.73269713232363,82
"3323",83,2,2.27275808972721,81
"3324",83,3,3.98350098233718,80
"3325",83,4,3.57718290812154,79
"3326",83,5,3.95831036934224,78
"3327",83,6,4.60761053364648,77
"3328",83,7,4.14263849952795,76
"3329",83,8,4.04386388174363,75
"3330",83,9,6.78355587744367,74
"3331",83,10,4.56910098838806,73
"3332",83,11,3.79566794163293,72
"3333",83,12,4.13908660253966,71
"3334",83,13,5.13044037707466,70
"3335",83,14,4.79106301229557,69
"3336",83,15,3.58442160539219,68
"3337",83,16,3.53588321428722,67
"3338",83,17,4.12264561790688,66
"3339",83,18,2.32116415377557,65
"3340",83,19,1.38243173152381,64
"3341",83,20,2.7015824361334,63
"3342",83,21,5.77602860237451,62
"3343",83,22,7.06982020990075,61
"3344",83,23,5.5755679194492,60
"3345",83,24,5.93995707210625,59
"3346",83,25,3.39745505844042,58
"3347",83,26,2.22671570660167,57
"3348",83,27,3.39419294568456,56
"3349",83,28,2.49729009403446,55
"3350",83,29,3.35915366304935,54
"3351",83,30,3.13529512105726,53
"3352",83,31,3.59758234133342,52
"3353",83,32,3.28313320728191,51
"3354",83,33,0.763065072964516,50
"3355",83,34,4.56752690079943,49
"3356",83,35,3.74182246424762,48
"3357",83,36,2.39836224162685,47
"3358",83,37,3.29336831782292,46
"3359",83,38,3.61708858957689,45
"3360",83,39,4.6277480717875,44
"3361",83,40,5.0544449578622,43
"3362",83,41,4.91630408319251,42
"3363",83,42,4.79073011686671,41
"3364",83,43,2.95791879281389,40
"3365",83,44,3.51162524519193,39
"3366",83,45,7.42123685229112,38
"3367",83,46,4.21736375842266,37
"3368",83,47,3.48077007356172,36
"3369",83,48,5.00479968556676,35
"3370",83,49,6.50390209880307,34
"3371",83,50,9.72588110977802,33
"3372",83,51,3.05851976770284,32
"3373",83,52,2.41861052541559,31
"3374",83,53,3.66561657557259,30
"3375",83,54,4.96635892134645,29
"3376",83,55,1.14250478203261,28
"3377",83,56,3.38090606211985,27
"3378",83,57,2.74715117934705,26
"3379",83,58,3.81404376910604,25
"3380",83,59,3.36835525519109,24
"3381",83,60,2.30022221951436,23
"3382",83,61,4.10290846886553,22
"3383",83,62,4.76822492054325,21
"3384",83,63,2.10900048078221,20
"3385",83,64,2.13524942348992,19
"3386",83,65,3.94707064225005,18
"3387",83,66,3.55528794779406,17
"3388",83,67,4.75071406951117,16
"3389",83,68,0.792200661407219,15
"3390",83,69,7.69333116749374,14
"3391",83,70,1.79837047371142,13
"3392",83,71,2.69531723786649,12
"3393",83,72,4.16210529378197,11
"3394",83,73,4.55321221557682,10
"3395",83,74,2.62446888762979,9
"3396",83,75,2.43351876547497,8
"3397",83,76,4.28783424380114,7
"3398",83,77,6.60458365496041,6
"3399",83,78,7.96329803469125,5
"3400",83,79,3.67744754323758,4
"3401",83,80,3.51344920387476,3
"3402",83,81,4.47041503936444,2
"3403",83,82,1.54306100355242,1
"3404",84,1,4.91055673146719,83
"3405",84,2,3.31473916419728,82
"3406",84,3,1.80564138319362,81
"3407",84,4,2.34277724541366,80
"3408",84,5,1.44069315059532,79
"3409",84,6,2.40275890409664,78
"3410",84,7,1.67471740810455,77
"3411",84,8,2.41504161133422,76
"3412",84,9,4.60569627830011,75
"3413",84,10,2.05148376964114,74
"3414",84,11,3.85111612038018,73
"3415",84,12,3.36693090789762,72
"3416",84,13,2.95258077793111,71
"3417",84,14,2.8492808446193,70
"3418",84,15,1.11722659375111,69
"3419",84,16,1.0182659955403,68
"3420",84,17,2.17648007969288,67
"3421",84,18,3.98298317538371,66
"3422",84,19,2.69848841273614,65
"3423",84,20,0.766617350857842,64
"3424",84,21,3.59816900323096,63
"3425",84,22,4.55220299115383,62
"3426",84,23,3.39770832030564,61
"3427",84,24,3.42233985335933,60
"3428",84,25,2.51966213622888,59
"3429",84,26,4.22829234781318,58
"3430",84,27,3.46491569170441,57
"3431",84,28,3.98713577460693,56
"3432",84,29,2.94903679618595,55
"3433",84,30,3.6722417628606,54
"3434",84,31,2.54220912865604,53
"3435",84,32,4.94495222889005,52
"3436",84,33,2.35567055382098,51
"3437",84,34,2.38966730165587,50
"3438",84,35,2.43725598109219,49
"3439",84,36,4.06018126323499,48
"3440",84,37,2.27782146692955,47
"3441",84,38,4.88734846081522,46
"3442",84,39,3.02694710260704,45
"3443",84,40,2.53682773911528,44
"3444",84,41,2.39868686444559,43
"3445",84,42,2.42591235453334,42
"3446",84,43,1.10139721587313,41
"3447",84,44,1.84980622358379,40
"3448",84,45,5.75941783068298,39
"3449",84,46,2.03950415927911,38
"3450",84,47,1.81895105195358,37
"3451",84,48,3.13768226330418,36
"3452",84,49,5.13341586689157,35
"3453",84,50,8.06406208816988,34
"3454",84,51,1.05694312649134,33
"3455",84,52,2.2358429122456,32
"3456",84,53,2.26102587944106,31
"3457",84,54,2.44874170259953,30
"3458",84,55,2.20201933865362,29
"3459",84,56,4.63919168211306,28
"3460",84,57,1.32263316809864,27
"3461",84,58,4.29996267844961,26
"3462",84,59,5.88597247393801,25
"3463",84,60,0.589354420479555,24
"3464",84,61,2.44108944725739,23
"3465",84,62,2.25060770179633,22
"3466",84,63,1.14327122937808,21
"3467",84,64,4.42877690793656,20
"3468",84,65,6.46468786099698,19
"3469",84,66,2.13448753502052,18
"3470",84,67,2.74913742829966,17
"3471",84,68,2.56108910019573,16
"3472",84,69,6.0315121458856,15
"3473",84,70,1.93345777820489,14
"3474",84,71,2.03272583671405,13
"3475",84,72,2.93581312827129,12
"3476",84,73,2.57794924351361,11
"3477",84,74,2.78300649067653,10
"3478",84,75,4.21726494795733,9
"3479",84,76,3.73730115572072,8
"3480",84,77,5.01689769096184,7
"3481",84,78,6.30147901308312,6
"3482",84,79,1.67587090202608,5
"3483",84,80,5.11080063629147,4
"3484",84,81,4.21120129505877,3
"3485",84,82,3.8128960232225,2
"3486",84,83,2.51761721874692,1
"3487",85,1,5.29096225703887,84
"3488",85,2,4.24538452173111,83
"3489",85,3,2.00483576682317,82
"3490",85,4,2.76792453030751,81
"3491",85,5,1.08539879094393,80
"3492",85,6,2.82790618899049,79
"3493",85,7,2.09986469299839,78
"3494",85,8,3.39042872819021,77
"3495",85,9,4.76312762852412,76
"3496",85,10,2.67041266792926,75
"3497",85,11,4.27626340527402,74
"3498",85,12,4.34231802475362,73
"3499",85,13,3.59742679684496,72
"3500",85,14,3.27442812951314,71
"3501",85,15,1.54237387864495,70
"3502",85,16,1.2921466591166,69
"3503",85,17,2.60162736458672,68
"3504",85,18,4.40813046027755,67
"3505",85,19,3.07889393830782,66
"3506",85,20,1.19176463575168,65
"3507",85,21,4.06372709959832,64
"3508",85,22,3.6999876960329,63
"3509",85,23,3.58680481659212,62
"3510",85,24,3.80363998695393,61
"3511",85,25,2.94480942112272,60
"3512",85,26,5.20367946466917,59
"3513",85,27,3.89006297659825,58
"3514",85,28,4.41228305950077,57
"3515",85,29,3.3741840810798,56
"3516",85,30,4.09738904775444,55
"3517",85,31,2.96735641354988,54
"3518",85,32,5.37009951378389,53
"3519",85,33,3.33105767067697,52
"3520",85,34,2.5962972800933,51
"3521",85,35,2.86240326598603,50
"3522",85,36,4.48532854812883,49
"3523",85,37,2.65822699250123,48
"3524",85,38,5.2677539863869,47
"3525",85,39,4.00233421946303,46
"3526",85,40,2.95905725895792,45
"3527",85,41,2.37082987295936,44
"3528",85,42,2.85105963942718,43
"3529",85,43,1.52654450076698,42
"3530",85,44,2.27476390457262,41
"3531",85,45,5.33427054578914,40
"3532",85,46,1.65909863370743,39
"3533",85,47,1.78791718372093,38
"3534",85,48,4.05217469771952,37
"3535",85,49,6.0640612244254,36
"3536",85,50,7.63891480327604,35
"3537",85,51,0.62063018770109,34
"3538",85,52,3.16648826977944,33
"3539",85,53,2.6861731643349,32
"3540",85,54,1.90636078570261,31
"3541",85,55,3.13266469618746,30
"3542",85,56,5.56983703964689,29
"3543",85,57,1.70303869367032,28
"3544",85,58,4.68036820402129,27
"3545",85,59,6.81661783147184,26
"3546",85,60,1.1480403567664,25
"3547",85,61,2.76106137009091,24
"3548",85,62,1.74090075783173,23
"3549",85,63,1.56841851427192,22
"3550",85,64,5.3594222654704,21
"3551",85,65,7.39533321853081,20
"3552",85,66,3.10987465187652,19
"3553",85,67,2.13229926469286,18
"3554",85,68,3.21666656404517,17
"3555",85,69,5.60636486099176,16
"3556",85,70,2.86410313573872,15
"3557",85,71,2.70456026827533,14
"3558",85,72,3.86645848580512,13
"3559",85,73,2.9583547690853,12
"3560",85,74,3.16341201624821,11
"3561",85,75,4.59767047352902,10
"3562",85,76,4.11791477047912,9
"3563",85,77,5.94754304849568,8
"3564",85,78,5.87633172818927,7
"3565",85,79,1.7705505873313,6
"3566",85,80,6.0414459938253,5
"3567",85,81,5.01244118960633,4
"3568",85,82,4.74354138075634,3
"3569",85,83,3.44826257628076,2
"3570",85,84,0.975387116855995,1
"3571",86,1,4.420213664017,85
"3572",86,2,4.03196365838285,84
"3573",86,3,2.29598445064381,83
"3574",86,4,1.64016846832784,82
"3575",86,5,0.791097642091019,81
"3576",86,6,1.70015012701082,80
"3577",86,7,0.972108631018721,79
"3578",86,8,2.92000039588415,78
"3579",86,9,5.0960393457503,77
"3580",86,10,2.34783569277944,76
"3581",86,11,3.14850734329435,75
"3582",86,12,3.87188969244756,74
"3583",86,13,3.4429238453813,73
"3584",86,14,2.14667206753348,72
"3585",86,15,0.414617816665284,71
"3586",86,16,0.408545577439608,70
"3587",86,17,1.72662163101663,69
"3588",86,18,3.28037439829788,68
"3589",86,19,2.83285509494251,67
"3590",86,20,0.533259276799099,66
"3591",86,21,4.08851207068115,65
"3592",86,22,3.83497849696825,64
"3593",86,23,3.88805138775583,63
"3594",86,24,2.70511535917376,62
"3595",86,25,1.81705335914306,61
"3596",86,26,4.73325113236312,60
"3597",86,27,2.76230691461858,59
"3598",86,28,3.28452699752111,58
"3599",86,29,2.24642801910013,57
"3600",86,30,2.96963298577477,56
"3601",86,31,1.91482459256646,55
"3602",86,32,4.24234345180422,54
"3603",86,33,3.00555141503158,53
"3604",86,34,2.88001036910606,52
"3605",86,35,1.73464720400637,51
"3606",86,36,3.35757248614916,50
"3607",86,37,1.78747839947936,49
"3608",86,38,4.39700539336503,48
"3609",86,39,3.53190588715698,47
"3610",86,40,1.94936579928875,46
"3611",86,41,2.6603919379964,45
"3612",86,42,1.72330357744751,44
"3613",86,43,0.894743004166073,43
"3614",86,44,2.55241500066961,42
"3615",86,45,6.4620266077688,41
"3616",86,46,2.66968743557179,40
"3617",86,47,2.52155982903941,39
"3618",86,48,3.83875383437126,38
"3619",86,49,5.85064036107714,37
"3620",86,50,8.7666708652557,36
"3621",86,51,1.56472840251842,35
"3622",86,52,2.95306740643118,34
"3623",86,53,1.85450200389751,33
"3624",86,54,1.73151720841396,32
"3625",86,55,2.91924383283919,31
"3626",86,56,5.35641617629863,30
"3627",86,57,0.891361418526206,29
"3628",86,58,3.80961961099942,28
"3629",86,59,6.60319696812358,27
"3630",86,60,0.93461949341814,26
"3631",86,61,3.14369822434322,25
"3632",86,62,2.6116493508536,24
"3633",86,63,1.12584123215028,23
"3634",86,64,5.14600140212213,22
"3635",86,65,7.18191235518255,21
"3636",86,66,2.63944631957046,20
"3637",86,67,2.24417864374972,19
"3638",86,68,3.0032457006969,18
"3639",86,69,6.73412092297143,17
"3640",86,70,2.65068227239046,16
"3641",86,71,2.49113940492706,15
"3642",86,72,3.65303762245686,14
"3643",86,73,2.08760617606342,13
"3644",86,74,2.29289752356139,12
"3645",86,75,4.21637365880117,11
"3646",86,76,3.90449390713086,10
"3647",86,77,5.73412218514741,9
"3648",86,78,7.00408779016894,8
"3649",86,79,1.78011922272269,7
"3650",86,80,5.82802513047704,6
"3651",86,81,4.79902032625806,5
"3652",86,82,4.53012051740808,4
"3653",86,83,3.2348417129325,3
"3654",86,84,0.717224494185573,2
"3655",86,85,1.12775606197967,1
"3656",87,1,5.94361797395973,86
"3657",87,2,4.82955288507551,85
"3658",87,3,2.58911074277914,84
"3659",87,4,3.42068685983993,83
"3660",87,5,1.73816112047635,82
"3661",87,6,3.48066851852291,81
"3662",87,7,2.75262702253082,80
"3663",87,8,3.97470370414618,79
"3664",87,9,5.34740260448009,78
"3665",87,10,3.25468764388523,77
"3666",87,11,4.92902573480645,76
"3667",87,12,4.92659300070959,75
"3668",87,13,4.18170177280094,74
"3669",87,14,3.92719045904557,73
"3670",87,15,2.19513620817738,72
"3671",87,16,1.94490898864903,71
"3672",87,17,3.25438969411915,70
"3673",87,18,5.06089278980998,69
"3674",87,19,3.73154965522867,68
"3675",87,20,1.84452696528411,67
"3676",87,21,4.64800207555429,66
"3677",87,22,4.35275002556533,65
"3678",87,23,4.1710797925481,64
"3679",87,24,4.45640231648636,63
"3680",87,25,3.59757175065515,62
"3681",87,26,5.78795444062514,61
"3682",87,27,4.54282530613068,60
"3683",87,28,5.0650453890332,59
"3684",87,29,4.02694641061222,58
"3685",87,30,4.75015137728687,57
"3686",87,31,3.62011874308231,56
"3687",87,32,6.02286184331632,55
"3688",87,33,3.91533264663295,54
"3689",87,34,3.18057225604927,53
"3690",87,35,3.51516559551846,52
"3691",87,36,5.13809087766126,51
"3692",87,37,3.31088270942209,50
"3693",87,38,5.92040970330776,49
"3694",87,39,4.58660919541901,48
"3695",87,40,3.61181958849035,47
"3696",87,41,2.95510484891533,46
"3697",87,42,3.50382196895961,45
"3698",87,43,2.1793068302994,44
"3699",87,44,2.85893226791702,43
"3700",87,45,5.67192137711258,42
"3701",87,46,1.17013356993499,41
"3702",87,47,2.37208554706533,40
"3703",87,48,4.63634306106392,39
"3704",87,49,6.6482295877698,38
"3705",87,50,6.98615247374361,37
"3706",87,51,1.20479855104549,36
"3707",87,52,3.75065663312384,35
"3708",87,53,3.33893549386733,34
"3709",87,54,2.55912311523503,33
"3710",87,55,3.71683305953186,32
"3711",87,56,6.15400540299129,31
"3712",87,57,2.35569441059118,30
"3713",87,58,5.33302392094215,29
"3714",87,59,7.40078619481625,28
"3715",87,60,1.7322087201108,27
"3716",87,61,3.34522973343531,26
"3717",87,62,1.30551769281043,25
"3718",87,63,2.22118084380434,24
"3719",87,64,5.9435906288148,23
"3720",87,65,7.97950158187521,22
"3721",87,66,3.69414962783249,21
"3722",87,67,2.78495498161372,20
"3723",87,68,3.80083492738957,19
"3724",87,69,4.95360253145933,18
"3725",87,70,3.44827149908312,17
"3726",87,71,3.28872863161973,16
"3727",87,72,4.45062684914953,15
"3728",87,73,3.61101048600615,14
"3729",87,74,3.81606773316906,13
"3730",87,75,5.25032619044987,12
"3731",87,76,4.77036239821326,11
"3732",87,77,6.53171141184008,10
"3733",87,78,6.25881126311029,9
"3734",87,79,2.42320630425215,8
"3735",87,80,6.6256143571697,7
"3736",87,81,5.59660955295073,6
"3737",87,82,5.32770974410074,5
"3738",87,83,4.03243093962516,4
"3739",87,84,1.55966209281197,3
"3740",87,85,0.652762329532428,2
"3741",87,86,1.78051839151209,1
"3742",88,1,5.42752628689685,87
"3743",88,2,3.92870429178288,86
"3744",88,3,2.94394548855657,85
"3745",88,4,4.16027851184712,84
"3746",88,5,2.47775277248354,83
"3747",88,6,4.2202601705301,82
"3748",88,7,3.492218674538,81
"3749",88,8,4.32953844992362,80
"3750",88,9,5.70223735025753,79
"3751",88,10,3.70651796181861,78
"3752",88,11,5.66861738681363,77
"3753",88,12,5.28142774648702,76
"3754",88,13,4.53653651857837,75
"3755",88,14,4.66678211105276,74
"3756",88,15,2.93472786018456,73
"3757",88,16,2.68450064065622,72
"3758",88,17,3.99398134612634,71
"3759",88,18,5.80048444181716,70
"3760",88,19,3.21545796816579,69
"3761",88,20,2.5841186172913,68
"3762",88,21,5.00283682133173,67
"3763",88,22,5.09234167757251,66
"3764",88,23,4.52591453832553,65
"3765",88,24,5.19599396849354,64
"3766",88,25,4.33716340266234,63
"3767",88,26,6.14278918640258,62
"3768",88,27,5.28241695813786,61
"3769",88,28,5.80463704104039,60
"3770",88,29,4.76653806261941,59
"3771",88,30,5.48974302929405,58
"3772",88,31,4.35971039508949,57
"3773",88,32,6.7624534953235,56
"3774",88,33,4.27016739241038,55
"3775",88,34,3.5354070018267,54
"3776",88,35,4.25475724752565,53
"3777",88,36,5.87768252966844,52
"3778",88,37,2.83875095586319,51
"3779",88,38,5.40431801624488,50
"3780",88,39,4.94144394119644,49
"3781",88,40,4.35141124049754,48
"3782",88,41,3.44158201643619,47
"3783",88,42,4.24341362096679,46
"3784",88,43,2.91889848230659,45
"3785",88,44,1.95808367462439,44
"3786",88,45,4.77107278381995,43
"3787",88,46,1.52496831571242,42
"3788",88,47,1.4712369537727,41
"3789",88,48,3.73549446777129,40
"3790",88,49,5.74738099447717,39
"3791",88,50,6.24656082173642,38
"3792",88,51,0.955381641000858,37
"3793",88,52,3.16371110583013,36
"3794",88,53,4.07852714587452,35
"3795",88,54,3.29871476724222,34
"3796",88,55,2.94807749197431,33
"3797",88,56,5.25315680969866,32
"3798",88,57,2.22042297205592,31
"3799",88,58,4.81693223387927,30
"3800",88,59,6.49993760152361,29
"3801",88,60,2.13794314299658,28
"3802",88,61,2.44438114014268,27
"3803",88,62,1.69265828482484,26
"3804",88,63,2.96077249581153,25
"3805",88,64,5.04274203552217,24
"3806",88,65,7.07865298858258,23
"3807",88,66,4.04898437360992,22
"3808",88,67,2.26886329455084,21
"3809",88,68,3.30194513992214,20
"3810",88,69,4.21401087945215,19
"3811",88,70,2.54742290579049,18
"3812",88,71,2.54969539214371,17
"3813",88,72,3.5497782558569,16
"3814",88,73,3.09491879894327,15
"3815",88,74,3.29997604610619,14
"3816",88,75,4.73423450338699,13
"3817",88,76,4.25427071115038,12
"3818",88,77,5.63086281854745,11
"3819",88,78,5.35796266981766,10
"3820",88,79,1.90711461718927,9
"3821",88,80,5.72476576387707,8
"3822",88,81,4.72817085048843,7
"3823",88,82,4.42686115080811,6
"3824",88,83,3.91607347980091,5
"3825",88,84,1.9144968385894,4
"3826",88,85,1.39235398153961,3
"3827",88,86,2.52011004351928,2
"3828",88,87,0.90084859329263,1
"3829",89,1,2.40950729461014,88
"3830",89,2,2.31809651382009,87
"3831",89,3,4.30669082005067,86
"3832",89,4,2.0562083397518,85
"3833",89,5,2.80180401149788,84
"3834",89,6,3.08663596527674,83
"3835",89,7,2.62166393115821,82
"3836",89,8,4.36705371945713,81
"3837",89,9,7.10674571515716,80
"3838",89,10,4.3585420621863,79
"3839",89,11,2.80845613472473,78
"3840",89,12,4.46227644025315,77
"3841",89,13,5.45363021478815,76
"3842",89,14,3.27008844392583,75
"3843",89,15,2.06344703702245,74
"3844",89,16,2.41925194684647,73
"3845",89,17,3.15126060279082,72
"3846",89,18,2.94032318972826,71
"3847",89,19,1.11898795037975,70
"3848",89,20,1.77928045793294,69
"3849",89,21,6.09921844008801,68
"3850",89,22,5.54884564153101,67
"3851",89,23,5.89875775716269,66
"3852",89,24,4.41898250373652,65
"3853",89,25,1.87648049007069,64
"3854",89,26,4.69003914863759,63
"3855",89,27,2.42225570604896,62
"3856",89,28,2.94447578895148,61
"3857",89,29,1.90637681053051,60
"3858",89,30,2.62958177720515,59
"3859",89,31,2.44867123880403,58
"3860",89,32,3.9022922432346,57
"3861",89,33,2.81741735464539,56
"3862",89,34,4.89071673851292,55
"3863",89,35,2.22084789587788,54
"3864",89,36,3.01752127757954,53
"3865",89,37,1.03186254948878,52
"3866",89,38,2.38629902395817,51
"3867",89,39,4.95093790950099,50
"3868",89,40,3.94837421664706,49
"3869",89,41,4.67109830740326,48
"3870",89,42,3.26975554849697,47
"3871",89,43,2.22973801466701,46
"3872",89,44,2.89246620923924,45
"3873",89,45,6.80207781633843,44
"3874",89,46,4.54055359613616,43
"3875",89,47,2.86161103760903,42
"3876",89,48,4.02973010689221,41
"3877",89,49,5.88474306285038,40
"3878",89,50,9.10672207382533,39
"3879",89,51,2.61624110563106,38
"3880",89,52,2.27121229565962,37
"3881",89,53,2.73756613358922,36
"3882",89,54,3.44538435297672,35
"3883",89,55,1.49532745420932,34
"3884",89,56,3.64254903173587,33
"3885",89,57,1.17841626875841,32
"3886",89,58,1.79891324159256,31
"3887",89,59,4.88932982356082,30
"3888",89,60,1.91169501637749,29
"3889",89,61,3.48374943291284,28
"3890",89,62,4.62235572026045,27
"3891",89,63,1.38027346852022,26
"3892",89,64,3.43213425755938,25
"3893",89,65,5.46804521061979,24
"3894",89,66,3.87847778550755,23
"3895",89,67,2.28739062747525,22
"3896",89,68,1.6711227806287,21
"3897",89,69,7.07417213154105,20
"3898",89,70,0.9368151278277,19
"3899",89,71,1.47758965633788,18
"3900",89,72,3.54294625782928,17
"3901",89,73,2.08988877354089,16
"3902",89,74,0.579030378998629,15
"3903",89,75,2.50250651423841,14
"3904",89,76,2.77888584546964,13
"3905",89,77,5.65326225471933,12
"3906",89,78,7.34413899873856,11
"3907",89,79,2.12017043129231,10
"3908",89,80,4.11415798591428,9
"3909",89,81,3.38209292082211,8
"3910",89,82,2.81625337284532,7
"3911",89,83,2.46332344203592,6
"3912",89,84,2.50104943685705,5
"3913",89,85,2.88145496242873,4
"3914",89,86,2.01070636940686,3
"3915",89,87,3.53411067934959,2
"3916",89,88,3.01801899228671,1
"3917",90,1,3.38462985857932,89
"3918",90,2,3.6046482447114,88
"3919",90,3,4.84423446925687,87
"3920",90,4,3.75795896631273,86
"3921",90,5,4.13908642753344,85
"3922",90,6,4.78838659183767,84
"3923",90,7,4.32341455771914,83
"3924",90,8,4.90459736866333,82
"3925",90,9,7.64428936436336,81
"3926",90,10,4.8960857113925,80
"3927",90,11,3.97644399982412,79
"3928",90,12,4.99982008945935,78
"3929",90,13,5.99117386399436,77
"3930",90,14,4.97183907048676,76
"3931",90,15,3.76519766358338,75
"3932",90,16,3.71665927247842,74
"3933",90,17,4.30342167609807,73
"3934",90,18,1.75120060888735,72
"3935",90,19,2.0343644577795,71
"3936",90,20,2.88235849432459,70
"3937",90,21,6.63676208929421,69
"3938",90,22,7.25059626809194,68
"3939",90,23,6.43630140636889,67
"3940",90,24,6.12073313029745,66
"3941",90,25,3.57823111663162,65
"3942",90,26,2.3255091375035,64
"3943",90,27,3.57496900387576,63
"3944",90,28,2.67806615222566,62
"3945",90,29,3.53992972124055,61
"3946",90,30,3.31607117924845,60
"3947",90,31,3.77835839952462,59
"3948",90,32,3.14481064706352,58
"3949",90,33,1.62379855988421,57
"3950",90,34,5.42826038771912,56
"3951",90,35,3.92259852243881,55
"3952",90,36,1.06647208664266,54
"3953",90,37,3.94530104407861,53
"3954",90,38,4.26902131583258,52
"3955",90,39,5.48848155870719,51
"3956",90,40,5.23522101605339,50
"3957",90,41,5.20864195660946,49
"3958",90,42,4.9715061750579,48
"3959",90,43,3.13869485100508,47
"3960",90,44,4.84351540017612,46
"3961",90,45,8.75312700727531,45
"3962",90,46,5.07809724534236,44
"3963",90,47,4.81266022854591,43
"3964",90,48,5.98077929782909,42
"3965",90,49,7.83579225378726,41
"3966",90,50,11.0577712647622,40
"3967",90,51,3.85582880202493,39
"3968",90,52,3.75050068039978,38
"3969",90,53,3.84639263376379,37
"3970",90,54,5.14713497953765,36
"3971",90,55,2.4743949370168,35
"3972",90,56,4.71279621710404,34
"3973",90,57,3.39908390560275,33
"3974",90,58,4.46597649536173,32
"3975",90,59,3.75189109300662,31
"3976",90,60,2.70502691215106,30
"3977",90,61,5.43479862384972,29
"3978",90,62,5.15989936946665,28
"3979",90,63,2.28977653897341,27
"3980",90,64,3.4671395784741,26
"3981",90,65,3.76629458405886,25
"3982",90,66,4.41602143471375,24
"3983",90,67,5.40264679576686,23
"3984",90,68,1.50926530310364,22
"3985",90,69,9.02522132247793,21
"3986",90,70,2.84889803711318,20
"3987",90,71,3.42863884727476,19
"3988",90,72,5.49399544876616,18
"3989",90,73,5.20514494183251,17
"3990",90,74,3.27640161388548,16
"3991",90,75,3.08545149173066,15
"3992",90,76,4.93976697005683,14
"3993",90,77,7.60431144565621,13
"3994",90,78,9.29518818967544,12
"3995",90,79,4.32938026949327,11
"3996",90,80,4.84533935885895,10
"3997",90,81,5.33314211175899,9
"3998",90,82,2.17361112210126,8
"3999",90,83,1.33189015498419,7
"4000",90,84,3.03859308606325,6
"4001",90,85,3.62903863447195,5
"4002",90,86,3.41561777112369,4
"4003",90,87,4.21320699781635,3
"4004",90,88,4.81121044302578,2
"4005",90,89,3.11525616829161,1
"4006",91,1,3.50644551504758,90
"4007",91,2,1.44726535126761,89
"4008",91,3,3.48024253118997,88
"4009",91,4,3.19154686976307,87
"4010",91,5,3.57267433098377,86
"4011",91,6,4.22197449528801,85
"4012",91,7,3.75700246116948,84
"4013",91,8,3.27011549901969,83
"4014",91,9,6.00980749471972,82
"4015",91,10,4.18346495002959,81
"4016",91,11,3.41156473837047,80
"4017",91,12,3.36533821981571,79
"4018",91,13,4.35669199435072,78
"4019",91,14,4.40542697393709,77
"4020",91,15,3.19878556703371,76
"4021",91,16,3.15024717592875,75
"4022",91,17,3.73700957954841,74
"4023",91,18,3.543431793374,73
"4024",91,19,1.29437719631652,72
"4025",91,20,2.31594639777493,71
"4026",91,21,5.00228021965057,70
"4027",91,22,6.68418417154228,69
"4028",91,23,5.11676252081326,68
"4029",91,24,5.55432103374778,67
"4030",91,25,3.01181902008195,66
"4031",91,26,3.06087100183463,65
"4032",91,27,3.02536430969471,64
"4033",91,28,3.54758439259723,63
"4034",91,29,2.97351762469088,62
"4035",91,30,3.2326903808509,61
"4036",91,31,3.21194630297495,60
"4037",91,32,4.50540084688034,59
"4038",91,33,1.18824920784243,58
"4039",91,34,3.79377851807548,57
"4040",91,35,3.35618642588914,56
"4041",91,36,3.62062988122528,55
"4042",91,37,2.45921302258996,54
"4043",91,38,3.48323724439561,53
"4044",91,39,3.85399968906356,52
"4045",91,40,4.66880891950373,51
"4046",91,41,4.53066804483404,50
"4047",91,42,4.40509407850823,49
"4048",91,43,2.57228275445542,48
"4049",91,44,2.28935760559349,47
"4050",91,45,6.19896921269268,46
"4051",91,46,3.44361537569872,45
"4052",91,47,2.43842154702381,44
"4053",91,48,4.1706443903338,43
"4054",91,49,5.28163445920464,42
"4055",91,50,8.50361347017958,41
"4056",91,51,2.4419963502212,40
"4057",91,52,1.19634288581715,39
"4058",91,53,3.27998053721412,38
"4059",91,54,4.58072288298798,37
"4060",91,55,0.283641708424629,36
"4061",91,56,2.5072105017246,35
"4062",91,57,1.95784425604782,34
"4063",91,58,2.97988847387307,33
"4064",91,59,3.75399129354956,32
"4065",91,60,1.91458618115589,31
"4066",91,61,2.8806408292671,30
"4067",91,62,4.38258888218478,29
"4068",91,63,1.72336444242374,28
"4069",91,64,2.47463394874151,27
"4070",91,65,4.33270668060853,26
"4071",91,66,2.78153956507012,25
"4072",91,67,3.91655877427821,24
"4073",91,68,1.15697788377612,23
"4074",91,69,6.47106352789531,22
"4075",91,70,0.964215178478458,21
"4076",91,71,1.86116194263353,20
"4077",91,72,2.93983765418353,19
"4078",91,73,3.71905692034385,18
"4079",91,74,1.79031359239683,17
"4080",91,75,2.81315373153772,16
"4081",91,76,3.45367894856817,15
"4082",91,77,5.77042835972745,14
"4083",91,78,6.74103039509282,13
"4084",91,79,2.84329224800462,12
"4085",91,80,2.97881945590301,11
"4086",91,81,3.63625974413148,10
"4087",91,82,2.31680938627637,9
"4088",91,83,1.22226763959844,8
"4089",91,84,2.13198118038845,7
"4090",91,85,3.06262653792229,6
"4091",91,86,2.84920567457403,5
"4092",91,87,3.64679490126669,4
"4093",91,88,3.08191818456795,3
"4094",91,89,1.62916814680296,2
"4095",91,90,2.55415779458263,1
"4096",92,1,2.3524403091261,91
"4097",92,2,1.6300510919298,90
"4098",92,3,4.36375780553471,89
"4099",92,4,2.74425376164209,88
"4100",92,5,3.1253812228628,87
"4101",92,6,3.77468138716703,86
"4102",92,7,3.3097093530485,85
"4103",92,8,4.42412070494116,84
"4104",92,9,7.1638127006412,83
"4105",92,10,4.41560904767033,82
"4106",92,11,3.4012640918335,81
"4107",92,12,4.51934342573719,80
"4108",92,13,5.51069720027219,79
"4109",92,14,3.95813386581612,78
"4110",92,15,2.75149245891274,77
"4111",92,16,2.70295406780778,76
"4112",92,17,3.28971647142743,75
"4113",92,18,3.53313114683703,74
"4114",92,19,1.04272123121463,73
"4115",92,20,1.86865328965395,72
"4116",92,21,6.15628542557205,71
"4117",92,22,6.2368910634213,70
"4118",92,23,5.95582474264673,69
"4119",92,24,5.10702792562681,68
"4120",92,25,2.56452591196098,67
"4121",92,26,4.65186866934011,66
"4122",92,27,3.01506366315773,65
"4123",92,28,3.53728374606025,64
"4124",92,29,2.52622451656991,63
"4125",92,30,3.22238973431392,62
"4126",92,31,2.76465319485398,61
"4127",92,32,4.49510020034337,60
"4128",92,33,2.77924687534791,59
"4129",92,34,4.94778372399696,58
"4130",92,35,2.90889331776817,57
"4131",92,36,3.61032923468831,56
"4132",92,37,1.71990797137907,55
"4133",92,38,2.75493619647267,54
"4134",92,39,5.00800489498503,53
"4135",92,40,4.22151581138275,52
"4136",92,41,4.7281652928873,51
"4137",92,42,3.95780097038726,50
"4138",92,43,2.28680500015105,49
"4139",92,44,2.29965825213047,48
"4140",92,45,6.20926985922966,47
"4141",92,46,4.59762058162019,46
"4142",92,47,2.26880308050026,45
"4143",92,48,3.43692214978344,44
"4144",92,49,5.29193510574161,43
"4145",92,50,8.51391411671656,42
"4146",92,51,2.67330809111509,41
"4147",92,52,2.32827928114366,40
"4148",92,53,2.83268742909314,39
"4149",92,54,4.13342977486701,38
"4150",92,55,1.45715697491184,37
"4151",92,56,2.95450360984558,36
"4152",92,57,1.51055114792684,35
"4153",92,58,1.74184625610852,34
"4154",92,59,4.20128440167053,33
"4155",92,60,1.96876200186153,32
"4156",92,61,2.89094147580407,31
"4157",92,62,4.67942270574449,30
"4158",92,63,1.43734045400426,29
"4159",92,64,2.74408883566908,28
"4160",92,65,4.7799997887295,27
"4161",92,66,3.93554477099159,26
"4162",92,67,2.79597148655624,25
"4163",92,68,1.63295230133122,24
"4164",92,69,6.48136417443228,23
"4165",92,70,0.683053672157144,22
"4166",92,71,0.884781699229108,21
"4167",92,72,2.95013830072051,20
"4168",92,73,2.12805925283838,19
"4169",92,74,0.224890068335439,18
"4170",92,75,1.81446109234812,17
"4171",92,76,2.18607788836086,16
"4172",92,77,5.06045429761056,15
"4173",92,78,6.75133104162979,14
"4174",92,79,1.52736247418354,13
"4175",92,80,3.42611256402399,12
"4176",92,81,2.78928496371334,11
"4177",92,82,2.12820795095503,10
"4178",92,83,2.42515296273844,9
"4179",92,84,2.55811642234109,8
"4180",92,85,2.93852194791277,7
"4181",92,86,2.40191256645305,6
"4182",92,87,3.59117766483363,5
"4183",92,88,3.07508597777075,4
"4184",92,89,0.688045421890292,3
"4185",92,90,3.07708568899413,2
"4186",92,91,1.59099766750548,1
"4187",93,1,2.74270956140138,92
"4188",93,2,2.76006891501057,91
"4189",93,3,4.51159794138981,90
"4190",93,4,3.98856980381409,89
"4191",93,5,3.00671113283702,88
"4192",93,6,4.04855146249707,87
"4193",93,7,3.32050996650497,86
"4194",93,8,5.32268699795379,85
"4195",93,9,7.3116528364963,84
"4196",93,10,4.60267093769284,83
"4197",93,11,5.4969086787806,82
"4198",93,12,6.2745762945172,81
"4199",93,13,5.6585373361273,80
"4200",93,14,4.49507340301973,79
"4201",93,15,2.76301915215153,78
"4202",93,16,2.67458127529146,77
"4203",93,17,4.12930823308627,76
"4204",93,18,5.62877573378413,75
"4205",93,19,3.52679029630728,74
"4206",93,20,2.76852854116683,73
"4207",93,21,6.30412556142715,72
"4208",93,22,5.99630672113087,71
"4209",93,23,6.10366487850184,70
"4210",93,24,5.02428526046051,69
"4211",93,25,4.16545469462931,68
"4212",93,26,7.13593773443275,67
"4213",93,27,5.11070825010483,66
"4214",93,28,5.63292833300736,65
"4215",93,29,4.59482935458638,64
"4216",93,30,5.31803432126102,63
"4217",93,31,4.3175111946361,62
"4218",93,32,6.59074478729047,61
"4219",93,33,5.26331594044056,60
"4220",93,34,5.09562385985207,59
"4221",93,35,4.08304853949262,58
"4222",93,36,5.70597382163541,57
"4223",93,37,2.66704224783016,56
"4224",93,38,4.85058078341977,55
"4225",93,39,5.93459248922662,54
"4226",93,40,4.35205240135839,53
"4227",93,41,4.87600542874241,52
"4228",93,42,4.07170491293376,51
"4229",93,43,3.29742960623571,50
"4230",93,44,2.14628222276347,49
"4231",93,45,4.11362527228255,48
"4232",93,46,4.7454607174753,47
"4233",93,47,2.39663558291742,46
"4234",93,48,1.67742561020865,45
"4235",93,49,3.68931213691452,44
"4236",93,50,6.41826952976945,43
"4237",93,51,2.8211482269702,42
"4238",93,52,4.1568596538603,41
"4239",93,53,4.25718860596715,40
"4240",93,54,3.89284543257657,39
"4241",93,55,3.94122604000449,38
"4242",93,56,4.20101347983504,37
"4243",93,57,2.16207084848403,36
"4244",93,58,2.57690332385334,35
"4245",93,59,4.44186874396097,34
"4246",93,60,2.85612784193571,33
"4247",93,61,2.88120817175889,32
"4248",93,62,4.8272628415996,31
"4249",93,63,3.33875738562553,30
"4250",93,64,2.98467317795952,29
"4251",93,65,5.46533640895229,28
"4252",93,66,5.0421329216401,27
"4253",93,67,2.5553871442658,26
"4254",93,68,4.11702136642387,25
"4255",93,69,4.38571958748518,24
"4256",93,70,3.11085155411966,23
"4257",93,71,2.21390478996459,22
"4258",93,72,1.49170939829425,21
"4259",93,73,1.5339766870803,20
"4260",93,74,2.28475314020129,19
"4261",93,75,2.47570326235612,18
"4262",93,76,1.74316568296824,17
"4263",93,77,3.5727939609848,16
"4264",93,78,4.65568645468269,15
"4265",93,79,1.31581149643658,14
"4266",93,80,3.66669690631442,13
"4267",93,81,2.63769210209545,12
"4268",93,82,3.81971886163717,11
"4269",93,83,4.90922202783108,10
"4270",93,84,2.90764538661958,9
"4271",93,85,3.08636208376787,8
"4272",93,86,2.40268660206964,7
"4273",93,87,3.73901780068873,6
"4274",93,88,3.22292611362585,5
"4275",93,89,2.68845254405587,4
"4276",93,90,5.56115475408678,3
"4277",93,91,4.07506673259812,2
"4278",93,92,2.48406906509265,1
"4279",94,1,8.66581285437188,93
"4280",94,2,6.95795678325186,92
"4281",94,3,8.14096446894599,91
"4282",94,4,9.91167309678459,90
"4283",94,5,8.22914735742101,89
"4284",94,6,9.97165475546757,88
"4285",94,7,9.24361325947547,87
"4286",94,8,9.04548124178416,86
"4287",94,9,7.94332342226032,85
"4288",94,10,9.45791254675608,84
"4289",94,11,11.4200119717511,83
"4290",94,12,9.01355087472345,82
"4291",94,13,8.36300208184017,81
"4292",94,14,10.4181766959902,80
"4293",94,15,8.68612244512203,79
"4294",94,16,8.43589522559369,78
"4295",94,17,9.7453759310638,77
"4296",94,18,11.5518790267546,76
"4297",94,19,8.77089857303782,75
"4298",94,20,8.33551320222877,74
"4299",94,21,7.47042797307009,73
"4300",94,22,11.1966917122509,72
"4301",94,23,9.76738657122622,71
"4302",94,24,10.947388553431,70
"4303",94,25,10.0885579875998,69
"4304",94,26,10.1552344602879,68
"4305",94,27,11.0338115430753,67
"4306",94,28,11.5560316259779,66
"4307",94,29,10.5179326475569,65
"4308",94,30,11.2411376142315,64
"4309",94,31,10.111104980027,63
"4310",94,32,12.513848080261,62
"4311",94,33,9.05103401052494,61
"4312",94,34,7.96657974167242,60
"4313",94,35,10.0061518324631,59
"4314",94,36,11.6290771146059,58
"4315",94,37,8.59014554080066,57
"4316",94,38,10.7736840763903,56
"4317",94,39,7.18253001319923,55
"4318",94,40,10.102805825435,54
"4319",94,41,9.19297660137366,53
"4320",94,42,9.99480820590426,52
"4321",94,43,8.67029306724406,51
"4322",94,44,5.71908962778713,50
"4323",94,45,3.32850356869936,49
"4324",94,46,7.10644274476719,48
"4325",94,47,5.78721689490998,47
"4326",94,48,4.58182573013416,46
"4327",94,49,2.72681277417599,45
"4328",94,50,5.87999155950773,44
"4329",94,51,6.95450389092982,43
"4330",94,52,6.81210434756347,42
"4331",94,53,9.82992173081199,41
"4332",94,54,9.09323042369661,40
"4333",94,55,8.08821009094645,39
"4334",94,56,5.84980881085921,38
"4335",94,57,7.97181755699338,37
"4336",94,58,8.50000661682384,36
"4337",94,59,6.81071393495663,35
"4338",94,60,7.88933772793405,34
"4339",94,61,5.12780640411353,33
"4340",94,62,8.89509642289341,32
"4341",94,63,8.712167080749,31
"4342",94,64,7.09546544948915,30
"4343",94,65,7.19871999437473,29
"4344",94,66,6.82584807909841,28
"4345",94,67,7.75577213538584,27
"4346",94,68,9.05333972485961,26
"4347",94,69,7.26870791318317,25
"4348",94,70,7.71370699085007,24
"4349",94,71,7.13396618068849,23
"4350",94,72,5.06860957919709,22
"4351",94,73,7.4570799800508,21
"4352",94,74,8.15333706625335,20
"4353",94,75,7.8550695104492,19
"4354",94,76,5.83266999155674,18
"4355",94,77,2.95829358230704,17
"4356",94,78,1.90049117886502,16
"4357",94,79,6.49138540573406,15
"4358",94,80,5.7172656691043,14
"4359",94,81,5.22946291620426,13
"4360",94,82,8.38899390586199,12
"4361",94,83,9.23071487297906,11
"4362",94,84,7.56889585137092,10
"4363",94,85,7.57513407863091,9
"4364",94,86,8.27150462845675,8
"4365",94,87,8.15930244197531,7
"4366",94,88,7.25845384868268,6
"4367",94,89,8.61155583702637,5
"4368",94,90,10.5626050279633,4
"4369",94,91,8.00844723338063,3
"4370",94,92,8.0187478799176,2
"4371",94,93,5.9231032929705,1
"4372",95,1,4.67824714263509,94
"4373",95,2,2.97039107151507,93
"4374",95,3,6.9072580205021,92
"4375",95,4,6.6185623590752,91
"4376",95,5,6.9996898202959,90
"4377",95,6,7.64898998460013,89
"4378",95,7,7.1840179504816,88
"4379",95,8,6.48654473137967,87
"4380",95,9,6.75138000722195,86
"4381",95,10,7.61048043934172,85
"4382",95,11,7.43244626001431,84
"4383",95,12,5.59794778855159,83
"4384",95,13,6.68364399811196,82
"4385",95,14,7.83244246324922,81
"4386",95,15,6.62580105634584,80
"4387",95,16,6.57726266524088,79
"4388",95,17,7.16402506886054,78
"4389",95,18,7.56431331501784,77
"4390",95,19,4.78333286130103,76
"4391",95,20,5.74296188708705,75
"4392",95,21,5.97035781188838,74
"4393",95,22,10.1111996608544,73
"4394",95,23,8.54377801012539,72
"4395",95,24,8.98133652305991,71
"4396",95,25,6.43883450939408,70
"4397",95,26,6.16766874855108,69
"4398",95,27,7.04624583133854,68
"4399",95,28,7.56846591424107,67
"4400",95,29,6.53036693582009,66
"4401",95,30,7.25357190249473,65
"4402",95,31,6.63896179228708,64
"4403",95,32,8.52628236852418,63
"4404",95,33,5.06346829878815,62
"4405",95,34,6.72543769842064,61
"4406",95,35,6.78320191520127,60
"4407",95,36,7.64151140286912,59
"4408",95,37,5.59421656881218,58
"4409",95,38,6.78611836465348,57
"4410",95,39,4.59557220156579,56
"4411",95,40,8.09582440881585,55
"4412",95,41,7.95768353414617,54
"4413",95,42,7.83210956782036,53
"4414",95,43,5.99929824376754,52
"4415",95,44,4.2148781226618,51
"4416",95,45,2.17808769104885,50
"4417",95,46,6.0209506933707,49
"4418",95,47,4.70172484351348,48
"4419",95,48,3.51453900666822,47
"4420",95,49,4.4638177663158,46
"4421",95,50,4.72957568185721,45
"4422",95,51,5.86901183953333,44
"4423",95,52,3.32315375745498,43
"4424",95,53,6.70699602652625,42
"4425",95,54,8.00773837230011,41
"4426",95,55,4.10064437920966,40
"4427",95,56,1.86224309912242,39
"4428",95,57,5.38485974535995,38
"4429",95,58,4.51244090508705,37
"4430",95,59,2.88597858897169,36
"4431",95,60,5.34160167046801,35
"4432",95,61,3.72858065714351,34
"4433",95,62,7.80960437149691,33
"4434",95,63,5.15037993173587,32
"4435",95,64,3.10789973775236,31
"4436",95,65,3.21115428263794,30
"4437",95,66,4.05888971105804,29
"4438",95,67,6.67028008398934,28
"4439",95,68,5.06577401312282,27
"4440",95,69,6.18321586178667,26
"4441",95,70,3.72614127911328,25
"4442",95,71,3.78508175895909,24
"4443",95,72,2.62318354142929,23
"4444",95,73,5.42086712923216,22
"4445",95,74,4.16577135451656,21
"4446",95,75,3.86750379871241,20
"4447",95,76,2.79757356490259,19
"4448",95,77,5.11432297606187,18
"4449",95,78,3.23777072539409,17
"4450",95,79,4.76721206433018,16
"4451",95,80,2.13429481827521,15
"4452",95,81,2.9801543604659,14
"4453",95,82,4.4014281941252,13
"4454",95,83,5.24314916124227,12
"4455",95,84,5.55899666970058,11
"4456",95,85,6.48964202723441,10
"4457",95,86,6.27622116388615,9
"4458",95,87,7.07381039057882,8
"4459",95,88,6.17296179728619,7
"4460",95,89,4.62399012528958,6
"4461",95,90,6.57503931622646,5
"4462",95,91,4.02088152164384,4
"4463",95,92,4.03118216818081,3
"4464",95,93,4.11489293972354,2
"4465",95,94,4.05248953799081,1
"4466",96,1,4.0129332991569,95
"4467",96,2,2.30507722803688,94
"4468",96,3,3.9393300525236,93
"4469",96,4,5.25879354156961,92
"4470",96,5,4.03176185231741,91
"4471",96,6,5.31877520025259,90
"4472",96,7,4.59073370426049,89
"4473",96,8,4.48990939250519,88
"4474",96,9,6.35561646503722,87
"4475",96,10,4.8050329915411,86
"4476",96,11,6.76713241653612,85
"4477",96,12,5.4417986890686,84
"4478",96,13,4.70250096466822,83
"4479",96,14,5.76529714077525,82
"4480",96,15,4.03324288990706,81
"4481",96,16,3.78301567037871,80
"4482",96,17,5.09249637584883,79
"4483",96,18,6.89899947153965,78
"4484",96,19,4.11801901782284,77
"4485",96,20,3.68263364701379,76
"4486",96,21,5.34808918996807,75
"4487",96,22,7.14327169287591,74
"4488",96,23,5.57585004214689,73
"4489",96,24,6.29450899821603,72
"4490",96,25,5.43567843238483,71
"4491",96,26,6.30316012898416,70
"4492",96,27,6.38093198786035,69
"4493",96,28,6.90315207076288,68
"4494",96,29,5.8650530923419,67
"4495",96,30,6.58825805901654,66
"4496",96,31,5.45822542481198,65
"4497",96,32,7.86096852504599,64
"4498",96,33,4.43053833499195,63
"4499",96,34,4.13958748839299,62
"4500",96,35,5.35327227724814,61
"4501",96,36,6.97619755939093,60
"4502",96,37,3.93726598558568,59
"4503",96,38,6.12080452117529,58
"4504",96,39,5.10181488377802,57
"4505",96,40,5.44992627022003,56
"4506",96,41,4.98975556616767,55
"4507",96,42,5.34192865068928,54
"4508",96,43,4.01741351202908,53
"4509",96,44,1.2469501546833,52
"4510",96,45,2.84340153452703,51
"4511",96,46,3.78942434601622,50
"4512",96,47,1.73379687553499,49
"4513",96,48,1.38776207656706,48
"4514",96,49,2.54234716516948,47
"4515",96,50,5.14804579201393,46
"4516",96,51,2.90108387155483,45
"4517",96,52,3.3240820484117,44
"4518",96,53,5.17704217559701,43
"4519",96,54,5.03981040432162,42
"4520",96,55,3.43533053573147,41
"4521",96,56,3.36823587438644,40
"4522",96,57,3.31893800177841,39
"4523",96,58,3.84712706160887,38
"4524",96,59,3.29490377221592,37
"4525",96,60,3.23645817271907,36
"4526",96,61,1.92517180029981,35
"4527",96,62,4.84167640351841,34
"4528",96,63,4.05928752553402,33
"4529",96,64,2.44258589427417,32
"4530",96,65,4.63255880350369,31
"4531",96,66,4.2093553161915,30
"4532",96,67,3.70235211601084,29
"4533",96,68,4.40046016964463,28
"4534",96,69,3.21528789380818,27
"4535",96,70,3.06082743563509,26
"4536",96,71,2.48108662547352,25
"4537",96,72,0.611880093606139,24
"4538",96,73,2.80420042483583,23
"4539",96,74,3.50045751103837,22
"4540",96,75,3.20218995523423,21
"4541",96,76,1.98738096898361,20
"4542",96,77,3.25938224890975,19
"4543",96,78,3.38546271692717,18
"4544",96,79,1.83850585051908,17
"4545",96,80,2.51973193456938,16
"4546",96,81,2.46128110832165,15
"4547",96,82,3.73611435064701,14
"4548",96,83,4.57783531776409,13
"4549",96,84,2.91601629615595,12
"4550",96,85,3.52171405925592,11
"4551",96,86,3.61862507324177,10
"4552",96,87,4.10588242260032,9
"4553",96,88,3.20503382930769,8
"4554",96,89,3.95867628181139,7
"4555",96,90,5.90972547274827,6
"4556",96,91,3.35556767816565,5
"4557",96,92,3.36586832470262,4
"4558",96,93,1.27022373775552,3
"4559",96,94,4.65287955521498,2
"4560",96,95,2.9679279679785,1
"4561",97,1,2.63354012923109,96
"4562",97,2,3.16854734593372,95
"4563",97,3,6.57280875386745,94
"4564",97,4,4.04723236873585,93
"4565",97,5,5.06792194531466,92
"4566",97,6,5.07765999426078,91
"4567",97,7,4.77952346558828,90
"4568",97,8,6.63317165327391,89
"4569",97,9,9.37286364897394,88
"4570",97,10,6.62465999600308,87
"4571",97,11,5.38773924661031,86
"4572",97,12,6.72839437406993,85
"4573",97,13,7.71974814860494,84
"4574",97,14,5.26111247290987,83
"4575",97,15,4.05447106600649,82
"4576",97,16,4.68536988066325,81
"4577",97,17,5.4173785366076,80
"4578",97,18,5.51960630161384,79
"4579",97,19,3.93526872723043,78
"4580",97,20,4.04539839174972,77
"4581",97,21,8.36533637390479,76
"4582",97,22,7.79108534117264,75
"4583",97,23,8.16487569097947,74
"4584",97,24,6.41000653272056,73
"4585",97,25,4.05628526245902,72
"4586",97,26,7.54441616535591,71
"4587",97,27,5.00153881793454,70
"4588",97,28,5.52375890083707,69
"4589",97,29,4.48565992241609,68
"4590",97,30,5.20886488909073,67
"4591",97,31,4.72598962555925,66
"4592",97,32,6.48157535512018,65
"4593",97,33,5.67179437136371,64
"4594",97,34,7.1568346723297,63
"4595",97,35,4.21187192486192,62
"4596",97,36,5.59680438946512,61
"4597",97,37,3.02288657847283,60
"4598",97,38,4.74141135124948,59
"4599",97,39,7.21705584331777,58
"4600",97,40,6.21449215046384,57
"4601",97,41,6.93721624122004,56
"4602",97,42,5.26077957748101,55
"4603",97,43,4.49585594848379,54
"4604",97,44,4.2074930352411,53
"4605",97,45,5.47890449396919,52
"4606",97,46,6.80667152995294,51
"4607",97,47,4.45784639539506,50
"4608",97,48,1.62948510736965,49
"4609",97,49,3.3054599509648,48
"4610",97,50,8.03039248477756,47
"4611",97,51,4.88235903944784,46
"4612",97,52,4.56533808478346,45
"4613",97,53,5.003684067406,44
"4614",97,54,5.43640838196076,43
"4615",97,55,4.34970447092764,42
"4616",97,56,4.60949191075819,41
"4617",97,57,3.44453420257519,40
"4618",97,58,2.46773389168305,39
"4619",97,59,4.09158521834128,38
"4620",97,60,4.17781295019427,37
"4621",97,61,4.94241898423653,36
"4622",97,62,6.88847365407724,35
"4623",97,63,3.74723581654869,34
"4624",97,64,3.3927251584364,33
"4625",97,65,5.87381483987545,32
"4626",97,66,6.14459571932433,31
"4627",97,67,4.09895009364999,30
"4628",97,68,4.52549979734702,29
"4629",97,69,6.2016858558149,28
"4630",97,70,3.51932998504282,27
"4631",97,71,2.73444153395978,26
"4632",97,72,2.86865282701153,25
"4633",97,73,2.84953713889281,24
"4634",97,74,2.69323157112445,23
"4635",97,75,2.88418169327928,22
"4636",97,76,1.0298662149531,21
"4637",97,77,3.07397914283375,20
"4638",97,78,4.76485588685298,19
"4639",97,79,3.37702230891422,18
"4640",97,80,2.97464888553888,17
"4641",97,81,1.09412915271126,16
"4642",97,82,4.22819729256033,15
"4643",97,83,5.31770045875424,14
"4644",97,84,4.76716737067383,13
"4645",97,85,5.14757289624551,12
"4646",97,86,4.27682430322364,11
"4647",97,87,5.80022861316637,10
"4648",97,88,5.28413692610349,9
"4649",97,89,2.85437701671832,8
"4650",97,90,5.96963318500993,7
"4651",97,91,4.48354516352128,6
"4652",97,92,2.8925474960158,5
"4653",97,93,2.06121081247764,4
"4654",97,94,6.03227272514079,3
"4655",97,95,3.8274397798557,2
"4656",97,96,3.01724718393671,1
"4657",98,1,1.76553745723946,97
"4658",98,2,1.7424556509957,96
"4659",98,3,5.35964526369829,95
"4660",98,4,4.51646995312999,94
"4661",98,5,4.89759741435069,93
"4662",98,6,5.54689757865493,92
"4663",98,7,5.08192554453639,91
"4664",98,8,5.42000816310475,90
"4665",98,9,8.15970015880478,89
"4666",98,10,5.50838803339651,88
"4667",98,11,4.73495498664137,87
"4668",98,12,5.51523088390078,86
"4669",98,13,6.50658465843578,85
"4670",98,14,5.73035005730401,84
"4671",98,15,4.52370865040063,83
"4672",98,16,4.47517025929567,82
"4673",98,17,5.06193266291533,81
"4674",98,18,2.85146659250707,80
"4675",98,19,1.34127366299843,79
"4676",98,20,3.64086948114184,78
"4677",98,21,7.15217288373563,77
"4678",98,22,8.0091072549092,76
"4679",98,23,6.95171220081032,75
"4680",98,24,6.8792441171147,74
"4681",98,25,4.33674210344887,73
"4682",98,26,3.19387538168585,72
"4683",98,27,4.33347999069301,71
"4684",98,28,3.43657713904291,70
"4685",98,29,4.2984407080578,69
"4686",98,30,4.0745821660657,68
"4687",98,31,4.53686938634187,67
"4688",98,32,3.90332163388077,66
"4689",98,33,2.13920935432563,65
"4690",98,34,5.94367118216055,64
"4691",98,35,4.68110950925606,63
"4692",98,36,2.92866468035835,62
"4693",98,37,3.49212416286697,61
"4694",98,38,3.38985597632488,60
"4695",98,39,6.00389235314862,59
"4696",98,40,5.99373200287065,58
"4697",98,41,5.85559112820096,57
"4698",98,42,5.73001716187515,56
"4699",98,43,3.89720583782234,55
"4700",98,44,2.99432954507195,54
"4701",98,45,6.89093441355961,53
"4702",98,46,5.59350803978378,52
"4703",98,47,3.2446829052259,51
"4704",98,48,4.1185867041134,50
"4705",98,49,5.97359966007156,49
"4706",98,50,9.19557867104651,48
"4707",98,51,3.76691943358812,47
"4708",98,52,3.32416673930725,46
"4709",98,53,4.60490362058104,45
"4710",98,54,5.9056459663549,44
"4711",98,55,1.86625095566043,43
"4712",98,56,2.85060362338834,42
"4713",98,57,3.28276733941474,41
"4714",98,58,2.84688409402186,40
"4715",98,59,2.42906821018264,39
"4716",98,60,3.2395092645228,38
"4717",98,61,3.72925549406737,37
"4718",98,62,5.7075119655517,36
"4719",98,63,3.04828752579066,35
"4720",98,64,1.60494698475841,34
"4721",98,65,3.00778359724161,33
"4722",98,66,4.93143222915518,32
"4723",98,67,4.56818767804413,31
"4724",98,68,1.17088305724404,30
"4725",98,69,7.16302872876224,29
"4726",98,70,1.67894113032073,28
"4727",98,71,1.72815756278232,27
"4728",98,72,3.63180285505046,26
"4729",98,73,3.58605254049264,25
"4730",98,74,1.88123123437956,24
"4731",98,75,1.46635909039079,23
"4732",98,76,3.32067456871696,22
"4733",98,77,5.74211885194051,21
"4734",98,78,7.43299559595975,20
"4735",98,79,2.7102878681534,19
"4736",98,80,2.98314676514325,18
"4737",98,81,3.50325536428027,17
"4738",98,82,0.355991759467133,16
"4739",98,83,1.37614428136112,15
"4740",98,84,3.55400388050467,14
"4741",98,85,4.38754962128921,13
"4742",98,86,4.17412875794094,12
"4743",98,87,4.97171798463361,11
"4744",98,88,4.07097343593433,10
"4745",98,89,2.46026161337819,9
"4746",98,90,1.8621925937157,8
"4747",98,91,2.14989266408506,7
"4748",98,92,1.77221619148789,6
"4749",98,93,3.94206235274691,5
"4750",98,94,8.70041243424756,4
"4751",98,95,4.71284672251076,3
"4752",98,96,4.04753287903258,2
"4753",98,97,4.35054078367006,1
"4754",99,1,1.23030467909465,98
"4755",99,2,2.93816075021468,97
"4756",99,3,7.1612653720061,96
"4757",99,4,4.58325051182317,95
"4758",99,5,5.65637856345331,94
"4759",99,6,4.90583675760026,93
"4760",99,7,5.36798008372693,92
"4761",99,8,7.22162827141255,91
"4762",99,9,9.96132026711259,90
"4763",99,10,7.21311661414172,89
"4764",99,11,4.09389416558671,88
"4765",99,12,7.31685099220858,87
"4766",99,13,8.30820476674358,86
"4767",99,14,5.08928923624935,85
"4768",99,15,4.52980520001905,84
"4769",99,16,5.27382649880189,83
"4770",99,17,6.00583515474625,82
"4771",99,18,2.22479541770683,81
"4772",99,19,2.65713557607634,80
"4773",99,20,4.63385500988837,79
"4774",99,21,8.95379299204343,78
"4775",99,22,8.37954195931128,77
"4776",99,23,8.75333230911812,76
"4777",99,24,6.89488675817351,75
"4778",99,25,3.6956812823942,74
"4779",99,26,4.64254004025273,73
"4780",99,27,3.69241916963834,72
"4781",99,28,2.79551631798824,71
"4782",99,29,3.97684881090212,70
"4783",99,30,3.43352134501103,69
"4784",99,31,5.30324579075946,68
"4785",99,32,3.2622608128261,67
"4786",99,33,3.94082946263344,66
"4787",99,34,7.74529129046835,65
"4788",99,35,4.0400486882014,64
"4789",99,36,2.46116769003663,63
"4790",99,37,3.07780252188293,62
"4791",99,38,2.74879515527021,61
"4792",99,39,7.80551246145642,60
"4793",99,40,6.80294876860248,59
"4794",99,41,7.52567285935869,58
"4795",99,42,5.08895634082048,57
"4796",99,43,5.08431256662244,56
"4797",99,44,4.79594965337975,55
"4798",99,45,8.08663951277859,54
"4799",99,46,7.39512814809158,53
"4800",99,47,5.0463030135337,52
"4801",99,48,5.31429180333237,51
"4802",99,49,7.16930475929054,50
"4803",99,50,10.3912837702655,49
"4804",99,51,5.47081565758648,48
"4805",99,52,5.12578684761505,47
"4806",99,53,5.59214068554465,46
"4807",99,54,5.26458514530023,45
"4808",99,55,3.66787106396824,44
"4809",99,56,4.04630872260732,43
"4810",99,57,4.03299082071384,42
"4811",99,58,1.59990826387836,41
"4812",99,59,3.0854035985099,40
"4813",99,60,4.76626956833292,39
"4814",99,61,5.53087560237518,38
"4815",99,62,7.47693027221588,37
"4816",99,63,4.23484802047565,36
"4817",99,64,2.80065208397738,35
"4818",99,65,3.64884441829628,34
"4819",99,66,6.73305233746298,33
"4820",99,67,3.92712685698946,32
"4821",99,68,2.79453488861675,31
"4822",99,69,8.35873382798121,30
"4823",99,70,3.48056123862853,29
"4824",99,71,3.32289815209843,28
"4825",99,72,4.82750795426944,27
"4826",99,73,2.77767474529886,26
"4827",99,74,2.57261749813595,25
"4828",99,75,2.04104802301733,24
"4829",99,76,4.0634475419098,23
"4830",99,77,6.93782395115949,22
"4831",99,78,8.62870069517872,21
"4832",99,79,3.96547892705286,20
"4833",99,80,4.17885186436223,19
"4834",99,81,4.66665461726227,18
"4835",99,82,1.6347033861165,17
"4836",99,83,3.17776438966892,16
"4837",99,84,5.35562398881248,15
"4838",99,85,5.73602951438416,14
"4839",99,86,4.86528092136229,13
"4840",99,87,6.38868523130501,12
"4841",99,88,5.87259354424214,11
"4842",99,89,2.85457455195543,10
"4843",99,90,2.86606823148337,9
"4844",99,91,3.95151277239287,8
"4845",99,92,2.79750756647139,7
"4846",99,93,3.97301424049603,6
"4847",99,94,9.89611753346653,5
"4848",99,95,5.90855182172974,4
"4849",99,96,5.24323797825155,3
"4850",99,97,3.86384480832574,2
"4851",99,98,1.8016201083078,1
"4852",100,1,1.64668099590234,99
"4853",100,2,3.70586115968231,98
"4854",100,3,8.36287911056315,97
"4855",100,4,5.78486425038023,96
"4856",100,5,6.85799230201036,95
"4857",100,6,6.46338705002751,94
"4858",100,7,6.56959382228399,93
"4859",100,8,8.42324200996961,92
"4860",100,9,11.1629340056696,91
"4861",100,10,8.41473035269878,90
"4862",100,11,5.65144445801396,89
"4863",100,12,8.51846473076564,88
"4864",100,13,9.50981850530064,87
"4865",100,14,6.6468395286766,86
"4866",100,15,5.7314189385761,85
"4867",100,16,6.47544023735895,84
"4868",100,17,7.20744889330331,83
"4869",100,18,3.48243831279991,82
"4870",100,19,3.8587493146334,81
"4871",100,20,5.83546874844542,80
"4872",100,21,10.1554067306005,79
"4873",100,22,9.58115569786834,78
"4874",100,23,9.95494604767518,77
"4875",100,24,8.09650049673057,76
"4876",100,25,5.25323157482146,75
"4877",100,26,5.91138338828425,74
"4878",100,27,5.24996946206559,73
"4879",100,28,4.3530666104155,72
"4880",100,29,5.21493017943039,71
"4881",100,30,4.99107163743829,70
"4882",100,31,6.50485952931651,69
"4883",100,32,4.81981110525335,68
"4884",100,33,5.14244320119049,67
"4885",100,34,8.94690502902541,66
"4886",100,35,5.59759898062865,65
"4887",100,36,3.93169986649153,64
"4888",100,37,4.40861363423955,63
"4889",100,38,4.30634544769747,62
"4890",100,39,9.00712620001348,61
"4891",100,40,8.00456250715954,60
"4892",100,41,8.72728659791575,59
"4893",100,42,6.64650663324774,58
"4894",100,43,6.2859263051795,57
"4895",100,44,5.99756339193681,56
"4896",100,45,7.2689748506649,55
"4897",100,46,8.59674188664864,54
"4898",100,47,6.24791675209076,53
"4899",100,48,3.48782307300727,52
"4900",100,49,5.34283602896544,51
"4901",100,50,9.82046284147326,50
"4902",100,51,6.67242939614354,49
"4903",100,52,6.32740058617211,48
"4904",100,53,6.79375442410171,47
"4905",100,54,6.82213543772749,46
"4906",100,55,4.86948480252529,45
"4907",100,56,4.93050117898365,44
"4908",100,57,5.23460455927089,43
"4909",100,58,2.8170089500258,42
"4910",100,59,2.45855244126962,41
"4911",100,60,5.96788330688998,40
"4912",100,61,6.73248934093223,39
"4913",100,62,8.67854401077294,38
"4914",100,63,5.4364617590327,37
"4915",100,64,2.67849256220841,36
"4916",100,65,4.24078206280379,35
"4917",100,66,7.93466607602004,34
"4918",100,67,5.48467714941671,33
"4919",100,68,3.9961486271738,32
"4920",100,69,7.9917562125106,31
"4921",100,70,4.68217497718559,30
"4922",100,71,4.52451189065549,29
"4923",100,72,4.65872318370724,28
"4924",100,73,4.23526419465953,27
"4925",100,74,3.77423123669301,26
"4926",100,75,2.3399727794122,25
"4927",100,76,2.81993657164881,24
"4928",100,77,5.11135522083439,23
"4929",100,78,6.80223196485362,22
"4930",100,79,5.16709266560992,21
"4931",100,80,2.95659234134084,20
"4932",100,81,2.84018588693717,19
"4933",100,82,2.83631712467356,18
"4934",100,83,4.37937812822598,17
"4935",100,84,6.55723772736953,16
"4936",100,85,6.93764325294122,15
"4937",100,86,6.06689465991934,14
"4938",100,87,7.59029896986207,13
"4939",100,88,7.07420728279919,12
"4940",100,89,4.05618829051249,11
"4941",100,90,4.33660040793827,10
"4942",100,91,5.15312651094992,9
"4943",100,92,3.99912130502845,8
"4944",100,93,3.85128116917334,7
"4945",100,94,8.06964880314143,6
"4946",100,95,5.09088715961605,5
"4947",100,96,4.80731754063242,4
"4948",100,97,2.03737607800064,3
"4949",100,98,3.00323384686486,2
"4950",100,99,1.8264687303251,1
"4951",101,1,6.3128365185961,100
"4952",101,2,4.88558339150058,99
"4953",101,3,9.54858390649938,98
"4954",101,4,9.25988824507248,97
"4955",101,5,9.64101570629318,96
"4956",101,6,10.2903158705974,95
"4957",101,7,9.82534383647888,94
"4958",101,8,9.12787061737695,93
"4959",101,9,10.3674996883697,92
"4960",101,10,10.251806325339,91
"4961",101,11,9.47837327858386,90
"4962",101,12,8.23927367454887,89
"4963",101,13,9.32496988410924,88
"4964",101,14,10.4737683492465,87
"4965",101,15,9.26712694234312,86
"4966",101,16,9.21858855123816,85
"4967",101,17,9.80535095485781,84
"4968",101,18,9.19890269097885,83
"4969",101,19,6.41792223726204,82
"4970",101,20,8.38428777308433,81
"4971",101,21,9.35997241330058,80
"4972",101,22,12.7525255468517,79
"4973",101,23,11.1851038961227,78
"4974",101,24,11.6226624090572,77
"4975",101,25,9.08016039539136,76
"4976",101,26,7.80225812451209,75
"4977",101,27,9.0768982826355,74
"4978",101,28,9.20305529020207,73
"4979",101,29,9.04185900000029,72
"4980",101,30,8.88816127845574,71
"4981",101,31,9.28028767828436,70
"4982",101,32,10.1608717444852,69
"4983",101,33,6.69805767474916,68
"4984",101,34,9.36676358441792,67
"4985",101,35,9.42452780119855,66
"4986",101,36,9.27610077883013,65
"4987",101,37,8.23554245480945,64
"4988",101,38,8.42070774061449,63
"4989",101,39,8.21169188271357,62
"4990",101,40,10.7371502948131,61
"4991",101,41,10.5990094201434,60
"4992",101,42,10.4734354538176,59
"4993",101,43,8.64062412976482,58
"4994",101,44,6.85620400865908,57
"4995",101,45,6.47354053336498,56
"4996",101,46,8.66227657936798,55
"4997",101,47,7.34305072951076,54
"4998",101,48,5.07879321551217,53
"4999",101,49,3.06690668880629,52
"5000",101,50,9.02502852417335,51
"5001",101,51,8.5103377255306,50
"5002",101,52,5.96447964345226,49
"5003",101,53,9.34832191252353,48
"5004",101,54,10.6490642582974,47
"5005",101,55,5.99830321704424,46
"5006",101,56,4.13506686168374,45
"5007",101,57,8.02618563135723,44
"5008",101,58,6.6439377705957,43
"5009",101,59,4.45773759918085,42
"5010",101,60,7.98292755646529,41
"5011",101,61,6.36990654314079,40
"5012",101,62,10.4509302574942,39
"5013",101,63,7.79170581773315,38
"5014",101,64,4.74248911371336,37
"5015",101,65,5.33509139229962,36
"5016",101,66,7.13923175872013,35
"5017",101,67,9.31160596998662,34
"5018",101,68,6.70036338908383,33
"5019",101,69,8.82454174778395,32
"5020",101,70,6.26686477749297,31
"5021",101,71,6.42640764495637,30
"5022",101,72,5.26450942742657,29
"5023",101,73,8.06219301522943,28
"5024",101,74,6.62464952632205,27
"5025",101,75,5.50209317467342,26
"5026",101,76,5.01305314275258,25
"5027",101,77,3.18342486473602,24
"5028",101,78,4.59283011783956,23
"5029",101,79,7.40853795032746,22
"5030",101,80,3.36428933332852,21
"5031",101,81,4.11852672362537,20
"5032",101,82,6.03601757008621,19
"5033",101,83,6.87773853720328,18
"5034",101,84,8.20032255569786,17
"5035",101,85,9.13096791323169,16
"5036",101,86,8.91754704988343,15
"5037",101,87,9.7151362765761,14
"5038",101,88,8.81428768328347,13
"5039",101,89,7.20367990532067,12
"5040",101,90,8.20962869218747,11
"5041",101,91,6.06834137530941,10
"5042",101,92,6.51563448343038,9
"5043",101,93,6.75621882572082,8
"5044",101,94,3.14503696466562,7
"5045",101,95,4.29545284231614,6
"5046",101,96,5.60925385397577,5
"5047",101,97,5.21265587633663,4
"5048",101,98,6.34743609847177,3
"5049",101,99,7.54314119769075,2
"5050",101,100,5.71667246736565,1
"5051",102,1,4.23625373393769,101
"5052",102,2,3.10764797804963,100
"5053",102,3,7.77064849304843,99
"5054",102,4,7.48195283162152,98
"5055",102,5,7.86308029284223,97
"5056",102,6,8.51238045714646,96
"5057",102,7,8.04740842302793,95
"5058",102,8,7.349935203926,94
"5059",102,9,9.87958717678901,93
"5060",102,10,8.47387091188805,92
"5061",102,11,7.70043786513291,91
"5062",102,12,7.23511790188501,90
"5063",102,13,8.22647167642001,89
"5064",102,14,8.69583293579555,88
"5065",102,15,7.48919152889217,87
"5066",102,16,7.44065313778721,86
"5067",102,17,8.02741554140686,85
"5068",102,18,7.12231990632044,84
"5069",102,19,4.34133945260363,83
"5070",102,20,6.60635235963338,82
"5071",102,21,8.87205990171986,81
"5072",102,22,10.9745901334007,80
"5073",102,23,9.40716848267172,79
"5074",102,24,9.84472699560624,78
"5075",102,25,7.30222498194041,77
"5076",102,26,6.21913283499191,76
"5077",102,27,7.29896286918455,75
"5078",102,28,7.12647250554367,74
"5079",102,29,7.26392358654934,73
"5080",102,30,7.04006504455724,72
"5081",102,31,7.50235226483341,71
"5082",102,32,8.08428895982678,70
"5083",102,33,4.62147489009075,69
"5084",102,34,7.66355820014478,68
"5085",102,35,7.6465923877476,67
"5086",102,36,7.19951799417172,66
"5087",102,37,6.45760704135851,65
"5088",102,38,6.35533885481642,64
"5089",102,39,7.72377937113285,63
"5090",102,40,8.95921488136218,62
"5091",102,41,8.82107400669249,61
"5092",102,42,8.69550004036669,60
"5093",102,43,6.86268871631387,59
"5094",102,44,5.07826859520813,58
"5095",102,45,5.98562802178427,57
"5096",102,46,7.31339505776801,56
"5097",102,47,5.56511531605981,55
"5098",102,48,3.30085780206122,54
"5099",102,49,1.96166131682411,53
"5100",102,50,8.53711601259263,52
"5101",102,51,6.73240231207965,51
"5102",102,52,5.04405375729148,50
"5103",102,53,7.57038649907258,49
"5104",102,54,8.87112884484644,48
"5105",102,55,4.22036780359329,47
"5106",102,56,3.64715435010302,46
"5107",102,57,6.24825021790627,45
"5108",102,58,4.86600235714475,44
"5109",102,59,2.76630188797728,43
"5110",102,60,6.20499214301434,42
"5111",102,61,5.4491425120516,41
"5112",102,62,8.67299484404324,40
"5113",102,63,6.0137704042822,39
"5114",102,64,2.66590632905496,38
"5115",102,65,4.54853150951145,37
"5116",102,66,6.65131924713941,36
"5117",102,67,7.53367055653567,35
"5118",102,68,4.62378060442542,34
"5119",102,69,7.046606334333,33
"5120",102,70,4.48892936404202,32
"5121",102,71,4.64847223150542,31
"5122",102,72,3.48657401397562,30
"5123",102,73,6.28425760177848,29
"5124",102,74,4.84671411287109,28
"5125",102,75,3.42551039001502,27
"5126",102,76,3.23511772930163,26
"5127",102,77,2.61216652657018,25
"5128",102,78,4.10491760625884,24
"5129",102,79,5.63060253687651,23
"5130",102,80,1.67324551246021,22
"5131",102,81,2.34059131017442,21
"5132",102,82,3.9594347854278,20
"5133",102,83,4.80115575254488,19
"5134",102,84,6.42238714224691,18
"5135",102,85,7.35303249978074,17
"5136",102,86,7.13961163643248,16
"5137",102,87,7.93720086312514,15
"5138",102,88,7.03635226983251,14
"5139",102,89,5.42574449186972,13
"5140",102,90,6.13304590752906,12
"5141",102,91,4.29040596185846,11
"5142",102,92,4.73769906997943,10
"5143",102,93,4.97828341226987,9
"5144",102,94,4.42955912043419,8
"5145",102,95,3.80754033073542,7
"5146",102,96,3.83131844052482,6
"5147",102,97,3.43472046288568,5
"5148",102,98,4.27085331381337,4
"5149",102,99,5.46655841303234,3
"5150",102,100,3.64008968270724,2
"5151",102,101,2.07658278465841,1
"5152",103,1,2.21580617497844,102
"5153",103,2,1.98358624813527,101
"5154",103,3,6.64658676313407,100
"5155",103,4,6.35789110170716,99
"5156",103,5,6.73901856292787,98
"5157",103,6,7.3883187272321,97
"5158",103,7,6.92334669311357,96
"5159",103,8,6.64691593217423,95
"5160",103,9,9.38660792787426,94
"5161",103,10,7.34980918197368,93
"5162",103,11,6.57637613521855,92
"5163",103,12,6.74213865297026,91
"5164",103,13,7.73349242750526,90
"5165",103,14,7.57177120588119,89
"5166",103,15,6.36512979897781,88
"5167",103,16,6.31659140787285,87
"5168",103,17,6.9033538114925,86
"5169",103,18,4.9225844248147,85
"5170",103,19,3.18269481157561,84
"5171",103,20,5.48229062971902,83
"5172",103,21,8.37908065280511,82
"5173",103,22,9.85052840348637,81
"5174",103,23,8.28310675275736,80
"5175",103,24,8.72066526569188,79
"5176",103,25,6.17816325202605,78
"5177",103,26,4.65047983448577,77
"5178",103,27,6.17490113927018,76
"5179",103,28,5.27799828762009,75
"5180",103,29,6.13986185663498,74
"5181",103,30,5.91600331464288,73
"5182",103,31,6.37829053491904,72
"5183",103,32,5.88455347832104,71
"5184",103,33,3.36611712339511,70
"5185",103,34,7.17057895123002,69
"5186",103,35,6.52253065783324,68
"5187",103,36,4.99978251266598,67
"5188",103,37,5.33354531144414,66
"5189",103,38,5.23127712490206,65
"5190",103,39,7.2308001222181,64
"5191",103,40,7.83515315144782,63
"5192",103,41,7.69701227677813,62
"5193",103,42,7.57143831045233,61
"5194",103,43,5.73862698639951,60
"5195",103,44,4.22123731414143,59
"5196",103,45,5.49264877286951,58
"5197",103,46,6.82041580885326,57
"5198",103,47,4.47159067429538,56
"5199",103,48,2.58103555768266,55
"5200",103,49,3.90248182776394,54
"5201",103,50,8.04413676367788,53
"5202",103,51,5.60834058216529,52
"5203",103,52,4.55107450837672,51
"5204",103,53,6.44632476915821,50
"5205",103,54,7.74706711493208,49
"5206",103,55,3.09630607367892,48
"5207",103,56,3.15417510118827,47
"5208",103,57,5.12418848799191,46
"5209",103,58,3.74194062723039,45
"5210",103,59,1.19764888747114,44
"5211",103,60,5.08093041309998,43
"5212",103,61,4.95616326313685,42
"5213",103,62,7.54893311412888,41
"5214",103,63,4.88970867436784,40
"5215",103,64,0.902166484413029,39
"5216",103,65,2.97987850900531,38
"5217",103,66,6.15833999822466,37
"5218",103,67,6.4096088266213,36
"5219",103,68,3.01230420582121,35
"5220",103,69,6.21543013471522,34
"5221",103,70,3.36486763412766,33
"5222",103,71,3.52441050159105,32
"5223",103,72,2.88239710591185,31
"5224",103,73,5.16019587186412,30
"5225",103,74,3.72265238295673,29
"5226",103,75,1.79917624771695,28
"5227",103,76,2.11105599938726,27
"5228",103,77,4.18081952707631,26
"5229",103,78,5.36187776365212,25
"5230",103,79,4.50654080696214,24
"5231",103,80,1.18026626354545,23
"5232",103,81,2.04665091148034,22
"5233",103,82,1.75969930392206,21
"5234",103,83,2.78070819358562,20
"5235",103,84,5.29832541233255,19
"5236",103,85,6.22897076986638,18
"5237",103,86,6.01554990651812,17
"5238",103,87,6.81313913321078,16
"5239",103,88,5.91229053991815,15
"5240",103,89,4.30168276195536,14
"5241",103,90,3.93331042602332,13
"5242",103,91,3.37680043315454,12
"5243",103,92,3.61363734006507,11
"5244",103,93,3.8542216823555,10
"5245",103,94,6.62929460193993,9
"5246",103,95,3.31456108182067,8
"5247",103,96,3.03099146283704,7
"5248",103,97,2.89393633087014,6
"5249",103,98,2.07111783230762,5
"5250",103,99,3.2668229315266,4
"5251",103,100,1.77632607779538,3
"5252",103,101,4.27631826616415,2
"5253",103,102,2.19973548150575,1
"5254",104,1,4.19254373229074,103
"5255",104,2,4.77608775179385,102
"5256",104,3,7.33997904129681,101
"5257",104,4,5.43450230245261,100
"5258",104,5,5.83509223274402,99
"5259",104,6,4.50234289362025,98
"5260",104,7,5.54669375301764,97
"5261",104,8,7.40034194070327,96
"5262",104,9,10.1400339364033,95
"5263",104,10,7.39183028343244,94
"5264",104,11,5.95015171221142,93
"5265",104,12,8.29059513130048,92
"5266",104,13,8.48691843603429,91
"5267",104,14,5.09802005114502,90
"5268",104,15,4.70851886930976,89
"5269",104,16,5.45254016809261,88
"5270",104,17,6.18454882403696,87
"5271",104,18,6.7230114957317,86
"5272",104,19,5.54280913309056,85
"5273",104,20,4.81256867917908,84
"5274",104,21,9.13250666133415,83
"5275",104,22,8.558255628602,82
"5276",104,23,8.93204597840883,81
"5277",104,24,7.07360042746422,80
"5278",104,25,4.81804716892984,79
"5279",104,26,9.15195657121604,78
"5280",104,27,5.34818880806406,77
"5281",104,28,6.11655238769807,76
"5282",104,29,5.65238939737603,75
"5283",104,30,5.47391790688097,74
"5284",104,31,6.33353003141938,73
"5285",104,32,6.74662837291041,72
"5286",104,33,7.27933477722384,71
"5287",104,34,7.92400495975906,70
"5288",104,35,4.68473719649383,69
"5289",104,36,7.17227304942333,68
"5290",104,37,3.63187254679145,67
"5291",104,38,5.00646436903971,66
"5292",104,39,7.98422613074713,65
"5293",104,40,6.9816624378932,64
"5294",104,41,7.7043865286494,63
"5295",104,42,4.68546247684048,62
"5296",104,43,5.313448443019,61
"5297",104,44,4.97466332267046,60
"5298",104,45,6.24607478139855,59
"5299",104,46,7.5738418173823,58
"5300",104,47,5.22501668282442,57
"5301",104,48,2.39665539479901,56
"5302",104,49,3.04040693317457,55
"5303",104,50,8.79756277220692,54
"5304",104,51,5.6495293268772,53
"5305",104,52,6.17287849064359,52
"5306",104,53,6.27320744275043,51
"5307",104,54,4.86109128132022,50
"5308",104,55,5.95724487678777,49
"5309",104,56,6.21703231661832,48
"5310",104,57,4.21170449000455,47
"5311",104,58,3.11119709550833,46
"5312",104,59,5.69912562420141,45
"5313",104,60,4.94498323762363,44
"5314",104,61,5.70958927166589,43
"5315",104,62,7.65564394150659,42
"5316",104,63,5.35477622240882,41
"5317",104,64,5.00026556429653,40
"5318",104,65,7.48135524573558,39
"5319",104,66,7.05815175842339,38
"5320",104,67,3.78244391898201,37
"5321",104,68,6.13304020320715,36
"5322",104,69,6.96885614324426,35
"5323",104,70,5.12687039090295,34
"5324",104,71,4.22992362674788,33
"5325",104,72,3.63582311444089,32
"5326",104,73,2.95638841458957,31
"5327",104,74,4.30077197698458,30
"5328",104,75,4.49172209913941,29
"5329",104,76,2.63740662081323,28
"5330",104,77,2.80892612504351,27
"5331",104,78,4.49980286906275,26
"5332",104,79,4.14419259634357,25
"5333",104,80,4.58218929139901,24
"5334",104,81,2.45482582524993,23
"5335",104,82,5.83573769842046,22
"5336",104,83,6.92524086461437,21
"5337",104,84,5.53433765810319,20
"5338",104,85,5.91474318367487,19
"5339",104,86,5.043994590653,18
"5340",104,87,6.56739890059573,17
"5341",104,88,6.05130721353285,16
"5342",104,89,4.46191742257845,15
"5343",104,90,7.57717359087006,14
"5344",104,91,6.09108556938141,13
"5345",104,92,4.50008790187593,12
"5346",104,93,2.828381099907,11
"5347",104,94,5.76721970735056,10
"5348",104,95,5.43498018571583,9
"5349",104,96,3.78441747136607,8
"5350",104,97,1.60754040586013,7
"5351",104,98,5.95808118953019,6
"5352",104,99,4.7111053593867,5
"5353",104,100,3.24057318293179,4
"5354",104,101,5.78797297697717,3
"5355",104,102,4.01003756352622,2
"5356",104,103,4.50147673673027,1
"5357",105,1,3.15332210837329,104
"5358",105,2,2.02197712903776,103
"5359",105,3,6.34503871781515,102
"5360",105,4,5.48581452872172,101
"5361",105,5,5.86694198994242,100
"5362",105,6,6.51624215424665,99
"5363",105,7,6.05127012012813,98
"5364",105,8,6.40540161722161,97
"5365",105,9,9.14509361292165,96
"5366",105,10,6.47773260898824,95
"5367",105,11,5.90752122575251,94
"5368",105,12,6.50062433801764,93
"5369",105,13,7.49197811255264,92
"5370",105,14,6.69969463289574,91
"5371",105,15,5.49305322599236,90
"5372",105,16,5.4445148348874,89
"5373",105,17,6.03127723850706,88
"5374",105,18,6.03938828075604,87
"5375",105,19,3.25840782703923,86
"5376",105,20,4.61021405673358,85
"5377",105,21,8.13756633785249,84
"5378",105,22,8.97845183050093,83
"5379",105,23,7.93710565492718,82
"5380",105,24,7.84858869270643,81
"5381",105,25,5.3060866790406,80
"5382",105,26,6.39784594845994,79
"5383",105,27,5.52132079707674,78
"5384",105,28,6.04354087997926,77
"5385",105,29,5.26778528364953,76
"5386",105,30,5.72864686823293,75
"5387",105,31,5.5062139619336,74
"5388",105,32,7.00135733426238,73
"5389",105,33,4.52522415446774,72
"5390",105,34,6.92906463627741,71
"5391",105,35,5.65045408484779,70
"5392",105,36,6.11658636860732,69
"5393",105,37,4.4614687384587,68
"5394",105,38,5.26119333039168,67
"5395",105,39,6.98928580726548,66
"5396",105,40,6.96307657846238,65
"5397",105,41,6.82493570379269,64
"5398",105,42,6.69936173746688,63
"5399",105,43,4.86655041341406,62
"5400",105,44,3.97972299918881,61
"5401",105,45,5.2511344579169,60
"5402",105,46,6.57890149390064,59
"5403",105,47,4.23007635934276,58
"5404",105,48,1.40171507131736,57
"5405",105,49,2.7856779718226,56
"5406",105,50,7.80262244872527,55
"5407",105,51,4.73626400917985,54
"5408",105,52,4.30956019342411,53
"5409",105,53,5.57424819617277,52
"5410",105,54,6.87499054194663,51
"5411",105,55,3.20313425403168,50
"5412",105,56,3.46292169386223,49
"5413",105,57,4.25211191500647,48
"5414",105,58,2.98751587082525,47
"5415",105,59,2.94501500144531,46
"5416",105,60,4.20885384011453,45
"5417",105,61,4.71464894818424,44
"5418",105,62,6.67685654114343,43
"5419",105,63,4.01763210138239,42
"5420",105,64,2.24615494154043,41
"5421",105,65,4.72724462297948,40
"5422",105,66,5.91682568327204,39
"5423",105,67,5.53753225363586,38
"5424",105,68,3.54084897886102,37
"5425",105,69,5.9739158197626,36
"5426",105,70,2.66433458443759,35
"5427",105,71,2.65233392860561,34
"5428",105,72,2.64088279095924,33
"5429",105,73,4.28811929887868,32
"5430",105,74,2.85057580997129,31
"5431",105,75,2.34257876445061,30
"5432",105,76,1.23897942640182,29
"5433",105,77,2.55419716369155,28
"5434",105,78,4.24507390771078,27
"5435",105,79,3.6344642339767,26
"5436",105,80,1.82807866864291,25
"5437",105,81,0.344453007274611,24
"5438",105,82,3.08162707566436,23
"5439",105,83,4.17113024185827,22
"5440",105,84,4.53939733462154,21
"5441",105,85,5.35689419688094,20
"5442",105,86,5.14347333353267,19
"5443",105,87,5.94106256022534,18
"5444",105,88,5.0563668900512,17
"5445",105,89,3.42960618896992,16
"5446",105,90,5.05011428196466,15
"5447",105,91,3.33697494662531,14
"5448",105,92,2.74156076707962,13
"5449",105,93,2.98214510937006,12
"5450",105,94,5.51249074599859,11
"5451",105,95,3.07304676686805,10
"5452",105,96,2.78947714788442,9
"5453",105,97,1.43858215998587,8
"5454",105,98,3.20397056677409,7
"5455",105,99,4.38362678746794,6
"5456",105,100,2.55715805714284,5
"5457",105,101,3.77407371635076,4
"5458",105,102,1.99613830289981,3
"5459",105,103,1.74736611397417,2
"5460",105,104,2.7541106227561,1
"5461",106,1,3.99965605318482,105
"5462",106,2,3.76743612634165,104
"5463",106,3,8.43043664134045,103
"5464",106,4,8.14174097991354,102
"5465",106,5,8.52286844113425,101
"5466",106,6,9.17216860543848,100
"5467",106,7,8.70719657131995,99
"5468",106,8,8.00972335221802,98
"5469",106,9,8.82448632624239,97
"5470",106,10,9.13365906018007,96
"5471",106,11,8.36022601342493,95
"5472",106,12,7.12112640938994,94
"5473",106,13,8.20682261895031,93
"5474",106,14,9.35562108408757,92
"5475",106,15,8.14897967718419,91
"5476",106,16,8.10044128607923,90
"5477",106,17,8.68720368969888,89
"5478",106,18,6.13498262248816,88
"5479",106,19,4.96654468978199,87
"5480",106,20,7.2661405079254,86
"5481",106,21,7.81695905117324,85
"5482",106,22,11.6343782816928,84
"5483",106,23,10.0669566309637,83
"5484",106,24,10.5045151438983,82
"5485",106,25,7.96201313023243,81
"5486",106,26,4.72713760308295,80
"5487",106,27,7.95875101747657,79
"5488",106,28,7.06184816582647,78
"5489",106,29,7.92371173484136,77
"5490",106,30,7.69985319284926,76
"5491",106,31,8.16214041312543,75
"5492",106,32,7.52859266066433,74
"5493",106,33,4.79384836969293,73
"5494",106,34,8.24861631925899,72
"5495",106,35,8.30638053603962,71
"5496",106,36,5.85363175709024,70
"5497",106,37,7.11739518965052,69
"5498",106,38,7.01512700310844,68
"5499",106,39,6.66867852058622,67
"5500",106,40,9.6190030296542,66
"5501",106,41,9.48086215498451,65
"5502",106,42,9.35528818865871,64
"5503",106,43,7.52247686460589,63
"5504",106,44,5.73805674350014,62
"5505",106,45,4.93052717123764,61
"5506",106,46,7.54412931420905,60
"5507",106,47,6.22490346435183,59
"5508",106,48,4.07315779309666,58
"5509",106,49,5.02243655274424,57
"5510",106,50,7.48201516204601,56
"5511",106,51,7.39219046037167,55
"5512",106,52,4.84633237829332,54
"5513",106,53,8.2301746473646,53
"5514",106,54,9.53091699313846,52
"5515",106,55,4.88015595188531,51
"5516",106,56,2.59205349955639,50
"5517",106,57,6.9080383661983,49
"5518",106,58,5.52579050543677,48
"5519",106,59,1.19620281660092,47
"5520",106,60,6.86478029130636,46
"5521",106,61,5.25175927798186,45
"5522",106,62,9.33278299233526,44
"5523",106,63,6.67355855257422,43
"5524",106,64,2.65339838260237,42
"5525",106,65,1.48775627359131,41
"5526",106,66,5.59621839659278,40
"5527",106,67,8.19345870482769,39
"5528",106,68,4.7961540840276,38
"5529",106,69,7.70639448262502,37
"5530",106,70,5.14871751233404,36
"5531",106,71,5.30826037979744,35
"5532",106,72,4.14636216226764,34
"5533",106,73,6.9440457500705,33
"5534",106,74,5.50650226116311,32
"5535",106,75,3.58302612592333,31
"5536",106,76,3.89490587759365,30
"5537",106,77,5.67294176249031,29
"5538",106,78,4.50802851922787,28
"5539",106,79,6.29039068516852,27
"5540",106,80,1.97137465424746,26
"5541",106,81,3.53877314689434,25
"5542",106,82,3.26927926731642,24
"5543",106,83,4.56455807179201,23
"5544",106,84,7.08217529053893,22
"5545",106,85,8.01282064807276,21
"5546",106,86,7.7993997847245,20
"5547",106,87,8.59698901141716,19
"5548",106,88,7.69614041812453,18
"5549",106,89,6.08553264016174,17
"5550",106,90,4.78715967044758,16
"5551",106,91,4.95019411015048,15
"5552",106,92,5.39748721827145,14
"5553",106,93,5.63807156056189,13
"5554",106,94,5.77544535751568,12
"5555",106,95,2.75243948018879,11
"5556",106,96,4.49110658881684,10
"5557",106,97,4.38605856628414,9
"5558",106,98,3.62527102678356,8
"5559",106,99,4.26633184783823,7
"5560",106,100,2.75302578921247,6
"5561",106,101,3.84733511870831,5
"5562",106,102,3.06077523592013,4
"5563",106,103,1.78384987820638,3
"5564",106,104,5.99359897214427,2
"5565",106,105,3.23948834938817,1
"5566",107,1,5.51211400140635,106
"5567",107,2,3.80425793028633,105
"5568",107,3,5.55616257135336,104
"5569",107,4,6.75797424381906,103
"5570",107,5,5.64859437114716,102
"5571",107,6,6.81795590250204,101
"5572",107,7,6.08991440650994,100
"5573",107,8,5.89178238881863,99
"5574",107,9,6.92074022307821,98
"5575",107,10,6.30421369379055,97
"5576",107,11,8.26631311878557,96
"5577",107,12,5.88927063052927,95
"5578",107,13,5.33254854896322,94
"5579",107,14,7.26447784302469,93
"5580",107,15,5.5324235921565,92
"5581",107,16,5.28219637262815,91
"5582",107,17,6.59167707809827,90
"5583",107,18,8.3981801737891,89
"5584",107,19,5.61719972007229,88
"5585",107,20,5.18181434926323,87
"5586",107,21,5.91321294800905,86
"5587",107,22,8.76010421170566,85
"5588",107,23,7.19268256097665,84
"5589",107,24,7.79368970046548,83
"5590",107,25,6.93485913463428,82
"5591",107,26,7.00153560732234,81
"5592",107,27,7.8801126901098,80
"5593",107,28,8.40233277301232,79
"5594",107,29,7.36423379459135,78
"5595",107,30,8.08743876126599,77
"5596",107,31,6.95740612706143,76
"5597",107,32,9.36014922729544,75
"5598",107,33,5.89733515755941,74
"5599",107,34,5.3743422492719,73
"5600",107,35,6.85245297949758,72
"5601",107,36,8.47537826164038,71
"5602",107,37,5.43644668783513,70
"5603",107,38,7.61998522342474,69
"5604",107,39,5.54928682523869,68
"5605",107,40,6.94910697246948,67
"5606",107,41,6.60658808499742,66
"5607",107,42,6.84110935293873,65
"5608",107,43,5.51659421427853,64
"5609",107,44,2.86378267351306,63
"5610",107,45,3.02678106807346,62
"5611",107,46,4.66985524422196,61
"5612",107,47,3.35062939436474,60
"5613",107,48,1.42812687716863,59
"5614",107,49,1.92879064892137,58
"5615",107,50,5.57826905888183,57
"5616",107,51,4.51791639038458,56
"5617",107,52,3.77155398987238,55
"5618",107,53,6.67622287784646,54
"5619",107,54,6.65664292315137,53
"5620",107,55,4.93451123798092,52
"5621",107,56,3.81570781584711,51
"5622",107,57,4.81811870402785,50
"5623",107,58,5.34630776385831,49
"5624",107,59,3.6570150819911,48
"5625",107,60,4.73563887496852,47
"5626",107,61,2.4902955583408,46
"5627",107,62,6.45850892234817,45
"5628",107,63,5.55846822778347,44
"5629",107,64,3.94176659652362,43
"5630",107,65,5.08003074496437,42
"5631",107,66,4.65682725765217,41
"5632",107,67,5.3191846348406,40
"5633",107,68,5.89964087189408,39
"5634",107,69,4.83212041263793,38
"5635",107,70,4.56000813788454,37
"5636",107,71,3.98026732772296,36
"5637",107,72,1.91491072623156,35
"5638",107,73,4.30338112708527,34
"5639",107,74,4.99963821328782,33
"5640",107,75,4.70137065748367,32
"5641",107,76,2.6789711385912,31
"5642",107,77,2.69425849086877,30
"5643",107,78,1.88628201467772,29
"5644",107,79,3.41611661518144,28
"5645",107,80,2.56356681613877,27
"5646",107,81,2.07576406323873,26
"5647",107,82,5.23529505289646,25
"5648",107,83,6.07701602001353,24
"5649",107,84,4.41519699840539,23
"5650",107,85,5.13854657808567,22
"5651",107,86,5.11780577549122,21
"5652",107,87,5.72271494143007,20
"5653",107,88,4.82186634813744,19
"5654",107,89,5.45785698406084,18
"5655",107,90,7.40890617499772,17
"5656",107,91,4.8547483804151,16
"5657",107,92,4.86504902695207,15
"5658",107,93,2.76940444000497,14
"5659",107,94,3.15369885296553,13
"5660",107,95,3.03365568494461,12
"5661",107,96,1.61683251882975,11
"5662",107,97,2.87857387217526,10
"5663",107,98,5.54671358128202,9
"5664",107,99,6.742418680501,8
"5665",107,100,4.9159499501759,7
"5666",107,101,3.99242133514602,6
"5667",107,102,2.95884695371081,5
"5668",107,103,3.4755957489744,4
"5669",107,104,3.21929371332509,3
"5670",107,105,2.35879189303306,2
"5671",107,106,3.59227447137305,1
"5672",108,1,4.29008423529701,107
"5673",108,2,4.79244746083427,106
"5674",108,3,7.38434660564428,105
"5675",108,4,5.53594447770972,104
"5676",108,5,5.87945979709149,103
"5677",108,6,5.921841837203,102
"5678",108,7,5.59106131736511,101
"5679",108,8,7.44470950505074,100
"5680",108,9,10.1844015007508,99
"5681",108,10,7.43619784777991,98
"5682",108,11,7.04428335267623,97
"5683",108,12,8.3069548403409,96
"5684",108,13,8.53128600038177,95
"5685",108,14,6.10529431585209,94
"5686",108,15,4.89865290894871,93
"5687",108,16,5.49690773244008,92
"5688",108,17,6.22891638838443,91
"5689",108,18,7.17615040767977,90
"5690",108,19,5.55916884213098,89
"5691",108,20,4.85693624352655,88
"5692",108,21,9.17687422568162,87
"5693",108,22,8.60262319294947,86
"5694",108,23,8.9764135427563,85
"5695",108,24,7.25418837566278,84
"5696",108,25,5.71282936852494,83
"5697",108,26,9.16831628025646,82
"5698",108,27,6.65808292400047,81
"5699",108,28,7.18030300690299,80
"5700",108,29,6.14220402848201,79
"5701",108,30,6.86540899515666,78
"5702",108,31,6.3498897404598,77
"5703",108,32,8.13811946118611,76
"5704",108,33,7.29569448626426,75
"5705",108,34,7.96837252410653,74
"5706",108,35,5.63042321338825,73
"5707",108,36,7.25334849553105,72
"5708",108,37,4.21441692172579,71
"5709",108,38,6.3979554573154,70
"5710",108,39,8.02859369509461,69
"5711",108,40,7.02603000224067,68
"5712",108,41,7.74875409299688,67
"5713",108,42,6.10496142042323,66
"5714",108,43,5.32980815205941,65
"5715",108,44,5.01903088701794,64
"5716",108,45,6.29044234574602,63
"5717",108,46,7.61820938172977,62
"5718",108,47,5.26938424717189,61
"5719",108,48,2.44102295914649,60
"5720",108,49,1.64891584489887,59
"5721",108,50,8.84193033655439,58
"5722",108,51,5.69389689122467,57
"5723",108,52,6.189238199684,56
"5724",108,53,6.28956715179085,55
"5725",108,54,6.28059022490298,54
"5726",108,55,5.97360458582819,53
"5727",108,56,6.23339202565874,52
"5728",108,57,4.25607205435202,51
"5729",108,58,4.12427799774898,50
"5730",108,59,5.71548533324182,49
"5731",108,60,4.98935080197111,48
"5732",108,61,5.75395683601336,47
"5733",108,62,7.70001150585407,46
"5734",108,63,5.37113593144923,45
"5735",108,64,5.01662527333694,44
"5736",108,65,7.49771495477599,43
"5737",108,66,7.0745114674638,42
"5738",108,67,4.9431319365922,41
"5739",108,68,6.14939991224757,40
"5740",108,69,7.01322370759173,39
"5741",108,70,5.14323009994336,38
"5742",108,71,4.24628333578829,37
"5743",108,72,3.68019067878837,36
"5744",108,73,3.69371898183502,35
"5745",108,74,4.31713168602499,34
"5746",108,75,4.50808180817982,33
"5747",108,76,2.65376632985365,32
"5748",108,77,1.41743503676782,31
"5749",108,78,4.4097319302206,30
"5750",108,79,4.18856016069105,29
"5751",108,80,4.59854900043942,28
"5752",108,81,2.47118553429034,27
"5753",108,82,5.85209740746087,26
"5754",108,83,6.94160057365479,25
"5755",108,84,5.57870522245066,24
"5756",108,85,5.95911074802234,23
"5757",108,86,5.08836215500047,22
"5758",108,87,6.6117664649432,21
"5759",108,88,6.09567477788032,20
"5760",108,89,4.47827713161886,19
"5761",108,90,7.59353329991048,18
"5762",108,91,6.10744527842182,17
"5763",108,92,4.51644761091635,16
"5764",108,93,2.87274866425447,15
"5765",108,94,4.37572861907486,14
"5766",108,95,5.45133989475624,13
"5767",108,96,3.82878503571355,12
"5768",108,97,1.65654410606592,11
"5769",108,98,5.97444089857061,10
"5770",108,99,5.52038891439167,9
"5771",108,100,3.69392018406657,8
"5772",108,101,4.36847403339441,7
"5773",108,102,2.94918344526455,6
"5774",108,103,4.51783644577068,5
"5775",108,104,1.41949894358275,4
"5776",108,105,2.77047033179651,3
"5777",108,106,6.00995868118468,2
"5778",108,107,3.26366127767257,1
"5779",109,1,3.20574703360507,108
"5780",109,2,3.78929105310819,107
"5781",109,3,8.03951608298095,106
"5782",109,4,5.46150122279803,105
"5783",109,5,6.53462927442816,104
"5784",109,6,6.43145292843491,103
"5785",109,7,6.24623079470179,102
"5786",109,8,8.09987898238741,101
"5787",109,9,10.8395709780874,100
"5788",109,10,8.09136732511658,99
"5789",109,11,5.89556855884539,98
"5790",109,12,8.19510170318344,97
"5791",109,13,9.18645547771844,96
"5792",109,14,6.614905407084,95
"5793",109,15,5.40826400018062,94
"5794",109,16,6.15207720977675,93
"5795",109,17,6.88408586572111,92
"5796",109,18,6.02743561384892,91
"5797",109,19,4.5560124344049,90
"5798",109,20,5.51210572086322,89
"5799",109,21,9.83204370301829,88
"5800",109,22,9.25779267028614,87
"5801",109,23,9.63158302009298,86
"5802",109,24,7.77313746914837,85
"5803",109,25,5.22129745322886,84
"5804",109,26,8.16515987253037,83
"5805",109,27,5.50936813016962,82
"5806",109,28,6.03158821307215,81
"5807",109,29,5.18299605783778,80
"5808",109,30,5.71669420132581,79
"5809",109,31,6.18149650173431,78
"5810",109,32,6.98940466735526,77
"5811",109,33,6.29253807853818,76
"5812",109,34,8.62354200144321,75
"5813",109,35,5.56566485903605,74
"5814",109,36,6.18547635073766,73
"5815",109,37,4.37667951264695,72
"5816",109,38,5.24924066348456,71
"5817",109,39,8.68376317243128,70
"5818",109,40,7.68119947957734,69
"5819",109,41,8.40392357033355,68
"5820",109,42,6.61457251165514,67
"5821",109,43,5.9625632775973,66
"5822",109,44,5.67420036435461,65
"5823",109,45,6.9456118230827,64
"5824",109,46,8.27337885906644,63
"5825",109,47,5.92455372450856,62
"5826",109,48,3.09619243648316,61
"5827",109,49,2.79763063872972,60
"5828",109,50,9.49709981389107,59
"5829",109,51,6.34906636856134,58
"5830",109,52,6.00403755858991,57
"5831",109,53,6.47039139651951,56
"5832",109,54,6.79020131613488,55
"5833",109,55,4.97044817810211,54
"5834",109,56,5.23023561793266,53
"5835",109,57,4.9112415316887,52
"5836",109,58,2.97556320391813,51
"5837",109,59,4.71232892551574,50
"5838",109,60,5.64452027930778,49
"5839",109,61,6.40912631335004,48
"5840",109,62,8.35518098319074,47
"5841",109,63,5.11309873145051,46
"5842",109,64,4.01346886561086,45
"5843",109,65,6.49455854704991,44
"5844",109,66,7.61130304843784,43
"5845",109,67,5.45274302782411,42
"5846",109,68,5.14624350452149,41
"5847",109,69,7.6683931849284,40
"5848",109,70,4.35881194960339,39
"5849",109,71,4.20114886307329,38
"5850",109,72,4.33536015612504,37
"5851",109,73,4.20333007306693,36
"5852",109,74,3.45086820911081,35
"5853",109,75,3.50492540045374,34
"5854",109,76,2.49657354406661,33
"5855",109,77,2.56614983059867,32
"5856",109,78,5.06490140755727,31
"5857",109,79,4.84372963802772,30
"5858",109,80,3.59539259271334,29
"5859",109,81,2.02267340472857,28
"5860",109,82,4.84894099973479,27
"5861",109,83,5.93844416592871,26
"5862",109,84,6.23387469978733,25
"5863",109,85,6.61428022535902,24
"5864",109,86,5.74353163233715,23
"5865",109,87,7.26693594227987,22
"5866",109,88,6.75084425521699,21
"5867",109,89,3.73282526293029,20
"5868",109,90,6.5903768921844,19
"5869",109,91,5.10428887069574,18
"5870",109,92,3.67575827744625,17
"5871",109,93,3.52791814159114,16
"5872",109,94,5.52444341290571,15
"5873",109,95,4.76752413203385,14
"5874",109,96,4.48395451305022,13
"5875",109,97,1.46670732911351,12
"5876",109,98,4.97128449084453,11
"5877",109,99,4.37167412056082,10
"5878",109,100,2.54520539023572,9
"5879",109,101,3.85886294216251,8
"5880",109,102,2.08092752871155,7
"5881",109,103,3.5146800380446,6
"5882",109,104,1.92911003481466,5
"5883",109,105,1.76731392407043,4
"5884",109,106,5.0068022734586,3
"5885",109,107,3.91883075500924,2
"5886",109,108,1.14871479383084,1
"5887",110,1,5.91562657521628,109
"5888",110,2,4.37980823921008,108
"5889",110,3,7.93533626846134,107
"5890",110,4,7.48058543603858,106
"5891",110,5,7.86171289725928,105
"5892",110,6,8.51101306156351,104
"5893",110,7,8.04604102744498,103
"5894",110,8,7.9956991678678,102
"5895",110,9,10.7353911635678,101
"5896",110,10,8.4725035163051,100
"5897",110,11,8.6698256925955,99
"5898",110,12,8.09092188866382,98
"5899",110,13,9.08227566319882,97
"5900",110,14,8.6944655402126,96
"5901",110,15,7.48782413330922,95
"5902",110,16,7.43928574220426,94
"5903",110,17,8.02604814582391,93
"5904",110,18,8.80169274759903,92
"5905",110,19,6.02071229388222,91
"5906",110,20,6.60498496405043,90
"5907",110,21,9.72786388849868,89
"5908",110,22,10.9732227378178,88
"5909",110,23,9.52740320557336,87
"5910",110,24,9.84335960002329,86
"5911",110,25,7.33837170844421,85
"5912",110,26,8.75567705863227,84
"5913",110,27,8.28362526391973,83
"5914",110,28,8.80584534682226,82
"5915",110,29,7.76774636840128,81
"5916",110,30,8.49095133507593,80
"5917",110,31,7.50098486925046,79
"5918",110,32,9.76366180110537,78
"5919",110,33,6.88305526464007,77
"5920",110,34,8.51936218692359,76
"5921",110,35,7.64522499216465,75
"5922",110,36,8.87889083545031,74
"5923",110,37,6.45623964577556,73
"5924",110,38,8.02349779723467,72
"5925",110,39,8.57958335791166,71
"5926",110,40,8.95784748577923,70
"5927",110,41,8.81970661110955,69
"5928",110,42,8.69413264478374,68
"5929",110,43,6.86132132073092,67
"5930",110,44,5.57002054983499,66
"5931",110,45,6.84143200856308,65
"5932",110,46,8.16919904454683,64
"5933",110,47,5.82037390998895,63
"5934",110,48,3.29949040647827,62
"5935",110,49,1.88586029156825,61
"5936",110,50,9.39291999937145,60
"5937",110,51,6.7310349164967,59
"5938",110,52,5.89985774407029,58
"5939",110,53,7.56901910348963,57
"5940",110,54,8.86976144926349,56
"5941",110,55,5.560965364204,55
"5942",110,56,5.82075280403455,54
"5943",110,57,6.24688282232333,53
"5944",110,58,5.74982033766825,52
"5945",110,59,5.30284611161763,51
"5946",110,60,6.20362474743139,50
"5947",110,61,6.30494649883042,49
"5948",110,62,8.67162744846029,48
"5949",110,63,6.01240300869925,47
"5950",110,64,4.60398605171275,46
"5951",110,65,7.0850757331518,45
"5952",110,66,7.50712323391822,44
"5953",110,67,7.53230316095272,43
"5954",110,68,6.30315344570401,42
"5955",110,69,7.56421337040879,41
"5956",110,70,4.96352071169447,40
"5957",110,71,4.64710483592247,39
"5958",110,72,4.23118034160542,38
"5959",110,73,6.28289020619554,37
"5960",110,74,5.40315078709775,36
"5961",110,75,5.10488323129361,35
"5962",110,76,3.23375033371868,34
"5963",110,77,1.40412205570212,33
"5964",110,78,4.96072159303766,32
"5965",110,79,5.62923514129356,31
"5966",110,80,4.18590977881523,30
"5967",110,81,2.47927663704867,29
"5968",110,82,5.63880762670639,28
"5969",110,83,6.52896135203059,27
"5970",110,84,6.42101974666396,26
"5971",110,85,7.35166510419779,25
"5972",110,86,7.13824424084953,24
"5973",110,87,7.9358334675422,23
"5974",110,88,7.03498487424957,22
"5975",110,89,5.86136955787078,21
"5976",110,90,7.81241874880766,20
"5977",110,91,5.69480605679763,19
"5978",110,92,5.268561600762,18
"5979",110,93,4.97691601668692,17
"5980",110,94,3.51292843986372,16
"5981",110,95,5.03870067313205,15
"5982",110,96,4.3797746985306,14
"5983",110,97,3.43335306730273,13
"5984",110,98,5.95022615509196,12
"5985",110,99,7.14593125431094,11
"5986",110,100,5.31946252398584,10
"5987",110,101,1.7793028090339,9
"5988",110,102,2.53654422364036,8
"5989",110,103,4.10519722414649,7
"5990",110,104,4.00867016794327,6
"5991",110,105,2.762304466843,5
"5992",110,106,5.59731945956049,4
"5993",110,107,3.81465094048962,3
"5994",110,108,2.58917122436051,2
"5995",110,109,2.77425713375011,1
"5996",111,1,6.42818880257677,110
"5997",111,2,4.72033273145675,109
"5998",111,3,5.90334041715089,108
"5999",111,4,7.67404904498948,107
"6000",111,5,5.9915233056259,106
"6001",111,6,7.73403070367246,105
"6002",111,7,7.00598920768036,104
"6003",111,8,6.80785718998905,103
"6004",111,9,6.66010042531797,102
"6005",111,10,7.22028849496097,101
"6006",111,11,9.18238791995599,100
"6007",111,12,6.77592682292834,99
"6008",111,13,6.12537803004506,98
"6009",111,14,8.18055264419512,97
"6010",111,15,6.44849839332692,96
"6011",111,16,6.19827117379858,95
"6012",111,17,7.50775187926869,94
"6013",111,18,9.31425497495952,93
"6014",111,19,6.53327452124271,92
"6015",111,20,6.09788915043366,91
"6016",111,21,5.96069989639216,90
"6017",111,22,8.70134967549639,89
"6018",111,23,7.52976251943111,88
"6019",111,24,8.7097645016359,87
"6020",111,25,7.8509339358047,86
"6021",111,26,7.91761040849276,85
"6022",111,27,8.79618749128022,84
"6023",111,28,9.31840757418275,83
"6024",111,29,8.28030859576177,82
"6025",111,30,9.00351356243641,81
"6026",111,31,7.87348092823185,80
"6027",111,32,10.2762240284659,79
"6028",111,33,6.81340995872983,78
"6029",111,34,5.72895568987731,77
"6030",111,35,7.76852778066801,76
"6031",111,36,9.3914530628108,75
"6032",111,37,6.35252148900555,74
"6033",111,38,8.53606002459516,73
"6034",111,39,5.89930701625688,72
"6035",111,40,7.8651817736399,71
"6036",111,41,6.95535254957855,70
"6037",111,42,7.75718415410915,69
"6038",111,43,6.43266901544895,68
"6039",111,44,3.48146557599203,67
"6040",111,45,2.40197192171195,66
"6041",111,46,4.61110070801269,65
"6042",111,47,3.51232074762223,64
"6043",111,48,2.34420167833905,63
"6044",111,49,2.55359979528288,62
"6045",111,50,4.95345991252032,61
"6046",111,51,4.46915217414322,60
"6047",111,52,4.57448029576837,59
"6048",111,53,7.59229767901688,58
"6049",111,54,6.81248530038458,57
"6050",111,55,5.85058603915134,56
"6051",111,56,4.1657280068653,55
"6052",111,57,5.73419350519828,54
"6053",111,58,6.26238256502873,53
"6054",111,59,4.57308988316152,52
"6055",111,60,5.65171367613894,51
"6056",111,61,2.89018235231842,50
"6057",111,62,6.3997543861389,49
"6058",111,63,6.47454302895389,48
"6059",111,64,4.85784139769404,47
"6060",111,65,5.43005093598255,46
"6061",111,66,5.00684744867036,45
"6062",111,67,5.4453115246861,44
"6063",111,68,6.8157156730645,43
"6064",111,69,4.77336587642866,42
"6065",111,70,5.47608293905496,41
"6066",111,71,4.89634212889338,40
"6067",111,72,2.83098552740198,39
"6068",111,73,5.21945592825569,38
"6069",111,74,5.91571301445824,37
"6070",111,75,5.61744545865409,36
"6071",111,76,3.59504593976163,35
"6072",111,77,3.31906763723028,34
"6073",111,78,0.970207213507299,33
"6074",111,79,4.25376135393895,32
"6075",111,80,3.47964161730919,31
"6076",111,81,2.99183886440916,30
"6077",111,82,6.15136985406688,29
"6078",111,83,6.99309082118396,28
"6079",111,84,5.33127179957582,27
"6080",111,85,5.0797920418764,26
"6081",111,86,6.03388057666164,25
"6082",111,87,5.6639604052208,24
"6083",111,88,4.76311181192817,23
"6084",111,89,6.37393178523126,22
"6085",111,90,8.32498097616814,21
"6086",111,91,5.77082318158552,20
"6087",111,92,5.78112382812249,19
"6088",111,93,3.68547924117539,18
"6089",111,94,2.49534203675451,17
"6090",111,95,3.3836758759628,16
"6091",111,96,2.41525550341987,15
"6092",111,97,3.79464867334568,14
"6093",111,98,6.46278838245245,13
"6094",111,99,7.65849348167142,12
"6095",111,100,5.83202475134632,11
"6096",111,101,4.07156861165303,10
"6097",111,102,3.58365610007231,9
"6098",111,103,4.39167055014483,8
"6099",111,104,3.8441028596866,7
"6100",111,105,3.27486669420348,6
"6101",111,106,3.94229466239124,5
"6102",111,107,0.916074801170422,4
"6103",111,108,3.88847042403407,3
"6104",111,109,4.54363990137074,2
"6105",111,110,4.43946008685113,1
"6106",112,1,2.02137242242593,111
"6107",112,2,1.16736836093693,110
"6108",112,3,4.69482569223487,109
"6109",112,4,3.65732109242627,108
"6110",112,5,4.03844855364698,107
"6111",112,6,4.68774871795121,106
"6112",112,7,4.22277668383268,105
"6113",112,8,4.75518859164133,104
"6114",112,9,7.49488058734137,103
"6115",112,10,4.7466769343705,102
"6116",112,11,3.87580612593766,101
"6117",112,12,4.85041131243736,100
"6118",112,13,5.84176508697236,99
"6119",112,14,4.8712011966003,98
"6120",112,15,3.66455978969692,97
"6121",112,16,3.61602139859196,96
"6122",112,17,4.20278380221161,95
"6123",112,18,3.42655388256584,94
"6124",112,19,0.64557342884903,93
"6125",112,20,2.78172062043813,92
"6126",112,21,6.48735331227221,91
"6127",112,22,7.14995839420548,90
"6128",112,23,6.2868926293469,89
"6129",112,24,6.02009525641099,88
"6130",112,25,3.47759324274516,87
"6131",112,26,3.96329196098491,86
"6132",112,27,3.47433112998929,85
"6133",112,28,3.43070648178907,84
"6134",112,29,3.43929184735409,83
"6135",112,30,3.21543330536199,82
"6136",112,31,3.67772052563815,81
"6137",112,32,4.38852293607218,80
"6138",112,33,2.09067016699271,79
"6139",112,34,5.27885161069713,78
"6140",112,35,3.82196064855235,77
"6141",112,36,3.50375197041712,76
"6142",112,37,2.63297530216325,75
"6143",112,38,2.64835893220148,74
"6144",112,39,5.3390727816852,73
"6145",112,40,5.13458314216693,72
"6146",112,41,5.05923317958747,71
"6147",112,42,4.87086830117144,70
"6148",112,43,3.03805697711862,69
"6149",112,44,2.40623551640165,68
"6150",112,45,6.31584712350084,67
"6151",112,46,4.92868846832036,66
"6152",112,47,2.57986333376248,65
"6153",112,48,3.54349941405463,64
"6154",112,49,5.3985123700128,63
"6155",112,50,8.62049138098774,62
"6156",112,51,3.00437597781526,61
"6157",112,52,2.65934716784383,60
"6158",112,53,3.74575475987732,59
"6159",112,54,5.04649710565119,58
"6160",112,55,1.20143138419702,57
"6161",112,56,2.27551633332958,56
"6162",112,57,2.42361847871102,55
"6163",112,58,2.0774675147228,54
"6164",112,59,3.28821707088635,53
"6165",112,60,2.38036040381909,52
"6166",112,61,3.06443592260396,51
"6167",112,62,5.01049059244466,50
"6168",112,63,2.18913866508695,49
"6169",112,64,1.8310215048849,48
"6170",112,65,3.86693245794532,47
"6171",112,66,4.26661265769176,46
"6172",112,67,3.70903881734042,45
"6173",112,68,0.944375592976021,44
"6174",112,69,6.58794143870347,43
"6175",112,70,1.01412155885731,42
"6176",112,71,0.991358963500297,41
"6177",112,72,3.0567155649917,40
"6178",112,73,2.81663596119358,39
"6179",112,74,1.02208237367584,38
"6180",112,75,1.32808063891608,37
"6181",112,76,2.5512579894179,36
"6182",112,77,5.16703156188175,35
"6183",112,78,6.85790830590098,34
"6184",112,79,1.94087128885434,33
"6185",112,80,2.51304523323981,32
"6186",112,81,2.89586222798453,31
"6187",112,82,1.21514062017085,30
"6188",112,83,1.73657625438324,29
"6189",112,84,2.88918430904126,28
"6190",112,85,3.52840076058549,27
"6191",112,86,3.31497989723723,26
"6192",112,87,4.11256912392989,25
"6193",112,88,3.40615386447092,24
"6194",112,89,1.60111275267447,23
"6195",112,90,2.43727988377446,22
"6196",112,91,1.48507309262165,21
"6197",112,92,0.913067330784179,20
"6198",112,93,3.17264577344784,19
"6199",112,94,8.12532514418879,18
"6200",112,95,4.137759432452,17
"6201",112,96,3.47244558897381,16
"6202",112,97,3.581124204371,15
"6203",112,98,0.859148860703714,14
"6204",112,99,2.46643967977122,13
"6205",112,100,3.66805341832828,12
"6206",112,101,5.77234880841301,11
"6207",112,102,3.82463173919525,10
"6208",112,103,2.70057000928089,9
"6209",112,104,5.18866461023113,8
"6210",112,105,2.6128343981902,7
"6211",112,106,4.48441988748727,6
"6212",112,107,4.97162629122326,5
"6213",112,108,5.20502431927154,4
"6214",112,109,4.20186791154546,3
"6215",112,110,5.37513886503319,2
"6216",112,111,5.88770109239368,1
"6217",113,1,3.00279368185812,112
"6218",113,2,3.23393635152501,111
"6219",113,3,7.89095430240585,110
"6220",113,4,7.14487860858685,109
"6221",113,5,7.52600606980755,108
"6222",113,6,8.17530623411179,107
"6223",113,7,7.71033419999326,106
"6224",113,8,7.95131720181231,105
"6225",113,9,10.6910091975123,104
"6226",113,10,8.13679668885337,103
"6227",113,11,7.36336364209824,102
"6228",113,12,8.04653992260834,101
"6229",113,13,9.03789369714334,100
"6230",113,14,8.35875871276087,99
"6231",113,15,7.15211730585749,98
"6232",113,16,7.10357891475253,97
"6233",113,17,7.69034131837219,96
"6234",113,18,5.13812025116146,95
"6235",113,19,3.96968231845529,94
"6236",113,20,6.26927813659871,93
"6237",113,21,9.68348192244319,92
"6238",113,22,10.6375159103661,91
"6239",113,23,9.48302123951787,90
"6240",113,24,9.50765277257156,89
"6241",113,25,6.96515075890573,88
"6242",113,26,5.37222897065249,87
"6243",113,27,6.96188864614987,86
"6244",113,28,6.06498579449977,85
"6245",113,29,6.92684936351466,84
"6246",113,30,6.70299082152256,83
"6247",113,31,7.16527804179873,82
"6248",113,32,6.53173028933763,81
"6249",113,33,4.67051839303319,80
"6250",113,34,8.4749802208681,79
"6251",113,35,7.30951816471292,78
"6252",113,36,4.86236288927182,77
"6253",113,37,6.12053281832383,76
"6254",113,38,6.01826463178174,75
"6255",113,39,8.53520139185618,74
"6256",113,40,8.62214065832751,73
"6257",113,41,8.48399978365782,72
"6258",113,42,8.35842581733202,71
"6259",113,43,6.5256144932792,70
"6260",113,44,5.52563858377951,69
"6261",113,45,6.7970500425076,68
"6262",113,46,8.12481707849134,67
"6263",113,47,5.77599194393346,66
"6264",113,48,2.96378357902654,65
"6265",113,49,4.0399014511581,64
"6266",113,50,9.34853803331596,63
"6267",113,51,6.39532808904498,62
"6268",113,52,5.85547577801481,61
"6269",113,53,7.2333122760379,60
"6270",113,54,8.53405462181176,59
"6271",113,55,4.39755999436799,58
"6272",113,56,4.45857637082635,57
"6273",113,57,5.9111759948716,56
"6274",113,58,4.52892813411007,55
"6275",113,59,1.73298376248706,54
"6276",113,60,5.86791791997967,53
"6277",113,61,6.26056453277493,52
"6278",113,62,8.33592062100856,51
"6279",113,63,5.67669618124752,50
"6280",113,64,2.20656775405111,49
"6281",113,65,3.35987264836955,48
"6282",113,66,7.46274126786274,47
"6283",113,67,7.19659633350099,46
"6284",113,68,3.7992917127009,45
"6285",113,69,7.5198314043533,44
"6286",113,70,4.21025016902829,43
"6287",113,71,4.31139800847074,42
"6288",113,72,4.18679837554994,41
"6289",113,73,5.94718337874381,40
"6290",113,74,4.50963988983642,39
"6291",113,75,2.58616375459664,38
"6292",113,76,2.89804350626695,37
"6293",113,77,3.80842064302705,36
"6294",113,78,5.49929738704628,35
"6295",113,79,5.29352831384183,34
"6296",113,80,2.48466753318354,33
"6297",113,81,2.00351708713974,32
"6298",113,82,2.36439231651626,31
"6299",113,83,3.90745332006868,30
"6300",113,84,6.08531291921223,29
"6301",113,85,7.01595827674607,28
"6302",113,86,6.80253741339781,27
"6303",113,87,7.60012664009047,26
"6304",113,88,6.69927804679784,25
"6305",113,89,5.08867026883505,24
"6306",113,90,3.79589080262916,23
"6307",113,91,4.68120170279262,22
"6308",113,92,4.40062484694475,21
"6309",113,93,4.64120918923519,20
"6310",113,94,6.76671422533409,19
"6311",113,95,4.61896235145875,18
"6312",113,96,4.33539273247512,17
"6313",113,97,3.097646239851,16
"6314",113,98,2.62840865545686,15
"6315",113,99,3.26946947651153,14
"6316",113,100,1.71191918408428,13
"6317",113,101,4.41373788955831,12
"6318",113,102,2.33715510489991,11
"6319",113,103,1.30440126963808,10
"6320",113,104,4.12148259736603,9
"6321",113,105,1.65906407986513,8
"6322",113,106,1.87211637477823,7
"6323",113,107,3.77026897443414,6
"6324",113,108,4.13784230640645,5
"6325",113,109,3.13468589868037,4
"6326",113,110,4.0165279461785,3
"6327",113,111,4.52909017353899,2
"6328",113,112,3.48755751616058,1
"6329",114,1,3.78924925348291,113
"6330",114,2,5.02312169161632,112
"6331",114,3,9.68013964249716,111
"6332",114,4,7.93133418021163,110
"6333",114,5,8.31246164143234,109
"6334",114,6,8.96176180573657,108
"6335",114,7,8.49678977161804,107
"6336",114,8,9.74050254190362,106
"6337",114,9,12.4801945376037,105
"6338",114,10,9.73199088463279,104
"6339",114,11,8.14981921372302,103
"6340",114,12,9.83572526269965,102
"6341",114,13,10.8270790372347,101
"6342",114,14,9.14521428438566,100
"6343",114,15,7.93857287748228,99
"6344",114,16,7.89003448637731,98
"6345",114,17,8.52470942523732,97
"6346",114,18,6.6080858163912,96
"6347",114,19,5.17600984656741,95
"6348",114,20,7.15272928037943,94
"6349",114,21,11.4726672625345,93
"6350",114,22,11.4239714819908,92
"6351",114,23,11.2722065796092,91
"6352",114,24,10.2941083441963,90
"6353",114,25,7.75160633053051,89
"6354",114,26,7.8561247572872,88
"6355",114,27,7.74834421777465,87
"6356",114,28,6.85144136612455,86
"6357",114,29,7.71330493513944,85
"6358",114,30,7.48944639314734,84
"6359",114,31,7.95173361342351,83
"6360",114,32,7.57005486989754,82
"6361",114,33,6.4597037331245,81
"6362",114,34,10.2641655609594,80
"6363",114,35,8.09597373633771,79
"6364",114,36,6.68528390424247,78
"6365",114,37,6.90698838994861,77
"6366",114,38,6.80472020340653,76
"6367",114,39,10.3243867319475,75
"6368",114,40,9.40859622995229,74
"6369",114,41,10.0445471298498,73
"6370",114,42,9.1448813889568,72
"6371",114,43,7.60318683711351,71
"6372",114,44,7.31482392387082,70
"6373",114,45,8.58623538259891,69
"6374",114,46,9.91400241858265,68
"6375",114,47,7.56517728402477,67
"6376",114,48,4.73681599599937,66
"6377",114,49,3.63066366560408,65
"6378",114,50,11.1377233734073,64
"6379",114,51,7.98968992807755,63
"6380",114,52,7.64466111810612,62
"6381",114,53,8.11101495603572,61
"6382",114,54,9.32051019343655,60
"6383",114,55,6.1867453344593,59
"6384",114,56,6.24776171091766,58
"6385",114,57,6.69763156649638,57
"6386",114,58,5.31538370573485,56
"6387",114,59,4.40329381027256,55
"6388",114,60,7.28514383882399,54
"6389",114,61,8.04974987286624,53
"6390",114,62,9.99580454270695,52
"6391",114,63,6.75372229096672,51
"6392",114,64,3.99575309414242,50
"6393",114,65,6.18552343180674,49
"6394",114,66,9.25192660795405,48
"6395",114,67,7.98305190512577,47
"6396",114,68,5.31340915910781,46
"6397",114,69,9.30901674444461,45
"6398",114,70,5.9994355091196,44
"6399",114,71,5.8417724225895,43
"6400",114,72,5.97598371564125,42
"6401",114,73,6.73363895036859,41
"6402",114,74,5.2960954614612,40
"6403",114,75,3.65723331134621,39
"6404",114,76,4.13719710358282,38
"6405",114,77,2.86519582365668,37
"6406",114,78,6.70552496707348,36
"6407",114,79,6.48435319754393,35
"6408",114,80,4.27385287327485,34
"6409",114,81,3.66329696424478,33
"6410",114,82,4.53990588449161,32
"6411",114,83,5.69663866015999,31
"6412",114,84,7.87449825930354,30
"6413",114,85,8.25490378487522,29
"6414",114,86,7.58899298502259,28
"6415",114,87,8.90755950179608,27
"6416",114,88,8.3914678147332,26
"6417",114,89,5.87512584045983,25
"6418",114,90,6.28134177694122,24
"6419",114,91,6.47038704288393,23
"6420",114,92,5.31638183696246,22
"6421",114,93,5.42766476085997,21
"6422",114,94,5.25773181389954,20
"6423",114,95,6.40814769155006,19
"6424",114,96,6.12457807256643,18
"6425",114,97,3.88410181147578,17
"6426",114,98,4.66224937560135,16
"6427",114,99,4.9523243231031,15
"6428",114,100,3.125855592778,14
"6429",114,101,2.59081687458765,13
"6430",114,102,2.60060736081464,12
"6431",114,103,3.20564492280142,11
"6432",114,104,4.45941891211632,10
"6433",114,105,3.33510092468201,9
"6434",114,106,4.69776715821542,8
"6435",114,107,5.55945431452545,7
"6436",114,108,3.03991996853357,6
"6437",114,109,2.53030887730166,5
"6438",114,110,2.19360693120784,4
"6439",114,111,6.18426346088695,3
"6440",114,112,4.98531395026229,2
"6441",114,113,2.82565078343719,1
"6442",115,1,4.26674068081541,114
"6443",115,2,5.28641763789749,113
"6444",115,3,9.94343558877833,112
"6445",115,4,8.0166618495577,111
"6446",115,5,8.43854878022554,110
"6447",115,6,9.04708947508264,109
"6448",115,7,8.58211744096411,108
"6449",115,8,10.0037984881848,107
"6450",115,9,12.7434904838848,106
"6451",115,10,9.99528683091396,105
"6452",115,11,8.23514688306909,104
"6453",115,12,10.0990212089808,103
"6454",115,13,11.0903749835158,102
"6455",115,14,9.23054195373173,101
"6456",115,15,8.02390054682835,100
"6457",115,16,8.05599671557413,99
"6458",115,17,8.78800537151849,98
"6459",115,18,7.15280685319816,97
"6460",115,19,5.43930579284858,96
"6461",115,20,7.4160252266606,95
"6462",115,21,11.7359632088157,94
"6463",115,22,11.5092991513369,93
"6464",115,23,11.5355025258904,92
"6465",115,24,10.3794360135424,91
"6466",115,25,7.83693399987659,90
"6467",115,26,8.57881407102926,89
"6468",115,27,7.83367188712072,88
"6469",115,28,7.15695945242139,87
"6470",115,29,7.79863260448552,86
"6471",115,30,7.57477406249342,85
"6472",115,31,8.08541600753169,84
"6473",115,32,8.1147759067045,83
"6474",115,33,6.72299967940567,82
"6475",115,34,10.5274615072406,81
"6476",115,35,8.18130140568378,80
"6477",115,36,7.23000494104944,79
"6478",115,37,6.99231605929468,78
"6479",115,38,6.8900478727526,77
"6480",115,39,10.5876826782287,76
"6481",115,40,9.58511898537472,75
"6482",115,41,10.3078430761309,74
"6483",115,42,9.23020905830287,73
"6484",115,43,7.86648278339468,72
"6485",115,44,7.57811987015199,71
"6486",115,45,8.84953132888008,70
"6487",115,46,10.1772983648638,69
"6488",115,47,7.82847323030594,68
"6489",115,48,5.00011194228054,67
"6490",115,49,3.89395961188525,66
"6491",115,50,11.4010193196884,65
"6492",115,51,8.25298587435872,64
"6493",115,52,7.90795706438729,63
"6494",115,53,8.37431090231689,62
"6495",115,54,9.40583786278262,61
"6496",115,55,6.45004128074048,60
"6497",115,56,6.51105765719883,59
"6498",115,57,6.81516103748607,58
"6499",115,58,5.40071137508093,57
"6500",115,59,5.12598312401463,56
"6501",115,60,7.54843978510516,55
"6502",115,61,8.31304581914742,54
"6503",115,62,10.2591004889881,53
"6504",115,63,7.01701823724789,52
"6505",115,64,4.42712306410974,51
"6506",115,65,6.9082127455488,50
"6507",115,66,9.51522255423522,49
"6508",115,67,8.06837957447185,48
"6509",115,68,5.57670510538898,47
"6510",115,69,9.57231269072578,46
"6511",115,70,6.26273145540077,45
"6512",115,71,6.10506836887067,44
"6513",115,72,6.23927966192242,43
"6514",115,73,6.81896661971466,42
"6515",115,74,5.38142313080727,41
"6516",115,75,3.92052925762738,40
"6517",115,76,4.40049304986399,39
"6518",115,77,3.12849176993785,38
"6519",115,78,6.96882091335465,37
"6520",115,79,6.7476491438251,36
"6521",115,80,4.53714881955602,35
"6522",115,81,3.92659291052595,34
"6523",115,82,5.26259519823368,33
"6524",115,83,6.35209836442759,32
"6525",115,84,8.13779420558472,31
"6526",115,85,8.5181997311564,30
"6527",115,86,7.67432065436866,29
"6528",115,87,9.17085544807725,28
"6529",115,88,8.65476376101437,27
"6530",115,89,5.9604535098059,26
"6531",115,90,7.00403109068328,25
"6532",115,91,6.7336829891651,24
"6533",115,92,5.57967778324363,23
"6534",115,93,5.51299243020605,22
"6535",115,94,5.52102776018071,21
"6536",115,95,6.67144363783123,20
"6537",115,96,6.3878740188476,19
"6538",115,97,3.96942948082186,18
"6539",115,98,5.38493868934341,17
"6540",115,99,5.49704535991006,16
"6541",115,100,3.67057662958496,15
"6542",115,101,2.37599079551509,14
"6543",115,102,2.86390330709581,13
"6544",115,103,3.92833423654349,12
"6545",115,104,4.54474658146239,11
"6546",115,105,3.59839687096318,10
"6547",115,106,5.42045647195748,9
"6548",115,107,5.82275026080662,8
"6549",115,108,3.12524763787964,7
"6550",115,109,2.61563654664773,6
"6551",115,110,2.008099320317,5
"6552",115,111,6.44755940716813,4
"6553",115,112,5.24860989654346,3
"6554",115,113,3.54834009717925,2
"6555",115,114,0.722689313742062,1
"6556",116,1,6.77000500999689,115
"6557",116,2,5.50694003515991,114
"6558",116,3,10.1699405501587,113
"6559",116,4,9.8812448887318,112
"6560",116,5,10.2623723499525,111
"6561",116,6,10.9116725142567,110
"6562",116,7,10.4467004801382,109
"6563",116,8,9.74922726103628,108
"6564",116,9,10.9361577454943,107
"6565",116,10,10.8731629689983,106
"6566",116,11,10.0997299222432,105
"6567",116,12,8.86063031820819,104
"6568",116,13,9.94632652776857,103
"6569",116,14,11.0951249929058,102
"6570",116,15,9.88848358600245,101
"6571",116,16,9.83994519489748,100
"6572",116,17,10.4267075985171,99
"6573",116,18,9.65607118237964,98
"6574",116,19,6.87509072866283,97
"6575",116,20,9.00564441674366,96
"6576",116,21,9.92863047042519,95
"6577",116,22,13.373882190511,94
"6578",116,23,11.806460539782,93
"6579",116,24,12.2440190527165,92
"6580",116,25,9.70151703905069,91
"6581",116,26,8.25942661591288,90
"6582",116,27,9.69825492629482,89
"6583",116,28,9.66022378160287,88
"6584",116,29,9.66321564365962,87
"6585",116,30,9.43935710166752,86
"6586",116,31,9.90164432194368,85
"6587",116,32,10.618040235886,84
"6588",116,33,7.15522616614995,83
"6589",116,34,9.98812022807725,82
"6590",116,35,10.0458844448579,81
"6591",116,36,9.73326927023092,80
"6592",116,37,8.85689909846878,79
"6593",116,38,8.87787623201528,78
"6594",116,39,8.78034993983818,77
"6595",116,40,11.3585069384725,76
"6596",116,41,11.2203660638028,75
"6597",116,42,11.094792097477,74
"6598",116,43,9.26198077342415,73
"6599",116,44,7.4775606523184,72
"6600",116,45,7.04219859048959,71
"6601",116,46,9.2836332230273,70
"6602",116,47,7.96440737317009,69
"6603",116,48,5.7001498591715,68
"6604",116,49,3.68826333246562,67
"6605",116,50,9.59368658129796,66
"6606",116,51,9.13169436918993,65
"6607",116,52,6.58583628711158,64
"6608",116,53,9.96967855618285,63
"6609",116,54,11.2704209019567,62
"6610",116,55,6.61965986070356,61
"6611",116,56,4.70372491880835,60
"6612",116,57,8.64754227501655,59
"6613",116,58,7.26529441425502,58
"6614",116,59,4.91490609058164,57
"6615",116,60,8.60428420012462,56
"6616",116,61,6.99126318680011,55
"6617",116,62,11.0722869011535,54
"6618",116,63,8.41306246139247,53
"6619",116,64,5.19965760511416,52
"6620",116,65,5.7395612971657,51
"6621",116,66,7.70788981584474,50
"6622",116,67,9.93296261364594,49
"6623",116,68,7.15753188048462,48
"6624",116,69,9.44589839144328,47
"6625",116,70,6.8882214211523,46
"6626",116,71,7.04776428861569,45
"6627",116,72,5.88586607108589,44
"6628",116,73,8.68354965888876,43
"6629",116,74,7.24600616998137,42
"6630",116,75,5.95926166607421,41
"6631",116,76,5.6344097864119,40
"6632",116,77,3.80478150839534,39
"6633",116,78,5.16148817496417,38
"6634",116,79,8.02989459398678,37
"6635",116,80,3.82145782472931,36
"6636",116,81,4.73988336728469,35
"6637",116,82,6.493186061487,34
"6638",116,83,7.33490702860407,33
"6639",116,84,8.82167919935718,32
"6640",116,85,9.75232455689102,31
"6641",116,86,9.53890369354276,30
"6642",116,87,10.3364929202354,29
"6643",116,88,9.43564432694279,28
"6644",116,89,7.82503654898,27
"6645",116,90,8.66679718358826,26
"6646",116,91,6.68969801896873,25
"6647",116,92,7.13699112708971,24
"6648",116,93,7.37757546938014,23
"6649",116,94,3.71369502179023,22
"6650",116,95,4.86411089944075,21
"6651",116,96,6.2306104976351,20
"6652",116,97,5.83401251999596,19
"6653",116,98,6.80460458987257,18
"6654",116,99,8.00030968909154,17
"6655",116,100,6.17384095876644,16
"6656",116,101,0.621356643659325,15
"6657",116,102,2.5337512760592,14
"6658",116,103,4.73348675756495,13
"6659",116,104,6.40932962063649,12
"6660",116,105,4.39543036001008,11
"6661",116,106,4.25180502357438,10
"6662",116,107,4.61377797880535,9
"6663",116,108,4.98983067705374,8
"6664",116,109,4.48021958582183,7
"6665",116,110,2.40065945269323,6
"6666",116,111,4.67253251501462,5
"6667",116,112,6.2295172998138,4
"6668",116,113,4.8709063809591,3
"6669",116,114,3.04798536598845,2
"6670",116,115,2.50326432918148,1
"6671",117,1,5.93093660608821,116
"6672",117,2,5.69871667924504,115
"6673",117,3,10.3617171942438,114
"6674",117,4,10.0730215328169,113
"6675",117,5,10.4541489940376,112
"6676",117,6,11.1034491583419,111
"6677",117,7,10.6384771242233,110
"6678",117,8,9.94100390512141,109
"6679",117,9,11.4998938108265,108
"6680",117,10,11.0649396130835,107
"6681",117,11,10.2915065663283,106
"6682",117,12,9.05240696229333,105
"6683",117,13,10.1381031718537,104
"6684",117,14,11.286901636991,103
"6685",117,15,10.0802602300876,102
"6686",117,16,10.0317218389826,101
"6687",117,17,10.6184842426023,100
"6688",117,18,8.41921862513247,99
"6689",117,19,6.89782524268538,98
"6690",117,20,9.1974210608288,97
"6691",117,21,10.4923665357573,96
"6692",117,22,13.5656588345961,95
"6693",117,23,11.9982371838671,94
"6694",117,24,12.4357956968017,93
"6695",117,25,9.89329368313582,92
"6696",117,26,7.02257405866571,91
"6697",117,27,9.89003157037996,90
"6698",117,28,8.99312871872986,89
"6699",117,29,9.85499228774475,88
"6700",117,30,9.63113374575265,87
"6701",117,31,10.0934209660288,86
"6702",117,32,9.45987321356772,85
"6703",117,33,6.72512892259632,84
"6704",117,34,10.1798968721624,83
"6705",117,35,10.237661088943,82
"6706",117,36,8.49641671298375,81
"6707",117,37,9.04867574255392,80
"6708",117,38,8.94640755601183,79
"6709",117,39,9.3440860051703,78
"6710",117,40,11.5502835825576,77
"6711",117,41,11.4121427078879,76
"6712",117,42,11.2865687415621,75
"6713",117,43,9.45375741750929,74
"6714",117,44,7.66933729640354,73
"6715",117,45,7.60593465582172,72
"6716",117,46,9.47540986711244,71
"6717",117,47,8.15618401725523,70
"6718",117,48,5.89192650325663,69
"6719",117,49,3.88003997655076,68
"6720",117,50,10.1574226466301,67
"6721",117,51,9.32347101327507,66
"6722",117,52,6.77761293119672,65
"6723",117,53,10.161455200268,64
"6724",117,54,11.4621975460419,63
"6725",117,55,6.8114365047887,62
"6726",117,56,5.26746098414048,61
"6727",117,57,8.83931891910169,60
"6728",117,58,7.45707105834016,59
"6729",117,59,3.67805353333447,58
"6730",117,60,8.79606084420975,57
"6731",117,61,7.18303983088525,56
"6732",117,62,11.2640635452386,55
"6733",117,63,8.60483910547761,54
"6734",117,64,4.58467893550576,53
"6735",117,65,4.87466816116552,52
"6736",117,66,8.27162588117686,51
"6737",117,67,10.1247392577311,50
"6738",117,68,6.72743463693099,49
"6739",117,69,9.63767503552841,48
"6740",117,70,7.07999806523743,47
"6741",117,71,7.23954093270083,46
"6742",117,72,6.07764271517103,45
"6743",117,73,8.8753263029739,44
"6744",117,74,7.43778281406651,43
"6745",117,75,5.51430667882672,42
"6746",117,76,5.82618643049704,41
"6747",117,77,3.99655815248048,40
"6748",117,78,5.72522424029629,39
"6749",117,79,8.22167123807192,38
"6750",117,80,3.90265520715086,37
"6751",117,81,4.93166001136983,36
"6752",117,82,5.25633350423983,35
"6753",117,83,6.4958386246954,34
"6754",117,84,9.01345584344232,33
"6755",117,85,9.94410120097616,32
"6756",117,86,9.73068033762789,31
"6757",117,87,10.5282695643206,30
"6758",117,88,9.62742097102793,29
"6759",117,89,8.01681319306514,28
"6760",117,90,7.42994462634109,27
"6761",117,91,6.88147466305387,26
"6762",117,92,7.32876777117484,25
"6763",117,93,7.56935211346528,24
"6764",117,94,4.27743108712236,23
"6765",117,95,5.42784696477288,22
"6766",117,96,6.42238714172024,21
"6767",117,97,6.02578916408109,20
"6768",117,98,5.5677520326254,19
"6769",117,99,6.76345713184437,18
"6770",117,100,4.93698840151927,17
"6771",117,101,1.13239412245674,16
"6772",117,102,2.59106870119541,15
"6773",117,103,3.71513043110978,14
"6774",117,104,6.60110626472163,13
"6775",117,105,4.58720700409522,12
"6776",117,106,3.3869118875742,11
"6777",117,107,4.80555462289048,10
"6778",117,108,5.18160732113888,9
"6779",117,109,4.67199622990697,8
"6780",117,110,2.59243609677836,7
"6781",117,111,5.20396273410977,6
"6782",117,112,6.41570044039066,5
"6783",117,113,3.63405382371194,4
"6784",117,114,2.14168735260531,3
"6785",117,115,2.05635968325923,2
"6786",117,116,1.23685255724717,1
"6787",118,1,6.61849829543779,117
"6788",118,2,4.97445656963093,116
"6789",118,3,9.63745708462973,115
"6790",118,4,9.34876142320283,114
"6791",118,5,9.72988888442353,113
"6792",118,6,10.3791890487278,112
"6793",118,7,9.91421701460923,111
"6794",118,8,9.2167437955073,110
"6795",118,9,10.5491286214768,109
"6796",118,10,10.3406795034693,108
"6797",118,11,9.56724645671421,107
"6798",118,12,8.32814685267922,106
"6799",118,13,9.41384306223959,105
"6800",118,14,10.5626415273769,104
"6801",118,15,9.35600012047347,103
"6802",118,16,9.30746172936851,102
"6803",118,17,9.89422413298816,101
"6804",118,18,9.50456446782054,100
"6805",118,19,6.72358401410374,99
"6806",118,20,8.47316095121468,98
"6807",118,21,9.54160134640762,97
"6808",118,22,12.841398724982,96
"6809",118,23,11.273977074253,95
"6810",118,24,11.7115355871875,94
"6811",118,25,9.16903357352171,93
"6812",118,26,8.10791990135379,92
"6813",118,27,9.16577146076585,91
"6814",118,28,9.50871706704377,90
"6815",118,29,9.13073217813064,89
"6816",118,30,9.19382305529744,88
"6817",118,31,9.36916085641471,87
"6818",118,32,10.4665335213269,86
"6819",118,33,7.00371945159085,85
"6820",118,34,9.45563676254828,84
"6821",118,35,9.5134009793289,83
"6822",118,36,9.58176255567182,82
"6823",118,37,8.32441563293981,81
"6824",118,38,8.72636951745618,80
"6825",118,39,8.39332081582061,79
"6826",118,40,10.8260234729435,78
"6827",118,41,10.6878825982738,77
"6828",118,42,10.562308631948,76
"6829",118,43,8.72949730789517,75
"6830",118,44,6.94507718678943,74
"6831",118,45,6.65516946647203,73
"6832",118,46,8.75114975749833,72
"6833",118,47,7.43192390764111,71
"6834",118,48,5.16766639364252,70
"6835",118,49,3.15577986693664,69
"6836",118,50,9.20665745728039,68
"6837",118,51,8.59921090366095,67
"6838",118,52,6.05335282158261,66
"6839",118,53,9.43719509065388,65
"6840",118,54,10.7379374364277,64
"6841",118,55,6.08717639517459,63
"6842",118,56,4.46918599500075,62
"6843",118,57,8.11505880948758,61
"6844",118,58,6.73281094872605,60
"6845",118,59,4.76339937602254,59
"6846",118,60,8.07180073459564,58
"6847",118,61,6.45877972127114,57
"6848",118,62,10.5398034356245,56
"6849",118,63,7.8805789958635,55
"6850",118,64,5.04815089055506,54
"6851",118,65,5.73350892411801,53
"6852",118,66,7.32086069182717,52
"6853",118,67,9.40047914811697,51
"6854",118,68,7.00602516592553,50
"6855",118,69,8.9134149259143,49
"6856",118,70,6.35573795562332,48
"6857",118,71,6.51528082308672,47
"6858",118,72,5.35338260555692,46
"6859",118,73,8.15106619335979,45
"6860",118,74,6.7135227044524,44
"6861",118,75,5.80775495151512,43
"6862",118,76,5.10192632088293,42
"6863",118,77,3.27229804286637,41
"6864",118,78,4.7744590509466,40
"6865",118,79,7.49741112845781,39
"6866",118,80,3.66995111017022,38
"6867",118,81,4.20739990175572,37
"6868",118,82,6.34167934692791,36
"6869",118,83,7.18340031404498,35
"6870",118,84,8.28919573382821,34
"6871",118,85,9.21984109136205,33
"6872",118,86,9.00642022801378,32
"6873",118,87,9.80400945470645,31
"6874",118,88,8.90316086141382,30
"6875",118,89,7.29255308345102,29
"6876",118,90,8.51529046902917,28
"6877",118,91,6.15721455343976,27
"6878",118,92,6.60450766156073,26
"6879",118,93,6.84509200385117,25
"6880",118,94,3.32666589777267,24
"6881",118,95,4.47708177542318,23
"6882",118,96,5.69812703210613,22
"6883",118,97,5.30152905446698,21
"6884",118,98,6.65309787531347,20
"6885",118,99,7.84880297453245,19
"6886",118,100,6.02233424420735,18
"6887",118,101,0.398417531818392,17
"6888",118,102,2.3822445615001,16
"6889",118,103,4.58198004300585,15
"6890",118,104,5.87684615510752,14
"6891",118,105,3.86294689448111,13
"6892",118,106,4.2457526505267,12
"6893",118,107,4.08129451327637,11
"6894",118,108,4.45734721152477,10
"6895",118,109,3.94773612029286,9
"6896",118,110,1.86817598716425,8
"6897",118,111,4.25319754476007,7
"6898",118,112,6.0780105852547,6
"6899",118,113,4.71939966640001,5
"6900",118,114,2.89647865142935,4
"6901",118,115,2.35175761462239,3
"6902",118,116,0.532483465528975,2
"6903",118,117,1.08534584268807,1
"6904",119,1,5.75823388028792,118
"6905",119,2,4.27084830248884,117
"6906",119,3,5.71423713680283,116
"6907",119,4,7.00409412270063,115
"6908",119,5,5.59218100739365,114
"6909",119,6,7.0640757813836,113
"6910",119,7,6.33603428539151,112
"6911",119,8,6.83346638543206,111
"6912",119,9,8.51429203190932,110
"6913",119,10,6.55033357267212,109
"6914",119,11,8.51243299766714,108
"6915",119,12,7.78535568199547,107
"6916",119,13,7.04046445408681,106
"6917",119,14,7.51059772190626,105
"6918",119,15,5.77854347103807,104
"6919",119,16,5.52831625150972,103
"6920",119,17,6.83779695697984,102
"6921",119,18,8.64430005267067,101
"6922",119,19,5.86331959895386,100
"6923",119,20,5.4279342281448,99
"6924",119,21,7.50676475684017,98
"6925",119,22,8.70369084795216,97
"6926",119,23,7.30630407391486,96
"6927",119,24,8.03980957934705,95
"6928",119,25,7.18097901351584,94
"6929",119,26,8.64671712191102,93
"6930",119,27,8.12623256899137,92
"6931",119,28,8.64845265189389,91
"6932",119,29,7.61035367347292,90
"6933",119,30,8.33355864014756,89
"6934",119,31,7.203526005943,88
"6935",119,32,9.60626910617701,87
"6936",119,33,6.77409532791882,86
"6937",119,34,6.29826305526509,85
"6938",119,35,7.09857285837915,84
"6939",119,36,8.72149814052195,83
"6940",119,37,5.68256656671669,82
"6941",119,38,7.86610510230631,81
"6942",119,39,7.44537187670489,80
"6943",119,40,7.19522685135104,79
"6944",119,41,6.55017472124392,78
"6945",119,42,7.0872292318203,77
"6946",119,43,5.7627140931601,76
"6947",119,44,3.35306276212012,75
"6948",119,45,4.62033287690458,74
"6949",119,46,5.94809991288832,73
"6950",119,47,3.59927477833044,72
"6951",119,48,1.6742467560502,71
"6952",119,49,0.981928010093235,70
"6953",119,50,7.17182086771294,69
"6954",119,51,4.46150302663107,68
"6955",119,52,5.66763904133857,67
"6956",119,53,6.92234275672802,66
"6957",119,54,6.60022955939786,65
"6958",119,55,5.45200542748276,64
"6959",119,56,5.71179286731331,63
"6960",119,57,5.06423858290942,62
"6961",119,58,5.59242764273988,61
"6962",119,59,5.19388617489639,60
"6963",119,60,4.98175875385009,59
"6964",119,61,4.08384736717191,58
"6965",119,62,6.40209555859466,57
"6966",119,63,5.80458810666504,56
"6967",119,64,4.49502611499151,55
"6968",119,65,6.97611579643056,54
"6969",119,66,6.55291230911837,53
"6970",119,67,5.26277127108709,52
"6971",119,68,6.14576075077565,51
"6972",119,69,5.34311423875028,50
"6973",119,70,4.80612801676611,49
"6974",119,71,4.22638720660453,48
"6975",119,72,2.95543708653301,47
"6976",119,73,4.54950100596684,46
"6977",119,74,5.24575809216939,45
"6978",119,75,4.94749053636524,44
"6979",119,76,2.92509101747277,43
"6980",119,77,1.10070668203765,42
"6981",119,78,2.73962246137915,41
"6982",119,79,3.5838064316501,40
"6983",119,80,4.07694984209399,39
"6984",119,81,2.3218839421203,38
"6985",119,82,5.48141493177803,37
"6986",119,83,6.42000141530935,36
"6987",119,84,4.66131687728696,35
"6988",119,85,5.08213321433217,34
"6989",119,86,5.36392565437279,33
"6990",119,87,5.66630157767657,32
"6991",119,88,4.76545298438394,31
"6992",119,89,5.70397686294241,30
"6993",119,90,7.65502605387929,29
"6994",119,91,5.58584612007639,28
"6995",119,92,5.11116890583364,27
"6996",119,93,3.01552431888654,26
"6997",119,94,2.90757897408396,25
"6998",119,95,4.92974073641081,24
"6999",119,96,2.34355699292687,23
"7000",119,97,3.12469375105683,22
"7001",119,98,5.79283346016359,21
"7002",119,99,6.98853855938257,20
"7003",119,100,5.16206982905747,19
"7004",119,101,4.04883469889953,18
"7005",119,102,2.42758428691911,17
"7006",119,103,3.99623728742525,16
"7007",119,104,2.85964073326659,15
"7008",119,105,2.60491177191463,14
"7009",119,106,5.48835952283925,13
"7010",119,107,1.8960850514662,12
"7011",119,108,1.67010946884145,11
"7012",119,109,2.61686443882175,10
"7013",119,110,2.26953188986563,9
"7014",119,111,2.21836095519262,8
"7015",119,112,5.21774617010483,7
"7016",119,113,3.85913525125013,6
"7017",119,114,3.96590250569433,5
"7018",119,115,4.2291984519755,4
"7019",119,116,4.67019134255886,3
"7020",119,117,4.86196798664399,2
"7021",119,118,4.13770787702988,1
"7022",120,1,4.78820197315786,119
"7023",120,2,3.43056000327346,118
"7024",120,3,5.49582272522623,117
"7025",120,4,6.03406221557057,116
"7026",120,5,5.24402298790236,115
"7027",120,6,6.09404387425355,114
"7028",120,7,5.42835111808807,113
"7029",120,8,5.99317808621669,112
"7030",120,9,8.29587762033272,111
"7031",120,10,5.85481360694818,110
"7032",120,11,7.54240109053708,109
"7033",120,12,6.94506738278009,108
"7034",120,13,6.64276211996372,107
"7035",120,14,6.54056581477621,106
"7036",120,15,4.87013422395231,105
"7037",120,16,4.82159583284734,104
"7038",120,17,5.86776504984979,103
"7039",120,18,7.67426814554061,102
"7040",120,19,4.8932876918238,101
"7041",120,20,4.45790232101475,100
"7042",120,21,7.28835034526357,99
"7043",120,22,8.35553282846087,98
"7044",120,23,7.08788966233825,97
"7045",120,24,7.22566969066638,96
"7046",120,25,6.21094710638579,95
"7047",120,26,7.80642882269565,94
"7048",120,27,7.15620066186131,93
"7049",120,28,7.67842074476384,92
"7050",120,29,6.64032176634286,91
"7051",120,30,7.3635267330175,90
"7052",120,31,6.23349409881294,89
"7053",120,32,8.63623719904695,88
"7054",120,33,5.93380702870345,87
"7055",120,34,6.07984864368848,86
"7056",120,35,6.1285409512491,85
"7057",120,36,7.75146623339189,84
"7058",120,37,4.71253465958664,83
"7059",120,38,6.89607319517625,82
"7060",120,39,6.60508357748951,81
"7061",120,40,6.34015757642232,80
"7062",120,41,6.20201670175263,79
"7063",120,42,6.11719732469024,78
"7064",120,43,4.79268218603004,77
"7065",120,44,3.13050700659989,76
"7066",120,45,4.40191846532797,75
"7067",120,46,5.72968550131172,74
"7068",120,47,3.38086036675384,73
"7069",120,48,0.704214848920141,72
"7070",120,49,1.33008602958452,71
"7071",120,50,6.95340645613634,70
"7072",120,51,4.11334500713979,69
"7073",120,52,4.8273507421232,68
"7074",120,53,5.95231084959797,67
"7075",120,54,6.25207153990657,66
"7076",120,55,4.61171712826738,65
"7077",120,56,4.87150456809793,64
"7078",120,57,4.09420667577937,63
"7079",120,58,4.62239573560982,62
"7080",120,59,4.35359787568102,61
"7081",120,60,4.01172684672003,60
"7082",120,61,3.86543295559531,59
"7083",120,62,6.05393753910337,58
"7084",120,63,4.83455619953498,57
"7085",120,64,3.65473781577614,56
"7086",120,65,6.13582749721519,55
"7087",120,66,5.71262400990299,54
"7088",120,67,4.9146132515958,53
"7089",120,68,5.17572884364559,52
"7090",120,69,5.12469982717368,51
"7091",120,70,3.83609610963605,50
"7092",120,71,3.25635529947447,49
"7093",120,72,2.11514878731764,48
"7094",120,73,3.66520029683862,47
"7095",120,74,4.27572618503933,46
"7096",120,75,3.97745862923518,45
"7097",120,76,1.95505911034272,44
"7098",120,77,1.31912109361426,43
"7099",120,78,2.61019404292621,42
"7100",120,79,3.01154523193664,41
"7101",120,80,3.23666154287862,40
"7102",120,81,1.35185203499025,39
"7103",120,82,4.51138302464797,38
"7104",120,83,5.57971311609398,37
"7105",120,84,3.80332983730704,36
"7106",120,85,4.73397519484088,35
"7107",120,86,4.52055433149262,34
"7108",120,87,5.31814355818528,33
"7109",120,88,4.41729496489265,32
"7110",120,89,4.73394495581235,31
"7111",120,90,6.68499414674923,30
"7112",120,91,4.74555782086102,29
"7113",120,92,4.14113699870358,28
"7114",120,93,2.35922610733,27
"7115",120,94,3.87761088121402,26
"7116",120,95,4.08945243719544,25
"7117",120,96,1.9402611552955,24
"7118",120,97,2.15466184392677,23
"7119",120,98,4.82280155303354,22
"7120",120,99,6.01850665225251,21
"7121",120,100,4.19203792192741,20
"7122",120,101,4.39699271839082,19
"7123",120,102,2.61905730493986,18
"7124",120,103,3.15594898820988,17
"7125",120,104,1.88960882613654,16
"7126",120,105,1.63487986478457,15
"7127",120,106,4.64807122362388,14
"7128",120,107,1.37513739725452,13
"7129",120,108,1.88852388041805,12
"7130",120,109,2.54369335775472,11
"7131",120,110,2.61768990935692,10
"7132",120,111,1.99994654361602,9
"7133",120,112,4.24771426297477,8
"7134",120,113,2.88910334412008,7
"7135",120,114,4.18431691727093,6
"7136",120,115,4.4476128635521,5
"7137",120,116,5.01834936205014,4
"7138",120,117,5.21012600613528,3
"7139",120,118,4.48586589652117,2
"7140",120,119,0.970031907130056,1
"7141",121,1,2.50049173842085,120
"7142",121,2,3.97141281929928,119
"7143",121,3,8.62843077018012,118
"7144",121,4,6.0504159099972,117
"7145",121,5,7.12354396162733,116
"7146",121,6,5.67775017182248,115
"7147",121,7,6.83514548190095,114
"7148",121,8,8.68879366958658,113
"7149",121,9,11.4284856652866,112
"7150",121,10,8.68028201231575,111
"7151",121,11,5.27621147830089,110
"7152",121,12,8.78401639038261,109
"7153",121,13,9.77537016491761,108
"7154",121,14,6.38647178002833,107
"7155",121,15,5.99697059819307,106
"7156",121,16,6.74099189697592,105
"7157",121,17,7.47300055292027,104
"7158",121,18,5.03095950186182,103
"7159",121,19,4.12430097425037,102
"7160",121,20,6.10102040806239,101
"7161",121,21,10.4209583902175,100
"7162",121,22,9.84670735748531,99
"7163",121,23,10.2204977072921,98
"7164",121,24,8.36205215634754,97
"7165",121,25,5.0773480359781,96
"7166",121,26,7.45990457734616,95
"7167",121,27,4.65897400688093,94
"7168",121,28,4.42450039382819,93
"7169",121,29,5.44401420907614,92
"7170",121,30,4.20543475923326,91
"7171",121,31,6.77041118893348,90
"7172",121,32,4.94153192835945,89
"7173",121,33,5.58728278335396,88
"7174",121,34,9.21245668864238,87
"7175",121,35,5.37081162448597,86
"7176",121,36,5.48022105555344,85
"7177",121,37,4.54496792005695,84
"7178",121,38,3.52070856949244,83
"7179",121,39,9.27267785963045,82
"7180",121,40,8.27011416677651,81
"7181",121,41,8.99283825753272,80
"7182",121,42,5.91799023679505,79
"7183",121,43,6.55147796479647,78
"7184",121,44,6.26311505155378,77
"7185",121,45,7.53452651028187,76
"7186",121,46,8.86229354626561,75
"7187",121,47,6.51346841170773,74
"7188",121,48,3.68510712368233,73
"7189",121,49,4.84550337772553,72
"7190",121,50,10.0860145010902,71
"7191",121,51,6.93798105576051,70
"7192",121,52,6.59295224578908,69
"7193",121,53,7.05930608371868,68
"7194",121,54,6.03649855952246,67
"7195",121,55,5.13503646214226,66
"7196",121,56,5.19605283860062,65
"7197",121,57,5.50015621888786,64
"7198",121,58,2.52282670853689,63
"7199",121,59,4.00707363033152,62
"7200",121,60,6.23343496650695,61
"7201",121,61,6.9980410005492,60
"7202",121,62,8.94409567038991,59
"7203",121,63,5.70201341864967,58
"7204",121,64,3.30821357042664,57
"7205",121,65,5.78930325186569,56
"7206",121,66,8.20021773563701,55
"7207",121,67,5.07089564786532,54
"7208",121,68,4.44098820933727,53
"7209",121,69,8.25730787212757,52
"7210",121,70,4.94772663680256,51
"7211",121,71,4.79006355027246,50
"7212",121,72,4.92427484332421,49
"7213",121,73,4.24484014347289,48
"7214",121,74,4.03978289630998,47
"7215",121,75,2.79967010526952,46
"7216",121,76,3.08548823126578,45
"7217",121,77,4.61402256959447,44
"7218",121,78,6.30489931361371,43
"7219",121,79,5.43264432522689,42
"7220",121,80,3.22214400095781,41
"7221",121,81,2.61158809192774,40
"7222",121,82,4.14368570455057,39
"7223",121,83,5.23318887074449,38
"7224",121,84,6.8227893869865,37
"7225",121,85,7.20319491255818,36
"7226",121,86,6.33244631953631,35
"7227",121,87,7.85585062947904,34
"7228",121,88,7.33975894241616,33
"7229",121,89,4.32173995012945,32
"7230",121,90,5.88512159700018,31
"7231",121,91,5.41867817056689,30
"7232",121,92,4.26467296464542,29
"7233",121,93,4.11683282879031,28
"7234",121,94,7.57231615190152,27
"7235",121,95,5.35643881923302,26
"7236",121,96,5.07286920024939,25
"7237",121,97,2.05562201631267,24
"7238",121,98,4.26602919566031,23
"7239",121,99,3.01905336551681,22
"7240",121,100,1.54852118906191,21
"7241",121,101,5.21933981612573,20
"7242",121,102,3.14275703146733,19
"7243",121,103,2.80942474286038,18
"7244",121,104,1.80509644455096,17
"7245",121,105,2.28339205236497,16
"7246",121,106,4.30154697827438,15
"7247",121,107,4.50774544220841,14
"7248",121,108,3.19658753282665,13
"7249",121,109,2.04787273899581,12
"7250",121,110,4.82212987274592,11
"7251",121,111,5.33469210010641,10
"7252",121,112,3.93360507794525,9
"7253",121,113,2.4975560622893,8
"7254",121,114,3.28401163391408,7
"7255",121,115,3.36933930326016,6
"7256",121,116,5.67650830752653,5
"7257",121,117,5.42569898651939,4
"7258",121,118,5.52500159296743,3
"7259",121,119,4.66473717781756,2
"7260",121,120,3.6947052706875,1
"7261",122,1,3.81567234443839,121
"7262",122,2,4.25674341218042,120
"7263",122,3,8.91376136306126,119
"7264",122,4,6.93811267611175,118
"7265",122,5,7.40887455450847,117
"7266",122,6,7.96854030163668,116
"7267",122,7,7.50356826751815,115
"7268",122,8,8.97412426246772,114
"7269",122,9,11.7138162581678,113
"7270",122,10,8.96561260519689,112
"7271",122,11,7.15659770962313,111
"7272",122,12,9.06934698326375,110
"7273",122,13,10.0607007577988,109
"7274",122,14,8.15199278028577,108
"7275",122,15,6.94535137338239,107
"7276",122,16,7.02632248985706,106
"7277",122,17,7.75833114580142,105
"7278",122,18,6.70173851682114,104
"7279",122,19,4.56747324425565,103
"7280",122,20,6.38635100094353,102
"7281",122,21,10.7062889830986,101
"7282",122,22,10.430749977891,100
"7283",122,23,10.5058283001733,99
"7284",122,24,9.30088684009646,98
"7285",122,25,6.75838482643063,97
"7286",122,26,8.17662068238113,96
"7287",122,27,6.75512271367477,95
"7288",122,28,6.70589111604437,94
"7289",122,29,6.72008343103956,93
"7290",122,30,6.49622488904746,92
"7291",122,31,7.05574178181462,91
"7292",122,32,7.66370757032748,90
"7293",122,33,6.30399888838893,89
"7294",122,34,9.49778728152352,88
"7295",122,35,7.10275223223782,87
"7296",122,36,6.77893660467242,86
"7297",122,37,5.91376688584872,85
"7298",122,38,5.92354356645678,84
"7299",122,39,9.55800845251159,83
"7300",122,40,8.55544475965765,82
"7301",122,41,9.27816885041386,81
"7302",122,42,8.15165988485691,80
"7303",122,43,6.83680855767761,79
"7304",122,44,6.54844564443492,78
"7305",122,45,7.81985710316301,77
"7306",122,46,9.14762413914675,76
"7307",122,47,6.79879900458887,75
"7308",122,48,3.97043771656347,74
"7309",122,49,2.86428538616818,73
"7310",122,50,10.3713450939714,72
"7311",122,51,7.22331164864165,71
"7312",122,52,6.87828283867022,70
"7313",122,53,7.34463667659982,69
"7314",122,54,8.32728868933666,68
"7315",122,55,5.4203670550234,67
"7316",122,56,5.48138343148176,66
"7317",122,57,5.785486811769,65
"7318",122,58,4.32216220163497,64
"7319",122,59,4.72378973536649,63
"7320",122,60,6.51876555938809,62
"7321",122,61,7.28337159343034,61
"7322",122,62,9.22942626327105,60
"7323",122,63,5.98734401153081,59
"7324",122,64,4.02492967546161,58
"7325",122,65,6.50601935690067,57
"7326",122,66,8.48554832851815,56
"7327",122,67,6.98983040102589,55
"7328",122,68,5.15770431437224,54
"7329",122,69,8.54263846500871,53
"7330",122,70,5.2330572296837,52
"7331",122,71,5.0753941431536,51
"7332",122,72,5.20960543620535,50
"7333",122,73,5.7404174462687,49
"7334",122,74,4.32511348919112,48
"7335",122,75,3.51638621030449,47
"7336",122,76,3.37081882414692,46
"7337",122,77,2.09881754422077,45
"7338",122,78,5.93914668763758,44
"7339",122,79,5.71797491810803,43
"7340",122,80,3.6068534025641,42
"7341",122,81,2.89691868480888,41
"7342",122,82,4.86040180958554,40
"7343",122,83,5.94990497577946,39
"7344",122,84,7.10811997986765,38
"7345",122,85,7.48852550543933,37
"7346",122,86,6.61777691241745,36
"7347",122,87,8.14118122236018,35
"7348",122,88,7.6250895352973,34
"7349",122,89,4.88190433635994,33
"7350",122,90,6.60183770203515,32
"7351",122,91,5.70400876344803,31
"7352",122,92,4.55000355752656,30
"7353",122,93,4.43444325676009,29
"7354",122,94,4.85014050993349,28
"7355",122,95,5.64176941211416,27
"7356",122,96,5.35819979313053,26
"7357",122,97,2.8908803073759,25
"7358",122,98,4.98274530069528,24
"7359",122,99,5.04597702353304,23
"7360",122,100,3.21950829320794,22
"7361",122,101,2.4971641741577,21
"7362",122,102,1.95748784738922,20
"7363",122,103,3.52614084789536,19
"7364",122,104,3.46619740801644,18
"7365",122,105,2.56872264524611,17
"7366",122,106,5.01826308330935,16
"7367",122,107,4.79307603508955,15
"7368",122,108,2.04669846443368,14
"7369",122,109,1.53708737320178,13
"7370",122,110,2.09995423077789,12
"7371",122,111,5.41788518145105,11
"7372",122,112,4.21893567082639,10
"7373",122,113,3.14614670853112,9
"7374",122,114,0.993221504099885,8
"7375",122,115,1.07854917344596,7
"7376",122,116,2.9543326655585,6
"7377",122,117,3.13490885670519,5
"7378",122,118,2.8028259509994,4
"7379",122,119,3.19952422625843,3
"7380",122,120,3.41793863783503,2
"7381",122,121,2.72217564196803,1
"7382",123,1,6.98266930841851,122
"7383",123,2,5.2882053755058,121
"7384",123,3,9.9512058905046,120
"7385",123,4,9.6625102290777,119
"7386",123,5,10.0436376902984,118
"7387",123,6,10.6929378546026,117
"7388",123,7,10.2279658204841,116
"7389",123,8,9.53049260138217,115
"7390",123,9,10.2969008506444,114
"7391",123,10,10.6544283093442,113
"7392",123,11,9.88099526258909,112
"7393",123,12,8.64189565855409,111
"7394",123,13,9.72759186811446,110
"7395",123,14,10.8763903332517,109
"7396",123,15,9.66974892634834,108
"7397",123,16,9.62121053524338,107
"7398",123,17,10.207972938863,106
"7399",123,18,9.86873548080126,105
"7400",123,19,7.08775502708446,104
"7401",123,20,8.78690975708955,103
"7402",123,21,9.28937357557528,102
"7403",123,22,13.1551475308569,101
"7404",123,23,11.5877258801279,100
"7405",123,24,12.0252843930624,99
"7406",123,25,9.48278237939658,98
"7407",123,26,8.47209091433451,97
"7408",123,27,9.47952026664072,96
"7409",123,28,9.87288808002449,95
"7410",123,29,9.44448098400551,94
"7411",123,30,9.55799406827816,93
"7412",123,31,9.68290966228958,92
"7413",123,32,10.8307045343076,91
"7414",123,33,7.36789046457157,90
"7415",123,34,9.76938556842314,89
"7416",123,35,9.82714978520377,88
"7417",123,36,9.94593356865255,87
"7418",123,37,8.63816443881468,86
"7419",123,38,9.0905405304369,85
"7420",123,39,8.14109304498827,84
"7421",123,40,11.1397722788184,83
"7422",123,41,11.0016314041487,82
"7423",123,42,10.8760574378229,81
"7424",123,43,9.04324611377004,80
"7425",123,44,7.2588259926643,79
"7426",123,45,6.40294169563968,78
"7427",123,46,9.0648985633732,77
"7428",123,47,7.74567271351598,76
"7429",123,48,5.48141519951739,75
"7430",123,49,3.46952867281152,74
"7431",123,50,8.95442968644805,73
"7432",123,51,8.91295970953583,72
"7433",123,52,6.36710162745748,71
"7434",123,53,9.75094389652875,70
"7435",123,54,11.0516862423026,69
"7436",123,55,6.40506654499309,68
"7437",123,56,4.26738043127426,67
"7438",123,57,8.42880761536245,66
"7439",123,58,7.04655975460092,65
"7440",123,59,5.12757038900326,64
"7441",123,60,8.38554954047051,63
"7442",123,61,6.77252852714601,62
"7443",123,62,10.8535522414994,61
"7444",123,63,8.19432780173837,60
"7445",123,64,5.41232190353578,59
"7446",123,65,5.53170336039151,58
"7447",123,66,7.10283758106054,57
"7448",123,67,9.71422795399184,56
"7449",123,68,7.37019617890624,55
"7450",123,69,9.22716373178917,54
"7451",123,70,6.6694867614982,53
"7452",123,71,6.82902962896159,52
"7453",123,72,5.66713141143179,51
"7454",123,73,8.46481499923466,50
"7455",123,74,7.02727151032727,49
"7456",123,75,6.17192596449584,48
"7457",123,76,5.4156751267578,47
"7458",123,77,3.58604684874124,46
"7459",123,78,4.52223128011426,45
"7460",123,79,7.81115993433268,44
"7461",123,80,4.03412212315094,43
"7462",123,81,4.52114870763059,42
"7463",123,82,6.70585035990863,41
"7464",123,83,7.5475713270257,40
"7465",123,84,8.60294453970308,39
"7466",123,85,9.53358989723692,38
"7467",123,86,9.32016903388865,37
"7468",123,87,10.1177582605813,36
"7469",123,88,9.21690966728869,35
"7470",123,89,7.60630188932589,34
"7471",123,90,8.87946148200989,33
"7472",123,91,6.47096335931463,32
"7473",123,92,6.9182564674356,31
"7474",123,93,7.15884080972604,30
"7475",123,94,3.07443812694032,29
"7476",123,95,4.22485400459084,28
"7477",123,96,6.011875837981,27
"7478",123,97,5.61527786034185,26
"7479",123,98,7.01726888829419,25
"7480",123,99,8.21297398751317,24
"7481",123,100,6.38650525718807,23
"7482",123,101,0.669832789822417,22
"7483",123,102,2.74641557448082,21
"7484",123,103,4.94615105598657,20
"7485",123,104,6.19059496098239,19
"7486",123,105,4.17669570035598,18
"7487",123,106,4.09230181156231,17
"7488",123,107,4.39504331915124,16
"7489",123,108,4.77109601739964,15
"7490",123,109,4.26148492616773,14
"7491",123,110,2.18192479303912,13
"7492",123,111,4.45379785536051,12
"7493",123,112,6.44218159823542,11
"7494",123,113,5.08357067938073,10
"7495",123,114,3.26064966441007,9
"7496",123,115,2.7159286276031,8
"7497",123,116,0.63925689484991,7
"7498",123,117,1.44951685566879,6
"7499",123,118,0.364171012980719,5
"7500",123,119,4.45145668290475,4
"7501",123,120,4.79961470239604,3
"7502",123,121,5.88917260594815,2
"7503",123,122,3.16699696398012,1
"7504",124,1,3.38325682301102,123
"7505",124,2,2.226629765894,122
"7506",124,3,6.8896302808928,121
"7507",124,4,6.6009346194659,120
"7508",124,5,6.9820620806866,119
"7509",124,6,7.63136224499083,118
"7510",124,7,7.1663902108723,117
"7511",124,8,6.46891699177037,116
"7512",124,9,7.59092364997442,115
"7513",124,10,7.59285269973242,114
"7514",124,11,6.81941965297728,113
"7515",124,12,5.58032004894229,112
"7516",124,13,6.66601625850266,111
"7517",124,14,7.81481472363992,110
"7518",124,15,6.60817331673654,109
"7519",124,16,6.55963492563158,108
"7520",124,17,7.14639732925124,107
"7521",124,18,6.26932299539377,106
"7522",124,19,3.48834254167696,105
"7523",124,20,5.72533414747775,104
"7524",124,21,6.58339637490526,103
"7525",124,22,10.0935719212451,102
"7526",124,23,8.52615027051609,101
"7527",124,24,8.96370878345061,100
"7528",124,25,6.42120676978478,99
"7529",124,26,4.87267842892701,98
"7530",124,27,6.41794465702892,97
"7531",124,28,6.273475594617,96
"7532",124,29,6.38290537439371,95
"7533",124,30,6.15904683240161,94
"7534",124,31,6.62133405267778,93
"7535",124,32,7.23129204890011,92
"7536",124,33,3.76847797916408,91
"7537",124,34,6.70780995881134,90
"7538",124,35,6.76557417559197,89
"7539",124,36,6.34652108324505,88
"7540",124,37,5.57658882920288,87
"7541",124,38,5.49112804502941,86
"7542",124,39,5.43511584431825,85
"7543",124,40,8.07819666920655,84
"7544",124,41,7.94005579453687,83
"7545",124,42,7.81448182821106,82
"7546",124,43,5.98167050415824,81
"7547",124,44,4.1972503830525,80
"7548",124,45,3.69696449496967,79
"7549",124,46,6.0033229537614,78
"7550",124,47,4.68409710390418,77
"7551",124,48,3.27302478276216,76
"7552",124,49,4.22230354240975,75
"7553",124,50,6.24845248577804,74
"7554",124,51,5.85138409992402,73
"7555",124,52,3.30552601784568,72
"7556",124,53,6.68936828691695,71
"7557",124,54,7.99011063269081,70
"7558",124,55,3.33934959143766,69
"7559",124,56,1.35849082328842,68
"7560",124,57,5.36723200575065,67
"7561",124,58,3.98498414498912,66
"7562",124,59,1.52815790359577,65
"7563",124,60,5.32397393085871,64
"7564",124,61,3.71095291753421,63
"7565",124,62,7.79197663188761,62
"7566",124,63,5.13275219212657,61
"7567",124,64,1.81290941812829,60
"7568",124,65,2.28788928392581,59
"7569",124,66,4.36265572032481,58
"7570",124,67,6.65265234438004,57
"7571",124,68,3.77078369349875,56
"7572",124,69,6.16558812217737,55
"7573",124,70,3.60791115188639,54
"7574",124,71,3.76745401934979,53
"7575",124,72,2.60555580181999,52
"7576",124,73,5.40323938962285,51
"7577",124,74,3.96569590071547,50
"7578",124,75,2.57251347908834,49
"7579",124,76,2.55605934099654,48
"7580",124,77,4.87280875215582,47
"7581",124,78,4.01513919307305,46
"7582",124,79,4.74958432472088,45
"7583",124,80,0.615418014354389,44
"7584",124,81,2.73864013655985,43
"7585",124,82,3.10643787450113,42
"7586",124,83,3.9481588416182,41
"7587",124,84,5.54136893009128,40
"7588",124,85,6.47201428762511,39
"7589",124,86,6.25859342427685,38
"7590",124,87,7.05618265096952,37
"7591",124,88,6.15533405767689,36
"7592",124,89,4.54472627971409,35
"7593",124,90,5.28004899660239,34
"7594",124,91,3.40938774970283,33
"7595",124,92,3.8566808578238,32
"7596",124,93,4.09726520011424,31
"7597",124,94,5.28255603136086,30
"7598",124,95,1.51887680392082,29
"7599",124,96,2.9503002283692,28
"7600",124,97,3.58592555594964,27
"7601",124,98,3.41785640288669,26
"7602",124,99,4.61356150210567,25
"7603",124,100,3.57201035569523,24
"7604",124,101,3.04720210837381,23
"7605",124,102,2.2886635268146,22
"7606",124,103,1.79568427789984,21
"7607",124,104,5.19346596180977,20
"7608",124,105,2.43935533905368,19
"7609",124,106,1.54080636044765,18
"7610",124,107,2.79214146103856,17
"7611",124,108,5.20982567085019,16
"7612",124,109,4.20666926312411,15
"7613",124,110,4.797186449226,14
"7614",124,111,3.14216165205675,13
"7615",124,112,2.94361352703962,12
"7616",124,113,3.10008554753793,11
"7617",124,114,4.88927088762924,10
"7618",124,115,5.15256683391041,9
"7619",124,116,3.45167201323989,8
"7620",124,117,3.90897016085205,7
"7621",124,118,3.4456196401922,6
"7622",124,119,4.68822651250476,5
"7623",124,120,3.84793821328938,4
"7624",124,121,3.8375620153122,3
"7625",124,122,4.21813007297486,2
"7626",124,123,3.5994124854075,1
"7627",125,1,5.57766903673124,124
"7628",125,2,3.86981296561122,123
"7629",125,3,5.14551683684875,122
"7630",125,4,6.82352927914395,121
"7631",125,5,5.23794863664255,120
"7632",125,6,6.88351093782693,119
"7633",125,7,6.15546944183483,118
"7634",125,8,5.95733742414352,117
"7635",125,9,6.72088883471245,116
"7636",125,10,6.36976872911544,115
"7637",125,11,8.33186815411046,114
"7638",125,12,6.16562001199302,113
"7639",125,13,5.42072878408437,112
"7640",125,14,7.33003287834959,111
"7641",125,15,5.5979786274814,110
"7642",125,16,5.34775140795305,109
"7643",125,17,6.65723211342317,108
"7644",125,18,8.463735209114,107
"7645",125,19,5.68275475539719,106
"7646",125,20,5.24736938458813,105
"7647",125,21,5.88702908683772,104
"7648",125,22,8.34945847720105,103
"7649",125,23,6.78203682647204,102
"7650",125,24,7.85924473579038,101
"7651",125,25,7.00041416995917,100
"7652",125,26,7.06709064264724,99
"7653",125,27,7.9456677254347,98
"7654",125,28,8.46788780833722,97
"7655",125,29,7.42978882991624,96
"7656",125,30,8.15299379659089,95
"7657",125,31,7.02296116238633,94
"7658",125,32,9.42570426262034,93
"7659",125,33,5.9628901928843,92
"7660",125,34,4.96369651476729,91
"7661",125,35,6.91800801482248,90
"7662",125,36,8.54093329696527,89
"7663",125,37,5.50200172316002,88
"7664",125,38,7.68554025874963,87
"7665",125,39,5.82563620670244,86
"7666",125,40,7.01466200779437,85
"7667",125,41,6.19594235049281,84
"7668",125,42,6.90666438826363,83
"7669",125,43,5.58214924960342,82
"7670",125,44,2.6309458101465,81
"7671",125,45,2.8269296797077,80
"7672",125,46,4.25920950971735,79
"7673",125,47,2.93998365986013,78
"7674",125,48,1.49368191249352,77
"7675",125,49,2.12864203728713,76
"7676",125,50,5.37841767051607,75
"7677",125,51,4.10727065587997,74
"7678",125,52,4.04790337133613,73
"7679",125,53,6.74177791317135,72
"7680",125,54,6.24599718864676,71
"7681",125,55,5.00006627330582,70
"7682",125,56,4.09205719731086,69
"7683",125,57,4.88367373935275,68
"7684",125,58,5.41186279918321,67
"7685",125,59,3.72257011731599,66
"7686",125,60,4.80119391029341,65
"7687",125,61,2.36326728295777,64
"7688",125,62,6.04786318784356,63
"7689",125,63,5.62402326310836,62
"7690",125,64,4.00732163184851,61
"7691",125,65,5.35638012642811,60
"7692",125,66,4.93317663911592,59
"7693",125,67,4.90853890033599,58
"7694",125,68,5.96519590721898,57
"7695",125,69,4.42147467813332,56
"7696",125,70,4.62556317320943,55
"7697",125,71,4.04582236304786,54
"7698",125,72,1.98046576155646,53
"7699",125,73,4.36893616241017,52
"7700",125,74,5.06519324861272,51
"7701",125,75,4.76692569280857,50
"7702",125,76,2.7445261739161,49
"7703",125,77,2.89410987923453,48
"7704",125,78,1.82072697935283,47
"7705",125,79,3.40324158809342,46
"7706",125,80,2.62912185146367,45
"7707",125,81,2.14131909856363,44
"7708",125,82,5.30085008822136,43
"7709",125,83,6.14257105533843,42
"7710",125,84,4.48075203373029,41
"7711",125,85,4.72790084358106,40
"7712",125,86,5.18336081081611,39
"7713",125,87,5.31206920692546,38
"7714",125,88,4.41122061363283,37
"7715",125,89,5.52341201938574,36
"7716",125,90,7.47446121032262,35
"7717",125,91,4.92030341573999,34
"7718",125,92,4.93060406227697,33
"7719",125,93,2.83495947532986,32
"7720",125,94,3.08814381764064,31
"7721",125,95,3.31000506640836,30
"7722",125,96,1.56473573757434,29
"7723",125,97,2.94412890750015,28
"7724",125,98,5.61226861660692,27
"7725",125,99,6.8079737158259,26
"7726",125,100,4.9815049855008,25
"7727",125,101,4.40306706965063,24
"7728",125,102,3.15869834207657,23
"7729",125,103,3.5411507842993,22
"7730",125,104,3.41914510169085,21
"7731",125,105,2.42434692835796,20
"7732",125,106,3.8686238528368,19
"7733",125,107,0.410645734504611,18
"7734",125,108,3.46351266603832,17
"7735",125,109,4.118682143375,16
"7736",125,110,4.01450232885538,15
"7737",125,111,0.850519765845527,14
"7738",125,112,5.03718132654815,13
"7739",125,113,3.97012036279989,12
"7740",125,114,5.75930570289121,11
"7741",125,115,6.02260164917238,10
"7742",125,116,5.02442371330996,9
"7743",125,117,5.21620035739509,8
"7744",125,118,4.49194024778098,7
"7745",125,119,1.79340319719688,6
"7746",125,120,1.57498878562027,5
"7747",125,121,4.70759683057416,4
"7748",125,122,4.99292742345531,3
"7749",125,123,4.80568905365585,2
"7750",125,124,3.06849084250231,1
"7751",126,1,4.29612153845712,125
"7752",126,2,3.11610970057941,124
"7753",126,3,6.34669013539681,123
"7754",126,4,5.54198178086983,122
"7755",126,5,5.91726026606626,121
"7756",126,6,6.56656043037049,120
"7757",126,7,6.10158839625196,119
"7758",126,8,6.40705303480327,118
"7759",126,9,9.1467450305033,117
"7760",126,10,6.52805088511207,116
"7761",126,11,7.05032065583634,115
"7762",126,12,6.63061708008604,114
"7763",126,13,7.4936295301343,113
"7764",126,14,6.75001290901958,112
"7765",126,15,5.5433715021162,111
"7766",126,16,5.49483311101123,110
"7767",126,17,6.08159551463089,109
"7768",126,18,7.18218771083987,108
"7769",126,19,4.40120725712306,107
"7770",126,20,4.66053233285741,106
"7771",126,21,8.13921775543415,105
"7772",126,22,9.02877010662476,104
"7773",126,23,7.93875707250884,103
"7774",126,24,7.89890696883027,102
"7775",126,25,5.71886667168505,101
"7776",126,26,7.4919785200016,100
"7777",126,27,6.66412022716057,99
"7778",126,28,7.1863403100631,98
"7779",126,29,6.14824133164212,97
"7780",126,30,6.87144629831676,96
"7781",126,31,5.7414136641122,95
"7782",126,32,8.14415676434621,94
"7783",126,33,5.6193567260094,93
"7784",126,34,6.93071605385907,92
"7785",126,35,5.70077236097163,91
"7786",126,36,7.25938579869115,90
"7787",126,37,4.51178701458253,89
"7788",126,38,6.40399276047551,88
"7789",126,39,6.99093722484714,87
"7790",126,40,7.01339485458621,86
"7791",126,41,6.87525397991652,85
"7792",126,42,6.74968001359072,84
"7793",126,43,4.9168686895379,83
"7794",126,44,3.98137441677047,82
"7795",126,45,5.25278587549856,81
"7796",126,46,6.5805529114823,80
"7797",126,47,4.23172777692442,79
"7798",126,48,1.40336648889902,78
"7799",126,49,1.64287854173877,77
"7800",126,50,7.80427386630692,76
"7801",126,51,4.78658228530368,75
"7802",126,52,4.51290043942915,74
"7803",126,53,5.6245664722966,73
"7804",126,54,6.92530881807047,72
"7805",126,55,4.29726682557333,71
"7806",126,56,4.55705426540388,70
"7807",126,57,4.3024301911303,69
"7808",126,58,4.13031530090908,68
"7809",126,59,4.03914757298697,67
"7810",126,60,4.25917211623837,66
"7811",126,61,4.71630036576589,65
"7812",126,62,6.72717481726726,64
"7813",126,63,4.34247576483424,63
"7814",126,64,3.34028751308209,62
"7815",126,65,5.82137719452114,61
"7816",126,66,5.9184771008537,60
"7817",126,67,5.58785052975969,59
"7818",126,68,4.68364840894485,58
"7819",126,69,5.97556723734426,57
"7820",126,70,3.46689233968851,56
"7821",126,71,2.76427486477373,55
"7822",126,72,2.6425342085409,54
"7823",126,73,4.33843757500251,53
"7824",126,74,3.78364575033859,52
"7825",126,75,3.48537819453444,51
"7826",126,76,1.46297867564198,50
"7827",126,77,1.41139773360772,49
"7828",126,78,3.37207545997313,48
"7829",126,79,3.68478251010053,47
"7830",126,80,2.92221124018457,46
"7831",126,81,0.859771600289505,45
"7832",126,82,4.17575964720602,44
"7833",126,83,5.26526281339993,43
"7834",126,84,4.54104875220319,42
"7835",126,85,5.40721247300477,41
"7836",126,86,5.19379160965651,40
"7837",126,87,5.99138083634917,39
"7838",126,88,5.09053224305654,38
"7839",126,89,4.24186452111161,37
"7840",126,90,6.19291371204849,36
"7841",126,91,4.43110751816697,35
"7842",126,92,3.64905656400284,34
"7843",126,93,3.03246338549389,33
"7844",126,94,4.36969131591476,32
"7845",126,95,3.77500213450139,31
"7846",126,96,2.79112856546608,30
"7847",126,97,1.66258140922603,29
"7848",126,98,4.3307211183328,28
"7849",126,99,5.52642621755177,27
"7850",126,100,3.69995748722667,26
"7851",126,101,3.72375544022692,25
"7852",126,102,1.94582002677597,24
"7853",126,103,2.84149868551583,23
"7854",126,104,2.06421753675024,22
"7855",126,105,1.14279943008383,21
"7856",126,106,4.33362092092983,20
"7857",126,107,2.2260048074251,19
"7858",126,108,1.67633776025485,18
"7859",126,109,1.69282594758414,17
"7860",126,110,1.94445263119302,16
"7861",126,111,2.8508139537866,15
"7862",126,112,3.75563382827403,14
"7863",126,113,2.46150454615159,13
"7864",126,114,3.33344950710035,12
"7865",126,115,3.59674545338152,11
"7866",126,116,4.34511208388625,10
"7867",126,117,4.53688872797139,9
"7868",126,118,3.81262861835727,8
"7869",126,119,1.4621123418308,7
"7870",126,120,0.850867410170582,6
"7871",126,121,3.20262483598676,5
"7872",126,122,2.56707122766445,4
"7873",126,123,4.12637742423215,3
"7874",126,124,3.53348791059533,2
"7875",126,125,2.42585619579086,1
"7876",127,1,4.42630864423251,126
"7877",127,2,5.00974861914227,125
"7878",127,3,7.58484036158366,124
"7879",127,4,5.67216888664522,123
"7880",127,5,6.07995355303087,122
"7881",127,6,6.04125884376988,121
"7882",127,7,5.7915550733045,120
"7883",127,8,7.64520326099012,119
"7884",127,9,10.3848952566902,118
"7885",127,10,7.63669160371929,117
"7886",127,11,7.18050776161173,116
"7887",127,12,8.5242559986489,115
"7888",127,13,8.73177975632115,114
"7889",127,14,6.22471132241897,113
"7890",127,15,5.01806991551558,112
"7891",127,16,5.69740148837946,111
"7892",127,17,6.42941014432382,110
"7893",127,18,7.31237481661526,109
"7894",127,19,5.77647000043898,108
"7895",127,20,5.05742999946593,107
"7896",127,21,9.377367981621,106
"7897",127,22,8.80311694888885,105
"7898",127,23,9.17690729869569,104
"7899",127,24,7.37360538222965,103
"7900",127,25,5.84905377746043,102
"7901",127,26,9.38561743856445,101
"7902",127,27,6.79430733293596,100
"7903",127,28,7.31652741583848,99
"7904",127,29,6.27842843741751,98
"7905",127,30,7.00163340409215,97
"7906",127,31,6.56719089876779,96
"7907",127,32,8.2743438701216,95
"7908",127,33,7.51299564457225,94
"7909",127,34,8.16886628004592,93
"7910",127,35,5.76664762232374,92
"7911",127,36,7.40593391677174,91
"7912",127,37,4.35064133066129,90
"7913",127,38,6.5341798662509,89
"7914",127,39,8.22908745103399,88
"7915",127,40,7.22652375818005,87
"7916",127,41,7.94924784893626,86
"7917",127,42,6.2243784269901,85
"7918",127,43,5.54710931036741,84
"7919",127,44,5.21952464295732,83
"7920",127,45,6.49093610168541,82
"7921",127,46,7.81870313766915,81
"7922",127,47,5.46987800311127,80
"7923",127,48,2.64151671508587,79
"7924",127,49,1.53536438469058,78
"7925",127,50,9.04242409249377,77
"7926",127,51,5.89439064716405,76
"7927",127,52,6.406539357992,75
"7928",127,53,6.50686831009885,74
"7929",127,54,6.40000723146985,73
"7930",127,55,6.19090574413618,72
"7931",127,56,6.45069318396674,71
"7932",127,57,4.4565658102914,70
"7933",127,58,4.26050240668447,69
"7934",127,59,5.93278649154982,68
"7935",127,60,5.18984455791049,67
"7936",127,61,5.95445059195275,66
"7937",127,62,7.90050526179345,65
"7938",127,63,5.58843708975723,64
"7939",127,64,5.23392643164494,63
"7940",127,65,7.71501611308399,62
"7941",127,66,7.2918126257718,61
"7942",127,67,5.06254894315908,60
"7943",127,68,6.36670107055556,59
"7944",127,69,7.21371746353111,58
"7945",127,70,5.36053125825136,57
"7946",127,71,4.46358449409629,56
"7947",127,72,3.88068443472775,55
"7948",127,73,3.8131359884019,54
"7949",127,74,4.53443284433299,53
"7950",127,75,4.72538296648782,52
"7951",127,76,2.87106748816165,51
"7952",127,77,1.28121062783233,50
"7953",127,78,4.61022568615998,49
"7954",127,79,4.38905391663043,48
"7955",127,80,4.81585015874742,47
"7956",127,81,2.68848669259834,46
"7957",127,82,6.06939856576887,45
"7958",127,83,7.15890173196278,44
"7959",127,84,5.77919897839005,43
"7960",127,85,6.15960450396173,42
"7961",127,86,5.28885591093985,41
"7962",127,87,6.81226022088258,40
"7963",127,88,6.2961685338197,39
"7964",127,89,4.69557828992686,38
"7965",127,90,7.81083445821847,37
"7966",127,91,6.32474643672982,36
"7967",127,92,4.73374876922434,35
"7968",127,93,3.07324242019385,34
"7969",127,94,4.23950421013937,33
"7970",127,95,5.66864105306424,32
"7971",127,96,4.02927879165293,31
"7972",127,97,1.84120127320854,30
"7973",127,98,6.1917420568786,29
"7974",127,99,5.65661332332716,28
"7975",127,100,3.83014459300206,27
"7976",127,101,4.24905702682754,26
"7977",127,102,3.16648460357254,25
"7978",127,103,4.73513760407868,24
"7979",127,104,1.53891595014963,23
"7980",127,105,2.98777149010451,22
"7981",127,106,6.22725983949268,21
"7982",127,107,3.46415503361195,20
"7983",127,108,0.217301158307999,19
"7984",127,109,1.28493920276634,18
"7985",127,110,2.46975421779364,17
"7986",127,111,4.08896417997345,16
"7987",127,112,5.42232547757954,15
"7988",127,113,4.35514346471444,14
"7989",127,114,2.92050296196669,13
"7990",127,115,3.00583063131277,12
"7991",127,116,4.87041367048686,11
"7992",127,117,5.062190314572,10
"7993",127,118,4.33793020495789,9
"7994",127,119,1.87060322478083,8
"7995",127,120,2.08901763635743,7
"7996",127,121,3.33281194176215,6
"7997",127,122,1.92728145786681,5
"7998",127,123,4.65167901083276,4
"7999",127,124,5.42712682915819,3
"8000",127,125,3.66400642197771,2
"8001",127,126,1.89363891856285,1
"8002",128,1,5.04653194044351,127
"8003",128,2,5.63007595994662,126
"8004",128,3,9.4209076223585,125
"8005",128,4,6.84289276217557,124
"8006",128,5,7.91602081380571,123
"8007",128,6,6.0335310567679,122
"8008",128,7,7.62762233407933,121
"8009",128,8,9.48127052176496,120
"8010",128,9,12.220962517465,119
"8011",128,10,9.47275886449413,118
"8012",128,11,6.80413992036419,117
"8013",128,12,9.57649324256099,116
"8014",128,13,10.567847017096,115
"8015",128,14,7.17894863220671,114
"8016",128,15,6.78944745037145,113
"8017",128,16,7.5334687491543,112
"8018",128,17,8.26547740509865,111
"8019",128,18,7.57699970388447,110
"8020",128,19,6.39679734124333,109
"8021",128,20,6.89349726024077,108
"8022",128,21,11.2134352423958,107
"8023",128,22,10.6391842096637,106
"8024",128,23,11.0129745594705,105
"8025",128,24,9.15452900852591,104
"8026",128,25,5.86982488815648,103
"8027",128,26,10.0059447793688,102
"8028",128,27,6.20217701621683,101
"8029",128,28,6.97054059585084,100
"8030",128,29,6.5063776055288,99
"8031",128,30,5.38987907806035,98
"8032",128,31,7.56288804111186,97
"8033",128,32,6.66258954408979,96
"8034",128,33,8.13332298537661,95
"8035",128,34,10.0049335408208,94
"8036",128,35,6.16328847666434,93
"8037",128,36,8.0262612575761,92
"8038",128,37,5.33744477223533,91
"8039",128,38,4.92242554021909,90
"8040",128,39,10.0651547118088,89
"8041",128,40,9.06259101895489,88
"8042",128,41,9.78531510971109,87
"8043",128,42,6.71046708897342,86
"8044",128,43,7.34395481697485,85
"8045",128,44,7.05559190373216,84
"8046",128,45,8.32700336246024,83
"8047",128,46,9.65477039844399,82
"8048",128,47,7.30594526388611,81
"8049",128,48,4.47758397586071,80
"8050",128,49,3.37143164546541,79
"8051",128,50,10.8784913532686,78
"8052",128,51,7.73045790793889,77
"8053",128,52,7.38542909796745,76
"8054",128,53,7.85178293589706,75
"8055",128,54,6.51057294488375,74
"8056",128,55,6.81123308494054,73
"8057",128,56,7.07102052477109,72
"8058",128,57,6.29263307106624,71
"8059",128,58,3.9651853036611,70
"8060",128,59,6.55311383235418,69
"8061",128,60,7.02591181868533,68
"8062",128,61,7.79051785272758,67
"8063",128,62,9.73657252256829,66
"8064",128,63,6.49449027082805,65
"8065",128,64,5.8542537724493,64
"8066",128,65,8.33534345388835,63
"8067",128,66,8.99269458781539,62
"8068",128,67,5.8633725000437,61
"8069",128,68,6.98702841135992,60
"8070",128,69,9.04978472430595,59
"8071",128,70,5.98085859905572,58
"8072",128,71,5.58254040245083,57
"8073",128,72,5.71675169550258,56
"8074",128,73,5.03731699565127,55
"8075",128,74,5.15476018513735,54
"8076",128,75,5.34571030729217,53
"8077",128,76,3.87796508344416,52
"8078",128,77,2.89296495386413,51
"8079",128,78,6.44629294693482,50
"8080",128,79,6.22512117740527,49
"8081",128,80,5.43617749955178,48
"8082",128,81,3.40406494410611,47
"8083",128,82,6.68972590657323,46
"8084",128,83,7.77922907276714,45
"8085",128,84,7.61526623916488,44
"8086",128,85,7.99567176473656,43
"8087",128,86,7.12492317171469,42
"8088",128,87,8.64832748165742,41
"8089",128,88,8.13223579459454,40
"8090",128,89,5.31590563073122,39
"8091",128,90,8.43116179902283,38
"8092",128,91,6.94507377753418,37
"8093",128,92,5.3540761100287,36
"8094",128,93,4.90930968096869,35
"8095",128,94,5.85125853617118,34
"8096",128,95,6.2889683938686,33
"8097",128,96,5.86534605242777,32
"8098",128,97,2.84809886849105,31
"8099",128,98,6.81206939768296,30
"8100",128,99,5.56509356753947,29
"8101",128,100,4.09456139108456,28
"8102",128,101,4.64507143288886,27
"8103",128,102,3.7868119443769,26
"8104",128,103,5.35546494488304,25
"8105",128,104,2.08092858106169,24
"8106",128,105,3.60809883090887,23
"8107",128,106,6.84758718029704,22
"8108",128,107,5.30022229438679,21
"8109",128,108,2.03656101671422,20
"8110",128,109,1.84078490683844,19
"8111",128,110,3.10107225701558,18
"8112",128,111,5.92503144074829,17
"8113",128,112,6.0426528183839,16
"8114",128,113,4.9754708055188,15
"8115",128,114,3.31651736802802,14
"8116",128,115,3.40184503737409,13
"8117",128,116,5.26642807654819,12
"8118",128,117,5.45820472063333,11
"8119",128,118,4.73394461101921,10
"8120",128,119,3.70667048555567,9
"8121",128,120,3.92508489713227,8
"8122",128,121,2.54604020202265,7
"8123",128,122,2.32329586392813,6
"8124",128,123,5.04769341689409,5
"8125",128,124,6.04745416996254,4
"8126",128,125,5.50007368275254,3
"8127",128,126,3.07421748696169,2
"8128",128,127,1.83606726077484,1
"8129",129,1,4.53353538107578,128
"8130",129,2,4.71250199931486,127
"8131",129,3,7.92627503176365,126
"8132",129,4,5.77939562348849,125
"8133",129,5,6.42138822321086,124
"8134",129,6,6.78716687062053,123
"8135",129,7,6.322194836502,122
"8136",129,8,7.9866379311701,121
"8137",129,9,10.7263299268701,120
"8138",129,10,7.97812627389927,119
"8139",129,11,7.287734498455,118
"8140",129,12,8.22700937882149,117
"8141",129,13,9.07321442650113,116
"8142",129,14,6.97061934926962,115
"8143",129,15,5.76397794236624,114
"8144",129,16,6.03883615855944,113
"8145",129,17,6.7708448145038,112
"8146",129,18,7.41960155345853,111
"8147",129,19,5.47922338061157,110
"8148",129,20,5.39886466964592,109
"8149",129,21,9.71880265180098,108
"8150",129,22,9.2493765468748,107
"8151",129,23,9.51834196887567,106
"8152",129,24,8.11951340908031,105
"8153",129,25,5.9562805143037,104
"8154",129,26,9.08837081873705,103
"8155",129,27,6.90153406977923,102
"8156",129,28,7.42375415268175,101
"8157",129,29,6.38565517426078,100
"8158",129,30,7.10886014093542,99
"8159",129,31,6.26994427894039,98
"8160",129,32,8.38157060696487,97
"8161",129,33,7.21574902474485,96
"8162",129,34,8.5103009502259,95
"8163",129,35,5.92137880122167,94
"8164",129,36,7.49679964130981,93
"8165",129,37,4.73239345483257,92
"8166",129,38,6.64140660309417,91
"8167",129,39,8.57052212121397,90
"8168",129,40,7.56795842836003,89
"8169",129,41,8.29068251911624,88
"8170",129,42,6.97028645384076,87
"8171",129,43,5.84932222637999,86
"8172",129,44,5.5609593131373,85
"8173",129,45,6.83237077186539,84
"8174",129,46,8.16013780784913,83
"8175",129,47,5.81131267329125,82
"8176",129,48,2.98295138526585,81
"8177",129,49,1.87679905487056,80
"8178",129,50,9.38385876267376,79
"8179",129,51,6.23582531734403,78
"8180",129,52,6.1092927381646,77
"8181",129,53,6.3571503453022,76
"8182",129,54,7.14591525832051,75
"8183",129,55,5.89365912430878,74
"8184",129,56,6.15344656413933,73
"8185",129,57,4.79800048047139,72
"8186",129,58,4.36772914352774,71
"8187",129,59,5.63553987172242,70
"8188",129,60,5.53127922809047,69
"8189",129,61,6.29588526213273,68
"8190",129,62,8.24193993197343,67
"8191",129,63,5.29119046992983,66
"8192",129,64,4.93667981181754,65
"8193",129,65,7.41776949325659,64
"8194",129,66,7.49806199722053,63
"8195",129,67,5.80845697000974,62
"8196",129,68,6.06945445072816,61
"8197",129,69,7.55515213371109,60
"8198",129,70,5.06328463842396,59
"8199",129,71,4.16633787426889,58
"8200",129,72,4.22211910490773,57
"8201",129,73,4.55904401525255,56
"8202",129,74,4.23718622450559,55
"8203",129,75,4.42813634666041,54
"8204",129,76,2.57382086833424,53
"8205",129,77,1.17398389098906,52
"8206",129,78,4.95166035633996,51
"8207",129,79,4.73048858681041,50
"8208",129,80,4.51860353892002,49
"8209",129,81,2.39124007277094,48
"8210",129,82,5.77215194594147,47
"8211",129,83,6.86165511213538,46
"8212",129,84,6.12063364857003,45
"8213",129,85,6.50103917414171,44
"8214",129,86,5.63029058111984,43
"8215",129,87,7.15369489106257,42
"8216",129,88,6.63760320399969,41
"8217",129,89,4.47927836373027,40
"8218",129,90,7.51358783839107,39
"8219",129,91,6.02749981690242,38
"8220",129,92,4.43650214939694,37
"8221",129,93,3.41467709037383,36
"8222",129,94,4.1322774732961,35
"8223",129,95,5.37139443323684,34
"8224",129,96,4.37071346183291,33
"8225",129,97,1.89999525184469,32
"8226",129,98,5.8944954370512,31
"8227",129,99,5.76384006017043,30
"8228",129,100,3.93737132984533,29
"8229",129,101,3.50314899997688,28
"8230",129,102,2.86923798374514,27
"8231",129,103,4.43789098425128,26
"8232",129,104,2.28482397700028,25
"8233",129,105,2.69052487027711,24
"8234",129,106,5.93001321966528,23
"8235",129,107,3.80558970379193,22
"8236",129,108,0.865325033417533,21
"8237",129,109,1.39216593960961,20
"8238",129,110,1.72384619094298,19
"8239",129,111,4.43039885015344,18
"8240",129,112,5.12507885775214,17
"8241",129,113,4.05789684488704,16
"8242",129,114,2.17459493511604,15
"8243",129,115,2.25992260446211,14
"8244",129,116,4.12450564363621,13
"8245",129,117,4.31628228772134,12
"8246",129,118,3.59202217810723,11
"8247",129,119,2.21203789496081,10
"8248",129,120,2.43045230653742,9
"8249",129,121,3.44003867860542,8
"8250",129,122,1.18137343101615,7
"8251",129,123,3.9057709839821,6
"8252",129,124,5.12988020933078,5
"8253",129,125,4.00544109215769,4
"8254",129,126,1.59639229873545,3
"8255",129,127,0.745908026850656,2
"8256",129,128,1.71898106287508,1
"8257",130,1,5.53819774320921,129
"8258",130,2,6.12174176271233,128
"8259",130,3,7.99652955510205,127
"8260",130,4,6.78015631337108,126
"8261",130,5,6.49164274654926,125
"8262",130,6,5.67939047742841,124
"8263",130,7,6.33137045655931,123
"8264",130,8,8.68435984565556,122
"8265",130,9,10.7965844502085,121
"8266",130,10,8.04838079723768,120
"8267",130,11,7.2958057231299,119
"8268",130,12,9.63624914221896,118
"8269",130,13,9.14346894983954,117
"8270",130,14,6.40883567843383,116
"8271",130,15,5.49392165263376,115
"8272",130,16,6.10909068189785,114
"8273",130,17,7.49098108078804,113
"8274",130,18,8.06866550665018,112
"8275",130,19,6.88846314400904,111
"8276",130,20,6.1302013888686,110
"8277",130,21,9.78905717513939,109
"8278",130,22,9.21480614240724,108
"8279",130,23,9.58859649221408,107
"8280",130,24,7.76473385238313,106
"8281",130,25,6.16370117984832,105
"8282",130,26,10.4976105821345,104
"8283",130,27,6.74154726503617,103
"8284",130,28,7.46220639861655,102
"8285",130,29,6.99804340829451,101
"8286",130,30,6.94887333619236,100
"8287",130,31,7.67918404233786,99
"8288",130,32,8.22158380222181,98
"8289",130,33,8.62498878814232,97
"8290",130,34,8.58055547356431,96
"8291",130,35,6.0303912074123,95
"8292",130,36,8.5179270603418,94
"8293",130,37,4.97752655770993,93
"8294",130,38,6.48141979835111,92
"8295",130,39,9.29626533692838,91
"8296",130,40,7.71372524906016,90
"8297",130,41,8.36093704245465,89
"8298",130,42,5.70254392786511,88
"8299",130,43,6.65910245393748,87
"8300",130,44,5.63121383647571,86
"8301",130,45,6.9026252952038,85
"8302",130,46,8.23039233118754,84
"8303",130,47,5.88156719662966,83
"8304",130,48,3.26609518996609,82
"8305",130,49,2.3168164303185,81
"8306",130,50,9.45411328601216,80
"8307",130,51,6.30607984068244,79
"8308",130,52,7.51853250156207,78
"8309",130,53,7.61886145366891,77
"8310",130,54,5.64694321351839,76
"8311",130,55,7.30289888770625,75
"8312",130,56,7.5626863275368,74
"8313",130,57,5.52374369618579,73
"8314",130,58,4.45685110642681,72
"8315",130,59,7.04477963511989,71
"8316",130,60,6.21780068963748,70
"8317",130,61,6.36613978547113,69
"8318",130,62,8.31219445531184,68
"8319",130,63,6.7004302333273,67
"8320",130,64,6.345919575215,66
"8321",130,65,8.82700925665406,65
"8322",130,66,8.40380576934186,64
"8323",130,67,4.43899443278725,63
"8324",130,68,7.47869421412563,62
"8325",130,69,7.6254066570495,61
"8326",130,70,6.47252440182143,60
"8327",130,71,5.57557763766635,59
"8328",130,72,4.8063305467565,58
"8329",130,73,3.71768265995603,57
"8330",130,74,5.64642598790306,56
"8331",130,75,5.83737611005788,55
"8332",130,76,3.98306063173171,54
"8333",130,77,1.81869618004298,53
"8334",130,78,5.02191487967837,52
"8335",130,79,4.80074311014882,51
"8336",130,80,5.92784330231749,50
"8337",130,81,3.8004798361684,49
"8338",130,82,7.18139170933894,48
"8339",130,83,8.27089487553285,47
"8340",130,84,6.26931823432134,46
"8341",130,85,6.57129369748012,45
"8342",130,86,5.7643594497714,44
"8343",130,87,7.22394941440097,43
"8344",130,88,6.70785772733809,42
"8345",130,89,5.80757143349692,41
"8346",130,90,8.92282760178854,40
"8347",130,91,7.43673958029988,39
"8348",130,92,5.84574191279441,38
"8349",130,93,3.48493161371224,37
"8350",130,94,4.29226427803916,36
"8351",130,95,6.7806341966343,35
"8352",130,96,4.44096798517132,34
"8353",130,97,2.95319441677861,33
"8354",130,98,7.30373520044867,32
"8355",130,99,6.05675937030517,31
"8356",130,100,4.58622719385027,30
"8357",130,101,5.002121044779,29
"8358",130,102,4.27847774714261,28
"8359",130,103,5.84713074764875,27
"8360",130,104,1.4749554293114,26
"8361",130,105,4.09976463367458,25
"8362",130,106,7.33925298306274,24
"8363",130,107,3.87584422713034,23
"8364",130,108,1.32929430187806,22
"8365",130,109,2.33245070960414,21
"8366",130,110,3.2228182357451,20
"8367",130,111,4.50065337349184,19
"8368",130,112,6.53431862114961,18
"8369",130,113,5.46713660828451,17
"8370",130,114,3.67356697991815,16
"8371",130,115,3.75889464926423,15
"8372",130,116,5.62347768843833,14
"8373",130,117,5.81525433252346,13
"8374",130,118,5.09099422290935,12
"8375",130,119,2.28229241829922,11
"8376",130,120,2.69118175943887,10
"8377",130,121,3.28005187386236,9
"8378",130,122,2.68034547581827,8
"8379",130,123,5.40474302878422,7
"8380",130,124,6.53911997272825,6
"8381",130,125,4.0756956154961,5
"8382",130,126,3.00563206213292,4
"8383",130,127,1.11199314357007,3
"8384",130,128,1.55899425813202,2
"8385",130,129,1.49897204480212,1
"8386",131,1,4.60803023466826,130
"8387",131,2,5.19157425417138,129
"8388",131,3,8.99921331895187,128
"8389",131,4,6.42119845876894,127
"8390",131,5,7.49432651039908,126
"8391",131,6,6.42018000806115,125
"8392",131,7,7.2059280306727,124
"8393",131,8,9.05957621835833,123
"8394",131,9,11.7992682140584,122
"8395",131,10,9.0510645610875,121
"8396",131,11,6.36563821458895,120
"8397",131,12,9.15479893915435,119
"8398",131,13,10.1461527136894,118
"8399",131,14,6.75725432880008,117
"8400",131,15,6.36775314696482,116
"8401",131,16,7.11177444574767,115
"8402",131,17,7.84378310169202,114
"8403",131,18,7.13849799810922,113
"8404",131,19,5.95829563546809,112
"8405",131,20,6.47180295683414,111
"8406",131,21,10.7917409389892,110
"8407",131,22,10.2174899062571,109
"8408",131,23,10.5912802560639,108
"8409",131,24,8.73283470511928,107
"8410",131,25,5.44813058474985,106
"8411",131,26,9.56744307359357,105
"8412",131,27,5.94068117488814,104
"8413",131,28,6.5320388900756,103
"8414",131,29,6.06787589975355,102
"8415",131,30,6.14800724604433,101
"8416",131,31,7.14119373770523,100
"8417",131,32,7.42071771207378,99
"8418",131,33,7.69482127960137,98
"8419",131,34,9.58323923741412,97
"8420",131,35,5.74159417325771,96
"8421",131,36,7.58775955180085,95
"8422",131,37,4.9157504688287,94
"8423",131,38,5.68055370820308,93
"8424",131,39,9.64346040840219,92
"8425",131,40,8.64089671554826,91
"8426",131,41,9.36362080630446,90
"8427",131,42,6.60329959128138,89
"8428",131,43,6.92226051356821,88
"8429",131,44,6.63389760032552,87
"8430",131,45,7.90530905905361,86
"8431",131,46,9.23307609503736,85
"8432",131,47,6.88425096047948,84
"8433",131,48,4.05588967245407,83
"8434",131,49,2.94973734205878,82
"8435",131,50,10.456797049862,81
"8436",131,51,7.30876360453226,80
"8437",131,52,6.96373479456082,79
"8438",131,53,7.43008863249043,78
"8439",131,54,6.77892839576113,77
"8440",131,55,6.3727313791653,76
"8441",131,56,6.63251881899585,75
"8442",131,57,5.87093876765961,74
"8443",131,58,3.52668359788586,73
"8444",131,59,6.11461212657893,72
"8445",131,60,6.60421751527869,71
"8446",131,61,7.36882354932095,70
"8447",131,62,9.31487821916166,69
"8448",131,63,6.07279596742142,68
"8449",131,64,5.41575206667405,67
"8450",131,65,7.8968417481131,66
"8451",131,66,8.57100028440875,65
"8452",131,67,5.44167819663707,64
"8453",131,68,6.54852670558468,63
"8454",131,69,8.62809042089932,62
"8455",131,70,5.54235689328047,61
"8456",131,71,5.1608460990442,60
"8457",131,72,5.29505739209595,59
"8458",131,73,4.61562269224464,58
"8459",131,74,4.7162584793621,57
"8460",131,75,4.90720860151693,56
"8461",131,76,3.45627078003753,55
"8462",131,77,2.18426950011138,54
"8463",131,78,6.02459864352819,53
"8464",131,79,5.80342687399864,52
"8465",131,80,4.99767579377654,51
"8466",131,81,2.98237064069948,50
"8467",131,82,6.25122420079798,49
"8468",131,83,7.34072736699189,48
"8469",131,84,7.19357193575825,47
"8470",131,85,7.57397746132993,46
"8471",131,86,6.70322886830806,45
"8472",131,87,8.22663317825079,44
"8473",131,88,7.71054149118791,43
"8474",131,89,4.87740392495597,42
"8475",131,90,7.99266009324759,41
"8476",131,91,6.50657207175893,40
"8477",131,92,4.91557440425346,39
"8478",131,93,4.48761537756206,38
"8479",131,94,5.09313036818719,37
"8480",131,95,5.85046668809335,36
"8481",131,96,5.44365174902113,35
"8482",131,97,2.42640456508442,34
"8483",131,98,6.37356769190772,33
"8484",131,99,5.12659186176422,32
"8485",131,100,3.65605968530932,31
"8486",131,101,3.87013586253626,30
"8487",131,102,3.34831023860166,29
"8488",131,103,4.91696323910779,28
"8489",131,104,1.9178371144409,27
"8490",131,105,3.16959712513362,26
"8491",131,106,6.40908547452179,25
"8492",131,107,4.87852799098015,24
"8493",131,108,1.61486671330759,23
"8494",131,109,1.40228320106319,22
"8495",131,110,2.34294408903159,21
"8496",131,111,5.50333713734166,20
"8497",131,112,5.60415111260866,19
"8498",131,113,4.53696909974356,18
"8499",131,114,2.54158179767542,17
"8500",131,115,2.62690946702149,16
"8501",131,116,4.49149250619559,15
"8502",131,117,4.68326915028072,14
"8503",131,118,3.95900904066661,13
"8504",131,119,3.28497618214904,12
"8505",131,120,3.50339059372564,11
"8506",131,121,2.47918578371433,10
"8507",131,122,1.54836029357553,9
"8508",131,123,4.27275784654148,8
"8509",131,124,5.6089524641873,7
"8510",131,125,5.07837937934591,6
"8511",131,126,2.65252318355506,5
"8512",131,127,1.4143729573682,4
"8513",131,128,0.774935570352602,3
"8514",131,129,1.07293828718822,2
"8515",131,130,1.13198518224274,1
"8516",132,1,3.61055392157857,131
"8517",132,2,4.12532135785132,130
"8518",132,3,8.78233930873216,129
"8519",132,4,6.96829788641254,128
"8520",132,5,7.34942534763324,127
"8521",132,6,7.99872551193748,126
"8522",132,7,7.53375347781895,125
"8523",132,8,8.84270220813862,124
"8524",132,9,11.5823942038386,123
"8525",132,10,8.83419055086779,122
"8526",132,11,7.18678291992393,121
"8527",132,12,8.93792492893464,120
"8528",132,13,9.92927870346965,119
"8529",132,14,8.18217799058657,118
"8530",132,15,6.97553658368319,117
"8531",132,16,6.92699819257822,116
"8532",132,17,7.62690909147231,115
"8533",132,18,6.49662009396132,114
"8534",132,19,4.27820951280241,113
"8535",132,20,6.25492894661443,112
"8536",132,21,10.5748669287695,111
"8537",132,22,10.4609351881917,110
"8538",132,23,10.3744062458442,109
"8539",132,24,9.33107205039726,108
"8540",132,25,6.78857003673143,107
"8541",132,26,7.80989499489141,106
"8542",132,27,6.78530792397556,105
"8543",132,28,6.50077269318455,104
"8544",132,29,6.75026864134035,103
"8545",132,30,6.52641009934826,102
"8546",132,31,6.98869731962442,101
"8547",132,32,7.45858914746766,100
"8548",132,33,5.93727320089921,99
"8549",132,34,9.36636522719441,98
"8550",132,35,7.13293744253862,97
"8551",132,36,6.5738181818126,96
"8552",132,37,5.94395209614952,95
"8553",132,38,5.84168390960744,94
"8554",132,39,9.42658639818249,93
"8555",132,40,8.4455599361532,92
"8556",132,41,9.14674679608476,91
"8557",132,42,8.1818450951577,90
"8558",132,43,6.7053865033485,89
"8559",132,44,6.41702359010582,88
"8560",132,45,7.6884350488339,87
"8561",132,46,9.01620208481765,86
"8562",132,47,6.66737695025977,85
"8563",132,48,3.83901566223436,84
"8564",132,49,2.73286333183907,83
"8565",132,50,10.2399230396423,82
"8566",132,51,7.09188959431255,81
"8567",132,52,6.74686078434111,80
"8568",132,53,7.21321462227072,79
"8569",132,54,8.35747389963745,78
"8570",132,55,5.2889450006943,77
"8571",132,56,5.34996137715266,76
"8572",132,57,5.73459527269729,75
"8573",132,58,4.35234741193576,74
"8574",132,59,4.35706404787678,73
"8575",132,60,6.38734350505899,72
"8576",132,61,7.15194953910124,71
"8577",132,62,9.09800420894195,70
"8578",132,63,5.85592195720171,69
"8579",132,64,3.6582039879719,68
"8580",132,65,6.13929366941095,67
"8581",132,66,8.35412627418905,66
"8582",132,67,7.02001561132668,65
"8583",132,68,4.79097862688252,64
"8584",132,69,8.41121641067961,63
"8585",132,70,5.1016351753546,62
"8586",132,71,4.94397208882449,61
"8587",132,72,5.07818338187624,60
"8588",132,73,5.7706026565695,59
"8589",132,74,4.33305916766211,58
"8590",132,75,3.14966052281477,57
"8591",132,76,3.23939676981782,56
"8592",132,77,2.09696535048627,55
"8593",132,78,5.80772463330848,54
"8594",132,79,5.58655286377893,53
"8595",132,80,3.37605253950984,52
"8596",132,81,2.76549663047977,51
"8597",132,82,4.49367612209583,50
"8598",132,83,5.58317928828974,49
"8599",132,84,6.97669792553854,48
"8600",132,85,7.35710345111022,47
"8601",132,86,6.6259566912235,46
"8602",132,87,8.00975916803108,45
"8603",132,88,7.4936674809682,44
"8604",132,89,4.91208954666074,43
"8605",132,90,6.23511201454543,42
"8606",132,91,5.57258670911893,41
"8607",132,92,4.41858150319745,40
"8608",132,93,4.46462846706088,39
"8609",132,94,5.05525893279331,38
"8610",132,95,5.51034735778506,37
"8611",132,96,5.22677773880143,36
"8612",132,97,2.92106551767669,35
"8613",132,98,4.61601961320556,34
"8614",132,99,4.84085860067322,33
"8615",132,100,3.01438987034812,32
"8616",132,101,2.70228259701753,31
"8617",132,102,1.70280702704964,30
"8618",132,103,3.15941516040564,29
"8619",132,104,3.49638261831723,28
"8620",132,105,2.437300590917,27
"8621",132,106,4.65153739581963,26
"8622",132,107,4.66165398076044,25
"8623",132,108,2.07688367473448,24
"8624",132,109,1.56727258350257,23
"8625",132,110,2.30507265363771,22
"8626",132,111,5.28646312712195,21
"8627",132,112,4.08751361649728,20
"8628",132,113,2.7794210210414,19
"8629",132,114,0.963036293799091,18
"8630",132,115,1.16109628004617,17
"8631",132,116,3.15945108841832,16
"8632",132,117,3.1047236464044,15
"8633",132,118,3.00794437385922,14
"8634",132,119,3.06810217192933,13
"8635",132,120,3.28651658350593,12
"8636",132,121,2.51705721910821,11
"8637",132,122,0.366725687489719,10
"8638",132,123,3.37211538683994,9
"8639",132,124,3.99147055386423,8
"8640",132,125,4.8615053691262,7
"8641",132,126,2.43564917333535,6
"8642",132,127,1.9574666681676,5
"8643",132,128,2.35348107422893,4
"8644",132,129,1.27847582384564,3
"8645",132,130,2.71053068611906,2
"8646",132,131,1.75754807870216,1
"8647",133,1,2.95923855504051,132
"8648",133,2,4.51694978999386,131
"8649",133,3,9.1739677408747,130
"8650",133,4,7.10132348176924,129
"8651",133,5,7.66908093232191,128
"8652",133,6,8.13175110729417,127
"8653",133,7,7.66677907317565,126
"8654",133,8,9.23433064028116,125
"8655",133,9,11.9740226359812,124
"8656",133,10,9.22581898301033,123
"8657",133,11,7.31980851528063,122
"8658",133,12,9.32955336107719,121
"8659",133,13,10.3209071356122,120
"8660",133,14,8.31520358594326,119
"8661",133,15,7.10856217903988,118
"8662",133,16,7.2865288676705,117
"8663",133,17,8.01853752361485,116
"8664",133,18,5.09456512434385,115
"8665",133,19,4.66983794494495,114
"8666",133,20,6.64655737875697,113
"8667",133,21,10.966495360912,112
"8668",133,22,10.5939607835484,111
"8669",133,23,10.7660346779867,110
"8670",133,24,9.46409764575395,109
"8671",133,25,6.92159563208812,108
"8672",133,26,6.65524240912133,107
"8673",133,27,6.91833351933226,106
"8674",133,28,6.02143066768216,105
"8675",133,29,6.88329423669705,104
"8676",133,30,6.65943569470495,103
"8677",133,31,7.31594815962806,102
"8678",133,32,6.48817516252002,101
"8679",133,33,5.95353183150204,100
"8680",133,34,9.75799365933695,99
"8681",133,35,7.26596303789531,98
"8682",133,36,5.14936230631824,97
"8683",133,37,6.07697769150622,96
"8684",133,38,5.97470950496413,95
"8685",133,39,9.81821483032503,94
"8686",133,40,8.81565113747109,93
"8687",133,41,9.5383752282273,92
"8688",133,42,8.3148706905144,91
"8689",133,43,7.09701493549105,90
"8690",133,44,6.80865202224836,89
"8691",133,45,8.08006348097645,88
"8692",133,46,9.40783051696019,87
"8693",133,47,7.05900538240231,86
"8694",133,48,4.23064409437691,85
"8695",133,49,3.75290203411168,84
"8696",133,50,10.6315514717848,83
"8697",133,51,7.48351802645509,82
"8698",133,52,7.13848921648365,81
"8699",133,53,7.60484305441326,80
"8700",133,54,8.49049949499415,79
"8701",133,55,5.68057343283684,78
"8702",133,56,5.7415898092952,77
"8703",133,57,6.04569318958244,76
"8704",133,58,4.48537300729246,75
"8705",133,59,3.19121100916825,74
"8706",133,60,6.77897193720153,73
"8707",133,61,7.54357797124378,72
"8708",133,62,9.48963264108449,71
"8709",133,63,6.24755038934425,70
"8710",133,64,3.48958119251996,69
"8711",133,65,4.97344063070243,68
"8712",133,66,8.74575470633159,67
"8713",133,67,7.15304120668338,66
"8714",133,68,4.80723725748535,65
"8715",133,69,8.80284484282215,64
"8716",133,70,5.49326360749714,63
"8717",133,71,5.33560052096703,62
"8718",133,72,5.46981181401878,61
"8719",133,73,5.9036282519262,60
"8720",133,74,4.58531986700456,59
"8721",133,75,3.15106140972375,58
"8722",133,76,3.63102520196036,57
"8723",133,77,3.52142122598063,56
"8724",133,78,6.19935306545102,55
"8725",133,79,5.97818129592147,54
"8726",133,80,3.76768097165239,53
"8727",133,81,3.15712506262231,52
"8728",133,82,3.6474057549851,51
"8729",133,83,5.19046675853752,50
"8730",133,84,7.36832635768108,49
"8731",133,85,7.74873188325276,48
"8732",133,86,6.87798329023089,47
"8733",133,87,8.40138760017362,46
"8734",133,88,7.88529591311074,45
"8735",133,89,5.04511514201744,44
"8736",133,90,5.06925897583691,43
"8737",133,91,5.96421514126147,42
"8738",133,92,4.81020993533999,41
"8739",133,93,4.66236979948489,40
"8740",133,94,6.47971480828767,39
"8741",133,95,5.9019757899276,38
"8742",133,96,5.61840617094397,37
"8743",133,97,3.05409111303339,36
"8744",133,98,3.81432247717641,35
"8745",133,99,3.41640272517886,34
"8746",133,100,1.66836405726667,33
"8747",133,101,4.12673847251189,32
"8748",133,102,2.09443545919218,31
"8749",133,103,2.58741470810693,30
"8750",133,104,3.62940821367393,29
"8751",133,105,2.82892902305955,28
"8752",133,106,3.48568435711111,27
"8753",133,107,5.05328241290299,26
"8754",133,108,2.52427432407357,25
"8755",133,109,1.70029817885927,24
"8756",133,110,3.72952852913208,23
"8757",133,111,5.67809155926449,22
"8758",133,112,4.47914204863983,21
"8759",133,113,1.61356798233288,20
"8760",133,114,1.53592159792424,19
"8761",133,115,2.0806426347312,18
"8762",133,116,4.58390696391269,17
"8763",133,117,3.34705440666552,16
"8764",133,118,4.43240024935359,15
"8765",133,119,3.57213583420371,14
"8766",133,120,3.67814501564847,13
"8767",133,121,2.45400093547169,12
"8768",133,122,1.62957429835419,11
"8769",133,123,4.79657126233431,10
"8770",133,124,4.38309898600677,9
"8771",133,125,5.25313380126874,8
"8772",133,126,2.82727760547789,7
"8773",133,127,2.74157548238157,6
"8774",133,128,3.36190282318592,5
"8775",133,129,2.44432886255416,4
"8776",133,130,3.85356862595163,3
"8777",133,131,2.92340111741068,2
"8778",133,132,1.42445587549436,1
"8779",134,1,3.55033017646732,133
"8780",134,2,5.60951034024728,132
"8781",134,3,10.2665282911281,131
"8782",134,4,7.6885134309452,130
"8783",134,5,8.76164148257533,129
"8784",134,6,8.0596624906711,128
"8785",134,7,8.47324300284896,127
"8786",134,8,10.3268911905346,126
"8787",134,9,13.0665831862346,125
"8788",134,10,10.3183795332638,124
"8789",134,11,7.24771989865755,123
"8790",134,12,10.4221139113306,122
"8791",134,13,11.4134676858656,121
"8792",134,14,8.24311496932019,120
"8793",134,15,7.63506811914107,119
"8794",134,16,8.37908941792392,118
"8795",134,17,9.11109807386828,117
"8796",134,18,5.33005833682886,116
"8797",134,19,5.76239849519837,115
"8798",134,20,7.73911792901039,114
"8799",134,21,12.0590559111655,113
"8800",134,22,11.4848048784333,112
"8801",134,23,11.8585952282401,111
"8802",134,24,10.0001496772955,110
"8803",134,25,6.84950701546505,109
"8804",134,26,7.74780295937476,108
"8805",134,27,6.84624490270919,107
"8806",134,28,5.94934205105909,106
"8807",134,29,7.08211173002415,105
"8808",134,30,6.58734707808188,104
"8809",134,31,8.40850870988148,103
"8810",134,32,6.41608654589695,102
"8811",134,33,7.04609238175546,101
"8812",134,34,10.8505542095904,100
"8813",134,35,7.19387442127224,99
"8814",134,36,4.9613641238885,98
"8815",134,37,6.18306544100496,97
"8816",134,38,5.90262088834106,96
"8817",134,39,10.9107753805785,95
"8818",134,40,9.90821168772451,94
"8819",134,41,10.6309357784807,93
"8820",134,42,8.24278207389133,92
"8821",134,43,8.18957548574447,91
"8822",134,44,7.90121257250178,90
"8823",134,45,9.17262403122987,89
"8824",134,46,10.5003910672136,88
"8825",134,47,8.15156593265573,87
"8826",134,48,5.32320464463033,86
"8827",134,49,4.62054551148985,85
"8828",134,50,11.7241120220382,84
"8829",134,51,8.57607857670851,83
"8830",134,52,8.23104976673708,82
"8831",134,53,8.69740360466668,81
"8832",134,54,8.41841087837108,80
"8833",134,55,6.77313398309027,79
"8834",134,56,6.83415035954862,78
"8835",134,57,7.13825373983586,77
"8836",134,58,4.41328439066939,76
"8837",134,59,4.10855775120934,75
"8838",134,60,7.87153248745495,74
"8839",134,61,8.63613852149721,73
"8840",134,62,10.5821931913379,72
"8841",134,63,7.34011093959768,71
"8842",134,64,4.58214174277338,70
"8843",134,65,5.27044632020076,69
"8844",134,66,9.83831525658501,68
"8845",134,67,7.08095259006031,67
"8846",134,68,5.89979780773877,66
"8847",134,69,9.89540539307557,65
"8848",134,70,6.58582415775056,64
"8849",134,71,6.42816107122046,63
"8850",134,72,6.56237236427221,62
"8851",134,73,5.88293766442089,61
"8852",134,74,5.67788041725798,60
"8853",134,75,4.24362195997717,59
"8854",134,76,4.72358575221378,58
"8855",134,77,4.38906470335879,57
"8856",134,78,7.29191361570444,56
"8857",134,79,7.07074184617489,55
"8858",134,80,4.86024152190581,54
"8859",134,81,4.24968561287574,53
"8860",134,82,4.73996630523853,52
"8861",134,83,6.28302730879095,51
"8862",134,84,8.4608869079345,50
"8863",134,85,8.84129243350619,49
"8864",134,86,7.97054384048432,48
"8865",134,87,9.49394815042704,47
"8866",134,88,8.97785646336416,46
"8867",134,89,5.95983747107746,45
"8868",134,90,5.42229382187126,44
"8869",134,91,7.05677569151489,43
"8870",134,92,5.90277048559342,42
"8871",134,93,5.75493034973831,41
"8872",134,94,7.34735828566584,40
"8873",134,95,6.99453634018102,39
"8874",134,96,6.71096672119739,38
"8875",134,97,3.69371953726068,37
"8876",134,98,4.90688302742983,36
"8877",134,99,3.15382573307085,35
"8878",134,100,1.90364918056497,34
"8879",134,101,4.99438194989006,33
"8880",134,102,3.1869960094456,32
"8881",134,103,3.67997525836035,31
"8882",134,104,3.55731959705086,30
"8883",134,105,3.92148957331297,29
"8884",134,106,4.24209685999223,28
"8885",134,107,6.14584296315641,27
"8886",134,108,2.97162966659097,26
"8887",134,109,2.22701220814717,25
"8888",134,110,4.59717200651024,24
"8889",134,111,6.77065210951791,23
"8890",134,112,5.57170259889325,22
"8891",134,113,2.37557398872227,21
"8892",134,114,2.4035650753024,20
"8893",134,115,2.94828611210937,19
"8894",134,116,5.45155044129085,18
"8895",134,117,4.21469788404368,17
"8896",134,118,5.30004372673175,16
"8897",134,119,4.55229115432529,15
"8898",134,120,4.77070556590189,14
"8899",134,121,2.38191231884862,13
"8900",134,122,2.49721777573235,12
"8901",134,123,5.66421473971247,11
"8902",134,124,5.4756595362602,10
"8903",134,125,6.34569435152217,9
"8904",134,126,3.91983815573131,8
"8905",134,127,3.10785407552647,7
"8906",134,128,3.06489713368759,6
"8907",134,129,3.21508081236974,5
"8908",134,130,3.5565629364533,4
"8909",134,131,2.62639542791235,3
"8910",134,132,2.29209935287253,2
"8911",134,133,1.09256055025342,1
"8912",135,1,3.57178546691427,134
"8913",135,2,5.63096563069424,133
"8914",135,3,10.2879835815751,132
"8915",135,4,7.70996872139216,131
"8916",135,5,8.78309677302229,130
"8917",135,6,8.550072774521,129
"8918",135,7,8.49469829329592,128
"8919",135,8,10.3483464809815,127
"8920",135,9,13.0880384766816,126
"8921",135,10,10.3398348237107,125
"8922",135,11,7.73813018250744,124
"8923",135,12,10.4435692017776,123
"8924",135,13,11.4349229763126,122
"8925",135,14,8.73352525317009,121
"8926",135,15,7.65652340958803,120
"8927",135,16,8.40054470837088,119
"8928",135,17,9.13255336431523,118
"8929",135,18,5.51288679157067,117
"8930",135,19,5.78385378564533,116
"8931",135,20,7.76057321945735,115
"8932",135,21,12.0805112016124,114
"8933",135,22,11.5062601688803,113
"8934",135,23,11.8800505186871,112
"8935",135,24,10.0216049677425,111
"8936",135,25,7.33991729931494,110
"8937",135,26,7.76925824982172,109
"8938",135,27,7.33665518655908,108
"8939",135,28,6.43975233490898,107
"8940",135,29,7.30161590392387,106
"8941",135,30,7.07775736193177,105
"8942",135,31,8.42996400032844,104
"8943",135,32,6.90649682974684,103
"8944",135,33,7.06754767220242,102
"8945",135,34,10.8720095000373,101
"8946",135,35,7.68428470512213,100
"8947",135,36,5.72795206798471,99
"8948",135,37,6.49529935873304,98
"8949",135,38,6.39303117219095,97
"8950",135,39,10.9322306710254,96
"8951",135,40,9.92966697817147,95
"8952",135,41,10.6523910689277,94
"8953",135,42,8.73319235774122,93
"8954",135,43,8.21103077619143,92
"8955",135,44,7.92266786294874,91
"8956",135,45,9.19407932167683,90
"8957",135,46,10.5218463576606,89
"8958",135,47,8.17302122310269,88
"8959",135,48,5.34465993507729,87
"8960",135,49,4.23850760468199,86
"8961",135,50,11.7455673124852,85
"8962",135,51,8.59753386715547,84
"8963",135,52,8.25250505718403,83
"8964",135,53,8.71885889511364,82
"8965",135,54,8.90882116222097,81
"8966",135,55,6.79458927353722,80
"8967",135,56,6.85560564999558,79
"8968",135,57,7.15970903028282,78
"8969",135,58,4.90369467451928,77
"8970",135,59,4.25480464276279,76
"8971",135,60,7.89298777790191,75
"8972",135,61,8.65759381194416,74
"8973",135,62,10.6036484817849,73
"8974",135,63,7.36156623004463,72
"8975",135,64,4.60359703322034,71
"8976",135,65,6.03703426429696,70
"8977",135,66,9.85977054703197,69
"8978",135,67,7.5713628739102,68
"8979",135,68,5.92125309818573,67
"8980",135,69,9.91686068352253,66
"8981",135,70,6.60727944819752,65
"8982",135,71,6.44961636166742,64
"8983",135,72,6.58382765471917,63
"8984",135,73,6.32194991915302,62
"8985",135,74,5.69933570770494,61
"8986",135,75,4.26507725042413,60
"8987",135,76,4.74504104266074,59
"8988",135,77,3.47303976273459,58
"8989",135,78,7.3133689061514,57
"8990",135,79,7.09219713662185,56
"8991",135,80,4.88169681235277,55
"8992",135,81,4.27114090332269,54
"8993",135,82,4.76142159568549,53
"8994",135,83,6.30448259923791,52
"8995",135,84,8.48234219838146,51
"8996",135,85,8.86274772395315,50
"8997",135,86,7.99199913093127,49
"8998",135,87,9.515403440874,48
"8999",135,88,8.99931175381112,47
"9000",135,89,5.98129276152441,46
"9001",135,90,6.13285260943144,45
"9002",135,91,7.07823098196185,44
"9003",135,92,5.92422577604038,43
"9004",135,93,5.77638564018527,42
"9005",135,94,6.1118153481667,41
"9006",135,95,7.01599163062798,40
"9007",135,96,6.73242201164435,39
"9008",135,97,3.71517482770763,38
"9009",135,98,4.92833831787679,37
"9010",135,99,3.78430218529983,36
"9011",135,100,2.08668572449349,35
"9012",135,101,3.75883901239092,34
"9013",135,102,3.20845129989256,33
"9014",135,103,3.70143054880731,32
"9015",135,104,4.04772988090075,31
"9016",135,105,3.94294486375993,30
"9017",135,106,4.54927799070565,29
"9018",135,107,6.16729825360337,28
"9019",135,108,2.9036369759308,27
"9020",135,109,2.24846749859413,26
"9021",135,110,3.3616290690111,25
"9022",135,111,6.79210739996487,24
"9023",135,112,5.59315788934021,23
"9024",135,113,2.67716161592741,22
"9025",135,114,1.16802213780327,21
"9026",135,115,1.71274317461023,20
"9027",135,116,4.21600750379171,19
"9028",135,117,2.97915494654454,18
"9029",135,118,4.06450078923262,17
"9030",135,119,4.57374644477225,16
"9031",135,120,4.79216085634885,15
"9032",135,121,2.87232260269851,14
"9033",135,122,1.37422221851382,13
"9034",135,123,4.42867180221333,12
"9035",135,124,5.49711482670716,11
"9036",135,125,6.36714964196912,10
"9037",135,126,3.94129344617827,9
"9038",135,127,2.70314321999142,8
"9039",135,128,2.90482833681245,7
"9040",135,129,2.36170854981144,6
"9041",135,130,3.26187794870258,5
"9042",135,131,2.12989276645984,4
"9043",135,132,1.50564427284292,3
"9044",135,133,1.11401584070038,2
"9045",135,134,1.23554293749914,1
"9046",136,1,3.87786257748465,135
"9047",136,2,5.69614560459573,134
"9048",136,3,10.3531635554766,133
"9049",136,4,7.77514869529364,132
"9050",136,5,8.84827674692378,131
"9051",136,6,7.93615368758917,130
"9052",136,7,8.5598782671974,129
"9053",136,8,10.413526454883,128
"9054",136,9,13.1532184505831,127
"9055",136,10,10.4050147976122,126
"9056",136,11,7.12421109557562,125
"9057",136,12,10.5087491756791,124
"9058",136,13,11.5001029502141,123
"9059",136,14,8.11960616623826,122
"9060",136,15,7.72170338348952,121
"9061",136,16,8.46572468227237,120
"9062",136,17,9.19773333821672,119
"9063",136,18,6.40833034092562,118
"9064",136,19,5.84903375954681,117
"9065",136,20,7.82575319335884,116
"9066",136,21,12.1456911755139,115
"9067",136,22,11.5714401427818,114
"9068",136,23,11.9452304925886,113
"9069",136,24,10.086784941644,112
"9070",136,25,6.80208082127455,111
"9071",136,26,8.83727541640996,110
"9072",136,27,6.72273609962725,109
"9073",136,28,5.89475704361038,108
"9074",136,29,7.16874699437259,107
"9075",136,30,6.46383827499995,106
"9076",136,31,8.49514397422993,105
"9077",136,32,6.85257349789349,104
"9078",136,33,7.13272764610391,103
"9079",136,34,10.9371894739388,102
"9080",136,35,7.09554440978241,101
"9081",136,36,6.85759189461724,100
"9082",136,37,6.2697007053534,99
"9083",136,38,5.77911208525913,98
"9084",136,39,10.9974106449269,97
"9085",136,40,9.99484695207295,96
"9086",136,41,10.7175710428292,95
"9087",136,42,8.1192732708094,94
"9088",136,43,8.27621075009291,93
"9089",136,44,7.98784783685022,92
"9090",136,45,9.25925929557831,91
"9091",136,46,10.5870263315621,90
"9092",136,47,8.23820119700418,89
"9093",136,48,5.40983990897877,88
"9094",136,49,4.30368757858348,87
"9095",136,50,11.8107472863867,86
"9096",136,51,8.66271384105696,85
"9097",136,52,8.31768503108552,84
"9098",136,53,8.78403886901512,83
"9099",136,54,8.29490207528915,82
"9100",136,55,6.85976924743871,81
"9101",136,56,6.92078562389707,80
"9102",136,57,7.22488900418431,79
"9103",136,58,4.28977558758746,78
"9104",136,59,5.38444446939532,77
"9105",136,60,7.95816775180339,76
"9106",136,61,8.72277378584565,75
"9107",136,62,10.6688284556864,74
"9108",136,63,7.42674620394612,73
"9109",136,64,4.68558440949044,72
"9110",136,65,7.16667409092949,71
"9111",136,66,9.92495052093345,70
"9112",136,67,6.95744378697838,69
"9113",136,68,5.98643307208722,68
"9114",136,69,9.98204065742402,67
"9115",136,70,6.67245942209901,66
"9116",136,71,6.5147963355689,65
"9117",136,72,6.64900762862065,64
"9118",136,73,5.96957292876933,63
"9119",136,74,5.76451568160642,62
"9120",136,75,4.33025722432562,61
"9121",136,76,4.81022101656222,60
"9122",136,77,3.53821973663608,59
"9123",136,78,7.37854888005289,58
"9124",136,79,7.15737711052333,57
"9125",136,80,4.94687678625425,56
"9126",136,81,4.33632087722418,55
"9127",136,82,5.52105654361437,54
"9128",136,83,6.61055970980829,53
"9129",136,84,8.54752217228295,52
"9130",136,85,8.92792769785463,51
"9131",136,86,8.05717910483276,50
"9132",136,87,9.58058341477549,49
"9133",136,88,9.06449172771261,48
"9134",136,89,6.0464727354259,47
"9135",136,90,7.26249243606398,46
"9136",136,91,7.14341095586334,45
"9137",136,92,5.98940574994186,44
"9138",136,93,5.84156561408676,43
"9139",136,94,5.93075572687895,42
"9140",136,95,7.08117160452947,41
"9141",136,96,6.79760198554583,40
"9142",136,97,3.78035480160912,39
"9143",136,98,5.64340003472411,38
"9144",136,99,4.39642420458061,37
"9145",136,100,2.92589202812571,36
"9146",136,101,3.3082982465917,35
"9147",136,102,3.27363127379404,34
"9148",136,103,4.18679558192418,33
"9149",136,104,3.43381079396892,32
"9150",136,105,4.00812483766141,31
"9151",136,106,5.67891781733818,30
"9152",136,107,6.23247822750485,29
"9153",136,108,2.96881694983229,28
"9154",136,109,2.31364747249561,27
"9155",136,110,2.91108830321188,26
"9156",136,111,6.85728737386636,25
"9157",136,112,5.65833786324169,24
"9158",136,113,3.80680144255995,23
"9159",136,114,1.0256081181474,22
"9160",136,115,1.26220240881101,21
"9161",136,116,3.76546673799249,20
"9162",136,117,3.16729547075271,19
"9163",136,118,3.61396002343339,18
"9164",136,119,4.63892641867373,17
"9165",136,120,4.85734083025034,16
"9166",136,121,2.25840351576669,15
"9167",136,122,1.4394021924153,14
"9168",136,123,3.97813103641411,13
"9169",136,124,5.56229480060864,12
"9170",136,125,6.43232961587061,11
"9171",136,126,4.00647342007976,10
"9172",136,127,2.7683231938929,9
"9173",136,128,2.29090924988062,8
"9174",136,129,2.42688852371292,7
"9175",136,130,2.64795886177076,6
"9176",136,131,1.51597367952802,5
"9177",136,132,1.57082424674441,4
"9178",136,133,2.19323346022707,3
"9179",136,134,1.89622777072874,2
"9180",136,135,1.12963982663253,1
"9181",137,1,4.84398384637929,136
"9182",137,2,4.61176391953612,135
"9183",137,3,9.27476443453492,134
"9184",137,4,8.98606877310801,133
"9185",137,5,9.36719623432872,132
"9186",137,6,10.016496398633,131
"9187",137,7,9.55152436451442,130
"9188",137,8,8.85405114541249,129
"9189",137,9,11.3193255261366,128
"9190",137,10,9.97798685337454,127
"9191",137,11,9.2045538066194,126
"9192",137,12,8.67485625123259,125
"9193",137,13,9.6662100257676,124
"9194",137,14,10.199948877282,123
"9195",137,15,8.99330747037866,122
"9196",137,16,8.9447690792737,121
"9197",137,17,9.53153148289335,120
"9198",137,18,7.29865106068631,119
"9199",137,19,5.81087248297646,118
"9200",137,20,8.11046830111987,117
"9201",137,21,10.3117982510674,116
"9202",137,22,12.4787060748872,115
"9203",137,23,10.9112844241582,114
"9204",137,24,11.3488429370927,113
"9205",137,25,8.8063409234269,112
"9206",137,26,6.33108639721888,111
"9207",137,27,8.80307881067103,110
"9208",137,28,7.90617595902094,109
"9209",137,29,8.76803952803583,108
"9210",137,30,8.54418098604373,107
"9211",137,31,9.00646820631989,106
"9212",137,32,8.3729204538588,105
"9213",137,33,5.63817616288739,104
"9214",137,34,9.10329654949236,103
"9215",137,35,9.15070832923409,102
"9216",137,36,7.3758491485376,101
"9217",137,37,7.96172298284499,100
"9218",137,38,7.85945479630291,99
"9219",137,39,9.16351772048044,98
"9220",137,40,10.4633308228487,97
"9221",137,41,10.325189948179,96
"9222",137,42,10.1996159818532,95
"9223",137,43,8.36680465780036,94
"9224",137,44,6.58238453669461,93
"9225",137,45,7.42536637113185,92
"9226",137,46,8.7531334071156,91
"9227",137,47,7.0692312575463,90
"9228",137,48,4.80497374354771,89
"9229",137,49,2.79308721684183,88
"9230",137,50,9.97685436194022,87
"9231",137,51,8.23651825356614,86
"9232",137,52,6.48379210663906,85
"9233",137,53,9.07450244055906,84
"9234",137,54,10.3752447863329,83
"9235",137,55,5.72448374507977,82
"9236",137,56,5.08689269945061,81
"9237",137,57,7.75236615939276,80
"9238",137,58,6.37011829863124,79
"9239",137,59,2.87825545020425,78
"9240",137,60,7.70910808450083,77
"9241",137,61,6.88888086139919,76
"9242",137,62,10.1771107855297,75
"9243",137,63,7.51788634576869,74
"9244",137,64,3.49772617579683,73
"9245",137,65,4.66048507173842,72
"9246",137,66,8.09105759648699,71
"9247",137,67,9.03778649802216,70
"9248",137,68,5.64048187722207,69
"9249",137,69,8.55072227581949,68
"9250",137,70,5.99304530552851,67
"9251",137,71,6.1525881729919,66
"9252",137,72,4.99068995546211,65
"9253",137,73,7.78837354326497,64
"9254",137,74,6.35083005435758,63
"9255",137,75,4.4273539191178,62
"9256",137,76,4.73923367078811,61
"9257",137,77,2.90960539277155,60
"9258",137,78,5.54465595560643,59
"9259",137,79,7.13471847836299,58
"9260",137,80,3.11298386180779,57
"9261",137,81,3.84470725166091,56
"9262",137,82,4.13576593979368,55
"9263",137,83,5.40888586498647,54
"9264",137,84,7.9265030837334,53
"9265",137,85,8.85714844126723,52
"9266",137,86,8.64372757791897,51
"9267",137,87,9.44131680461163,50
"9268",137,88,8.540468211319,49
"9269",137,89,6.92986043335621,48
"9270",137,90,6.30937706189494,47
"9271",137,91,5.79452190334495,46
"9272",137,92,6.24181501146592,45
"9273",137,93,6.48239935375635,44
"9274",137,94,4.25322796606832,43
"9275",137,95,5.24727868008301,42
"9276",137,96,5.33543438201131,41
"9277",137,97,4.93883640437217,40
"9278",137,98,4.46959881997803,39
"9279",137,99,5.64288956739822,38
"9280",137,100,3.81642083707312,37
"9281",137,101,1.90025163029253,36
"9282",137,102,1.50411594148649,35
"9283",137,103,2.62817767140085,34
"9284",137,104,5.5141535050127,33
"9285",137,105,3.5002542443863,32
"9286",137,106,3.1727287981471,31
"9287",137,107,4.39858530305839,30
"9288",137,108,4.09465456142995,29
"9289",137,109,3.58504347019804,28
"9290",137,110,2.42459066141338,27
"9291",137,111,5.0233944494199,26
"9292",137,112,5.32874768068174,25
"9293",137,113,2.51348625926578,24
"9294",137,114,1.52503836006832,23
"9295",137,115,2.24772767381038,22
"9296",137,116,2.35742012169333,21
"9297",137,117,1.12056756444616,20
"9298",137,118,2.20591340713423,19
"9299",137,119,3.77501522693507,18
"9300",137,120,4.12317324642635,17
"9301",137,121,4.33874622681047,16
"9302",137,122,2.04795609699627,15
"9303",137,123,2.57008442011495,14
"9304",137,124,3.72840187616218,13
"9305",137,125,4.59843669142415,12
"9306",137,126,3.44993596826246,11
"9307",137,127,3.97523755486308,10
"9308",137,128,4.3712519609244,9
"9309",137,129,3.22932952801242,8
"9310",137,130,4.72830157281454,7
"9311",137,131,3.5963163905718,6
"9312",137,132,2.01777088669547,5
"9313",137,133,2.22648684221936,4
"9314",137,134,3.09413031959752,3
"9315",137,135,1.85858738209838,2
"9316",137,136,2.50618901919108,1
"9317",138,1,3.87099906711796,137
"9318",138,2,4.86252563617738,136
"9319",138,3,9.51954358705822,135
"9320",138,4,8.01308399384669,134
"9321",138,5,8.39421145506739,133
"9322",138,6,9.04351161937162,132
"9323",138,7,8.5785395852531,131
"9324",138,8,9.57990648646468,130
"9325",138,9,12.3195984821647,129
"9326",138,10,9.57139482919385,128
"9327",138,11,8.23156902735807,127
"9328",138,12,9.67512920726071,126
"9329",138,13,10.6664829817957,125
"9330",138,14,9.22696409802072,124
"9331",138,15,8.02032269111733,123
"9332",138,16,7.97178430001237,122
"9333",138,17,8.55854670363203,121
"9334",138,18,6.0063256364213,120
"9335",138,19,5.01541379112847,119
"9336",138,20,7.13748352185855,118
"9337",138,21,11.3120712070956,117
"9338",138,22,11.5057212956259,116
"9339",138,23,11.1116105241702,115
"9340",138,24,10.3758581578314,114
"9341",138,25,7.83335614416557,113
"9342",138,26,7.00081825530486,112
"9343",138,27,7.83009403140971,111
"9344",138,28,6.93319117975961,110
"9345",138,29,7.7950547487745,109
"9346",138,30,7.5711962067824,108
"9347",138,31,8.03348342705857,107
"9348",138,32,7.39993567459747,106
"9349",138,33,6.29910767768556,105
"9350",138,34,10.1035695055205,104
"9351",138,35,8.17772354997276,103
"9352",138,36,5.97147885712244,102
"9353",138,37,6.98873820358367,101
"9354",138,38,6.88647001704158,100
"9355",138,39,10.1637906765085,99
"9356",138,40,9.49034604358735,98
"9357",138,41,9.88395107441082,97
"9358",138,42,9.22663120259185,96
"9359",138,43,7.44259078167457,95
"9360",138,44,7.15422786843188,94
"9361",138,45,8.42563932715997,93
"9362",138,46,9.75340636314371,92
"9363",138,47,7.40458122858583,91
"9364",138,48,4.57621994056043,90
"9365",138,49,3.47006761016513,89
"9366",138,50,10.9771273179683,88
"9367",138,51,7.82909387263861,87
"9368",138,52,7.48406506266717,86
"9369",138,53,8.10151766129774,85
"9370",138,54,9.4022600070716,84
"9371",138,55,6.02614927902036,83
"9372",138,56,6.08716565547872,82
"9373",138,57,6.77938138013144,81
"9374",138,58,5.39713351936991,80
"9375",138,59,3.44714289407853,79
"9376",138,60,7.12454778338505,78
"9377",138,61,7.8891538174273,77
"9378",138,62,9.83520848726801,76
"9379",138,63,6.59312623552777,75
"9380",138,64,3.83515703870348,74
"9381",138,65,5.2293725156127,73
"9382",138,66,9.09133055251511,72
"9383",138,67,8.06480171876083,71
"9384",138,68,5.15281310366887,70
"9385",138,69,9.14842068900567,69
"9386",138,70,5.83883945368066,68
"9387",138,71,5.68117636715056,67
"9388",138,72,5.81538766020231,66
"9389",138,73,6.81538876400365,65
"9390",138,74,5.37784527509626,64
"9391",138,75,3.49663725590727,63
"9392",138,76,3.97660104814388,62
"9393",138,77,2.70459976821773,61
"9394",138,78,6.54492891163454,60
"9395",138,79,6.32375714210499,59
"9396",138,80,4.11325681783591,58
"9397",138,81,3.50270090880583,57
"9398",138,82,3.99298160116862,56
"9399",138,83,5.53604260472105,55
"9400",138,84,7.7139022038646,54
"9401",138,85,8.09430772943628,53
"9402",138,86,7.67074279865764,52
"9403",138,87,8.74696344635714,51
"9404",138,88,8.23087175929426,50
"9405",138,89,5.95687565409489,49
"9406",138,90,5.32519086074718,48
"9407",138,91,6.30979098744499,47
"9408",138,92,5.26883023220459,46
"9409",138,93,5.50941457449503,45
"9410",138,94,5.65759825748347,44
"9411",138,95,6.24755163611112,43
"9412",138,96,5.96398201712749,42
"9413",138,97,3.96585162511084,41
"9414",138,98,4.15989832335993,40
"9415",138,99,4.23851927598306,39
"9416",138,100,2.58012456934412,38
"9417",138,101,3.30462192170769,37
"9418",138,102,2.4400113053757,36
"9419",138,103,2.93299055429045,35
"9420",138,104,4.54116872575138,34
"9421",138,105,3.17450486924307,33
"9422",138,106,3.74161624202139,32
"9423",138,107,5.39885825908651,31
"9424",138,108,3.12166978216863,30
"9425",138,109,2.61205869093672,29
"9426",138,110,2.90741197832787,28
"9427",138,111,6.02366740544801,27
"9428",138,112,4.82471789482335,26
"9429",138,113,1.86949986724315,25
"9430",138,114,0.956150916194034,24
"9431",138,115,1.6788402299361,23
"9432",138,116,3.76179041310848,22
"9433",138,117,2.52493785586131,21
"9434",138,118,3.61028369854939,20
"9435",138,119,3.80530645025539,19
"9436",138,120,4.02372086183199,18
"9437",138,121,3.36576144754914,17
"9438",138,122,1.27664684128797,16
"9439",138,123,3.9744547115301,15
"9440",138,124,4.7286748321903,14
"9441",138,125,5.59870964745226,13
"9442",138,126,3.17285345166141,12
"9443",138,127,3.00225277560175,11
"9444",138,128,3.39826718166308,10
"9445",138,129,2.25634474875109,9
"9446",138,130,3.75531679355321,8
"9447",138,131,2.6674692325004,7
"9448",138,132,1.04478610743415,6
"9449",138,133,0.911760512077449,5
"9450",138,134,1.68976002818237,4
"9451",138,135,0.80766174868426,3
"9452",138,136,1.93730157531679,2
"9453",138,137,1.40437029141516,1
"9454",139,1,3.45307840748375,138
"9455",139,2,5.51225857126372,137
"9456",139,3,10.1692765221446,136
"9457",139,4,7.59126166196164,135
"9458",139,5,8.66438971359177,134
"9459",139,6,7.26695064854903,133
"9460",139,7,8.37599123386539,132
"9461",139,8,10.229639421551,131
"9462",139,9,12.9693314172511,130
"9463",139,10,10.2211277642802,129
"9464",139,11,6.81705723026533,128
"9465",139,12,10.324862142347,127
"9466",139,13,11.316215916882,126
"9467",139,14,7.92731753199277,125
"9468",139,15,7.53781635015751,124
"9469",139,16,8.28183764894036,123
"9470",139,17,9.01384630488471,122
"9471",139,18,5.66420552592102,121
"9472",139,19,5.66514672621481,120
"9473",139,20,7.64186616002683,119
"9474",139,21,11.9618041421819,118
"9475",139,22,11.3875531094498,117
"9476",139,23,11.7613434592566,116
"9477",139,24,9.90289790831197,115
"9478",139,25,6.61819378794254,114
"9479",139,26,8.09315060140536,113
"9480",139,27,6.19981975884537,112
"9481",139,28,5.54906040392676,111
"9482",139,29,6.98485996104058,110
"9483",139,30,5.79463523595981,109
"9484",139,31,8.31125694089792,108
"9485",139,32,5.62337470377488,107
"9486",139,33,6.9488406127719,106
"9487",139,34,10.7533024406068,105
"9488",139,35,6.91165737645041,104
"9489",139,36,6.11346707961265,103
"9490",139,37,6.08581367202139,102
"9491",139,38,5.10990904621899,101
"9492",139,39,10.8135236115949,100
"9493",139,40,9.81095991874095,99
"9494",139,41,10.5336840094972,98
"9495",139,42,7.45883598875948,97
"9496",139,43,8.09232371676091,96
"9497",139,44,7.80396080351822,95
"9498",139,45,9.0753722622463,94
"9499",139,46,10.40313929823,93
"9500",139,47,8.05431416367217,92
"9501",139,48,5.22595287564677,91
"9502",139,49,4.16390262890421,90
"9503",139,50,11.6268602530547,89
"9504",139,51,8.47882680772495,88
"9505",139,52,8.13379799775351,87
"9506",139,53,8.60015183568312,86
"9507",139,54,7.62569903624901,85
"9508",139,55,6.6758822141067,84
"9509",139,56,6.73689859056506,83
"9510",139,57,7.0410019708523,82
"9511",139,58,4.06367246050133,81
"9512",139,59,4.64031965439073,80
"9513",139,60,7.77428071847139,79
"9514",139,61,8.53888675251364,78
"9515",139,62,10.4849414223543,77
"9516",139,63,7.24285917061411,76
"9517",139,64,4.48488997378982,75
"9518",139,65,6.4225492759249,74
"9519",139,66,9.74106348760145,73
"9520",139,67,6.61174139982976,72
"9521",139,68,5.80254603875521,71
"9522",139,69,9.79815362409201,70
"9523",139,70,6.488572388767,69
"9524",139,71,6.3309093022369,68
"9525",139,72,6.46512059528865,67
"9526",139,73,5.78568589543733,66
"9527",139,74,5.58062864827442,65
"9528",139,75,4.14637019099361,64
"9529",139,76,4.62633398323022,63
"9530",139,77,3.93242182077316,62
"9531",139,78,7.19466184672088,61
"9532",139,79,6.97349007719133,60
"9533",139,80,4.76298975292225,59
"9534",139,81,4.15243384389217,58
"9535",139,82,4.77693172860978,57
"9536",139,83,6.18577553980739,56
"9537",139,84,8.36363513895094,55
"9538",139,85,8.74404066452262,54
"9539",139,86,7.87329207150075,53
"9540",139,87,9.39669638144348,52
"9541",139,88,8.8806046943806,51
"9542",139,89,5.86258570209389,50
"9543",139,90,6.51836762105938,49
"9544",139,91,6.95952392253133,48
"9545",139,92,5.80551871660986,47
"9546",139,93,5.65767858075475,46
"9547",139,94,6.8907154030802,45
"9548",139,95,6.89728457119746,44
"9549",139,96,6.61371495221383,43
"9550",139,97,3.59646776827711,42
"9551",139,98,4.89927521971952,41
"9552",139,99,3.65229938957602,40
"9553",139,100,2.18176721312112,39
"9554",139,101,4.53773906730442,38
"9555",139,102,3.08974424046204,37
"9556",139,103,3.58272348937679,36
"9557",139,104,2.82929748084775,35
"9558",139,105,3.82423780432941,34
"9559",139,106,4.93479300233359,33
"9560",139,107,6.04859119417284,32
"9561",139,108,2.78492991650028,31
"9562",139,109,2.12976043916361,30
"9563",139,110,4.1405291239246,29
"9564",139,111,6.67340034053435,28
"9565",139,112,5.47445082990969,27
"9566",139,113,3.06267662755536,26
"9567",139,114,1.94692219271677,25
"9568",139,115,2.49164322952373,24
"9569",139,116,4.99490755870521,23
"9570",139,117,3.83649850979284,22
"9571",139,118,4.84340084414612,21
"9572",139,119,4.45503938534173,20
"9573",139,120,4.67345379691833,19
"9574",139,121,1.58920047672655,18
"9575",139,122,2.04057489314671,17
"9576",139,123,5.20757185712684,16
"9577",139,124,5.37840776727664,15
"9578",139,125,6.2484425825386,14
"9579",139,126,3.82258638674775,13
"9580",139,127,2.65121119294083,12
"9581",139,128,1.91279417796345,11
"9582",139,129,2.7584379297841,10
"9583",139,130,2.59845112504104,9
"9584",139,131,1.79758503489301,8
"9585",139,132,1.83545647028689,7
"9586",139,133,1.44910864522248,6
"9587",139,134,1.15210295572415,5
"9588",139,135,1.28312212597196,4
"9589",139,136,1.22944082071272,3
"9590",139,137,2.74954575008392,2
"9591",139,138,1.77656097082259,1
"9592",140,1,3.9799382859401,139
"9593",140,2,4.8794076862856,138
"9594",140,3,9.53642563716644,137
"9595",140,4,6.95841077698351,136
"9596",140,5,8.03153882861365,135
"9597",140,6,7.07108705566527,134
"9598",140,7,7.74314034888727,133
"9599",140,8,9.5967885365729,132
"9600",140,9,12.3364805322729,131
"9601",140,10,9.58827687930207,130
"9602",140,11,6.25914446365172,129
"9603",140,12,9.69201125736893,128
"9604",140,13,10.6833650319039,127
"9605",140,14,7.29446664701465,126
"9606",140,15,6.90496546517939,125
"9607",140,16,7.64898676396224,124
"9608",140,17,8.38099541990659,123
"9609",140,18,6.51040604938106,122
"9610",140,19,5.33020368673992,121
"9611",140,20,7.00901527504871,120
"9612",140,21,11.3289532572038,119
"9613",140,22,10.7547022244716,118
"9614",140,23,11.1284925742785,117
"9615",140,24,9.27004702333385,116
"9616",140,25,5.98534290296442,115
"9617",140,26,8.9393511248654,114
"9618",140,27,5.85766946770336,113
"9619",140,28,5.94850403845205,112
"9620",140,29,6.35200907606246,111
"9621",140,30,5.63361002670572,110
"9622",140,31,7.6784060559198,109
"9623",140,32,6.90632049273517,108
"9624",140,33,7.0667293308732,107
"9625",140,34,10.1204515556287,106
"9626",140,35,6.27880649147229,105
"9627",140,36,6.95966760307268,104
"9628",140,37,5.45296278704327,103
"9629",140,38,5.16615648886446,102
"9630",140,39,10.1806727266168,101
"9631",140,40,9.17810903376283,100
"9632",140,41,9.90083312451904,99
"9633",140,42,7.2542066388855,98
"9634",140,43,7.45947283178279,97
"9635",140,44,7.1711099185401,96
"9636",140,45,8.44252137726819,95
"9637",140,46,9.77028841325193,94
"9638",140,47,7.42146327869405,93
"9639",140,48,4.59310199066864,92
"9640",140,49,3.48694966027335,91
"9641",140,50,10.9940093680766,90
"9642",140,51,7.84597592274683,89
"9643",140,52,7.50094711277539,88
"9644",140,53,7.967300950705,87
"9645",140,54,7.42983544336525,86
"9646",140,55,6.04303132912858,85
"9647",140,56,6.10404770558694,84
"9648",140,57,6.40815108587418,83
"9649",140,58,3.43082157552321,82
"9650",140,59,5.48652017785077,81
"9651",140,60,7.14142983349327,80
"9652",140,61,7.90603586753552,79
"9653",140,62,9.85209053737623,78
"9654",140,63,6.61000828563599,77
"9655",140,64,4.78766011794589,76
"9656",140,65,7.26874979938494,75
"9657",140,66,9.10821260262333,74
"9658",140,67,6.09237715505448,73
"9659",140,68,5.92043475685651,72
"9660",140,69,9.16530273911389,71
"9661",140,70,5.85572150378888,70
"9662",140,71,5.69805841725877,69
"9663",140,72,5.83226971031053,68
"9664",140,73,5.15283501045921,67
"9665",140,74,4.9477777632963,66
"9666",140,75,4.27911665278876,65
"9667",140,76,3.9934830982521,64
"9668",140,77,2.72148181832595,63
"9669",140,78,6.56181096174276,62
"9670",140,79,6.34063919221321,61
"9671",140,80,4.36958384504837,60
"9672",140,81,3.51958295891405,59
"9673",140,82,5.62313225206982,58
"9674",140,83,6.71263541826373,57
"9675",140,84,7.73078425397282,56
"9676",140,85,8.1111897795445,55
"9677",140,86,7.24044118652263,54
"9678",140,87,8.76384549646536,53
"9679",140,88,8.24775380940248,52
"9680",140,89,5.22973481711577,51
"9681",140,90,7.36456814451942,50
"9682",140,91,6.32667303755321,49
"9683",140,92,5.17266783163173,48
"9684",140,93,5.02482769577663,47
"9685",140,94,5.6075275875258,46
"9686",140,95,6.26443368621934,45
"9687",140,96,5.98086406723571,44
"9688",140,97,2.96361688329899,43
"9689",140,98,5.74547574317955,42
"9690",140,99,4.49849991303606,41
"9691",140,100,3.02796773658115,40
"9692",140,101,3.25455125175002,39
"9693",140,102,2.72021828987349,38
"9694",140,103,4.28887129037963,37
"9695",140,104,2.56874416204503,36
"9696",140,105,3.19138691935129,35
"9697",140,106,5.78099352579362,34
"9698",140,107,5.41574030919473,33
"9699",140,108,2.15207903152216,32
"9700",140,109,1.49690955418549,31
"9701",140,110,2.85734130837021,30
"9702",140,111,6.04054945555623,29
"9703",140,112,4.97605916388049,28
"9704",140,113,3.90887715101539,27
"9705",140,114,1.89067475007129,26
"9706",140,115,1.97600241941737,25
"9707",140,116,3.84058545859147,24
"9708",140,117,4.0323621026766,23
"9709",140,118,3.56021302859172,22
"9710",140,119,3.82218850036361,21
"9711",140,120,4.04060291194021,20
"9712",140,121,1.96478856437571,19
"9713",140,122,0.89745324597141,18
"9714",140,123,3.92438404157244,17
"9715",140,124,4.98086051545913,16
"9716",140,125,5.61559169756048,15
"9717",140,126,3.18973550176963,14
"9718",140,127,1.95158527558278,13
"9719",140,128,1.42584261795673,12
"9720",140,129,1.61015060540279,11
"9721",140,130,1.78289222984686,10
"9722",140,131,0.650907047604123,9
"9723",140,132,1.12945612997399,8
"9724",140,133,2.29530916868251,7
"9725",140,134,1.99830347918418,6
"9726",140,135,1.47898571885572,5
"9727",140,136,0.865066631923897,4
"9728",140,137,2.94540934296768,3
"9729",140,138,2.03937728377224,2
"9730",140,139,1.2831878155544,1
"9731",141,1,5.42421878752271,140
"9732",141,2,6.00776280702583,139
"9733",141,3,9.73136485996324,138
"9734",141,4,7.15334999978031,137
"9735",141,5,8.22647805141045,136
"9736",141,6,7.15253963825924,135
"9737",141,7,7.93807957168407,134
"9738",141,8,9.7917277593697,133
"9739",141,9,12.5314197550697,132
"9740",141,10,9.78321610209887,131
"9741",141,11,7.18182676744339,130
"9742",141,12,9.88695048016573,129
"9743",141,13,10.8783042547007,128
"9744",141,14,7.48940586981145,127
"9745",141,15,7.09990468797619,126
"9746",141,16,7.84392598675904,125
"9747",141,17,8.57593464270339,124
"9748",141,18,7.95468655096367,123
"9749",141,19,6.77448418832254,122
"9750",141,20,7.20395449784551,121
"9751",141,21,11.5238924800006,120
"9752",141,22,10.9496414472684,119
"9753",141,23,11.3234317970753,118
"9754",141,24,9.46498624613066,117
"9755",141,25,6.18028212576122,116
"9756",141,26,10.383631626448,115
"9757",141,27,6.7570778169293,114
"9758",141,28,7.34822744293005,113
"9759",141,29,6.884064452608,112
"9760",141,30,6.96440388808549,111
"9761",141,31,7.8733452787166,110
"9762",141,32,8.23711435411494,109
"9763",141,33,8.51100983245581,108
"9764",141,34,10.3153907784255,107
"9765",141,35,6.47374571426909,106
"9766",141,36,8.4039481046553,105
"9767",141,37,5.64790200984007,104
"9768",141,38,6.49695035024424,103
"9769",141,39,10.3756119494136,102
"9770",141,40,9.37304825655963,101
"9771",141,41,10.0957723473158,100
"9772",141,42,7.33565922147946,99
"9773",141,43,7.65441205457959,98
"9774",141,44,7.3660491413369,97
"9775",141,45,8.63746060006499,96
"9776",141,46,9.96522763604873,95
"9777",141,47,7.61640250149085,94
"9778",141,48,4.78804121346545,93
"9779",141,49,3.68188888307015,92
"9780",141,50,11.1889485908734,91
"9781",141,51,8.04091514554363,90
"9782",141,52,7.6958863355722,89
"9783",141,53,8.1622401735018,88
"9784",141,54,7.51128802595921,87
"9785",141,55,7.18891993201975,86
"9786",141,56,7.4487073718503,85
"9787",141,57,6.60309030867098,84
"9788",141,58,4.34287215074031,83
"9789",141,59,6.93080067943338,82
"9790",141,60,7.33636905629007,81
"9791",141,61,8.10097509033232,80
"9792",141,62,10.047029760173,79
"9793",141,63,6.80494750843279,78
"9794",141,64,6.2319406195285,77
"9795",141,65,8.71303030096755,76
"9796",141,66,9.30315182542013,75
"9797",141,67,6.17382973764844,74
"9798",141,68,7.36471525843912,73
"9799",141,69,9.36024196191069,72
"9800",141,70,6.35854544613492,71
"9801",141,71,5.89299764005558,70
"9802",141,72,6.02720893310733,69
"9803",141,73,5.34777423325601,68
"9804",141,74,5.53244703221655,67
"9805",141,75,5.72339715437138,66
"9806",141,76,4.1884223210489,65
"9807",141,77,2.91642104112275,64
"9808",141,78,6.75675018453956,63
"9809",141,79,6.53557841501001,62
"9810",141,80,5.81386434663098,61
"9811",141,81,3.71452218171085,60
"9812",141,82,7.06741275365243,59
"9813",141,83,8.15691591984634,58
"9814",141,84,7.92572347676962,57
"9815",141,85,8.3061290023413,56
"9816",141,86,7.43538040931943,55
"9817",141,87,8.95878471926216,54
"9818",141,88,8.44269303219928,53
"9819",141,89,5.69359247781042,52
"9820",141,90,8.80884864610204,51
"9821",141,91,7.32276062461338,50
"9822",141,92,5.7317629571079,49
"9823",141,93,5.21976691857343,48
"9824",141,94,5.30895703136562,47
"9825",141,95,6.6666552409478,46
"9826",141,96,6.17580329003251,45
"9827",141,97,3.15855610609579,44
"9828",141,98,7.18975624476217,43
"9829",141,99,5.94278041461867,42
"9830",141,100,4.47224823816377,41
"9831",141,101,3.37793890866793,40
"9832",141,102,4.16449879145611,39
"9833",141,103,5.73315179196224,38
"9834",141,104,2.65019674463899,37
"9835",141,105,3.98578567798807,36
"9836",141,106,7.22527402737624,35
"9837",141,107,5.61067953199153,34
"9838",141,108,2.34701825431896,33
"9839",141,109,2.21847175391764,32
"9840",141,110,1.7960285915019,31
"9841",141,111,6.23548867835303,30
"9842",141,112,6.4203396654631,29
"9843",141,113,5.35315765259801,28
"9844",141,114,2.52750686916082,27
"9845",141,115,1.89454983682341,26
"9846",141,116,3.7591328759975,25
"9847",141,117,3.95090952008264,24
"9848",141,118,3.22664941046853,23
"9849",141,119,4.01712772316041,22
"9850",141,120,4.23554213473701,21
"9851",141,121,3.29558242575549,20
"9852",141,122,2.20701094406689,19
"9853",141,123,3.5403982163434,18
"9854",141,124,6.42514101704175,17
"9855",141,125,5.81053092035728,16
"9856",141,126,3.38467472456643,15
"9857",141,127,2.14652449837958,14
"9858",141,128,1.57452481002515,13
"9859",141,129,1.8050898281996,12
"9860",141,130,1.86434481244082,11
"9861",141,131,0.816396642041159,10
"9862",141,132,2.5737366315566,9
"9863",141,133,3.73958967026513,8
"9864",141,134,3.4425839807668,7
"9865",141,135,2.67599603667059,6
"9866",141,136,1.54635621003806,5
"9867",141,137,4.05254522922913,4
"9868",141,138,3.48365778535485,3
"9869",141,139,2.61398167693417,2
"9870",141,140,1.44428050158261,1
"9871",142,1,4.28691896228024,141
"9872",142,2,5.58976601947252,140
"9873",142,3,10.2467839703534,139
"9874",142,4,7.66876911017043,138
"9875",142,5,8.74189716180057,137
"9876",142,6,8.37957174490635,136
"9877",142,7,8.45349868207419,135
"9878",142,8,10.3071468697598,134
"9879",142,9,13.0468388654599,133
"9880",142,10,10.298635212489,132
"9881",142,11,7.5676291528928,131
"9882",142,12,10.4023695905558,130
"9883",142,13,11.3937233650908,129
"9884",142,14,8.56302422355544,128
"9885",142,15,7.61532379836631,127
"9886",142,16,8.35934509714916,126
"9887",142,17,9.09135375309351,125
"9888",142,18,6.84945847162314,124
"9889",142,19,5.74265417442361,123
"9890",142,20,7.71937360823563,122
"9891",142,21,12.0393115903907,121
"9892",142,22,11.4650605576585,120
"9893",142,23,11.8388509074654,119
"9894",142,24,9.98040535652077,118
"9895",142,25,7.1694162697003,117
"9896",142,26,9.24633180120555,116
"9897",142,27,7.16615415694443,115
"9898",142,28,6.85361107084636,114
"9899",142,29,7.13111487430923,113
"9900",142,30,6.90725633231713,112
"9901",142,31,8.38876438910672,111
"9902",142,32,7.81142752512948,110
"9903",142,33,7.37371000721335,109
"9904",142,34,10.8308098888156,108
"9905",142,35,7.51378367550749,107
"9906",142,36,7.26664827941283,106
"9907",142,37,6.32479832911839,105
"9908",142,38,6.22253014257631,104
"9909",142,39,10.8910310598037,103
"9910",142,40,9.88846736694975,102
"9911",142,41,10.611191457706,101
"9912",142,42,8.56269132812658,100
"9913",142,43,8.1698311649697,99
"9914",142,44,7.88146825172702,98
"9915",142,45,9.1528797104551,97
"9916",142,46,10.4806467464388,96
"9917",142,47,8.13182161188097,95
"9918",142,48,5.30346032385556,94
"9919",142,49,4.19730799346027,93
"9920",142,50,11.7043677012635,92
"9921",142,51,8.55633425593375,91
"9922",142,52,8.21130544596231,90
"9923",142,53,8.67765928389191,89
"9924",142,54,8.73832013260633,88
"9925",142,55,6.7533896623155,87
"9926",142,56,6.81440603877386,86
"9927",142,57,7.1185094190611,85
"9928",142,58,4.73319364490464,84
"9929",142,59,5.79350085419092,83
"9930",142,60,7.85178816668019,82
"9931",142,61,8.61639420072244,81
"9932",142,62,10.5624488705631,80
"9933",142,63,7.32036661882291,79
"9934",142,64,5.09464079428603,78
"9935",142,65,7.57573047572509,77
"9936",142,66,9.81857093581024,76
"9937",142,67,7.40086184429556,75
"9938",142,68,6.22741543319666,74
"9939",142,69,9.87566107230081,73
"9940",142,70,6.5660798369758,72
"9941",142,71,6.40841675044569,71
"9942",142,72,6.54262804349744,70
"9943",142,73,6.15144888953837,69
"9944",142,74,5.65813609648321,68
"9945",142,75,4.58609732912891,67
"9946",142,76,4.70384143143901,66
"9947",142,77,3.43184015151287,65
"9948",142,78,7.27216929492968,64
"9949",142,79,7.05099752540013,63
"9950",142,80,4.84049720113104,62
"9951",142,81,4.22994129210097,61
"9952",142,82,5.93011292840997,60
"9953",142,83,7.01961609460388,59
"9954",142,84,8.44114258715974,58
"9955",142,85,8.82154811273142,57
"9956",142,86,7.95079951970955,56
"9957",142,87,9.47420382965228,55
"9958",142,88,8.9581121425894,54
"9959",142,89,5.94009315030269,53
"9960",142,90,7.67154882085957,52
"9961",142,91,7.03703137074013,51
"9962",142,92,5.88302616481865,50
"9963",142,93,5.73518602896355,49
"9964",142,94,5.82437614175574,48
"9965",142,95,6.97479201940626,47
"9966",142,96,6.69122240042263,46
"9967",142,97,3.67397521648591,45
"9968",142,98,6.0524564195197,44
"9969",142,99,5.19369697833504,43
"9970",142,100,3.36722824800994,42
"9971",142,101,2.67933917709012,41
"9972",142,102,3.16725168867084,40
"9973",142,103,4.59585196671978,39
"9974",142,104,3.8772288512861,38
"9975",142,105,3.9017452525382,37
"9976",142,106,6.08797420213377,36
"9977",142,107,6.12609864238164,35
"9978",142,108,2.86243736470908,34
"9979",142,109,2.2072678873724,33
"9980",142,110,2.31144770189202,32
"9981",142,111,6.75090778874315,31
"9982",142,112,5.55195827811848,30
"9983",142,113,4.21585782735554,29
"9984",142,114,1.39020704391835,28
"9985",142,115,0.66751773017629,27
"9986",142,116,2.80661271075651,26
"9987",142,117,2.72387741343552,25
"9988",142,118,2.65510599619741,24
"9989",142,119,4.53254683355053,23
"9990",142,120,4.75096124512713,22
"9991",142,121,2.86989559677002,21
"9992",142,122,1.3330226072921,20
"9993",142,123,3.01927700917813,19
"9994",142,124,5.45591521548543,18
"9995",142,125,6.3259500307474,17
"9996",142,126,3.90009383495655,16
"9997",142,127,2.66194360876969,15
"9998",142,128,2.7343273071978,14
"9999",142,129,2.32050893858971,13
"10000",142,130,3.09137691908794,12
"10001",142,131,1.9593917368452,11
"10002",142,132,1.4644446616212,10
"10003",142,133,2.60228984502266,9
"10004",142,134,2.64493773053434,8
"10005",142,135,1.53869621142813,7
"10006",142,136,0.958854027235983,6
"10007",142,137,2.91524540398667,5
"10008",142,138,2.34635796011239,4
"10009",142,139,2.18829484794871,3
"10010",142,140,1.30848468924108,2
"10011",142,141,1.22703210664712,1
"10012",143,1,5.01023624620357,142
"10013",143,2,5.16030216649796,141
"10014",143,3,9.8173201173788,140
"10015",143,4,9.1523211729323,139
"10016",143,5,9.53344863415301,138
"10017",143,6,10.1827487984572,137
"10018",143,7,9.71777676433871,136
"10019",143,8,9.87768301678526,135
"10020",143,9,12.6173750124853,134
"10021",143,10,10.1442392531988,133
"10022",143,11,9.37080620644369,132
"10023",143,12,9.97290573758128,131
"10024",143,13,10.9642595121163,130
"10025",143,14,10.3662012771063,129
"10026",143,15,9.15955987020295,128
"10027",143,16,9.11102147909798,127
"10028",143,17,9.69778388271764,126
"10029",143,18,7.84027326205031,125
"10030",143,19,5.97712488280075,124
"10031",143,20,8.27672070094416,123
"10032",143,21,11.6098477374161,122
"10033",143,22,12.6449584747115,121
"10034",143,23,11.4093870544908,120
"10035",143,24,11.515095336917,119
"10036",143,25,8.97259332325119,118
"10037",143,26,8.00450568510728,117
"10038",143,27,8.96933121049532,116
"10039",143,28,8.07242835884523,115
"10040",143,29,8.93429192786011,114
"10041",143,30,8.71043338586801,113
"10042",143,31,9.17272060614418,112
"10043",143,32,8.80224231555665,111
"10044",143,33,6.59688420800614,110
"10045",143,34,10.4013460358411,109
"10046",143,35,9.31696072905838,108
"10047",143,36,7.91747134990159,107
"10048",143,37,8.12797538266928,106
"10049",143,38,8.0257071961272,105
"10050",143,39,10.4615672068291,104
"10051",143,40,10.629583222673,103
"10052",143,41,10.4914423480033,102
"10053",143,42,10.3658683816775,101
"10054",143,43,8.53305705762465,100
"10055",143,44,7.45200439875245,99
"10056",143,45,8.72341585748054,98
"10057",143,46,10.0511828934643,97
"10058",143,47,7.70235775890641,96
"10059",143,48,4.971226143372,95
"10060",143,49,3.76784414048571,94
"10061",143,50,11.2749038482889,93
"10062",143,51,8.40277065339043,92
"10063",143,52,7.78184159298775,91
"10064",143,53,9.24075484038335,90
"10065",143,54,10.5414971861572,89
"10066",143,55,6.32392580934094,88
"10067",143,56,6.3849421857993,87
"10068",143,57,7.91861855921705,86
"10069",143,58,6.53637069845553,85
"10070",143,59,4.55167473809265,84
"10071",143,60,7.87536048432512,83
"10072",143,61,8.18693034774788,82
"10073",143,62,10.343363185354,81
"10074",143,63,7.68413874559297,80
"10075",143,64,4.13293356902406,79
"10076",143,65,6.33390435962681,78
"10077",143,66,9.38910708283568,77
"10078",143,67,9.20403889784644,76
"10079",143,68,5.80673427704635,75
"10080",143,69,9.44619721932624,74
"10081",143,70,6.1592977053528,73
"10082",143,71,6.31884057281619,72
"10083",143,72,6.11316419052288,71
"10084",143,73,7.95462594308926,70
"10085",143,74,6.51708245418187,69
"10086",143,75,4.59360631894209,68
"10087",143,76,4.9054860706124,67
"10088",143,77,3.07585779259584,66
"10089",143,78,6.84270544195511,65
"10090",143,79,7.30097087818728,64
"10091",143,80,4.41103334815648,63
"10092",143,81,4.01095965148519,62
"10093",143,82,4.68828681231169,61
"10094",143,83,5.83381913504162,60
"10095",143,84,8.09275548355768,59
"10096",143,85,9.02340084109152,58
"10097",143,86,8.80997997774326,57
"10098",143,87,9.60756920443592,56
"10099",143,88,8.70672061114329,55
"10100",143,89,7.0961128331805,54
"10101",143,90,6.85099926325893,53
"10102",143,91,6.60756751776557,52
"10103",143,92,6.40806741129021,51
"10104",143,93,6.64865175358064,50
"10105",143,94,5.39491228878118,49
"10106",143,95,6.5453281664317,48
"10107",143,96,6.26175854744806,47
"10108",143,97,5.10508880419646,46
"10109",143,98,4.98880666954324,45
"10110",143,99,6.18451176876221,44
"10111",143,100,4.35804303843712,43
"10112",143,101,2.24987532411556,42
"10113",143,102,2.73778783569627,41
"10114",143,103,3.3540258506215,40
"10115",143,104,5.68040590483699,39
"10116",143,105,3.66650664421058,38
"10117",143,106,4.8461480860355,37
"10118",143,107,5.69663478940708,36
"10119",143,108,4.26090696125424,35
"10120",143,109,3.75129587002233,34
"10121",143,110,1.88198384891746,33
"10122",143,111,6.32144393576859,32
"10123",143,112,5.49500008050603,31
"10124",143,113,3.05510846062978,30
"10125",143,114,1.23218744565912,29
"10126",143,115,1.1356593233746,28
"10127",143,116,1.81579792032933,27
"10128",143,117,1.4592361984613,26
"10129",143,118,2.06824639100851,25
"10130",143,119,4.10308298057596,24
"10131",143,120,4.32149739215257,23
"10132",143,121,4.50499862663476,22
"10133",143,122,2.21420849682056,21
"10134",143,123,2.32047416184086,20
"10135",143,124,5.02645136251087,19
"10136",143,125,5.89648617777284,18
"10137",143,126,3.61618836808675,17
"10138",143,127,4.14148995468736,16
"10139",143,128,4.53750436074869,15
"10140",143,129,3.39558192783671,14
"10141",143,130,4.89455397263883,13
"10142",143,131,3.76256879039609,12
"10143",143,132,2.18402328651976,11
"10144",143,133,2.76810904358336,10
"10145",143,134,3.63575252096152,9
"10146",143,135,2.40020958346238,8
"10147",143,136,2.24659511086807,7
"10148",143,137,1.6734192878884,6
"10149",143,138,1.94599249277915,5
"10150",143,139,3.17910963837588,4
"10151",143,140,3.11166174279197,3
"10152",143,141,3.030209160198,2
"10153",143,142,1.80317705355089,1
"10154",144,1,5.32926423417944,143
"10155",144,2,5.30114344937274,142
"10156",144,3,9.95816140025358,141
"10157",144,4,8.59736423774016,140
"10158",144,5,8.97849169896087,139
"10159",144,6,9.6277918632651,138
"10160",144,7,9.16281982914657,137
"10161",144,8,10.01852429966,136
"10162",144,9,12.7582162953601,135
"10163",144,10,10.0100126423892,134
"10164",144,11,8.81584927125155,133
"10165",144,12,10.1137470204561,132
"10166",144,13,11.1051007949911,131
"10167",144,14,9.81124434191419,130
"10168",144,15,8.60460293501081,129
"10169",144,16,8.55606454390585,128
"10170",144,17,9.1428269475255,127
"10171",144,18,8.21533040656219,126
"10172",144,19,5.4662136095606,125
"10173",144,20,7.72176376575202,124
"10174",144,21,11.7506890202909,123
"10175",144,22,12.0900015395194,122
"10176",144,23,11.5502283373656,121
"10177",144,24,10.9601384017249,120
"10178",144,25,8.41763638805905,119
"10179",144,26,9.07536104768607,118
"10180",144,27,8.41437427530319,117
"10181",144,28,8.21948300578542,116
"10182",144,29,8.37933499266798,115
"10183",144,30,8.15547645067588,114
"10184",144,31,8.61776367095204,113
"10185",144,32,9.17729946006853,112
"10186",144,33,7.20273925369387,111
"10187",144,34,10.5421873187158,110
"10188",144,35,8.76200379386624,109
"10189",144,36,8.29252849441347,108
"10190",144,37,7.57301844747714,107
"10191",144,38,7.47075026093506,106
"10192",144,39,10.6024084897039,105
"10193",144,40,10.0746262874808,104
"10194",144,41,10.3225688876062,103
"10195",144,42,9.81091144648533,102
"10196",144,43,7.97810012243251,101
"10197",144,44,7.59284568162723,100
"10198",144,45,8.86425714035532,99
"10199",144,46,10.1920241763391,98
"10200",144,47,7.84319904178118,97
"10201",144,48,5.01483775375578,96
"10202",144,49,3.90868542336049,95
"10203",144,50,11.4157451311637,94
"10204",144,51,8.26771168583396,93
"10205",144,52,7.92268287586253,92
"10206",144,53,8.68579790519122,91
"10207",144,54,9.98654025096508,90
"10208",144,55,6.46476709221572,89
"10209",144,56,6.52578346867408,88
"10210",144,57,7.36366162402491,87
"10211",144,58,5.98141376326339,86
"10212",144,59,5.62253010067144,85
"10213",144,60,7.5631655965804,84
"10214",144,61,8.32777163062266,83
"10215",144,62,10.2738263004634,82
"10216",144,63,7.12918181040084,81
"10217",144,64,4.92367004076656,80
"10218",144,65,7.40475972220561,79
"10219",144,66,9.52994836571046,78
"10220",144,67,8.64908196265431,77
"10221",144,68,6.05644467967718,76
"10222",144,69,9.58703850220102,75
"10223",144,70,6.27745726687602,74
"10224",144,71,6.11979418034591,73
"10225",144,72,6.25400547339766,72
"10226",144,73,7.39966900789712,71
"10227",144,74,5.96212551898973,70
"10228",144,75,4.51852089025676,69
"10229",144,76,4.41521886133923,68
"10230",144,77,3.14321758141309,67
"10231",144,78,6.98354672482989,66
"10232",144,79,6.76237495530034,65
"10233",144,80,4.55187463103126,64
"10234",144,81,3.94131872200119,63
"10235",144,82,5.75914217489049,62
"10236",144,83,6.8486453410844,61
"10237",144,84,8.15252001705996,60
"10238",144,85,8.53292554263164,59
"10239",144,86,8.25502304255112,58
"10240",144,87,9.1855812595525,57
"10241",144,88,8.66948957248962,56
"10242",144,89,6.54115589798836,55
"10243",144,90,7.5005780673401,54
"10244",144,91,6.74840880064035,53
"10245",144,92,5.85311047609807,52
"10246",144,93,6.09369481838851,51
"10247",144,94,5.53575357165596,50
"10248",144,95,6.68616944930647,49
"10249",144,96,6.40259983032284,48
"10250",144,97,4.55013186900432,47
"10251",144,98,5.88148566600023,46
"10252",144,99,6.55956891327409,45
"10253",144,100,4.73310018294899,44
"10254",144,101,2.39071660699034,43
"10255",144,102,2.87862911857105,42
"10256",144,103,4.4248812132003,41
"10257",144,104,5.12544896964485,40
"10258",144,105,3.61312268243842,39
"10259",144,106,5.9170034486143,38
"10260",144,107,5.83747607228186,37
"10261",144,108,3.7059500260621,36
"10262",144,109,3.19633893483019,35
"10263",144,110,2.02282513179224,34
"10264",144,111,6.46228521864337,33
"10265",144,112,5.2633357080187,32
"10266",144,113,4.04488707383607,31
"10267",144,114,1.607244590171,30
"10268",144,115,1.06252355336403,29
"10269",144,116,1.82205854986573,28
"10270",144,117,2.53009156104009,27
"10271",144,118,2.20908767388329,26
"10272",144,119,4.24392426345074,25
"10273",144,120,4.46233867502735,24
"10274",144,121,4.23576753170908,23
"10275",144,122,1.65925156162842,22
"10276",144,123,2.46131544471564,21
"10277",144,124,5.16729264538565,20
"10278",144,125,6.03732746064762,19
"10279",144,126,3.61147126485676,18
"10280",144,127,3.58653301949523,17
"10281",144,128,3.98254742555655,16
"10282",144,129,2.84062499264457,15
"10283",144,130,4.33959703744669,14
"10284",144,131,3.20761185520395,13
"10285",144,132,1.71871031260087,12
"10286",144,133,3.14316618809524,11
"10287",144,134,4.0108096654734,10
"10288",144,135,2.77526672797426,9
"10289",144,136,2.32472596217504,8
"10290",144,137,2.74427465046719,7
"10291",144,138,2.32104963729103,6
"10292",144,139,3.55416678288776,5
"10293",144,140,2.55670480759983,4
"10294",144,141,2.47525222500587,3
"10295",144,142,1.36587193493906,2
"10296",144,143,1.0708553625788,1
"10297",145,1,5.29378073996059,144
"10298",145,2,5.87951644473257,143
"10299",145,3,10.5365343956134,142
"10300",145,4,7.95851953543048,141
"10301",145,5,9.03164758706062,140
"10302",145,6,8.83124156857637,139
"10303",145,7,8.74324910733424,138
"10304",145,8,10.5968972950199,137
"10305",145,9,13.3365892907199,136
"10306",145,10,10.588385637749,135
"10307",145,11,8.01929897656282,134
"10308",145,12,10.6921200158159,133
"10309",145,13,11.6834737903509,132
"10310",145,14,9.01469404722546,131
"10311",145,15,7.90507422362636,130
"10312",145,16,8.64909552240921,129
"10313",145,17,9.38110417835356,128
"10314",145,18,8.01823964771344,127
"10315",145,19,6.64404614076041,126
"10316",145,20,8.00912403349568,125
"10317",145,21,12.3290620156507,124
"10318",145,22,11.7548109829186,123
"10319",145,23,12.1286013327254,122
"10320",145,24,10.2701557817808,121
"10321",145,25,7.62108609337032,120
"10322",145,26,10.2531935788859,119
"10323",145,27,7.61782398061445,118
"10324",145,28,8.02239224693667,117
"10325",145,29,7.58278469797924,116
"10326",145,30,7.70749823519033,115
"10327",145,31,8.67851481436677,114
"10328",145,32,8.98020870121978,113
"10329",145,33,8.38057178489369,112
"10330",145,34,11.1205603140757,111
"10331",145,35,7.96545349917751,110
"10332",145,36,8.27351005709317,109
"10333",145,37,6.77646815278841,108
"10334",145,38,7.24004469734908,107
"10335",145,39,11.1807814850637,106
"10336",145,40,10.1782177922098,105
"10337",145,41,10.900941882966,104
"10338",145,42,9.0143611517966,103
"10339",145,43,8.45958159022976,102
"10340",145,44,8.17121867698707,101
"10341",145,45,9.44263013571516,100
"10342",145,46,10.7703971716989,99
"10343",145,47,8.42157203714102,98
"10344",145,48,5.59321074911561,97
"10345",145,49,4.48705841872032,96
"10346",145,50,11.9941181265235,95
"10347",145,51,8.8460846811938,94
"10348",145,52,8.50105587122237,93
"10349",145,53,8.96740970915197,92
"10350",145,54,9.18998995627635,91
"10351",145,55,7.05848188445762,90
"10352",145,56,7.31826932428817,89
"10353",145,57,7.40825984432115,88
"10354",145,58,5.18486346857466,87
"10355",145,59,6.80036263187126,86
"10356",145,60,8.14153859194024,85
"10357",145,61,8.90614462598249,84
"10358",145,62,10.8521992958232,83
"10359",145,63,7.61011704408296,82
"10360",145,64,6.10150257196638,81
"10361",145,65,8.58259225340543,80
"10362",145,66,10.1083213610703,79
"10363",145,67,7.85253166796557,78
"10364",145,68,7.234277210877,77
"10365",145,69,10.1654114975609,76
"10366",145,70,6.85583026223585,75
"10367",145,71,6.69816717570574,74
"10368",145,72,6.8323784687575,73
"10369",145,73,6.60311871320839,72
"10370",145,74,5.94788652174327,71
"10371",145,75,5.59295910680925,70
"10372",145,76,4.99359185669907,69
"10373",145,77,3.72159057677292,68
"10374",145,78,7.56191972018973,67
"10375",145,79,7.34074795066018,66
"10376",145,80,5.68342629906886,65
"10377",145,81,4.51969171736102,64
"10378",145,82,6.93697470609031,63
"10379",145,83,8.02647787228422,62
"10380",145,84,8.73089301241979,61
"10381",145,85,9.11129853799147,60
"10382",145,86,8.2405499449696,59
"10383",145,87,9.76395425491233,58
"10384",145,88,9.24786256784945,57
"10385",145,89,6.22984357556274,56
"10386",145,90,8.67841059853991,55
"10387",145,91,7.32678179600018,54
"10388",145,92,6.17277659007871,53
"10389",145,93,6.0249364542236,52
"10390",145,94,6.11412656701579,51
"10391",145,95,7.26454244466631,50
"10392",145,96,6.98097282568268,49
"10393",145,97,3.96372564174596,48
"10394",145,98,7.05931819720004,47
"10395",145,99,6.36247815442534,46
"10396",145,100,4.53600942410025,45
"10397",145,101,3.24750086110581,44
"10398",145,102,4.03406074389398,43
"10399",145,103,5.60271374440012,42
"10400",145,104,4.32889867495612,41
"10401",145,105,4.19149567779826,40
"10402",145,106,7.09483597981412,39
"10403",145,107,6.4158490676417,38
"10404",145,108,3.15218778996913,37
"10405",145,109,2.49701831263246,36
"10406",145,110,2.60119812715207,35
"10407",145,111,7.0406582140032,34
"10408",145,112,6.28990161790098,33
"10409",145,113,5.22271960503588,32
"10410",145,114,2.3970688215987,31
"10411",145,115,1.67437950785663,30
"10412",145,116,2.84303095623973,29
"10413",145,117,3.70792409223991,28
"10414",145,118,2.84908332928742,27
"10415",145,119,4.82229725881058,26
"10416",145,120,5.04071167038718,25
"10417",145,121,4.03867677286033,24
"10418",145,122,2.07657289650476,23
"10419",145,123,3.05088889301392,22
"10420",145,124,6.29470296947962,21
"10421",145,125,6.61570045600745,20
"10422",145,126,4.1898442602166,19
"10423",145,127,2.95169403402975,18
"10424",145,128,3.18599713086782,17
"10425",145,129,2.61025936384977,16
"10426",145,130,3.54304674275796,15
"10427",145,131,2.41106156051522,14
"10428",145,132,2.44329858399448,13
"10429",145,133,3.609151622703,12
"10430",145,134,3.81371890662465,11
"10431",145,135,2.57817596912551,10
"10432",145,136,2.12763520332629,9
"10433",145,137,3.92210718166701,8
"10434",145,138,3.35321973779273,7
"10435",145,139,3.35707602403901,6
"10436",145,140,2.07388820848462,5
"10437",145,141,1.67870193031713,4
"10438",145,142,1.16878117609031,3
"10439",145,143,2.24868789377861,2
"10440",145,144,1.17783253119982,1
"10441",146,1,6.5443753259761,145
"10442",146,2,6.10838637518572,144
"10443",146,3,10.5154849758062,143
"10444",146,4,8.96090475816761,142
"10445",146,5,9.34203221938831,141
"10446",146,6,9.99133238369255,140
"10447",146,7,9.52636034957402,139
"10448",146,8,10.5758478752127,138
"10449",146,9,13.3155398709127,137
"10450",146,10,10.5673362179418,136
"10451",146,11,9.29857444335532,135
"10452",146,12,10.6710705960087,134
"10453",146,13,11.6624243705437,133
"10454",146,14,10.1747848623416,132
"10455",146,15,8.96814345543825,131
"10456",146,16,8.91960506433329,130
"10457",146,17,9.50636746795295,129
"10458",146,18,9.43044149835885,128
"10459",146,19,6.87510775648243,127
"10460",146,20,8.08530428617947,126
"10461",146,21,12.3080125958435,125
"10462",146,22,12.4535420599468,124
"10463",146,23,12.1075519129182,123
"10464",146,24,11.3236789221523,122
"10465",146,25,8.78117690848649,121
"10466",146,26,10.4842551946079,120
"10467",146,27,8.91237401467955,119
"10468",146,28,9.43459409758208,118
"10469",146,29,8.74287551309542,117
"10470",146,30,9.11970008583574,116
"10471",146,31,8.98130419137949,115
"10472",146,32,10.3924105518652,114
"10473",146,33,8.61163340061571,113
"10474",146,34,11.0995108942685,112
"10475",146,35,9.12554431429368,111
"10476",146,36,9.50763958621013,110
"10477",146,37,7.93655896790459,109
"10478",146,38,8.65224654799449,108
"10479",146,39,11.1597320652565,107
"10480",146,40,10.4381668079083,106
"10481",146,41,10.8798924631588,105
"10482",146,42,10.1744519669128,104
"10483",146,43,8.43853217042254,103
"10484",146,44,8.15016925717985,102
"10485",146,45,9.42158071590794,101
"10486",146,46,10.7493477518917,100
"10487",146,47,8.40052261733381,99
"10488",146,48,5.5721613293084,98
"10489",146,49,4.46600899891311,97
"10490",146,50,11.9730687067163,96
"10491",146,51,8.82503526138659,95
"10492",146,52,8.48000645141515,94
"10493",146,53,9.04933842561866,93
"10494",146,54,10.3500807713925,92
"10495",146,55,7.28954350017964,91
"10496",146,56,7.54933094001019,90
"10497",146,57,7.72720214445236,89
"10498",146,58,6.37856908842806,88
"10499",146,59,7.03142424759328,87
"10500",146,60,8.12048917213303,86
"10501",146,61,8.88509520617528,85
"10502",146,62,10.831149876016,84
"10503",146,63,7.58906762427575,83
"10504",146,64,6.3325641876884,82
"10505",146,65,8.81365386912745,81
"10506",146,66,10.0872719412631,80
"10507",146,67,9.01262248308175,79
"10508",146,68,7.46533882659902,78
"10509",146,69,10.1443620777536,77
"10510",146,70,6.83478084242864,76
"10511",146,71,6.67711775589853,75
"10512",146,72,6.81132904895028,74
"10513",146,73,7.76320952832457,73
"10514",146,74,6.32566603941718,72
"10515",146,75,5.82402072253128,71
"10516",146,76,4.97254243689186,70
"10517",146,77,3.70054115696571,69
"10518",146,78,7.54087030038252,68
"10519",146,79,7.31969853085297,67
"10520",146,80,5.91448791479088,66
"10521",146,81,4.49864229755381,65
"10522",146,82,7.16803632181233,64
"10523",146,83,8.25753948800624,63
"10524",146,84,8.70984359261258,62
"10525",146,85,9.09024911818426,61
"10526",146,86,8.61856356297856,60
"10527",146,87,9.74290483510512,59
"10528",146,88,9.22681314804224,58
"10529",146,89,6.90469641841581,57
"10530",146,90,8.90947221426193,56
"10531",146,91,7.42338419277328,55
"10532",146,92,6.21665099652551,54
"10533",146,93,6.45723533881595,53
"10534",146,94,6.09307714720858,52
"10535",146,95,7.2434930248591,51
"10536",146,96,6.95992340587547,50
"10537",146,97,4.91367238943176,49
"10538",146,98,7.29037981292206,48
"10539",146,99,7.77468000507075,47
"10540",146,100,5.94821127474565,46
"10541",146,101,3.47856247682783,45
"10542",146,102,4.265122359616,44
"10543",146,103,5.83377536012214,43
"10544",146,104,5.4889894900723,42
"10545",146,105,4.17044625799104,41
"10546",146,106,7.32589759553614,40
"10547",146,107,6.39479964783449,39
"10548",146,108,4.06949054648955,38
"10549",146,109,3.55987945525764,37
"10550",146,110,2.58014870734486,36
"10551",146,111,7.01960879419599,35
"10552",146,112,6.520963233623,34
"10553",146,113,5.4537812207579,33
"10554",146,114,2.82235568196765,32
"10555",146,115,2.27763464516069,31
"10556",146,116,3.07409257196175,30
"10557",146,117,3.93898570796193,29
"10558",146,118,3.08014494500944,28
"10559",146,119,4.80124783900337,27
"10560",146,120,5.01966225057997,26
"10561",146,121,5.45087862350574,25
"10562",146,122,2.72870298153771,24
"10563",146,123,3.28195050873593,23
"10564",146,124,6.52576458520164,22
"10565",146,125,6.59465103620024,21
"10566",146,126,4.16879484040939,20
"10567",146,127,3.95007353992267,19
"10568",146,128,4.346087945984,18
"10569",146,129,3.20416551307201,17
"10570",146,130,4.70313755787413,16
"10571",146,131,3.57115237563139,15
"10572",146,132,2.93382140439753,14
"10573",146,133,4.35827727989189,13
"10574",146,134,5.22592075727006,12
"10575",146,135,3.99037781977092,11
"10576",146,136,3.5398370539717,10
"10577",146,137,4.15316879738903,9
"10578",146,138,3.58428135351475,8
"10579",146,139,4.76927787468442,7
"10580",146,140,3.48609005913002,6
"10581",146,141,2.83879274543331,5
"10582",146,142,2.58098302673572,4
"10583",146,143,2.47974950950063,3
"10584",146,144,1.40889414692184,2
"10585",146,145,1.41220185064541,1
"10586",147,1,6.92360356691144,146
"10587",147,2,5.42019512173557,145
"10588",147,3,9.50795307735235,144
"10589",147,4,9.02079235409926,143
"10590",147,5,9.40191981531996,142
"10591",147,6,10.0512199796242,141
"10592",147,7,9.58624794550567,140
"10593",147,8,9.56831597675881,139
"10594",147,9,12.3080079724588,138
"10595",147,10,10.0127104343658,137
"10596",147,11,9.67780268429066,136
"10597",147,12,9.66353869755484,135
"10598",147,13,10.6548924720898,134
"10599",147,14,10.2346724582733,133
"10600",147,15,9.0280310513699,132
"10601",147,16,8.97949266026494,131
"10602",147,17,9.5662550638846,130
"10603",147,18,9.80966973929419,129
"10604",147,19,7.02868928557738,128
"10605",147,20,8.14519188211112,127
"10606",147,21,11.3004806973897,126
"10607",147,22,12.5134296558785,125
"10608",147,23,11.1000200144644,124
"10609",147,24,11.383566518084,123
"10610",147,25,8.84106450441814,122
"10611",147,26,9.79606394115776,121
"10612",147,27,9.29160225561489,120
"10613",147,28,9.81382233851742,119
"10614",147,29,8.80276310902707,118
"10615",147,30,9.49892832677109,117
"10616",147,31,9.04119178731114,116
"10617",147,32,10.7716387928005,115
"10618",147,33,7.92344214716556,114
"10619",147,34,10.0919789958146,113
"10620",147,35,9.18543191022533,112
"10621",147,36,9.88686782714547,111
"10622",147,37,7.99644656383624,110
"10623",147,38,9.03147478892983,109
"10624",147,39,10.1522001668027,108
"10625",147,40,10.4980544038399,107
"10626",147,41,10.3599135291702,106
"10627",147,42,10.2343395628444,105
"10628",147,43,8.40152823879161,104
"10629",147,44,7.14263735872601,103
"10630",147,45,8.4140488174541,102
"10631",147,46,9.74181585343784,101
"10632",147,47,7.39299071887996,100
"10633",147,48,4.83969732453895,99
"10634",147,49,3.45847710045927,98
"10635",147,50,10.9655368082625,97
"10636",147,51,8.27124183455739,96
"10637",147,52,7.47247455296131,95
"10638",147,53,9.10922602155031,94
"10639",147,54,10.4099683673242,93
"10640",147,55,6.60135224672949,92
"10641",147,56,6.86113968656004,91
"10642",147,57,7.78708974038401,90
"10643",147,58,6.75779732936341,89
"10644",147,59,6.34323299414312,88
"10645",147,60,7.74383166549207,87
"10646",147,61,7.87756330772143,86
"10647",147,62,10.211834366521,85
"10648",147,63,7.55260992675993,84
"10649",147,64,5.64437293423824,83
"10650",147,65,8.12546261567729,82
"10651",147,66,9.07974004280924,81
"10652",147,67,9.0725100790134,80
"10653",147,68,7.31113043739918,79
"10654",147,69,9.1368301792998,78
"10655",147,70,6.02776888651976,77
"10656",147,71,6.18731175398315,76
"10657",147,72,5.80379715049644,75
"10658",147,73,7.82309712425622,74
"10659",147,74,6.41112777879291,73
"10660",147,75,6.11286022298877,72
"10661",147,76,4.77395725177936,71
"10662",147,77,2.9443289737628,70
"10663",147,78,6.53333840192867,69
"10664",147,79,7.16944205935424,68
"10665",147,80,5.22629666134073,67
"10666",147,81,3.87943083265215,66
"10667",147,82,6.64678461840156,65
"10668",147,83,7.56934823455609,64
"10669",147,84,7.96122666472464,63
"10670",147,85,8.89187202225848,62
"10671",147,86,8.67845115891022,61
"10672",147,87,9.47604038560288,60
"10673",147,88,8.57519179231025,59
"10674",147,89,6.96458401434746,58
"10675",147,90,8.82039574050282,57
"10676",147,91,6.73519293932312,56
"10677",147,92,6.27653859245716,55
"10678",147,93,6.5171229347476,54
"10679",147,94,5.08554524875473,53
"10680",147,95,6.23596112640525,52
"10681",147,96,5.95239150742162,51
"10682",147,97,4.97355998536341,50
"10683",147,98,6.95820314678712,49
"10684",147,99,8.15390824600609,48
"10685",147,100,6.327439515681,47
"10686",147,101,2.79037122337768,46
"10687",147,102,3.57693110616585,45
"10688",147,103,5.14558410667198,44
"10689",147,104,5.54887708600395,43
"10690",147,105,3.77028145853816,42
"10691",147,106,6.63770634208598,41
"10692",147,107,5.38726774938064,40
"10693",147,108,4.1293781424212,39
"10694",147,109,3.78223412544527,38
"10695",147,110,1.57261680889102,37
"10696",147,111,6.01207689574214,36
"10697",147,112,6.38311585672835,35
"10698",147,113,5.02450493787366,34
"10699",147,114,3.201583922903,33
"10700",147,115,2.65686288609603,32
"10701",147,116,2.3859013185116,31
"10702",147,117,3.25079445451178,30
"10703",147,118,2.39195369155928,29
"10704",147,119,3.80973880792631,28
"10705",147,120,4.1578968274176,27
"10706",147,121,5.83010686444108,26
"10707",147,122,3.10793122247305,25
"10708",147,123,2.59375925528578,24
"10709",147,124,5.83757333175149,23
"10710",147,125,5.5871191377464,22
"10711",147,126,3.48465954925371,21
"10712",147,127,4.00996113585432,20
"10713",147,128,4.40597554191565,19
"10714",147,129,3.26405310900366,18
"10715",147,130,4.76302515380578,17
"10716",147,131,3.63103997156305,16
"10717",147,132,3.31304964533287,15
"10718",147,133,4.73750552082724,14
"10719",147,134,5.6051489982054,13
"10720",147,135,4.36960606070626,12
"10721",147,136,3.91906529490704,11
"10722",147,137,3.46497754393888,10
"10723",147,138,3.91538897002303,9
"10724",147,139,5.14850611561976,8
"10725",147,140,3.86531830006537,7
"10726",147,141,2.89868034136496,6
"10727",147,142,2.96021126767106,5
"10728",147,143,1.96939647724388,4
"10729",147,144,1.594339332732,3
"10730",147,145,1.79143009158075,2
"10731",147,146,1.00753189845385,1
"10732",148,1,5.83846425392576,147
"10733",148,2,5.06082043600566,146
"10734",148,3,9.7178383868865,145
"10735",148,4,8.95529763616894,144
"10736",148,5,9.33642509738965,143
"10737",148,6,9.98572526169388,142
"10738",148,7,9.52075322757535,141
"10739",148,8,9.77820128629296,140
"10740",148,9,12.517893281993,139
"10741",148,10,9.94721571643546,138
"10742",148,11,9.17378266968033,137
"10743",148,12,9.87342400708899,136
"10744",148,13,10.864777781624,135
"10745",148,14,10.169177740343,134
"10746",148,15,8.96253633343959,133
"10747",148,16,8.91399794233462,132
"10748",148,17,9.50076034595428,131
"10749",148,18,8.72453042630851,130
"10750",148,19,5.9435499725917,129
"10751",148,20,8.0796971641808,128
"10752",148,21,11.5103660069238,127
"10753",148,22,12.4479349379482,126
"10754",148,23,11.3099053239985,125
"10755",148,24,11.3180718001537,124
"10756",148,25,8.77556978648783,123
"10757",148,26,8.98630465563654,122
"10758",148,27,8.77230767373196,121
"10759",148,28,8.72868302553174,120
"10760",148,29,8.73726839109676,119
"10761",148,30,8.51340984910466,118
"10762",148,31,8.97569706938082,117
"10763",148,32,9.68649947981485,116
"10764",148,33,7.11368286164434,115
"10765",148,34,10.3018643053488,114
"10766",148,35,9.11993719229502,113
"10767",148,36,8.80172851415979,112
"10768",148,37,7.93095184590592,111
"10769",148,38,7.94633547594415,110
"10770",148,39,10.3620854763368,109
"10771",148,40,10.4325596859096,108
"10772",148,41,10.2944188112399,107
"10773",148,42,10.1688448449141,106
"10774",148,43,8.33603352086129,105
"10775",148,44,7.35252266826016,104
"10776",148,45,8.62393412698824,103
"10777",148,46,9.95170116297199,102
"10778",148,47,7.60287602841411,101
"10779",148,48,4.7745147403887,100
"10780",148,49,3.66836240999341,99
"10781",148,50,11.1754221177966,98
"10782",148,51,8.20574711662707,97
"10783",148,52,7.68235986249545,96
"10784",148,53,9.04373130361999,95
"10785",148,54,10.3444736493939,94
"10786",148,55,6.22444407884864,93
"10787",148,56,6.285460455307,92
"10788",148,57,7.72159502245369,91
"10789",148,58,6.33934716169216,90
"10790",148,59,5.5334737086219,89
"10791",148,60,7.67833694756176,88
"10792",148,61,8.08744861725558,87
"10793",148,62,10.1463396485907,86
"10794",148,63,7.48711520882962,85
"10795",148,64,4.83461364871702,84
"10796",148,65,7.31570333015607,83
"10797",148,66,9.28962535234339,82
"10798",148,67,9.00701536108308,81
"10799",148,68,6.22599112441349,80
"10800",148,69,9.34671548883395,79
"10801",148,70,6.03713425350894,78
"10802",148,71,6.12181703605283,77
"10803",148,72,6.01368246003059,76
"10804",148,73,7.7576024063259,75
"10805",148,74,6.32005891741851,74
"10806",148,75,5.02772091000308,73
"10807",148,76,4.70846253384904,72
"10808",148,77,2.90289456804601,71
"10809",148,78,6.74322371146282,70
"10810",148,79,7.10394734142392,69
"10811",148,80,4.41653737581951,68
"10812",148,81,3.81393611472184,67
"10813",148,82,5.67008578284095,66
"10814",148,83,6.75958894903487,65
"10815",148,84,7.91219700369288,64
"10816",148,85,8.82637730432816,63
"10817",148,86,8.6129564409799,62
"10818",148,87,9.41054566767256,61
"10819",148,88,8.50969707437993,60
"10820",148,89,6.89908929641714,59
"10821",148,90,7.73525642751713,58
"10822",148,91,6.50808578727327,57
"10823",148,92,6.21104387452685,56
"10824",148,93,6.45162821681728,55
"10825",148,94,5.29543055828888,54
"10826",148,95,6.4458464359394,53
"10827",148,96,6.16227681695577,52
"10828",148,97,4.9080652674331,51
"10829",148,98,5.87306383380143,50
"10830",148,99,7.06876893302041,49
"10831",148,100,5.24230020269531,48
"10832",148,101,2.15039359362326,47
"10833",148,102,2.76717182064463,46
"10834",148,103,4.33582482115076,45
"10835",148,104,5.48338236807363,44
"10836",148,105,3.46948310744722,43
"10837",148,106,5.82794705656476,42
"10838",148,107,5.59715305891479,41
"10839",148,108,4.06388342449088,40
"10840",148,109,3.55427233325897,39
"10841",148,110,1.78250211842516,38
"10842",148,111,6.22196220527629,37
"10843",148,112,5.29797654374267,36
"10844",148,113,3.95583068178653,35
"10845",148,114,2.11644460991731,34
"10846",148,115,1.57172357311035,33
"10847",148,116,1.58173553649865,32
"10848",148,117,2.44103516899056,31
"10849",148,118,1.96876466051622,30
"10850",148,119,4.00360125008367,29
"10851",148,120,4.22201566166027,28
"10852",148,121,4.7449675514554,27
"10853",148,122,2.02279190948737,26
"10854",148,123,2.22099243134856,25
"10855",148,124,5.02781404623027,24
"10856",148,125,5.79700444728054,23
"10857",148,126,3.41916483132339,22
"10858",148,127,3.944466417924,21
"10859",148,128,4.34048082398533,20
"10860",148,129,3.19855839107335,19
"10861",148,130,4.69753043587547,18
"10862",148,131,3.56554525363273,17
"10863",148,132,2.22791033234719,16
"10864",148,133,3.65236620784155,15
"10865",148,134,4.52000968521972,14
"10866",148,135,3.28446674772058,13
"10867",148,136,2.83392598192136,12
"10868",148,137,2.65521825841766,11
"10869",148,138,2.83024965703735,10
"10870",148,139,4.06336680263408,9
"10871",148,140,2.91463820602861,8
"10872",148,141,2.83318562343465,7
"10873",148,142,1.87507195468537,6
"10874",148,143,0.981798970529259,5
"10875",148,144,0.509200019746317,4
"10876",148,145,1.26688892324936,3
"10877",148,146,1.49795053897137,2
"10878",148,147,1.08513931298569,1
"10879",149,1,5.25893168832213,148
"10880",149,2,5.92672350515498,147
"10881",149,3,10.5837414560358,146
"10882",149,4,9.40101661505086,145
"10883",149,5,9.78214407627156,144
"10884",149,6,10.4314442405758,143
"10885",149,7,9.96647220645726,142
"10886",149,8,10.6441043554423,141
"10887",149,9,13.3837963511423,140
"10888",149,10,10.6355926981714,139
"10889",149,11,9.61950164856224,138
"10890",149,12,10.7393270762383,137
"10891",149,13,11.7306808507733,136
"10892",149,14,10.6148967192249,135
"10893",149,15,9.4082553123215,134
"10894",149,16,9.35971692121654,133
"10895",149,17,9.9464793248362,132
"10896",149,18,7.97131688758856,131
"10897",149,19,6.2258203249193,130
"10898",149,20,8.52541614306271,129
"10899",149,21,12.3762690760732,128
"10900",149,22,12.8936539168301,127
"10901",149,23,12.1758083931478,126
"10902",149,24,11.7637907790356,125
"10903",149,25,9.22128876536974,124
"10904",149,26,8.65327520718399,123
"10905",149,27,9.21802665261388,122
"10906",149,28,8.32112380096378,121
"10907",149,29,9.18298736997867,120
"10908",149,30,8.95912882798657,119
"10909",149,31,9.42141604826274,118
"10910",149,32,8.9332859410949,117
"10911",149,33,7.36330554666316,116
"10912",149,34,11.1677673744981,115
"10913",149,35,9.56565617117693,114
"10914",149,36,8.04851497543984,113
"10915",149,37,8.37667082478784,112
"10916",149,38,8.27440263824575,111
"10917",149,39,11.2279885454861,110
"10918",149,40,10.8782786647915,109
"10919",149,41,10.9481489433884,108
"10920",149,42,10.614563823796,107
"10921",149,43,8.7817524997432,106
"10922",149,44,8.21842573740947,105
"10923",149,45,9.48983719613756,104
"10924",149,46,10.8176042321213,103
"10925",149,47,8.46877909756343,102
"10926",149,48,5.64041780953802,101
"10927",149,49,4.53426547914273,100
"10928",149,50,12.0413251869459,99
"10929",149,51,8.8932917416162,98
"10930",149,52,8.54826293164477,97
"10931",149,53,9.48945028250191,96
"10932",149,54,10.7901926282758,95
"10933",149,55,7.09034714799796,94
"10934",149,56,7.15136352445631,93
"10935",149,57,8.16731400133561,92
"10936",149,58,6.78506614057408,91
"10937",149,59,5.20044426016936,90
"10938",149,60,8.18874565236264,89
"10939",149,61,8.9533516864049,88
"10940",149,62,10.8994063562456,87
"10941",149,63,7.93283418771153,86
"10942",149,64,4.89935490768108,85
"10943",149,65,6.98267388170353,84
"10944",149,66,10.1555284214927,83
"10945",149,67,9.452734339965,82
"10946",149,68,6.21701097264647,81
"10947",149,69,10.2126185579833,80
"10948",149,70,6.90303732265825,79
"10949",149,71,6.74537423612815,78
"10950",149,72,6.8795855291799,77
"10951",149,73,8.20332138520781,76
"10952",149,74,6.76577789630043,75
"10953",149,75,4.84230176106064,74
"10954",149,76,5.15418151273096,73
"10955",149,77,3.76879763719533,72
"10956",149,78,7.60912678061213,71
"10957",149,79,7.54966632030584,70
"10958",149,80,5.1774546868135,69
"10959",149,81,4.56689877778343,68
"10960",149,82,5.3370563343884,67
"10961",149,83,6.60024047369864,66
"10962",149,84,8.7781000728422,65
"10963",149,85,9.27209628321008,64
"10964",149,86,9.05867541986181,63
"10965",149,87,9.85626464655448,62
"10966",149,88,9.29506962827186,61
"10967",149,89,7.34480827529905,60
"10968",149,90,7.07849222683801,59
"10969",149,91,7.37398885642259,58
"10970",149,92,6.65676285340876,57
"10971",149,93,6.8973471956992,56
"10972",149,94,6.1613336274382,55
"10973",149,95,7.31174950508871,54
"10974",149,96,7.02817988610508,53
"10975",149,97,5.35378424631501,52
"10976",149,98,5.45939982549814,51
"10977",149,99,6.31555539430046,50
"10978",149,100,4.48908666397536,49
"10979",149,101,3.01629666277258,48
"10980",149,102,3.50420917435329,47
"10981",149,103,4.00279537269822,46
"10982",149,104,5.92910134695555,45
"10983",149,105,4.23870273822066,44
"10984",149,106,5.49491760811221,43
"10985",149,107,6.4630561280641,42
"10986",149,108,4.50960240337279,41
"10987",149,109,3.99999131214089,40
"10988",149,110,2.64840518757448,39
"10989",149,111,7.08786527442561,38
"10990",149,112,5.88891576380094,37
"10991",149,113,3.62280123333398,36
"10992",149,114,1.46968243483923,35
"10993",149,115,1.38435476549315,34
"10994",149,116,2.44763860564797,33
"10995",149,117,2.10800572053801,32
"10996",149,118,2.83466772966553,31
"10997",149,119,4.86950431923298,30
"10998",149,120,5.08791873080959,29
"10999",149,121,4.75369406875331,28
"11000",149,122,2.46290393893911,27
"11001",149,123,3.08689550049788,26
"11002",149,124,5.79287270116789,25
"11003",149,125,6.66290751642986,24
"11004",149,126,4.237051320639,23
"11005",149,127,4.39018539680592,22
"11006",149,128,4.78619980286725,21
"11007",149,129,3.64427736995526,20
"11008",149,130,5.14324941475738,19
"11009",149,131,4.01126423251464,18
"11010",149,132,2.43271872863832,17
"11011",149,133,2.8991526691216,16
"11012",149,134,3.76679614649977,15
"11013",149,135,2.53125320900063,14
"11014",149,136,2.49529055298662,13
"11015",149,137,2.32218880996511,12
"11016",149,138,2.0770361183174,11
"11017",149,139,3.31015326391413,10
"11018",149,140,3.36035718491052,9
"11019",149,141,3.27890460231656,8
"11020",149,142,2.05187249566944,7
"11021",149,143,0.766421338657019,6
"11022",149,144,0.803652377310693,5
"11023",149,145,1.60020267199942,4
"11024",149,146,1.83097998742392,3
"11025",149,147,1.83835285170563,2
"11026",149,148,0.865903069149316,1
"11027",150,1,6.65570139656179,149
"11028",150,2,7.23924541606491,148
"11029",150,3,11.7471884308971,147
"11030",150,4,9.16917357071415,146
"11031",150,5,10.2423016223443,145
"11032",150,6,9.44343110287747,144
"11033",150,7,9.95390314261791,143
"11034",150,8,11.8075513303035,142
"11035",150,9,14.5472433260036,141
"11036",150,10,11.7990396730327,140
"11037",150,11,8.64982874832855,139
"11038",150,12,11.9027740510996,138
"11039",150,13,12.8941278256346,137
"11040",150,14,9.62688358152656,136
"11041",150,15,9.11572825891003,135
"11042",150,16,9.85974955769288,134
"11043",150,17,10.5917582136372,133
"11044",150,18,9.18616916000276,132
"11045",150,19,8.00596679736162,131
"11046",150,20,9.21977806877935,130
"11047",150,21,13.5397160509344,129
"11048",150,22,12.9654650182023,128
"11049",150,23,13.3392553680091,127
"11050",150,24,11.4808098170645,126
"11051",150,25,8.23327562767142,125
"11052",150,26,11.6151142354871,124
"11053",150,27,8.26362831965278,123
"11054",150,28,8.78584840255531,122
"11055",150,29,8.5627718697931,121
"11056",150,30,8.47095439080898,120
"11057",150,31,9.88916884965044,119
"11058",150,32,9.74366485683842,118
"11059",150,33,9.7424924414949,117
"11060",150,34,12.3312143493593,116
"11061",150,35,8.57764303347861,115
"11062",150,36,9.63543071369438,114
"11063",150,37,7.66372558077391,113
"11064",150,38,8.00350085296772,112
"11065",150,39,12.3914355203474,111
"11066",150,40,11.3888718274935,110
"11067",150,41,12.1115959182497,109
"11068",150,42,9.6265506860977,108
"11069",150,43,9.67023562551342,107
"11070",150,44,9.38187271227073,106
"11071",150,45,10.6532841709988,105
"11072",150,46,11.9810512069826,104
"11073",150,47,9.63222607242469,103
"11074",150,48,6.80386478439928,102
"11075",150,49,5.69771245400399,101
"11076",150,50,13.2047721618072,100
"11077",150,51,10.0567387164775,99
"11078",150,52,9.71170990650603,98
"11079",150,53,10.1780637444356,97
"11080",150,54,9.80217949057745,96
"11081",150,55,8.42040254105883,95
"11082",150,56,8.68018998088938,94
"11083",150,57,8.61891387960482,93
"11084",150,58,5.79705300287576,92
"11085",150,59,8.16228328847247,91
"11086",150,60,9.35219262722391,90
"11087",150,61,10.1167986612662,89
"11088",150,62,12.0628533311069,88
"11089",150,63,8.82077107936663,87
"11090",150,64,7.46342322856758,86
"11091",150,65,9.94451291000664,85
"11092",150,66,11.318975396354,84
"11093",150,67,8.46472120226668,83
"11094",150,68,8.59619786747821,82
"11095",150,69,11.3760655328445,81
"11096",150,70,8.06648429751952,80
"11097",150,71,7.90882121098941,79
"11098",150,72,8.04303250404116,78
"11099",150,73,7.36359780418985,77
"11100",150,74,7.15854055702693,76
"11101",150,75,6.95487976341046,75
"11102",150,76,6.20424589198274,74
"11103",150,77,4.93224461205659,73
"11104",150,78,8.7725737554734,72
"11105",150,79,8.55140198594384,71
"11106",150,80,7.04534695567007,70
"11107",150,81,5.73034575264469,69
"11108",150,82,8.29889536269151,68
"11109",150,83,9.38839852888543,67
"11110",150,84,9.94154704770346,66
"11111",150,85,10.3219525732751,65
"11112",150,86,9.45120398025327,64
"11113",150,87,10.974608290196,63
"11114",150,88,10.4585166031331,62
"11115",150,89,7.44049761084641,61
"11116",150,90,10.0403312551411,60
"11117",150,91,8.55424323365247,59
"11118",150,92,7.38343062536237,58
"11119",150,93,7.23559048950727,57
"11120",150,94,7.32478060229946,56
"11121",150,95,8.47519647994998,55
"11122",150,96,8.19162686096635,54
"11123",150,97,5.17437967702963,53
"11124",150,98,8.42123885380125,52
"11125",150,99,7.17426302365775,51
"11126",150,100,5.70373084720285,50
"11127",150,101,4.60942151770702,49
"11128",150,102,5.39598140049519,48
"11129",150,103,6.96463440100132,47
"11130",150,104,4.94108820925722,46
"11131",150,105,5.40214971308192,45
"11132",150,106,8.45675663641532,44
"11133",150,107,7.62650310292536,43
"11134",150,108,4.3628418252528,42
"11135",150,109,3.70767234791612,41
"11136",150,110,3.81185216243574,40
"11137",150,111,8.25131224928687,39
"11138",150,112,7.65182227450219,38
"11139",150,113,6.58464026163709,37
"11140",150,114,3.7589894781999,36
"11141",150,115,3.03630016445784,35
"11142",150,116,4.20495161284094,34
"11143",150,117,5.06984474884112,33
"11144",150,118,4.21100398588862,32
"11145",150,119,6.03295129409425,31
"11146",150,120,6.25136570567085,30
"11147",150,121,4.80213292847897,29
"11148",150,122,3.43849355310597,28
"11149",150,123,4.41280954961512,27
"11150",150,124,7.65662362608083,26
"11151",150,125,7.82635449129112,25
"11152",150,126,5.40049829550027,24
"11153",150,127,4.16234806931342,23
"11154",150,128,3.79818666516892,22
"11155",150,129,3.82091339913343,21
"11156",150,130,4.15523627705906,20
"11157",150,131,3.02325109481632,19
"11158",150,132,3.80521924059569,18
"11159",150,133,4.97107227930421,17
"11160",150,134,4.67406658980588,16
"11161",150,135,3.90747864570968,15
"11162",150,136,2.89109135894493,14
"11163",150,137,5.28402783826822,13
"11164",150,138,4.71514039439394,12
"11165",150,139,4.12053217965765,11
"11166",150,140,2.83734436410326,10
"11167",150,141,2.29089146461824,9
"11168",150,142,2.36878243428155,8
"11169",150,143,3.61060855037982,7
"11170",150,144,2.53975318780102,6
"11171",150,145,1.36192065660121,5
"11172",150,146,1.23170345509088,4
"11173",150,147,2.23923535354473,3
"11174",150,148,2.62880957985056,2
"11175",150,149,2.96183902830311,1
"11176",151,1,8.20408538750066,150
"11177",151,2,8.78762940700378,149
"11178",151,3,12.6456906788901,148
"11179",151,4,10.0676758187072,147
"11180",151,5,11.1408038703373,146
"11181",151,6,9.82441554351876,145
"11182",151,7,10.8524053906109,144
"11183",151,8,12.7060535782966,143
"11184",151,9,15.4457455739966,142
"11185",151,10,12.6975419210257,141
"11186",151,11,9.96169336742135,140
"11187",151,12,12.8012762990926,139
"11188",151,13,13.7926300736276,138
"11189",151,14,10.4037316887383,137
"11190",151,15,10.0142305069031,136
"11191",151,16,10.7582518056859,135
"11192",151,17,11.4902604616303,134
"11193",151,18,10.7345531509416,133
"11194",151,19,9.55435078830049,132
"11195",151,20,10.1182803167724,131
"11196",151,21,14.4382182989275,130
"11197",151,22,13.8639672661953,129
"11198",151,23,14.2377576160021,128
"11199",151,24,12.3793120650575,127
"11200",151,25,9.09460794468809,126
"11201",151,26,13.163498226426,125
"11202",151,27,9.35973046327399,124
"11203",151,28,10.128094042908,123
"11204",151,29,9.66393105258595,122
"11205",151,30,9.50182057439609,121
"11206",151,31,10.7876710976435,120
"11207",151,32,10.7745310404255,119
"11208",151,33,11.2908764324338,118
"11209",151,34,13.2297165973524,117
"11210",151,35,9.38807153319596,116
"11211",151,36,11.1838147046332,115
"11212",151,37,8.56222782876695,114
"11213",151,38,9.03436703655484,113
"11214",151,39,13.2899377683404,112
"11215",151,40,12.2873740754865,111
"11216",151,41,13.0100981662427,110
"11217",151,42,10.007535126739,109
"11218",151,43,10.5687378735065,108
"11219",151,44,10.2803749602638,107
"11220",151,45,11.5517864189919,106
"11221",151,46,12.8795534549756,105
"11222",151,47,10.5307283204177,104
"11223",151,48,7.70236703239232,103
"11224",151,49,6.59621470199703,102
"11225",151,50,14.1032744098002,101
"11226",151,51,10.9552409644705,100
"11227",151,52,10.6102121544991,99
"11228",151,53,11.0765659924287,98
"11229",151,54,10.1831639312187,97
"11230",151,55,9.9687865319977,96
"11231",151,56,10.2285739718282,95
"11232",151,57,9.51741612759786,94
"11233",151,58,7.12273875071826,93
"11234",151,59,9.71066727941133,92
"11235",151,60,10.2506948752169,91
"11236",151,61,11.0153009092592,90
"11237",151,62,12.9613555790999,89
"11238",151,63,9.71927332735967,88
"11239",151,64,9.01180721950645,87
"11240",151,65,11.4928969009455,86
"11241",151,66,12.217477644347,85
"11242",151,67,9.08815555657531,84
"11243",151,68,10.1445818584171,83
"11244",151,69,12.2745677808376,82
"11245",151,70,9.13841204611287,81
"11246",151,71,8.80732345898245,80
"11247",151,72,8.9415347520342,79
"11248",151,73,8.26210005218288,78
"11249",151,74,8.3123136321945,77
"11250",151,75,8.50326375434933,76
"11251",151,76,7.10274813997577,75
"11252",151,77,5.83074686004963,74
"11253",151,78,9.67107600346643,73
"11254",151,79,9.44990423393688,72
"11255",151,80,8.59373094660893,71
"11256",151,81,6.62884800063773,70
"11257",151,82,9.84727935363038,69
"11258",151,83,10.9367825198243,68
"11259",151,84,10.8400492956965,67
"11260",151,85,11.2204548212682,66
"11261",151,86,10.3497062282463,65
"11262",151,87,11.873110538189,64
"11263",151,88,11.3570188511262,63
"11264",151,89,8.47345907778837,62
"11265",151,90,11.58871524608,61
"11266",151,91,10.1026272245913,60
"11267",151,92,8.51162955708586,59
"11268",151,93,8.13409273750031,58
"11269",151,94,8.2232828502925,57
"11270",151,95,9.44652184092575,56
"11271",151,96,9.09012910895938,55
"11272",151,97,6.07288192502267,54
"11273",151,98,9.96962284474012,53
"11274",151,99,8.72264701459662,52
"11275",151,100,7.25211483814172,51
"11276",151,101,6.15780550864588,50
"11277",151,102,6.94436539143406,49
"11278",151,103,8.51301839194019,48
"11279",151,104,5.32207264989851,47
"11280",151,105,6.76565227796602,46
"11281",151,106,10.0051406273542,45
"11282",151,107,8.5250053509184,44
"11283",151,108,5.26134407324583,43
"11284",151,109,4.99833835389559,42
"11285",151,110,4.71035441042878,41
"11286",151,111,9.14981449727991,40
"11287",151,112,9.20020626544105,39
"11288",151,113,8.13302425257596,38
"11289",151,114,5.30737346913877,37
"11290",151,115,4.58468415539671,36
"11291",151,116,5.75333560377981,35
"11292",151,117,6.61822873977999,34
"11293",151,118,5.75938797682749,33
"11294",151,119,6.93145354208728,32
"11295",151,120,7.14986795366389,31
"11296",151,121,5.83299911206609,30
"11297",151,122,4.98687754404484,29
"11298",151,123,5.96119354055399,28
"11299",151,124,9.2050076170197,27
"11300",151,125,8.72485673928416,26
"11301",151,126,6.2990005434933,25
"11302",151,127,5.06085031730645,24
"11303",151,128,4.17917110581021,23
"11304",151,129,4.71941564712647,22
"11305",151,130,4.64916112378806,21
"11306",151,131,3.64647735993825,20
"11307",151,132,5.35360323153456,19
"11308",151,133,6.51945627024308,18
"11309",151,134,6.22245058074475,17
"11310",151,135,5.45586263664854,16
"11311",151,136,4.32622281001601,15
"11312",151,137,6.83241182920708,14
"11313",151,138,6.2635243853328,13
"11314",151,139,5.15139836324477,12
"11315",151,140,4.22414710156057,11
"11316",151,141,2.91432581892687,10
"11317",151,142,3.91716642522042,9
"11318",151,143,5.15899254131869,8
"11319",151,144,4.08813717873989,7
"11320",151,145,2.91030464754007,6
"11321",151,146,2.67924303181805,5
"11322",151,147,3.36743428526821,4
"11323",151,148,4.17719357078943,3
"11324",151,149,4.51022301924198,2
"11325",151,150,1.54838399093887,1
"11326",152,1,7.82176654196047,151
"11327",152,2,7.19199453604492,150
"11328",152,3,11.5934861872352,149
"11329",152,4,10.2326890247218,148
"11330",152,5,10.6138164859425,147
"11331",152,6,11.2631166502467,146
"11332",152,7,10.7981446161282,145
"11333",152,8,11.6538490866417,144
"11334",152,9,14.3935410823417,143
"11335",152,10,11.6453374293708,142
"11336",152,11,10.5759656593397,141
"11337",152,12,11.7490718074377,140
"11338",152,13,12.7404255819727,139
"11339",152,14,11.4465691288958,138
"11340",152,15,10.2399277219925,137
"11341",152,16,10.1913893308875,136
"11342",152,17,10.7781517345071,135
"11343",152,18,10.7078327143432,134
"11344",152,19,7.95871591734163,133
"11345",152,20,9.35708855273366,132
"11346",152,21,13.3860138072726,131
"11347",152,22,13.725326326501,130
"11348",152,23,13.1855531243472,129
"11349",152,24,12.5954631887065,128
"11350",152,25,10.0529611750407,127
"11351",152,26,11.5678633554671,126
"11352",152,27,10.1897652306639,125
"11353",152,28,10.7119853135664,124
"11354",152,29,10.0146597796496,123
"11355",152,30,10.3970913018201,122
"11356",152,31,10.2530884579337,121
"11357",152,32,11.6698017678496,120
"11358",152,33,9.6952415614749,119
"11359",152,34,12.1775121056975,118
"11360",152,35,10.3973285808479,117
"11361",152,36,10.7850308021945,116
"11362",152,37,9.20834323445879,115
"11363",152,38,9.92963776397886,114
"11364",152,39,12.2377332766855,113
"11365",152,40,11.7099510744625,112
"11366",152,41,11.9578936745878,111
"11367",152,42,11.446236233467,110
"11368",152,43,9.61342490941416,109
"11369",152,44,9.22817046860888,108
"11370",152,45,10.499581927337,107
"11371",152,46,11.8273489633207,106
"11372",152,47,9.47852382876283,105
"11373",152,48,6.65016254073743,104
"11374",152,49,5.54401021034213,103
"11375",152,50,13.0510699181453,102
"11376",152,51,9.90303647281561,101
"11377",152,52,9.55800766284417,100
"11378",152,53,10.3211226921729,99
"11379",152,54,11.6218650379467,98
"11380",152,55,8.37315166103884,97
"11381",152,56,8.63293910086939,96
"11382",152,57,8.99898641100656,95
"11383",152,58,7.65596030441243,94
"11384",152,59,8.11503240845247,93
"11385",152,60,9.19849038356205,92
"11386",152,61,9.9630964176043,91
"11387",152,62,11.909151087445,90
"11388",152,63,8.76450659738248,89
"11389",152,64,7.41617234854759,88
"11390",152,65,9.89726202998664,87
"11391",152,66,11.1652731526921,86
"11392",152,67,10.284406749636,85
"11393",152,68,8.54894698745821,84
"11394",152,69,11.2223632891827,83
"11395",152,70,7.91278205385766,82
"11396",152,71,7.75511896732756,81
"11397",152,72,7.88933026037931,80
"11398",152,73,9.03499379487877,79
"11399",152,74,7.59745030597138,78
"11400",152,75,7.01102319803779,77
"11401",152,76,6.05054364832088,76
"11402",152,77,4.77854236839473,75
"11403",152,78,8.61887151181154,74
"11404",152,79,8.39769974228199,73
"11405",152,80,6.99809607565007,72
"11406",152,81,5.57664350898283,71
"11407",152,82,8.25164448267152,70
"11408",152,83,9.34114764886543,69
"11409",152,84,9.7878448040416,68
"11410",152,85,10.1682503296133,67
"11411",152,86,9.89034782953277,66
"11412",152,87,10.8209060465341,65
"11413",152,88,10.3048143594713,64
"11414",152,89,8.17648068497001,63
"11415",152,90,9.99308037512112,62
"11416",152,91,8.50699235363247,61
"11417",152,92,7.48843526307971,60
"11418",152,93,7.72901960537015,59
"11419",152,94,7.1710783586376,58
"11420",152,95,8.32149423628812,57
"11421",152,96,8.03792461730449,56
"11422",152,97,6.18545665598596,55
"11423",152,98,8.37398797378126,54
"11424",152,99,9.05207122105512,53
"11425",152,100,7.22560249073002,52
"11426",152,101,4.56217063768702,51
"11427",152,102,5.34873052047519,50
"11428",152,103,6.91738352098133,49
"11429",152,104,6.7607737566265,48
"11430",152,105,5.24844746942007,47
"11431",152,106,8.40950575639533,46
"11432",152,107,7.47280085926351,45
"11433",152,108,5.34127481304375,44
"11434",152,109,4.83166372181184,43
"11435",152,110,3.65814991877388,42
"11436",152,111,8.09761000562501,41
"11437",152,112,7.60457139448219,40
"11438",152,113,6.5373893816171,39
"11439",152,114,4.09974689795203,38
"11440",152,115,3.55502586114506,37
"11441",152,116,4.15770073282094,36
"11442",152,117,5.02259386882112,35
"11443",152,118,4.16375310586863,34
"11444",152,119,5.87924905043239,33
"11445",152,120,6.09766346200899,32
"11446",152,121,6.72826983949011,31
"11447",152,122,4.00609419752208,30
"11448",152,123,4.36555866959513,29
"11449",152,124,7.60937274606084,28
"11450",152,125,7.67265224762926,27
"11451",152,126,5.24679605183841,26
"11452",152,127,5.22185780647687,25
"11453",152,128,5.6178722125382,24
"11454",152,129,4.47594977962621,23
"11455",152,130,5.97492182442833,22
"11456",152,131,4.8429366421856,21
"11457",152,132,4.2112126203819,20
"11458",152,133,5.63566849587627,19
"11459",152,134,6.50331197325443,18
"11460",152,135,5.26776903575529,17
"11461",152,136,4.81722826995607,16
"11462",152,137,5.23677695824822,15
"11463",152,138,4.81355194507206,14
"11464",152,139,6.04666909066879,13
"11465",152,140,4.7634812751144,12
"11466",152,141,4.11057701198751,11
"11467",152,142,3.85837424272009,10
"11468",152,143,3.56335767035983,9
"11469",152,144,2.49250230778103,8
"11470",152,145,2.68959306662978,7
"11471",152,146,1.27739121598437,6
"11472",152,147,2.08553310988287,5
"11473",152,148,2.58155869983057,4
"11474",152,149,2.91458814828312,3
"11475",152,150,1.92613691101114,2
"11476",152,151,1.59563487095886,1
"11477",153,1,10.0626365105092,152
"11478",153,2,8.35478043938913,151
"11479",153,3,9.53778812508327,150
"11480",153,4,11.3084967529219,149
"11481",153,5,9.62597101355828,148
"11482",153,6,11.3684784116048,147
"11483",153,7,10.6404369156127,146
"11484",153,8,10.4423048979214,145
"11485",153,9,11.1521617051339,144
"11486",153,10,10.8547362028934,143
"11487",153,11,12.8168356278884,142
"11488",153,12,10.7313521013634,141
"11489",153,13,9.98646087345472,140
"11490",153,14,11.8150003521275,139
"11491",153,15,10.0829461012593,138
"11492",153,16,9.83271888173096,137
"11493",153,17,11.1421995872011,136
"11494",153,18,12.9487026828919,135
"11495",153,19,10.1677222291751,134
"11496",153,20,9.73233685836604,133
"11497",153,21,10.4527611762081,132
"11498",153,22,12.2405599186473,131
"11499",153,23,11.1642102273635,130
"11500",153,24,12.3442122095683,129
"11501",153,25,11.4853816437371,128
"11502",153,26,11.5927135412789,127
"11503",153,27,12.4306351992126,126
"11504",153,28,12.9528552821151,125
"11505",153,29,11.9147563036942,124
"11506",153,30,12.6379612703688,123
"11507",153,31,11.5079286361642,122
"11508",153,32,13.9106717363982,121
"11509",153,33,10.4478576666622,120
"11510",153,34,9.36340339780969,119
"11511",153,35,11.4029754886004,118
"11512",153,36,13.0259007707432,117
"11513",153,37,9.98696919693793,116
"11514",153,38,12.1705077325275,115
"11515",153,39,10.3913682960728,114
"11516",153,40,11.4996294815723,113
"11517",153,41,10.5898002575109,112
"11518",153,42,11.3916318620415,111
"11519",153,43,10.0671167233813,110
"11520",153,44,7.11591328392441,109
"11521",153,45,6.47384814231248,108
"11522",153,46,6.99864084902223,107
"11523",153,47,7.14676845555462,106
"11524",153,48,5.97864938627143,105
"11525",153,49,4.12363643031327,104
"11526",153,50,8.07292114753994,103
"11527",153,51,8.1035998820756,102
"11528",153,52,8.61363546070648,101
"11529",153,53,11.2267453869493,100
"11530",153,54,10.446933008317,99
"11531",153,55,9.48503374708373,98
"11532",153,56,8.65778928668121,97
"11533",153,57,9.36864121313066,96
"11534",153,58,9.89683027296112,95
"11535",153,59,8.2075375910939,94
"11536",153,60,9.28616138407132,93
"11537",153,61,6.92899937232812,92
"11538",153,62,8.84087652589958,91
"11539",153,63,10.1089907368863,90
"11540",153,64,8.49228910562642,89
"11541",153,65,9.92211221579846,88
"11542",153,66,9.49890872848627,87
"11543",153,67,9.07975923261848,86
"11544",153,68,10.4501633809969,85
"11545",153,69,7.03521353956475,84
"11546",153,70,9.11053064698734,83
"11547",153,71,8.53078983682577,82
"11548",153,72,6.46543323533437,81
"11549",153,73,8.85390363618808,80
"11550",153,74,9.55016072239063,79
"11551",153,75,9.25189316658648,78
"11552",153,76,7.22949364769401,77
"11553",153,77,4.35511723844432,76
"11554",153,78,4.63796643038462,75
"11555",153,79,7.88820906187133,74
"11556",153,80,7.11408932524158,73
"11557",153,81,6.62628657234154,72
"11558",153,82,9.78581756199927,71
"11559",153,83,10.6275385291163,70
"11560",153,84,8.9657195075082,69
"11561",153,85,8.54057222261436,68
"11562",153,86,9.66832828459403,67
"11563",153,87,7.9258080683569,66
"11564",153,88,7.14821824107474,65
"11565",153,89,10.0083794931636,64
"11566",153,90,11.9594286841005,63
"11567",153,91,9.4052708895179,62
"11568",153,92,9.41557153605488,61
"11569",153,93,7.31992694910777,60
"11570",153,94,3.8232476177879,59
"11571",153,95,7.87573715577871,58
"11572",153,96,6.04970321135225,57
"11573",153,97,7.42909638127806,56
"11574",153,98,10.0972360903848,55
"11575",153,99,11.2929411896038,54
"11576",153,100,9.46647245927871,53
"11577",153,101,4.58702082349884,52
"11578",153,102,5.82638277657146,51
"11579",153,103,8.02611825807721,50
"11580",153,104,7.16404336348783,49
"11581",153,105,6.90931440213587,48
"11582",153,106,8.43435594220715,47
"11583",153,107,4.8420814708341,46
"11584",153,108,5.77255227521214,45
"11585",153,109,6.92126706904298,44
"11586",153,110,4.14700993529287,43
"11587",153,111,4.49206127981591,42
"11588",153,112,9.52214880032606,41
"11589",153,113,8.16353788147137,40
"11590",153,114,6.34061686650071,39
"11591",153,115,5.79589582969374,38
"11592",153,116,4.18255091863277,37
"11593",153,117,5.04744405463295,36
"11594",153,118,4.18860329168045,35
"11595",153,119,4.30440263022124,34
"11596",153,120,5.27443453735129,33
"11597",153,121,8.96913980803879,32
"11598",153,122,6.24696416607076,31
"11599",153,123,4.39040885540695,30
"11600",153,124,7.63422293187266,29
"11601",153,125,4.56573208937035,28
"11602",153,126,5.76651497205203,27
"11603",153,127,5.63632786627665,26
"11604",153,128,7.24808219230845,25
"11605",153,129,5.52910112943337,24
"11606",153,130,5.68908793417643,23
"11607",153,131,6.48995402432446,22
"11608",153,132,6.45208258893058,21
"11609",153,133,7.87653846442495,20
"11610",153,134,8.74418194180311,19
"11611",153,135,7.50863900430397,18
"11612",153,136,7.05809823850475,17
"11613",153,137,5.65005162220559,16
"11614",153,138,7.05442191362074,15
"11615",153,139,8.28753905921748,14
"11616",153,140,7.00435124366308,13
"11617",153,141,5.6735573822833,12
"11618",153,142,6.09924421126877,11
"11619",153,143,5.10842942084159,10
"11620",153,144,4.73337227632971,9
"11621",153,145,4.93046303517846,8
"11622",153,146,3.90014755917637,7
"11623",153,147,3.13903294359771,6
"11624",153,148,4.2241722565834,5
"11625",153,149,4.97738579530335,4
"11626",153,150,5.13185101426725,3
"11627",153,151,6.03035326226029,2
"11628",153,152,4.97814877060539,1
"11629",154,1,8.21328639657217,153
"11630",154,2,6.50543032545215,152
"11631",154,3,7.68843801114629,151
"11632",154,4,9.45914663898488,150
"11633",154,5,7.7766208996213,149
"11634",154,6,9.51912829766786,148
"11635",154,7,8.79108680167576,147
"11636",154,8,8.94886532670631,146
"11637",154,9,10.3215642270402,145
"11638",154,10,9.00538608895637,144
"11639",154,11,10.9674855139514,143
"11640",154,12,9.90075462326971,142
"11641",154,13,9.15586339536106,141
"11642",154,14,9.96565023819052,140
"11643",154,15,8.23359598732233,139
"11644",154,16,7.98336876779398,138
"11645",154,17,9.2928494732641,137
"11646",154,18,11.0993525689549,136
"11647",154,19,8.31837211523811,135
"11648",154,20,7.88298674442906,134
"11649",154,21,9.62216369811442,133
"11650",154,22,10.3912098047103,132
"11651",154,23,9.31486011342652,131
"11652",154,24,10.4948620956313,130
"11653",154,25,9.6360315298001,129
"11654",154,26,10.7621160631853,128
"11655",154,27,10.5812850852756,127
"11656",154,28,11.1035051681781,126
"11657",154,29,10.0654061897572,125
"11658",154,30,10.7886111564318,124
"11659",154,31,9.65857852222726,123
"11660",154,32,12.0613216224613,122
"11661",154,33,8.88949426919307,121
"11662",154,34,8.15473387860939,120
"11663",154,35,9.55362537466341,119
"11664",154,36,11.1765506568062,118
"11665",154,37,8.13761908300095,117
"11666",154,38,10.3211576185906,116
"11667",154,39,9.56077081797913,115
"11668",154,40,9.6502793676353,114
"11669",154,41,8.74045014357395,113
"11670",154,42,9.54228174810456,112
"11671",154,43,8.21776660944435,111
"11672",154,44,5.46846170339436,110
"11673",154,45,5.64325066421882,109
"11674",154,46,6.67969835642783,108
"11675",154,47,5.29741834161764,107
"11676",154,48,4.12929927233445,106
"11677",154,49,2.58132191136925,105
"11678",154,50,7.90341931125245,104
"11679",154,51,6.25424976813862,103
"11680",154,52,7.78303798261282,102
"11681",154,53,9.37739527301228,101
"11682",154,54,8.59758289437998,100
"11683",154,55,7.63568363314675,99
"11684",154,56,7.82719180858755,98
"11685",154,57,7.51929109919368,97
"11686",154,58,8.04748015902414,96
"11687",154,59,7.30928511617064,95
"11688",154,60,7.43681127013434,94
"11689",154,61,6.09840189423447,93
"11690",154,62,7.47334757714418,92
"11691",154,63,8.25964062294929,91
"11692",154,64,6.64293899168944,90
"11693",154,65,9.09151473770481,89
"11694",154,66,8.66831125039261,88
"11695",154,67,7.2304091186815,87
"11696",154,68,8.60081326705991,86
"11697",154,69,6.07471268228979,85
"11698",154,70,7.26118053305036,84
"11699",154,71,6.68143972288879,83
"11700",154,72,5.07083602780725,82
"11701",154,73,7.0045535222511,81
"11702",154,74,7.70081060845364,80
"11703",154,75,7.4025430526495,79
"11704",154,76,5.38014353375703,78
"11705",154,77,2.50576712450734,77
"11706",154,78,3.80736895229097,76
"11707",154,79,6.03885894793435,75
"11708",154,80,6.19234878336824,74
"11709",154,81,4.77693645840456,73
"11710",154,82,7.93646744806228,72
"11711",154,83,8.77818841517936,71
"11712",154,84,7.11636939357122,70
"11713",154,85,6.69122210867738,69
"11714",154,86,7.81897817065704,68
"11715",154,87,6.73755359622608,67
"11716",154,88,5.83670500293345,66
"11717",154,89,8.15902937922667,65
"11718",154,90,10.1100785701635,64
"11719",154,91,7.70124506135064,63
"11720",154,92,7.56622142211789,62
"11721",154,93,5.47057683517079,61
"11722",154,94,2.99265013969424,60
"11723",154,95,7.04513967768505,59
"11724",154,96,4.45895593420112,58
"11725",154,97,5.57974626734108,57
"11726",154,98,8.24788597644785,56
"11727",154,99,9.44359107566683,55
"11728",154,100,7.61712234534173,54
"11729",154,101,3.75642334540519,53
"11730",154,102,4.54298322819336,52
"11731",154,103,6.17676814414023,51
"11732",154,104,5.31469324955085,50
"11733",154,105,5.05996428819889,49
"11734",154,106,7.60375846411349,48
"11735",154,107,4.01148399274044,47
"11736",154,108,3.92320216127516,46
"11737",154,109,5.071916955106,45
"11738",154,110,2.29765982135589,44
"11739",154,111,3.66146380172225,43
"11740",154,112,7.67279868638908,42
"11741",154,113,6.31418776753439,41
"11742",154,114,4.49126675256373,40
"11743",154,115,3.94654571575676,39
"11744",154,116,3.59893932400934,38
"11745",154,117,4.21684657653929,37
"11746",154,118,3.3580058135868,36
"11747",154,119,2.45505251628426,35
"11748",154,120,3.42508442341431,34
"11749",154,121,7.11978969410181,33
"11750",154,122,4.39761405213378,32
"11751",154,123,3.55981137731329,31
"11752",154,124,6.803625453779,30
"11753",154,125,3.73513461127669,29
"11754",154,126,3.91716485811505,28
"11755",154,127,3.78697775233967,27
"11756",154,128,5.39873207837147,26
"11757",154,129,3.67975101549639,25
"11758",154,130,3.83973782023945,24
"11759",154,131,4.64060391038748,23
"11760",154,132,4.6027324749936,22
"11761",154,133,6.02718835048797,21
"11762",154,134,6.89483182786613,20
"11763",154,135,5.65928889036699,19
"11764",154,136,5.20874812456777,18
"11765",154,137,4.43102966596639,17
"11766",154,138,5.20507179968376,16
"11767",154,139,6.4381889452805,15
"11768",154,140,5.1550011297261,14
"11769",154,141,3.82420726834632,13
"11770",154,142,4.24989409733179,12
"11771",154,143,3.37148453703646,11
"11772",154,144,3.51232581991124,10
"11773",154,145,4.09069881527107,9
"11774",154,146,4.06964939546386,8
"11775",154,147,3.06211749701001,7
"11776",154,148,3.27200280654416,6
"11777",154,149,4.13790587569348,5
"11778",154,150,5.30135285055474,4
"11779",154,151,6.19985509854777,3
"11780",154,152,5.14765060689288,2
"11781",154,153,1.84935011393698,1
"11782",155,1,6.94123992371986,154
"11783",155,2,7.52478394322297,153
"11784",155,3,8.95697232459852,152
"11785",155,4,8.18319849388172,151
"11786",155,5,7.45208551604573,150
"11787",155,6,7.27676194717935,149
"11788",155,7,7.73441263706995,148
"11789",155,8,10.0874020261662,147
"11790",155,9,11.757027219705,146
"11791",155,10,9.36738596590524,145
"11792",155,11,8.72511916346288,144
"11793",155,12,11.0392913227296,143
"11794",155,13,10.294400094821,142
"11795",155,14,7.81187785894447,141
"11796",155,15,6.8969638331444,140
"11797",155,16,7.43929630350386,139
"11798",155,17,8.89402326129868,138
"11799",155,18,9.47170768716082,137
"11800",155,19,8.29150532451968,136
"11801",155,20,7.53324356937924,135
"11802",155,21,10.7607003975743,134
"11803",155,22,10.1752489119037,133
"11804",155,23,10.5490392617105,132
"11805",155,24,9.16777603289377,131
"11806",155,25,7.56674336035896,130
"11807",155,26,11.9006527626452,129
"11808",155,27,8.33891873478711,128
"11809",155,28,8.86524857912719,127
"11810",155,29,8.40108558880515,126
"11811",155,30,8.5462448059433,125
"11812",155,31,9.0822262228485,124
"11813",155,32,9.81895527197275,123
"11814",155,33,10.028030968653,122
"11815",155,34,9.54099824306078,121
"11816",155,35,7.43343338792295,120
"11817",155,36,9.92096924085244,119
"11818",155,37,6.38056873822057,118
"11819",155,38,8.07879126810205,117
"11820",155,39,10.699307517439,116
"11821",155,40,9.1167674295708,115
"11822",155,41,9.32137981195112,114
"11823",155,42,7.29991539761604,113
"11824",155,43,8.06214463444812,112
"11825",155,44,6.60699840285425,111
"11826",155,45,7.86306806470027,110
"11827",155,46,9.19083510068401,109
"11828",155,47,6.84200996612613,108
"11829",155,48,4.66913737047673,107
"11830",155,49,3.71985861082915,106
"11831",155,50,10.4145560555086,105
"11832",155,51,7.26652261017891,104
"11833",155,52,8.92157468207271,103
"11834",155,53,9.02190363417955,102
"11835",155,54,6.80171527225516,101
"11836",155,55,8.70594106821689,100
"11837",155,56,8.96572850804744,99
"11838",155,57,6.92678587669644,98
"11839",155,58,5.85989328693745,97
"11840",155,59,8.44782181563053,96
"11841",155,60,7.62084287014812,95
"11842",155,61,7.3265825549676,94
"11843",155,62,9.27263722480831,93
"11844",155,63,8.10347241383794,92
"11845",155,64,7.74896175572565,91
"11846",155,65,10.2300514371647,90
"11847",155,66,9.8068479498525,89
"11848",155,67,5.46425698394439,88
"11849",155,68,8.88173639463627,87
"11850",155,69,8.58584942654597,86
"11851",155,70,7.87556658233207,85
"11852",155,71,6.978619818177,84
"11853",155,72,6.20937272726714,83
"11854",155,73,5.12072484046667,82
"11855",155,74,7.0494681684137,81
"11856",155,75,7.24041829056852,80
"11857",155,76,5.38610281224235,79
"11858",155,77,3.06935340108307,78
"11859",155,78,5.98235764917484,77
"11860",155,79,5.99648951280591,76
"11861",155,80,7.33088548282813,75
"11862",155,81,5.20352201667905,74
"11863",155,82,8.58443388984958,73
"11864",155,83,9.67393705604349,72
"11865",155,84,7.67236041483198,71
"11866",155,85,7.53173646697659,70
"11867",155,86,7.16740163028204,69
"11868",155,87,8.18439218389745,68
"11869",155,88,7.66830049683456,67
"11870",155,89,7.21061361400757,66
"11871",155,90,10.3258697822992,65
"11872",155,91,8.83978176081053,64
"11873",155,92,7.24878409330505,63
"11874",155,93,4.76471502821241,62
"11875",155,94,4.53456449600091,61
"11876",155,95,8.18367637714494,60
"11877",155,96,5.59749263366101,59
"11878",155,97,4.35623659728925,58
"11879",155,98,8.70677738095931,57
"11880",155,99,7.45980155081582,56
"11881",155,100,5.98926937436091,55
"11882",155,101,4.89496004486508,54
"11883",155,102,5.68151992765325,53
"11884",155,103,7.25017292815939,52
"11885",155,104,3.07232689906234,51
"11886",155,105,5.50280681418522,50
"11887",155,106,8.74229516357338,49
"11888",155,107,5.15002069220033,48
"11889",155,108,2.73233648238871,47
"11890",155,109,3.73549289011478,46
"11891",155,110,3.1449757040129,45
"11892",155,111,5.46109614298831,44
"11893",155,112,7.93736080166025,43
"11894",155,113,6.87017878879515,42
"11895",155,114,4.04452800535796,41
"11896",155,115,3.3218386916159,40
"11897",155,116,4.490490139999,39
"11898",155,117,5.35538327599918,38
"11899",155,118,4.49654251304669,37
"11900",155,119,3.25393564073414,36
"11901",155,120,4.09422393994951,35
"11902",155,121,4.8774233436133,34
"11903",155,122,3.72403208026403,33
"11904",155,123,4.69834807677318,32
"11905",155,124,7.94216215323889,31
"11906",155,125,5.03613838499257,30
"11907",155,126,4.40867424264356,29
"11908",155,127,2.51503532408071,28
"11909",155,128,3.15636572788296,27
"11910",155,129,2.81228194390811,26
"11911",155,130,1.59737146975094,25
"11912",155,131,2.39823755989897,24
"11913",155,132,4.09075776775375,23
"11914",155,133,5.25661080646227,22
"11915",155,134,4.95960511696394,21
"11916",155,135,4.19301717286774,20
"11917",155,136,3.0633773462352,19
"11918",155,137,5.56956636542628,18
"11919",155,138,5.000678921552,17
"11920",155,139,4.19582259479198,16
"11921",155,140,2.96130163777976,15
"11922",155,141,1.58184091785781,14
"11923",155,142,2.65432096143961,13
"11924",155,143,3.89614707753788,12
"11925",155,144,3.18482497870992,11
"11926",155,145,2.38827468402119,10
"11927",155,146,3.54836549913736,9
"11928",155,147,3.60825309506901,8
"11929",155,148,3.5427583771387,7
"11930",155,149,3.98847735602061,6
"11931",155,150,3.00046421832229,5
"11932",155,151,3.68871835429159,4
"11933",155,152,4.82014976569156,3
"11934",155,153,4.09171646442549,2
"11935",155,154,2.51113674425618,1
"11936",156,1,5.81245409554603,155
"11937",156,2,6.39599811504915,154
"11938",156,3,10.4669486682973,153
"11939",156,4,7.88893380811439,152
"11940",156,5,8.96206185974453,151
"11941",156,6,8.35741658492465,150
"11942",156,7,8.67366338001815,149
"11943",156,8,10.5273115677038,148
"11944",156,9,13.2670035634038,147
"11945",156,10,10.5187999104329,146
"11946",156,11,8.00080669195973,145
"11947",156,12,10.6225342884998,144
"11948",156,13,11.6138880630348,143
"11949",156,14,8.54086906357374,142
"11950",156,15,7.83548849631027,141
"11951",156,16,8.57950979509312,140
"11952",156,17,9.31151845103747,139
"11953",156,18,8.342921858987,138
"11954",156,19,7.16271949634586,137
"11955",156,20,7.93953830617959,136
"11956",156,21,12.2594762883347,135
"11957",156,22,11.6852252556025,134
"11958",156,23,12.0590156054093,133
"11959",156,24,10.2005700544647,132
"11960",156,25,7.1472611097186,131
"11961",156,26,10.7718669344713,130
"11962",156,27,7.61460626328397,129
"11963",156,28,8.13682634618649,128
"11964",156,29,7.28253210719334,127
"11965",156,30,7.82193233444016,126
"11966",156,31,8.60892908705068,125
"11967",156,32,9.0946428004696,124
"11968",156,33,8.89924514047914,123
"11969",156,34,11.0509745867596,122
"11970",156,35,7.49162851552579,121
"11971",156,36,8.79218341267862,120
"11972",156,37,6.38348581817415,119
"11973",156,38,7.3544787965989,118
"11974",156,39,11.1111957577476,117
"11975",156,40,10.1086320648937,116
"11976",156,41,10.8313561556499,115
"11977",156,42,8.54053616814488,114
"11978",156,43,8.38999586291366,113
"11979",156,44,8.10163294967097,112
"11980",156,45,9.37304440839906,111
"11981",156,46,10.7008114443828,110
"11982",156,47,8.35198630982493,109
"11983",156,48,5.52362502179952,108
"11984",156,49,4.41747269140423,107
"11985",156,50,11.9245323992074,106
"11986",156,51,8.77649895387771,105
"11987",156,52,8.43147014390627,104
"11988",156,53,8.89782398183587,103
"11989",156,54,8.71616497262463,102
"11990",156,55,7.57715524004307,101
"11991",156,56,7.83694267987362,100
"11992",156,57,7.33867411700506,99
"11993",156,58,5.08080133703248,98
"11994",156,59,7.3190359874567,97
"11995",156,60,8.07195286462414,96
"11996",156,61,8.8365588986664,95
"11997",156,62,10.7826135685071,94
"11998",156,63,7.54053131676687,93
"11999",156,64,6.62017592755182,92
"12000",156,65,9.10126560899088,91
"12001",156,66,10.0387356337542,90
"12002",156,67,7.37870668431386,89
"12003",156,68,7.75295056646245,88
"12004",156,69,10.0958257702448,87
"12005",156,70,6.78624453491976,86
"12006",156,71,6.62858144838965,85
"12007",156,72,6.7627927414414,84
"12008",156,73,6.12929372955667,83
"12009",156,74,5.92068234023987,82
"12010",156,75,6.1116324623947,81
"12011",156,76,4.92400612938297,80
"12012",156,77,3.65200484945683,79
"12013",156,78,7.49233399287364,78
"12014",156,79,7.27116222334409,77
"12015",156,80,6.20209965465431,76
"12016",156,81,4.45010599004493,75
"12017",156,82,7.45564806167575,74
"12018",156,83,8.54515122786967,73
"12019",156,84,8.6613072851037,72
"12020",156,85,9.04171281067538,71
"12021",156,86,8.17096421765351,70
"12022",156,87,9.69436852759624,69
"12023",156,88,9.17827684053336,68
"12024",156,89,6.16025784824665,67
"12025",156,90,9.19708395412536,66
"12026",156,91,7.71099593263671,65
"12027",156,92,6.11999826513123,64
"12028",156,93,5.95535072690751,63
"12029",156,94,6.0445408396997,62
"12030",156,95,7.19495671735022,61
"12031",156,96,6.91138709836658,60
"12032",156,97,3.89413991442987,59
"12033",156,98,7.57799155278549,58
"12034",156,99,6.47691225367517,57
"12035",156,100,4.86048354618709,56
"12036",156,101,3.76617421669126,55
"12037",156,102,4.55273409947943,54
"12038",156,103,6.12138709998557,53
"12039",156,104,3.8550736913044,52
"12040",156,105,4.37402098601139,51
"12041",156,106,7.61350933539956,50
"12042",156,107,6.3462633403256,49
"12043",156,108,3.08260206265304,48
"12044",156,109,2.60670706194096,47
"12045",156,110,2.53161239983598,46
"12046",156,111,6.97107248668711,45
"12047",156,112,6.80857497348643,44
"12048",156,113,5.74139296062133,43
"12049",156,114,2.91574217718414,42
"12050",156,115,2.19305286344208,41
"12051",156,116,3.36170431182518,40
"12052",156,117,4.22659744782536,39
"12053",156,118,3.36775668487287,38
"12054",156,119,4.75271153149449,37
"12055",156,120,4.97112594307109,36
"12056",156,121,4.15311087211015,35
"12057",156,122,2.59524625209021,34
"12058",156,123,3.56956224859936,33
"12059",156,124,6.81337632506507,32
"12060",156,125,6.54611472869136,31
"12061",156,126,4.12025853290051,30
"12062",156,127,2.88210830671365,29
"12063",156,128,2.7121721472161,28
"12064",156,129,2.54067363653367,27
"12065",156,130,3.06922175910624,26
"12066",156,131,1.9372365768635,25
"12067",156,132,2.96197193957993,24
"12068",156,133,4.12782497828845,23
"12069",156,134,3.92815300587447,22
"12070",156,135,3.06423134469392,21
"12071",156,136,2.24206930257611,20
"12072",156,137,4.44078053725246,19
"12073",156,138,3.87189309337818,18
"12074",156,139,3.47151012328884,17
"12075",156,140,2.18832230773444,16
"12076",156,141,1.20487694666542,15
"12077",156,142,1.52553513326579,14
"12078",156,143,2.76736124936406,13
"12079",156,144,1.69650588678526,12
"12080",156,145,0.518673355585446,11
"12081",156,146,1.63391579876789,10
"12082",156,147,1.69380339469954,9
"12083",156,148,1.7855622788348,8
"12084",156,149,2.11859172728735,7
"12085",156,150,1.28023976259976,6
"12086",156,151,2.39163129195463,5
"12087",156,152,2.90570006532209,4
"12088",156,153,4.81602893592864,3
"12089",156,154,4.02111308795498,2
"12090",156,155,1.91444970036947,1
"12091",157,1,6.47365452551649,156
"12092",157,2,7.05719854501961,155
"12093",157,3,10.4222381987859,154
"12094",157,4,7.844223338603,153
"12095",157,5,8.91735139023314,152
"12096",157,6,7.87582286791226,151
"12097",157,7,8.62895291050676,150
"12098",157,8,10.4826010981924,149
"12099",157,9,13.2222930938924,148
"12100",157,10,10.4740894409216,147
"12101",157,11,8.23126250543718,146
"12102",157,12,10.5778238189884,145
"12103",157,13,11.5691775935234,144
"12104",157,14,8.18027920863414,143
"12105",157,15,7.79077802679888,142
"12106",157,16,8.53479932558173,141
"12107",157,17,9.26680798152608,140
"12108",157,18,9.00412228895746,139
"12109",157,19,7.82391992631632,138
"12110",157,20,7.8948278366682,137
"12111",157,21,12.2147658188233,136
"12112",157,22,11.6405147860911,135
"12113",157,23,12.014305135898,134
"12114",157,24,10.1558595849533,133
"12115",157,25,7.0991579621556,132
"12116",157,26,11.4330673644418,131
"12117",157,27,7.83892344575342,130
"12118",157,28,8.39766318092383,129
"12119",157,29,7.93350019060178,128
"12120",157,30,8.04624951690961,127
"12121",157,31,8.61464082464514,126
"12122",157,32,9.31895998293906,125
"12123",157,33,9.56044557044959,124
"12124",157,34,11.0062641172482,123
"12125",157,35,7.16461905309177,122
"12126",157,36,9.45338384264908,121
"12127",157,37,6.33877534866276,120
"12128",157,38,7.57879597906835,119
"12129",157,39,11.0664852882363,118
"12130",157,40,10.0639215953823,117
"12131",157,41,10.7866456861385,116
"12132",157,42,8.05894245113248,115
"12133",157,43,8.34528539340227,114
"12134",157,44,8.05692248015959,113
"12135",157,45,9.32833393888767,112
"12136",157,46,10.6561009748714,111
"12137",157,47,8.30727584031354,110
"12138",157,48,5.47891455228813,109
"12139",157,49,4.37276222189284,108
"12140",157,50,11.879821929696,107
"12141",157,51,8.73178848436632,106
"12142",157,52,8.45398928386935,105
"12143",157,53,8.85311351232449,104
"12144",157,54,8.23457125561223,103
"12145",157,55,8.23835567001353,102
"12146",157,56,8.49814310984408,101
"12147",157,57,7.29396364749367,100
"12148",157,58,5.39230788873409,99
"12149",157,59,7.98023641742716,98
"12150",157,60,8.02724239511275,97
"12151",157,61,8.79184842915501,96
"12152",157,62,10.7379030989957,95
"12153",157,63,7.63588701563457,94
"12154",157,64,7.28137635752228,93
"12155",157,65,9.76246603896133,92
"12156",157,66,9.99402516424282,91
"12157",157,67,6.89711296730146,90
"12158",157,68,8.41415099643291,89
"12159",157,69,10.0511153007334,88
"12160",157,70,7.4079811841287,87
"12161",157,71,6.58387097887826,86
"12162",157,72,6.71808227193002,85
"12163",157,73,6.0386475720787,84
"12164",157,74,6.58188277021033,83
"12165",157,75,6.77283289236516,82
"12166",157,76,4.91851741403899,81
"12167",157,77,3.60729437994544,80
"12168",157,78,7.44762352336225,79
"12169",157,79,7.2264517538327,78
"12170",157,80,6.86330008462476,77
"12171",157,81,4.73593661847568,76
"12172",157,82,8.11684849164621,75
"12173",157,83,9.20635165784012,74
"12174",157,84,8.61659681559231,73
"12175",157,85,8.99700234116399,72
"12176",157,86,8.12625374814212,71
"12177",157,87,9.64965805808485,70
"12178",157,88,9.13356637102197,69
"12179",157,89,6.7430282158042,68
"12180",157,90,9.85828438409582,67
"12181",157,91,8.37219636260716,66
"12182",157,92,6.78119869510169,65
"12183",157,93,5.91064025739612,64
"12184",157,94,5.99983037018831,63
"12185",157,95,7.71609097894158,62
"12186",157,96,6.8666766288552,61
"12187",157,97,3.88865119908588,60
"12188",157,98,8.23919198275595,59
"12189",157,99,6.99221615261245,58
"12190",157,100,5.52168397615755,57
"12191",157,101,4.42737464666171,56
"12192",157,102,5.21393452944989,55
"12193",157,103,6.78258752995602,54
"12194",157,104,3.37347997429201,53
"12195",157,105,5.03522141598185,52
"12196",157,106,8.27470976537002,51
"12197",157,107,6.30155287081422,50
"12198",157,108,3.03789159314165,49
"12199",157,109,3.26790749191142,48
"12200",157,110,2.67739030580953,47
"12201",157,111,6.92636201717572,46
"12202",157,112,7.46977540345688,45
"12203",157,113,6.40259339059179,44
"12204",157,114,3.5769426071546,43
"12205",157,115,2.85425329341254,42
"12206",157,116,4.02290474179564,41
"12207",157,117,4.88779787779582,40
"12208",157,118,4.02895711484332,39
"12209",157,119,4.7080010619831,38
"12210",157,120,4.9264154735597,37
"12211",157,121,4.3774280545796,36
"12212",157,122,3.25644668206067,35
"12213",157,123,4.23076267856982,34
"12214",157,124,7.47457675503553,33
"12215",157,125,6.50140425917997,32
"12216",157,126,4.07554806338912,31
"12217",157,127,2.83739783720227,30
"12218",157,128,2.65637043884926,29
"12219",157,129,2.49596316702228,28
"12220",157,130,2.58762804209384,27
"12221",157,131,1.89824227086527,26
"12222",157,132,3.62317236955039,25
"12223",157,133,4.78902540825891,24
"12224",157,134,4.49201971876058,23
"12225",157,135,3.72543177466437,22
"12226",157,136,2.59579194803184,21
"12227",157,137,5.10198096722292,20
"12228",157,138,4.53309352334863,19
"12229",157,139,3.69582730575829,18
"12230",157,140,2.4937162395764,17
"12231",157,141,1.08184562882411,16
"12232",157,142,2.18673556323625,15
"12233",157,143,3.42856167933452,14
"12234",157,144,2.35770631675572,13
"12235",157,145,1.1798737855559,12
"12236",157,146,2.11550951578029,11
"12237",157,147,2.17539711171194,10
"12238",157,148,2.44676270880526,9
"12239",157,149,2.77979215725781,8
"12240",157,150,1.56760823496522,7
"12241",157,151,2.22345248010419,6
"12242",157,152,3.38729378233449,5
"12243",157,153,4.59171175345919,4
"12244",157,154,3.97640261844359,3
"12245",157,155,1.46526587418741,2
"12246",157,156,0.661200429970457,1
"12247",158,1,6.947924948302,157
"12248",158,2,6.81975192695476,156
"12249",158,3,10.156783725414,155
"12250",158,4,8.2943875783323,154
"12251",158,5,8.675515039553,153
"12252",158,6,9.32481520385723,152
"12253",158,7,8.8598431697387,151
"12254",158,8,10.2171466248205,150
"12255",158,9,12.9568386205205,149
"12256",158,10,10.2086349675497,148
"12257",158,11,9.70212406568122,147
"12258",158,12,10.3342593064614,146
"12259",158,13,11.3037231201515,145
"12260",158,14,9.50826768250633,144
"12261",158,15,8.30162627560294,143
"12262",158,16,8.26934485220982,142
"12263",158,17,9.00135350815418,141
"12264",158,18,9.83399112068475,140
"12265",158,19,7.58647330825147,139
"12266",158,20,7.6293733632963,138
"12267",158,21,11.9493113454514,137
"12268",158,22,11.7870248801115,136
"12269",158,23,11.7488506625261,135
"12270",158,24,10.657161742317,134
"12271",158,25,8.37067008152993,133
"12272",158,26,11.1956207463769,132
"12273",158,27,9.31592363700545,131
"12274",158,28,9.83814371990798,130
"12275",158,29,8.800044741487,129
"12276",158,30,9.52324970816164,128
"12277",158,31,8.39321707395708,127
"12278",158,32,10.7959601741911,126
"12279",158,33,9.32299895238475,125
"12280",158,34,10.7408096438763,124
"12281",158,35,8.45902713445837,123
"12282",158,36,9.91118920853603,122
"12283",158,37,7.27004178806928,121
"12284",158,38,9.05579617032039,120
"12285",158,39,10.8010308148644,119
"12286",158,40,9.79846712201041,118
"12287",158,41,10.5211912127666,117
"12288",158,42,9.50793478707746,116
"12289",158,43,8.07983092003037,115
"12290",158,44,7.79146800678768,114
"12291",158,45,9.06287946551577,113
"12292",158,46,10.3906465014995,112
"12293",158,47,8.04182136694163,111
"12294",158,48,5.21346007891623,110
"12295",158,49,4.10730774852094,109
"12296",158,50,11.6143674563241,108
"12297",158,51,8.46633401099441,107
"12298",158,52,8.2165426658045,106
"12299",158,53,8.58765903895258,105
"12300",158,54,9.68356359155721,104
"12301",158,55,8.00090905194868,103
"12302",158,56,8.26069649177923,102
"12303",158,57,7.06068496461705,101
"12304",158,58,6.78211871075396,100
"12305",158,59,7.74278979936232,99
"12306",158,60,7.76178792174085,98
"12307",158,61,8.5263939557831,97
"12308",158,62,10.4724486256238,96
"12309",158,63,7.39844039756973,95
"12310",158,64,7.04392973945744,94
"12311",158,65,9.52501942089649,93
"12312",158,66,9.72857069087091,92
"12313",158,67,8.34610530324644,91
"12314",158,68,8.17670437836806,90
"12315",158,69,9.78566082736147,89
"12316",158,70,7.17053456606386,88
"12317",158,71,6.31841650550636,87
"12318",158,72,6.45262779855811,86
"12319",158,73,7.09669234848926,85
"12320",158,74,6.43544916018347,84
"12321",158,75,6.53538627430031,83
"12322",158,76,4.68107079597414,82
"12323",158,77,3.34183990657354,81
"12324",158,78,7.18216904999034,80
"12325",158,79,6.96099728046079,79
"12326",158,80,6.62585346655992,78
"12327",158,81,4.49849000041084,77
"12328",158,82,7.87940187358137,76
"12329",158,83,8.96890503977528,75
"12330",158,84,8.3511423422204,74
"12331",158,85,8.73154786779209,73
"12332",158,86,7.95204638314325,72
"12333",158,87,9.38420358471295,71
"12334",158,88,8.86811189765007,70
"12335",158,89,6.89366793095649,69
"12336",158,90,9.62083776603097,68
"12337",158,91,8.13474974454232,67
"12338",158,92,6.54375207703684,66
"12339",158,93,5.79071815898064,65
"12340",158,94,5.73437589681641,64
"12341",158,95,7.47864436087674,63
"12342",158,96,6.60122215548329,62
"12343",158,97,4.31438481907091,61
"12344",158,98,8.0017453646911,60
"12345",158,99,8.17822962739666,59
"12346",158,100,6.35176089707156,58
"12347",158,101,4.18992802859687,57
"12348",158,102,4.97648791138504,56
"12349",158,103,6.54514091189118,55
"12350",158,104,4.82247231023699,54
"12351",158,105,4.79777479791701,53
"12352",158,106,8.03726314730518,52
"12353",158,107,6.03609839744231,51
"12354",158,108,3.40297336665424,50
"12355",158,109,3.80655550683583,49
"12356",158,110,2.43994368774469,48
"12357",158,111,6.66090754380382,47
"12358",158,112,7.23232878539204,46
"12359",158,113,6.16514677252694,45
"12360",158,114,3.33949598908975,44
"12361",158,115,2.68118426748659,43
"12362",158,116,3.78545812373079,42
"12363",158,117,4.65035125973097,41
"12364",158,118,3.79151049677848,40
"12365",158,119,4.44254658861119,39
"12366",158,120,4.6609610001878,38
"12367",158,121,5.85442824583164,37
"12368",158,122,3.13225260386361,36
"12369",158,123,3.99331606050497,35
"12370",158,124,7.23713013697068,34
"12371",158,125,6.23594978580807,33
"12372",158,126,3.81009359001721,32
"12373",158,127,3.28355636008736,31
"12374",158,128,4.1333706301013,30
"12375",158,129,2.5376483332367,29
"12376",158,130,4.03662037803882,28
"12377",158,131,3.37524246211731,27
"12378",158,132,3.38572575148554,26
"12379",158,133,4.7618269022178,25
"12380",158,134,5.62947037959596,24
"12381",158,135,4.39392744209682,23
"12382",158,136,3.9433866762976,22
"12383",158,137,4.86453434915807,21
"12384",158,138,4.29564690528379,20
"12385",158,139,5.17282749701032,19
"12386",158,140,3.88963968145593,18
"12387",158,141,2.55884582007615,17
"12388",158,142,2.98453264906162,16
"12389",158,143,3.19111506126967,15
"12390",158,144,2.12025969869088,14
"12391",158,145,1.81575147297131,13
"12392",158,146,0.711365551769039,12
"12393",158,147,1.39955680521919,11
"12394",158,148,2.20931609074041,10
"12395",158,149,2.54234553919296,9
"12396",158,150,1.59040470548305,8
"12397",158,151,2.48890695347609,7
"12398",158,152,1.93830144638951,6
"12399",158,153,3.5414463087842,5
"12400",158,154,3.71094814507168,4
"12401",158,155,2.88184831930205,3
"12402",158,156,1.70131737372149,2
"12403",158,157,1.47700019125204,1
"12404",159,1,8.00433656078272,158
"12405",159,2,8.58788058028583,157
"12406",159,3,12.2498465272571,156
"12407",159,4,9.67183166707414,155
"12408",159,5,10.7449597187043,154
"12409",159,6,10.0915435407489,153
"12410",159,7,10.4565612389779,152
"12411",159,8,12.3102094266635,151
"12412",159,9,15.0499014223636,150
"12413",159,10,12.3016977693927,149
"12414",159,11,10.1439182540609,148
"12415",159,12,12.4054321474595,147
"12416",159,13,13.3967859219946,146
"12417",159,14,10.274996019398,145
"12418",159,15,9.61838635527001,144
"12419",159,16,10.3624076540529,143
"12420",159,17,11.0944163099972,142
"12421",159,18,10.5348043242237,141
"12422",159,19,9.35460196158254,140
"12423",159,20,9.72243616513933,139
"12424",159,21,14.0423741472944,138
"12425",159,22,13.4681231145623,137
"12426",159,23,13.8419134643691,136
"12427",159,24,11.9834679134245,135
"12428",159,25,8.88138806554281,134
"12429",159,26,12.963749399708,133
"12430",159,27,9.75771782538512,132
"12431",159,28,10.2799379082876,131
"12432",159,29,9.46418222586801,130
"12433",159,30,9.96504389654131,129
"12434",159,31,10.3918269460104,128
"12435",159,32,11.2377543625708,127
"12436",159,33,11.0911276057158,126
"12437",159,34,12.8338724457193,125
"12438",159,35,9.22575547135,124
"12439",159,36,10.9840658779153,123
"12440",159,37,8.1663836771339,122
"12441",159,38,9.49759035870005,121
"12442",159,39,12.8940936167074,120
"12443",159,40,11.8915299238535,119
"12444",159,41,12.6142540146097,118
"12445",159,42,10.2746631239691,117
"12446",159,43,10.1728937218734,116
"12447",159,44,9.88453080863072,115
"12448",159,45,11.1559422673588,114
"12449",159,46,12.4837093033426,113
"12450",159,47,10.1348841687847,112
"12451",159,48,7.30652288075927,111
"12452",159,49,6.20037055036397,110
"12453",159,50,13.7074302581672,109
"12454",159,51,10.5593968128374,108
"12455",159,52,10.214368002866,107
"12456",159,53,10.6807218407956,106
"12457",159,54,10.4502919284488,105
"12458",159,55,9.76903770527975,104
"12459",159,56,10.0288251451103,103
"12460",159,57,9.1215719759648,102
"12461",159,58,7.22391289913363,101
"12462",159,59,9.51091845269339,100
"12463",159,60,9.85485072358389,99
"12464",159,61,10.6194567576261,98
"12465",159,62,12.5655114274669,97
"12466",159,63,9.32342917572661,96
"12467",159,64,8.81205839278851,95
"12468",159,65,11.2931480742276,94
"12469",159,66,11.8216334927139,93
"12470",159,67,9.11283364013807,92
"12471",159,68,9.94483303169913,91
"12472",159,69,11.8787236292045,90
"12473",159,70,8.93866321939493,89
"12474",159,71,8.4114793073494,88
"12475",159,72,8.54569060040115,87
"12476",159,73,7.86625590054983,86
"12477",159,74,8.11256480547656,85
"12478",159,75,8.30351492763138,84
"12479",159,76,6.70690398834272,83
"12480",159,77,5.43490270841657,82
"12481",159,78,9.27523185183338,81
"12482",159,79,9.05406008230383,80
"12483",159,80,8.39398211989099,79
"12484",159,81,6.26661865374191,78
"12485",159,82,9.64753052691244,77
"12486",159,83,10.7370336931063,76
"12487",159,84,10.4442051440634,75
"12488",159,85,10.8246106696351,74
"12489",159,86,9.95386207661325,73
"12490",159,87,11.477266386556,72
"12491",159,88,10.9611746994931,71
"12492",159,89,8.27371025107043,70
"12493",159,90,11.388966419362,69
"12494",159,91,9.90287839787339,68
"12495",159,92,8.31188073036791,67
"12496",159,93,7.73824858586725,66
"12497",159,94,7.82743869865944,65
"12498",159,95,9.24677301420781,64
"12499",159,96,8.69428495732633,63
"12500",159,97,5.67703777338961,62
"12501",159,98,9.76987401802217,61
"12502",159,99,8.62002381577632,60
"12503",159,100,7.05236601142377,59
"12504",159,101,5.95805668192794,58
"12505",159,102,6.74461656471611,57
"12506",159,103,8.31326956522225,56
"12507",159,104,5.58920064712862,55
"12508",159,105,6.56590345124808,54
"12509",159,106,9.80539180063625,53
"12510",159,107,8.12916119928535,52
"12511",159,108,4.86549992161278,51
"12512",159,109,4.79858952717765,50
"12513",159,110,4.31451025879572,49
"12514",159,111,8.75397034564685,48
"12515",159,112,9.00045743872311,47
"12516",159,113,7.93327542585801,46
"12517",159,114,5.10762464242082,45
"12518",159,115,4.38493532867876,44
"12519",159,116,5.55358677706186,43
"12520",159,117,6.41847991306204,42
"12521",159,118,5.55963915010955,41
"12522",159,119,6.53560939045423,40
"12523",159,120,6.75402380203083,39
"12524",159,121,6.2962224342113,38
"12525",159,122,4.78712871732689,37
"12526",159,123,5.76144471383604,36
"12527",159,124,9.00525879030175,35
"12528",159,125,8.32901258765111,34
"12529",159,126,5.90315639186025,33
"12530",159,127,4.6650061656734,32
"12531",159,128,4.57516481848096,31
"12532",159,129,4.32357149549342,30
"12533",159,130,4.80334871493045,29
"12534",159,131,3.81703665049697,28
"12535",159,132,5.15385440481661,27
"12536",159,133,6.31970744352513,26
"12537",159,134,6.07126456797562,25
"12538",159,135,5.2561138099306,24
"12539",159,136,4.38518086467726,23
"12540",159,137,6.63266300248914,22
"12541",159,138,6.06377555861486,21
"12542",159,139,5.61462168538999,20
"12543",159,140,4.33143386983559,19
"12544",159,141,3.00064000845581,18
"12545",159,142,3.71741759850247,17
"12546",159,143,4.95924371460074,16
"12547",159,144,3.88838835202195,15
"12548",159,145,2.71055582082213,14
"12549",159,146,2.47949420510011,13
"12550",159,147,3.16768545855026,12
"12551",159,148,3.97744474407148,11
"12552",159,149,4.31047419252403,10
"12553",159,150,1.49408950573233,9
"12554",159,151,0.463223322145218,8
"12555",159,152,1.39588604424092,7
"12556",159,153,5.63450911062724,6
"12557",159,154,5.80401094691472,5
"12558",159,155,3.64857665619368,4
"12559",159,156,2.19188246523668,3
"12560",159,157,2.21572067283661,2
"12561",159,158,2.09306280184304,1
"12562",160,1,8.73415856803749,159
"12563",160,2,9.31770258754061,158
"12564",160,3,12.2569502326614,157
"12565",160,4,9.97611713819936,156
"12566",160,5,10.7520634241086,155
"12567",160,6,10.4385089103499,154
"12568",160,7,10.4636649443822,153
"12569",160,8,12.3173131320678,152
"12570",160,9,15.0570051277679,151
"12571",160,10,12.308801474797,150
"12572",160,11,11.2136019255124,149
"12573",160,12,12.8322099670472,148
"12574",160,13,13.4038896273989,147
"12575",160,14,10.621961388999,146
"12576",160,15,9.62549006067432,145
"12577",160,16,10.3695113594572,144
"12578",160,17,11.1015200154015,143
"12579",160,18,11.3454689805159,142
"12580",160,19,10.0844239688373,141
"12581",160,20,9.72953987054364,140
"12582",160,21,14.0494778526987,139
"12583",160,22,13.4752268199666,138
"12584",160,23,13.8490171697734,137
"12585",160,24,11.9905716188288,136
"12586",160,25,9.88214794136109,135
"12587",160,26,13.6935714069628,134
"12588",160,27,10.8274014968366,133
"12589",160,28,11.3496215797391,132
"12590",160,29,10.3115226013182,131
"12591",160,30,11.0347275679928,130
"12592",160,31,10.8751448671661,129
"12593",160,32,12.3074380340223,128
"12594",160,33,11.8209496129706,127
"12595",160,34,12.8409761511236,126
"12596",160,35,9.7997417862244,125
"12597",160,36,11.7138878851701,124
"12598",160,37,8.38373549456194,123
"12599",160,38,10.5672740301515,122
"12600",160,39,12.9011973221117,121
"12601",160,40,11.8986336292578,120
"12602",160,41,12.621357720014,119
"12603",160,42,10.6216284935701,118
"12604",160,43,10.1799974272777,117
"12605",160,44,9.89163451403503,116
"12606",160,45,11.1630459727631,115
"12607",160,46,12.4908130087469,114
"12608",160,47,10.141987874189,113
"12609",160,48,7.31362658616358,112
"12610",160,49,6.20747425576828,111
"12611",160,50,13.7145339635715,110
"12612",160,51,10.5665005182418,109
"12613",160,52,10.7144933263903,108
"12614",160,53,10.8148222784972,107
"12615",160,54,10.7972572980499,106
"12616",160,55,10.4988597125345,105
"12617",160,56,10.7586471523651,104
"12618",160,57,9.12867568136911,103
"12619",160,58,8.29359657058512,102
"12620",160,59,10.2407404599482,101
"12621",160,60,9.8619544289882,100
"12622",160,61,10.6265604630305,99
"12623",160,62,12.5726151328712,98
"12624",160,63,9.89639105815557,97
"12625",160,64,9.54188040004328,96
"12626",160,65,12.0229700814823,95
"12627",160,66,11.8287371981183,94
"12628",160,67,9.4597990097391,93
"12629",160,68,10.6746550389539,92
"12630",160,69,11.8858273346088,91
"12631",160,70,9.6684852266497,90
"12632",160,71,8.77153846249463,89
"12633",160,72,8.55279430580546,88
"12634",160,73,8.21038605498192,87
"12635",160,74,8.84238681273133,86
"12636",160,75,9.03333693488616,85
"12637",160,76,7.17902145655998,84
"12638",160,77,5.44200641382088,83
"12639",160,78,9.28233555723769,82
"12640",160,79,9.06116378770814,81
"12641",160,80,9.12380412714576,80
"12642",160,81,6.99644066099668,79
"12643",160,82,10.3773525341672,78
"12644",160,83,11.4668557003611,77
"12645",160,84,10.4513088494678,76
"12646",160,85,10.8317143750394,75
"12647",160,86,9.96096578201756,74
"12648",160,87,11.4843700919603,73
"12649",160,88,10.9682784048974,72
"12650",160,89,9.0035322583252,71
"12651",160,90,12.1187884266168,70
"12652",160,91,10.6327004051282,69
"12653",160,92,9.04170273762268,68
"12654",160,93,7.74535229127156,67
"12655",160,94,7.83454240406375,66
"12656",160,95,9.97659502146258,65
"12657",160,96,8.70138866273064,64
"12658",160,97,6.14915524160688,63
"12659",160,98,10.4996960252769,62
"12660",160,99,9.68970748722781,61
"12661",160,100,7.86323875690271,60
"12662",160,101,6.68787868918271,59
"12663",160,102,7.47443857197088,58
"12664",160,103,9.04309157247702,57
"12665",160,104,5.93616601672965,56
"12666",160,105,7.29572545850285,55
"12667",160,106,10.535213807891,54
"12668",160,107,8.13626490468966,53
"12669",160,108,4.87260362701709,52
"12670",160,109,5.52841153443242,51
"12671",160,110,4.93789434833053,50
"12672",160,111,8.76107405105116,49
"12673",160,112,9.73027944597788,48
"12674",160,113,8.66309743311279,47
"12675",160,114,5.8374466496756,46
"12676",160,115,5.11475733593353,45
"12677",160,116,6.28340878431663,44
"12678",160,117,7.14830192031681,43
"12679",160,118,6.28946115736432,42
"12680",160,119,6.54271309585854,41
"12681",160,120,6.76112750743514,40
"12682",160,121,7.3659061056628,39
"12683",160,122,5.51695072458167,38
"12684",160,123,6.49126672109082,37
"12685",160,124,9.73508079755653,36
"12686",160,125,8.33611629305542,35
"12687",160,126,6.20159288696119,34
"12688",160,127,4.67210987107771,33
"12689",160,128,5.64484848993246,32
"12690",160,129,4.60520058822574,31
"12691",160,130,5.15031408453148,30
"12692",160,131,4.88672032194847,29
"12693",160,132,5.88367641207138,28
"12694",160,133,7.0495294507799,27
"12695",160,134,7.14094823942712,26
"12696",160,135,5.98593581718537,25
"12697",160,136,5.45486453612876,24
"12698",160,137,7.36248500974391,23
"12699",160,138,6.79359756586963,22
"12700",160,139,6.68430535684148,21
"12701",160,140,5.40111754128708,20
"12702",160,141,4.07032367990731,19
"12703",160,142,4.49601050889278,18
"12704",160,143,5.68906572185552,17
"12705",160,144,4.61821035927672,16
"12706",160,145,3.4403778280769,15
"12707",160,146,3.20931621235488,14
"12708",160,147,3.89750746580504,13
"12709",160,148,4.70726675132626,12
"12710",160,149,5.0402961997788,11
"12711",160,150,2.56377317718383,10
"12712",160,151,1.53290699359671,9
"12713",160,152,2.12570805149569,8
"12714",160,153,5.64161281603154,7
"12715",160,154,5.81111465231903,6
"12716",160,155,3.99554202579471,5
"12717",160,156,3.21279523355265,4
"12718",160,157,2.9884780510832,3
"12719",160,158,2.49795066058584,2
"12720",160,159,1.0696836714515,1
"12721",161,1,7.64436361968882,160
"12722",161,2,8.22790763919194,159
"12723",161,3,11.6601769024327,158
"12724",161,4,9.08216204224979,157
"12725",161,5,10.1552900938799,156
"12726",161,6,9.59907757726718,155
"12727",161,7,9.86689161415355,154
"12728",161,8,11.7205398018392,153
"12729",161,9,14.4602317975392,152
"12730",161,10,11.7120281445683,151
"12731",161,11,9.88114897430964,150
"12732",161,12,11.8157625226352,149
"12733",161,13,12.8071162971702,148
"12734",161,14,9.78253005591626,147
"12735",161,15,9.02871673044567,146
"12736",161,16,9.77273802922852,145
"12737",161,17,10.5047466851729,144
"12738",161,18,10.1748313831298,143
"12739",161,19,8.99462902048865,142
"12740",161,20,9.13276654031499,141
"12741",161,21,13.4527045224701,140
"12742",161,22,12.8784534897379,139
"12743",161,23,13.2522438395447,138
"12744",161,24,11.3937982886001,137
"12745",161,25,8.54969499015835,136
"12746",161,26,12.6037764586141,135
"12747",161,27,9.49494854563387,134
"12748",161,28,10.0171686285364,133
"12749",161,29,9.10420928477411,132
"12750",161,30,9.70227461679007,131
"12751",161,31,9.80215732118608,130
"12752",161,32,10.9749850828195,129
"12753",161,33,10.7311546646219,128
"12754",161,34,12.244202820895,127
"12755",161,35,8.73328950786831,126
"12756",161,36,10.6240929368214,125
"12757",161,37,7.57671405230955,124
"12758",161,38,9.23482107894881,123
"12759",161,39,12.304423991883,122
"12760",161,40,11.3018602990291,121
"12761",161,41,12.0245843897853,120
"12762",161,42,9.7821971604874,119
"12763",161,43,9.58322409704907,118
"12764",161,44,9.29486118380637,117
"12765",161,45,10.5662726425345,116
"12766",161,46,11.8940396785182,115
"12767",161,47,9.54521454396033,114
"12768",161,48,6.71685325593492,113
"12769",161,49,5.61070092553963,112
"12770",161,50,13.1177606333428,111
"12771",161,51,9.9697271880131,110
"12772",161,52,9.62469837804167,109
"12773",161,53,10.0910522159713,108
"12774",161,54,9.95782596496715,107
"12775",161,55,9.40906476418585,106
"12776",161,56,9.6688522040164,105
"12777",161,57,8.53190235114046,104
"12778",161,58,6.96114361938239,103
"12779",161,59,9.15094551159949,102
"12780",161,60,9.26518109875954,101
"12781",161,61,10.0297871328018,100
"12782",161,62,11.9758418026425,99
"12783",161,63,8.8065961098069,98
"12784",161,64,8.45208545169461,97
"12785",161,65,10.9331751331337,96
"12786",161,66,11.2319638678896,95
"12787",161,67,8.62036767665638,94
"12788",161,68,9.58486009060523,93
"12789",161,69,11.2890540043802,92
"12790",161,70,8.57869027830103,91
"12791",161,71,7.82180968252505,90
"12792",161,72,7.9560209755768,89
"12793",161,73,7.3709547218992,88
"12794",161,74,7.75259186438266,87
"12795",161,75,7.94354198653749,86
"12796",161,76,6.11723436351837,85
"12797",161,77,4.84523308359223,84
"12798",161,78,8.68556222700903,83
"12799",161,79,8.46439045747948,82
"12800",161,80,8.03400917879709,81
"12801",161,81,5.90664571264801,80
"12802",161,82,9.28755758581854,79
"12803",161,83,10.3770607520125,78
"12804",161,84,9.8545355192391,77
"12805",161,85,10.2349410448108,76
"12806",161,86,9.36419245178891,75
"12807",161,87,10.8875967617316,74
"12808",161,88,10.3715050746688,73
"12809",161,89,7.91373730997653,72
"12810",161,90,11.0289934782681,71
"12811",161,91,9.54290545677949,70
"12812",161,92,7.95190778927401,69
"12813",161,93,7.14857896104291,68
"12814",161,94,7.2377690738351,67
"12815",161,95,8.88680007311391,66
"12816",161,96,8.10461533250198,65
"12817",161,97,5.08736814856527,64
"12818",161,98,9.40990107692827,63
"12819",161,99,8.35725453602507,62
"12820",161,100,6.69239307032987,61
"12821",161,101,5.59808374083404,60
"12822",161,102,6.38464362362221,59
"12823",161,103,7.95329662412835,58
"12824",161,104,5.09673468364693,57
"12825",161,105,6.20593051015418,56
"12826",161,106,9.44541885954235,55
"12827",161,107,7.539491574461,54
"12828",161,108,4.27583029678844,53
"12829",161,109,4.43861658608375,52
"12830",161,110,3.84809939998186,51
"12831",161,111,8.16430072082251,50
"12832",161,112,8.64048449762921,49
"12833",161,113,7.57330248476412,48
"12834",161,114,4.74765170132693,47
"12835",161,115,4.02496238758486,46
"12836",161,116,5.19361383596796,45
"12837",161,117,6.05850697196814,44
"12838",161,118,5.19966620901565,43
"12839",161,119,5.94593976562988,42
"12840",161,120,6.16435417720649,41
"12841",161,121,6.03345315446006,40
"12842",161,122,4.42715577623299,39
"12843",161,123,5.40147177274215,38
"12844",161,124,8.64528584920785,37
"12845",161,125,7.73934296282676,36
"12846",161,126,5.31348676703591,35
"12847",161,127,4.07533654084905,34
"12848",161,128,4.31239553872972,33
"12849",161,129,3.73390187066907,32
"12850",161,130,4.31088275144876,31
"12851",161,131,3.55426737074573,30
"12852",161,132,4.79388146372271,29
"12853",161,133,5.95973450243123,28
"12854",161,134,5.80849528822438,27
"12855",161,135,4.8961408688367,26
"12856",161,136,4.12241158492602,25
"12857",161,137,6.27269006139524,24
"12858",161,138,5.70380261752096,23
"12859",161,139,5.35185240563874,22
"12860",161,140,4.06866459008435,21
"12861",161,141,2.73787072870457,20
"12862",161,142,3.35744465740857,19
"12863",161,143,4.59927077350684,18
"12864",161,144,3.52841541092805,17
"12865",161,145,2.35058287972823,16
"12866",161,146,2.11952126400621,15
"12867",161,147,2.80771251745637,14
"12868",161,148,3.61747180297759,13
"12869",161,149,3.95050125143013,12
"12870",161,150,1.23132022598109,11
"12871",161,151,0.985513776457398,10
"12872",161,152,1.66403907297957,9
"12873",161,153,5.04483948580289,8
"12874",161,154,5.21434132209038,7
"12875",161,155,3.15611069271199,6
"12876",161,156,1.88034228234991,5
"12877",161,157,1.72325470935492,4
"12878",161,158,1.50339317701869,3
"12879",161,159,0.589669624824345,2
"12880",161,160,1.33245295120274,1
"12881",162,1,6.67635887660715,161
"12882",162,2,7.25990289611027,160
"12883",162,3,11.3588613046655,159
"12884",162,4,8.78084644448257,158
"12885",162,5,9.85397449611271,157
"12886",162,6,9.66961735615359,156
"12887",162,7,9.56557601638633,155
"12888",162,8,11.419224204072,154
"12889",162,9,14.158916199772,153
"12890",162,10,11.4107125468011,152
"12891",162,11,9.2849996078816,151
"12892",162,12,11.514446924868,150
"12893",162,13,12.505800699403,149
"12894",162,14,9.85306983480267,148
"12895",162,15,8.72740113267844,147
"12896",162,16,9.47142243146129,146
"12897",162,17,10.2034310874057,145
"12898",162,18,9.41686666288513,144
"12899",162,19,8.02662427740697,143
"12900",162,20,8.83145094254777,142
"12901",162,21,13.1513889247028,141
"12902",162,22,12.5771378919707,140
"12903",162,23,12.9509282417775,139
"12904",162,24,11.0924826908329,138
"12905",162,25,8.45946188094753,137
"12906",162,26,11.6357717155325,136
"12907",162,27,8.89879917920584,135
"12908",162,28,9.42101926210836,134
"12909",162,29,8.42116048555646,133
"12910",162,30,9.10612525036203,132
"12911",162,31,9.50084172341885,131
"12912",162,32,10.3788357163915,130
"12913",162,33,9.76314992154025,129
"12914",162,34,11.9428872231277,128
"12915",162,35,8.80382928675472,127
"12916",162,36,9.65608819373974,126
"12917",162,37,7.61484394036563,125
"12918",162,38,8.63867171252077,124
"12919",162,39,12.0031083941158,123
"12920",162,40,11.0005447012619,122
"12921",162,41,11.7232687920181,121
"12922",162,42,9.85273693937381,120
"12923",162,43,9.28190849928184,119
"12924",162,44,8.99354558603915,118
"12925",162,45,10.2649570447672,117
"12926",162,46,11.592724080751,116
"12927",162,47,9.2438989461931,115
"12928",162,48,6.4155376581677,114
"12929",162,49,5.30938532777241,113
"12930",162,50,12.8164450355756,112
"12931",162,51,9.66841159024588,111
"12932",162,52,9.32338278027445,110
"12933",162,53,9.78973661820405,109
"12934",162,54,10.0283657438536,108
"12935",162,55,8.44106002110418,107
"12936",162,56,8.70084746093474,106
"12937",162,57,8.23058675337324,105
"12938",162,58,6.36499425295435,104
"12939",162,59,8.18294076851782,103
"12940",162,60,8.96386550099232,102
"12941",162,61,9.72847153503458,101
"12942",162,62,11.6745262048753,100
"12943",162,63,8.43244395313505,99
"12944",162,64,7.48408070861294,98
"12945",162,65,9.96517039005199,97
"12946",162,66,10.9306482701224,96
"12947",162,67,8.69090745554279,95
"12948",162,68,8.61685534752356,94
"12949",162,69,10.9877384066129,93
"12950",162,70,7.67815717128793,92
"12951",162,71,7.52049408475783,91
"12952",162,72,7.65470537780958,90
"12953",162,73,7.44149450078561,89
"12954",162,74,6.78458712130099,88
"12955",162,75,6.97553724345582,87
"12956",162,76,5.81591876575115,86
"12957",162,77,4.54391748582501,85
"12958",162,78,8.38424662924181,84
"12959",162,79,8.16307485971226,83
"12960",162,80,7.06600443571542,82
"12961",162,81,5.34201862641311,81
"12962",162,82,8.31955284273687,80
"12963",162,83,9.40905600893078,79
"12964",162,84,9.55321992147188,78
"12965",162,85,9.93362544704356,77
"12966",162,86,9.06287685402169,76
"12967",162,87,10.5862811639644,75
"12968",162,88,10.0701894769015,74
"12969",162,89,7.05217048461483,73
"12970",162,90,10.0609887351865,72
"12971",162,91,8.57490071369782,71
"12972",162,92,6.99510349913079,70
"12973",162,93,6.84726336327568,69
"12974",162,94,6.93645347606788,68
"12975",162,95,8.08686935371839,67
"12976",162,96,7.80329973473476,66
"12977",162,97,4.78605255079805,65
"12978",162,98,8.4418963338466,64
"12979",162,99,7.76110516959704,63
"12980",162,100,5.93463643927194,62
"12981",162,101,4.63007899775237,61
"12982",162,102,5.41663888054054,60
"12983",162,103,6.98529188104668,59
"12984",162,104,5.16727446253334,58
"12985",162,105,5.23792576707251,57
"12986",162,106,8.47741411646068,56
"12987",162,107,7.23817597669378,55
"12988",162,108,3.97451469902121,54
"12989",162,109,3.47061184300208,53
"12990",162,110,3.42352503620416,52
"12991",162,111,7.86298512305529,51
"12992",162,112,7.67247975454754,50
"12993",162,113,6.60529774168244,49
"12994",162,114,3.77964695824526,48
"12995",162,115,3.05695764450319,47
"12996",162,116,4.22560909288629,46
"12997",162,117,5.09050222888647,45
"12998",162,118,4.23166146593398,44
"12999",162,119,5.64462416786266,43
"13000",162,120,5.86303857943927,42
"13001",162,121,5.43730378803202,41
"13002",162,122,3.45915103315132,40
"13003",162,123,4.43346702966048,39
"13004",162,124,7.67728110612618,38
"13005",162,125,7.43802736505954,37
"13006",162,126,5.01217116926868,36
"13007",162,127,3.77402094308183,35
"13008",162,128,4.02437291844504,34
"13009",162,129,3.43258627290185,33
"13010",162,130,4.38142253033517,32
"13011",162,131,3.24943734809243,31
"13012",162,132,3.82587672064104,30
"13013",162,133,4.99172975934957,29
"13014",162,134,5.21234592179634,28
"13015",162,135,3.97680298429721,27
"13016",162,136,3.52626221849798,26
"13017",162,137,5.30468531831357,25
"13018",162,138,4.73579787443929,24
"13019",162,139,4.75570303921071,23
"13020",162,140,3.47251522365631,22
"13021",162,141,2.51707771789435,21
"13022",162,142,2.567408191262,20
"13023",162,143,3.63126603042518,19
"13024",162,144,2.56041066784638,18
"13025",162,145,1.39862701517169,17
"13026",162,146,1.15151652092454,16
"13027",162,147,1.85090822731314,15
"13028",162,148,2.64946705989592,14
"13029",162,149,2.98249650834846,13
"13030",162,150,0.635170859553052,12
"13031",162,151,1.52772651089351,11
"13032",162,152,1.59349929409316,10
"13033",162,153,4.74352388803567,9
"13034",162,154,4.91302572432316,8
"13035",162,155,3.2266504715984,7
"13036",162,156,1.31220077122893,6
"13037",162,157,1.79379448824133,5
"13038",162,158,1.20207757925147,4
"13039",162,159,1.32797768417557,3
"13040",162,160,2.05779969143034,2
"13041",162,161,0.968004743081669,1
"13042",163,1,5.39988197923121,162
"13043",163,2,6.59914733658073,161
"13044",163,3,11.2561652874616,160
"13045",163,4,8.76323289349535,159
"13046",163,5,9.75127847890878,158
"13047",163,6,9.79366051902029,157
"13048",163,7,9.4628799991824,156
"13049",163,8,11.316528186868,155
"13050",163,9,14.0562201825681,154
"13051",163,10,11.3080165295972,153
"13052",163,11,8.98171792700674,152
"13053",163,12,11.4117509076641,151
"13054",163,13,12.4031046821991,150
"13055",163,14,9.97711299766938,149
"13056",163,15,8.770471590766,148
"13057",163,16,9.36872641425737,147
"13058",163,17,10.1007350702017,146
"13059",163,18,8.28594815161396,145
"13060",163,19,6.75203549153182,144
"13061",163,20,8.72875492534384,143
"13062",163,21,13.0486929074989,142
"13063",163,22,12.4744418747668,141
"13064",163,23,12.8482322245736,140
"13065",163,24,11.1260070574801,139
"13066",163,25,8.58350504381423,138
"13067",163,26,10.2781140241906,137
"13068",163,27,8.58024293105837,136
"13069",163,28,8.29010075083719,135
"13070",163,29,8.54520364842316,134
"13071",163,30,8.32134510643107,133
"13072",163,31,9.39814570621493,132
"13073",163,32,9.2479172051203,131
"13074",163,33,8.40549223019845,130
"13075",163,34,11.8401912059238,129
"13076",163,35,8.92787244962143,128
"13077",163,36,8.36314623946524,127
"13078",163,37,7.73888710323233,126
"13079",163,38,7.63661891669025,125
"13080",163,39,11.9004123769119,124
"13081",163,40,10.897848684058,123
"13082",163,41,11.6205727748142,122
"13083",163,42,9.97678010224052,121
"13084",163,43,9.17921248207792,120
"13085",163,44,8.89084956883523,119
"13086",163,45,10.1622610275633,118
"13087",163,46,11.4900280635471,117
"13088",163,47,9.14120292898918,116
"13089",163,48,6.31284164096378,115
"13090",163,49,5.20668931056848,114
"13091",163,50,12.7137490183717,113
"13092",163,51,9.56571557304196,112
"13093",163,52,9.22068676307052,111
"13094",163,53,9.68704060100013,110
"13095",163,54,10.1524089067203,109
"13096",163,55,7.76277097942371,108
"13097",163,56,7.82378735588207,107
"13098",163,57,8.12789073616931,106
"13099",163,58,6.14728241901858,105
"13100",163,59,6.82528307717602,104
"13101",163,60,8.86116948378839,103
"13102",163,61,9.62577551783065,102
"13103",163,62,11.5718301876714,101
"13104",163,63,8.32974793593112,100
"13105",163,64,6.12642301727114,99
"13106",163,65,8.60751269871019,98
"13107",163,66,10.8279522529185,97
"13108",163,67,8.81495061840949,96
"13109",163,68,7.25919765618176,95
"13110",163,69,10.885042389409,94
"13111",163,70,7.57546115408401,93
"13112",163,71,7.41779806755391,92
"13113",163,72,7.55200936060566,91
"13114",163,73,7.56553766365231,90
"13115",163,74,6.66751741359142,89
"13116",163,75,5.61787955211401,88
"13117",163,76,5.71322274854723,87
"13118",163,77,4.44122146862108,86
"13119",163,78,8.28155061203789,85
"13120",163,79,8.06037884250834,84
"13121",163,80,5.84987851823926,83
"13122",163,81,5.23932260920918,82
"13123",163,82,6.96189515139506,81
"13124",163,83,8.05139831758898,80
"13125",163,84,9.45052390426795,79
"13126",163,85,9.83092942983963,78
"13127",163,86,8.96018083681776,77
"13128",163,87,10.4835851467605,76
"13129",163,88,9.96749345969761,75
"13130",163,89,6.9494744674109,74
"13131",163,90,8.70333104384467,73
"13132",163,91,8.04641268784834,72
"13133",163,92,6.89240748192687,71
"13134",163,93,6.74456734607176,70
"13135",163,94,6.83375745886395,69
"13136",163,95,7.98417333651447,68
"13137",163,96,7.70060371753084,67
"13138",163,97,4.7160005247595,66
"13139",163,98,7.0842386425048,65
"13140",163,99,6.63018665832586,64
"13141",163,100,4.80371792800076,63
"13142",163,101,3.68872049419833,62
"13143",163,102,4.17663300577905,61
"13144",163,103,5.62763418970488,60
"13145",163,104,5.29131762540004,59
"13146",163,105,4.91112656964642,58
"13147",163,106,7.11975642511887,57
"13148",163,107,7.13547995948986,56
"13149",163,108,3.87181868181729,55
"13150",163,109,3.36220759058538,54
"13151",163,110,3.32082901900023,53
"13152",163,111,7.76028910585136,52
"13153",163,112,6.5613395952267,51
"13154",163,113,5.24764005034064,50
"13155",163,114,2.42198926690345,49
"13156",163,115,1.69929995316139,48
"13157",163,116,3.12006243707372,47
"13158",163,117,3.73284453754467,46
"13159",163,118,3.50709156109129,45
"13160",163,119,5.54192815065874,44
"13161",163,120,5.76034256223534,43
"13162",163,121,4.30638527676085,42
"13163",163,122,2.34240392440031,41
"13164",163,123,3.75931933192363,40
"13165",163,124,6.46529653259364,39
"13166",163,125,7.33533134785561,38
"13167",163,126,4.90947515206476,37
"13168",163,127,3.75240167525041,36
"13169",163,128,4.14841608131174,35
"13170",163,129,3.32989025569792,34
"13171",163,130,4.50546569320188,33
"13172",163,131,3.37348051095914,32
"13173",163,132,2.47382597872941,31
"13174",163,133,3.63407206800776,30
"13175",163,134,4.08142741052517,29
"13176",163,135,2.84588447302603,28
"13177",163,136,2.39534370722681,27
"13178",163,137,3.94702762697177,26
"13179",163,138,3.37814018309749,25
"13180",163,139,3.62478452793953,24
"13181",163,140,2.72257346335501,23
"13182",163,141,2.64112088076105,22
"13183",163,142,1.43648967999083,21
"13184",163,143,2.27360833908337,20
"13185",163,144,1.29800388720799,19
"13186",163,145,0.962418950443919,18
"13187",163,146,1.14449334674489,17
"13188",163,147,1.74821221010922,16
"13189",163,148,1.53832690057507,15
"13190",163,149,1.62483881700666,14
"13191",163,150,1.33700021129645,13
"13192",163,151,2.88538420223532,12
"13193",163,152,2.42188456272926,11
"13194",163,153,4.66275453127794,10
"13195",163,154,4.81032970711923,9
"13196",163,155,3.35069363446511,8
"13197",163,156,1.43624393409564,7
"13198",163,157,1.91783765110803,6
"13199",163,158,1.54804296907079,5
"13200",163,159,2.68563537551737,4
"13201",163,160,3.41545738277214,3
"13202",163,161,2.32566243442347,2
"13203",163,162,1.3576576913418,1
"13204",164,1,8.2065635342408,163
"13205",164,2,6.49870746312078,162
"13206",164,3,8.45230093261119,161
"13207",164,4,9.45242377665351,160
"13208",164,5,8.54473273240499,159
"13209",164,6,9.51240543533649,158
"13210",164,7,8.78436393934439,157
"13211",164,8,8.58623192165307,156
"13212",164,9,9.76865391531563,155
"13213",164,10,9.15552335145081,154
"13214",164,11,10.96076265162,153
"13215",164,12,8.55430155459237,152
"13216",164,13,8.22868691022106,151
"13217",164,14,9.95892737585914,150
"13218",164,15,8.22687312499095,149
"13219",164,16,8.12230557734997,148
"13220",164,17,9.28612661093272,147
"13221",164,18,11.0926297066235,146
"13222",164,19,8.31164925290674,145
"13223",164,20,7.87626388209768,144
"13224",164,21,8.76112664024647,143
"13225",164,22,11.6562425729635,142
"13226",164,23,10.0888209222345,141
"13227",164,24,10.526379435169,140
"13228",164,25,9.62930866746873,139
"13229",164,26,9.69598514015679,138
"13230",164,27,10.5745622229442,137
"13231",164,28,11.0967823058468,136
"13232",164,29,10.0586833274258,135
"13233",164,30,10.7818882941004,134
"13234",164,31,9.65185565989588,133
"13235",164,32,12.0545987601299,132
"13236",164,33,8.59178469039386,131
"13237",164,34,8.27048061052974,130
"13238",164,35,9.54690251233203,129
"13239",164,36,11.1698277944748,128
"13240",164,37,8.13089622066958,127
"13241",164,38,10.3144347562592,126
"13242",164,39,8.19551168905273,125
"13243",164,40,9.64355650530393,124
"13244",164,41,9.50272644625526,123
"13245",164,42,9.53555888577318,122
"13246",164,43,8.21104374711298,121
"13247",164,44,5.75992103477089,120
"13248",164,45,5.87469476031088,119
"13249",164,46,7.56599360547979,118
"13250",164,47,6.24676775562258,117
"13251",164,48,4.12257641000308,116
"13252",164,49,2.26756345404491,115
"13253",164,50,8.42618275111925,114
"13254",164,51,7.41405475164242,113
"13255",164,52,6.41777885368641,112
"13256",164,53,9.37067241068091,111
"13257",164,54,9.5527812844092,110
"13258",164,55,7.62896077081537,109
"13259",164,56,6.46193267966115,108
"13260",164,57,7.5125682368623,107
"13261",164,58,8.04075729669276,106
"13262",164,59,6.35146461482555,105
"13263",164,60,7.43008840780297,104
"13264",164,61,5.33820925057822,103
"13265",164,62,9.354647283606,102
"13266",164,63,8.25291776061792,101
"13267",164,64,6.63621612935807,100
"13268",164,65,7.7262556087784,99
"13269",164,66,7.30305212146621,98
"13270",164,67,8.21532299609843,97
"13271",164,68,8.59409040472853,96
"13272",164,69,7.72825877389576,95
"13273",164,70,7.25445767071899,94
"13274",164,71,6.67471686055741,93
"13275",164,72,4.60936025906601,92
"13276",164,73,6.99783065991972,91
"13277",164,74,7.69408774612227,90
"13278",164,75,7.39582019031812,89
"13279",164,76,5.37342067142565,88
"13280",164,77,2.49904426217596,87
"13281",164,78,3.99398434478545,86
"13282",164,79,6.31225497643927,85
"13283",164,80,5.25801634897322,84
"13284",164,81,4.77021359607318,83
"13285",164,82,7.92974458573091,82
"13286",164,83,8.77146555284798,81
"13287",164,84,7.10964653123984,80
"13288",164,85,8.03468493934351,79
"13289",164,86,7.82126407599524,78
"13290",164,87,8.61885330268791,77
"13291",164,88,7.71800470939528,76
"13292",164,89,8.15230651689529,75
"13293",164,90,10.1033557078322,74
"13294",164,91,7.54919791324954,73
"13295",164,92,7.55949855978652,72
"13296",164,93,5.65993585183263,71
"13297",164,94,2.54619119161152,70
"13298",164,95,5.67988054875865,69
"13299",164,96,4.51297088008759,68
"13300",164,97,5.57302340500971,67
"13301",164,98,8.24116311411647,66
"13302",164,99,9.43686821333545,65
"13303",164,100,7.61039948301035,64
"13304",164,101,2.39116421647878,63
"13305",164,102,3.97030980030311,62
"13306",164,103,6.17004528180885,61
"13307",164,104,5.30797038721947,60
"13308",164,105,5.05324142586751,59
"13309",164,106,6.23849933518709,58
"13310",164,107,2.89613836125783,57
"13311",164,108,3.91647929894378,56
"13312",164,109,5.06519409277463,55
"13313",164,110,2.29093695902451,54
"13314",164,111,3.47272283859893,53
"13315",164,112,7.66607582405771,52
"13316",164,113,6.30746490520301,51
"13317",164,114,4.48454389023235,50
"13318",164,115,3.93982285342539,49
"13319",164,116,1.9866943116127,48
"13320",164,117,2.85158744761288,47
"13321",164,118,1.99274668466039,46
"13322",164,119,2.95255172501134,45
"13323",164,120,3.41836156108294,44
"13324",164,121,7.11306683177044,43
"13325",164,122,4.39089118980241,42
"13326",164,123,2.19455224838689,41
"13327",164,124,5.4383663248526,40
"13328",164,125,3.30678409576244,39
"13329",164,126,3.91044199578368,38
"13330",164,127,3.78025489000829,37
"13331",164,128,5.3920092160401,36
"13332",164,129,3.67302815316502,35
"13333",164,130,3.90583807089081,34
"13334",164,131,4.63388104805611,33
"13335",164,132,4.59600961266223,32
"13336",164,133,6.02046548815659,31
"13337",164,134,6.88810896553476,30
"13338",164,135,5.65256602803562,29
"13339",164,136,5.2020252622364,28
"13340",164,137,3.79397864593723,27
"13341",164,138,5.19834893735239,26
"13342",164,139,6.43146608294912,25
"13343",164,140,5.14827826739472,24
"13344",164,141,3.81748440601495,23
"13345",164,142,4.24317123500041,22
"13346",164,143,3.25235644457324,21
"13347",164,144,2.98956238004444,20
"13348",164,145,3.56793537540428,19
"13349",164,146,3.54688595559706,18
"13350",164,147,2.53935405714322,17
"13351",164,148,2.74923936667737,16
"13352",164,149,3.61514243582668,15
"13353",164,150,4.77858941068794,14
"13354",164,151,5.67709165868098,13
"13355",164,152,4.62488716702609,12
"13356",164,153,2.19585660702006,11
"13357",164,154,1.88129970646182,10
"13358",164,155,2.75106601215404,9
"13359",164,156,3.49834964808818,8
"13360",164,157,3.45363917857679,7
"13361",164,158,3.18818470520489,6
"13362",164,159,5.28124750704793,5
"13363",164,160,5.28835121245224,4
"13364",164,161,4.69157788222358,3
"13365",164,162,4.39026228445636,2
"13366",164,163,4.28756626725244,1
"13367",165,1,7.4738477658692,164
"13368",165,2,5.76599169474918,163
"13369",165,3,7.88765918792575,162
"13370",165,4,8.71970800828191,161
"13371",165,5,7.98009098771955,160
"13372",165,6,8.77968966696489,159
"13373",165,7,8.16441911790525,158
"13374",165,8,7.85351615328148,157
"13375",165,9,10.1421562577711,156
"13376",165,10,8.59088160676537,155
"13377",165,11,10.2280468832484,154
"13378",165,12,8.74092381311263,153
"13379",165,13,8.48904075740209,152
"13380",165,14,9.22621160748755,151
"13381",165,15,7.60620222376949,150
"13382",165,16,7.55766383266453,149
"13383",165,17,8.55341084256113,148
"13384",165,18,10.359913938252,147
"13385",165,19,7.57893348453514,146
"13386",165,20,7.14354811372609,145
"13387",165,21,9.13462898270195,144
"13388",165,22,11.0916008282781,143
"13389",165,23,9.52417917754904,142
"13390",165,24,9.96173769048356,141
"13391",165,25,8.89659289909713,140
"13392",165,26,9.60228525302818,139
"13393",165,27,9.84184645457266,138
"13394",165,28,10.3640665374752,137
"13395",165,29,9.3259675590542,136
"13396",165,30,10.0491725257288,135
"13397",165,31,8.91913989152428,134
"13398",165,32,11.3218829917583,133
"13399",165,33,7.85906892202226,132
"13400",165,34,7.92612728112686,131
"13401",165,35,8.81418674396044,130
"13402",165,36,10.4371120261032,129
"13403",165,37,7.39818045229798,128
"13404",165,38,9.58171898788759,127
"13405",165,39,8.40094000782205,126
"13406",165,40,9.0762255762395,125
"13407",165,41,8.93808470156982,124
"13408",165,42,8.81251073524401,123
"13409",165,43,7.47832797874138,122
"13410",165,44,5.19527929008545,121
"13411",165,45,6.24819710276635,120
"13412",165,46,7.5759641387501,119
"13413",165,47,5.68212601093713,118
"13414",165,48,3.41786849693854,117
"13415",165,49,1.53484768567331,116
"13416",165,50,8.79968509357472,115
"13417",165,51,6.84941300695697,114
"13418",165,52,6.62320717245573,113
"13419",165,53,8.63795664230931,112
"13420",165,54,8.98813953972376,111
"13421",165,55,6.89624500244377,110
"13422",165,56,6.66736099843047,109
"13423",165,57,6.77985246849071,108
"13424",165,58,7.30804152832117,107
"13425",165,59,6.14945430601355,106
"13426",165,60,6.69737263943137,105
"13427",165,61,5.71171159303369,104
"13428",165,62,8.79000553892056,103
"13429",165,63,7.52020199224632,102
"13430",165,64,5.90350036098647,101
"13431",165,65,7.93168392754772,100
"13432",165,66,7.50848044023553,99
"13433",165,67,7.65068125141299,98
"13434",165,68,7.86137463635693,97
"13435",165,69,7.16361702921032,96
"13436",165,70,6.52174190234739,95
"13437",165,71,5.94200109218582,94
"13438",165,72,3.91100521765017,93
"13439",165,73,6.4012682966558,92
"13440",165,74,6.96137197775067,91
"13441",165,75,6.66310442194652,90
"13442",165,76,4.64070490305406,89
"13443",165,77,1.76632849380437,88
"13444",165,78,4.36748668724093,87
"13445",165,79,5.74761323175383,86
"13446",165,80,5.03251797321115,85
"13447",165,81,4.03749782770159,84
"13448",165,82,7.19702881735931,83
"13449",165,83,8.03874978447639,82
"13450",165,84,6.53939783712423,81
"13451",165,85,7.47004319465807,80
"13452",165,86,7.2566223313098,79
"13453",165,87,8.05421155800247,78
"13454",165,88,7.15336296470984,77
"13455",165,89,7.41959074852369,76
"13456",165,90,9.37063993946058,75
"13457",165,91,6.81648214487795,74
"13458",165,92,6.82678279141492,73
"13459",165,93,5.09529410714719,72
"13460",165,94,2.91969353406699,71
"13461",165,95,5.88530886752797,70
"13462",165,96,3.94832913540214,69
"13463",165,97,4.84030763663811,68
"13464",165,98,7.50844734574488,67
"13465",165,99,8.70415244496385,66
"13466",165,100,6.87768371463876,65
"13467",165,101,2.5965925352481,64
"13468",165,102,3.38315241803627,63
"13469",165,103,5.43732951343726,62
"13470",165,104,4.57525461884788,61
"13471",165,105,4.32052565749592,60
"13472",165,106,6.44392765395641,59
"13473",165,107,3.22141603469289,58
"13474",165,108,3.18376353057219,57
"13475",165,109,4.33247832440303,56
"13476",165,110,1.55822119065292,55
"13477",165,111,3.8462251810544,54
"13478",165,112,6.93336005568611,53
"13479",165,113,5.57474913683142,52
"13480",165,114,3.75182812186076,51
"13481",165,115,3.20710708505379,50
"13482",165,116,2.28228136223295,49
"13483",165,117,3.0570157663822,48
"13484",165,118,2.19817500342971,47
"13485",165,119,2.3879099803259,46
"13486",165,120,2.73606799981719,45
"13487",165,121,6.38035106339884,44
"13488",165,122,3.65817542143081,43
"13489",165,123,2.39998056715621,42
"13490",165,124,5.64379464362192,41
"13491",165,125,3.42126742305865,40
"13492",165,126,3.17772622741208,39
"13493",165,127,3.04753912163669,38
"13494",165,128,4.6592934476685,37
"13495",165,129,2.94031238479342,36
"13496",165,130,3.34119632620537,35
"13497",165,131,3.90116527968451,34
"13498",165,132,3.86329384429063,33
"13499",165,133,5.287749719785,32
"13500",165,134,6.15539319716316,31
"13501",165,135,4.91985025966402,30
"13502",165,136,4.4693094938648,29
"13503",165,137,3.2711988558093,28
"13504",165,138,4.46563316898079,27
"13505",165,139,5.69875031457752,26
"13506",165,140,4.41556249902313,25
"13507",165,141,3.08476863764335,24
"13508",165,142,3.51045546662882,23
"13509",165,143,2.51964067620164,22
"13510",165,144,2.61606003758897,21
"13511",165,145,3.1944330329488,20
"13512",165,146,3.17338361314159,19
"13513",165,147,2.16585171468774,18
"13514",165,148,2.37573702422189,17
"13515",165,149,3.24164009337121,16
"13516",165,150,4.40508706823247,15
"13517",165,151,5.30358931622551,14
"13518",165,152,4.25138482457061,13
"13519",165,153,2.58878874463995,12
"13520",165,154,1.31665796177638,11
"13521",165,155,2.29836750961698,10
"13522",165,156,3.12484730563271,9
"13523",165,157,3.08013683612132,8
"13524",165,158,2.81468236274942,7
"13525",165,159,4.90774516459245,6
"13526",165,160,4.91484886999676,5
"13527",165,161,4.31807553976811,4
"13528",165,162,4.01675994200089,3
"13529",165,163,3.91406392479696,2
"13530",165,164,0.732715768371595,1
"13531",166,1,6.32618092113793,165
"13532",166,2,6.71552570714244,164
"13533",166,3,8.35500986637155,163
"13534",166,4,7.57204116355064,162
"13535",166,5,6.85012305781876,161
"13536",166,6,7.63202282223362,160
"13537",166,7,6.92515440098943,159
"13538",166,8,9.27814379008567,158
"13539",166,9,11.155064761478,157
"13540",166,10,8.55812772982472,156
"13541",166,11,9.08038003851715,155
"13542",166,12,10.2300330866491,154
"13543",166,13,9.50194926110904,153
"13544",166,14,8.07854476275627,152
"13545",166,15,6.34649051188808,151
"13546",166,16,6.63003806742333,150
"13547",166,17,8.08476502521815,149
"13548",166,18,9.21224709352068,148
"13549",166,19,7.48224708843915,147
"13550",166,20,6.72398533329871,146
"13551",166,21,10.1475374864089,145
"13552",166,22,9.57328645367674,144
"13553",166,23,9.94707680348357,143
"13554",166,24,8.60775662019706,142
"13555",166,25,7.74892605436586,141
"13556",166,26,11.0913945265646,140
"13557",166,27,8.69417960984138,139
"13558",166,28,9.21639969274391,138
"13559",166,29,8.17830071432293,137
"13560",166,30,8.90150568099757,136
"13561",166,31,8.27296798676797,135
"13562",166,32,10.174216147027,134
"13563",166,33,9.21877273257243,133
"13564",166,34,8.9390357848338,132
"13565",166,35,7.66651989922916,131
"13566",166,36,9.28944518137196,130
"13567",166,37,6.25051360756671,129
"13568",166,38,8.43405214315632,128
"13569",166,39,9.89004928135849,127
"13570",166,40,8.30750919349027,126
"13571",166,41,8.71941735372414,125
"13572",166,42,7.65517627267031,124
"13573",166,43,7.25288639836759,123
"13574",166,44,5.9896941477452,122
"13575",166,45,7.26110560647329,121
"13576",166,46,8.58887264245704,120
"13577",166,47,6.24004750789916,119
"13578",166,48,3.8598791343962,118
"13579",166,49,2.91060037474861,117
"13580",166,50,9.81259359728166,116
"13581",166,51,6.66456015195194,115
"13582",166,52,8.11231644599218,114
"13583",166,53,8.21264539809902,113
"13584",166,54,7.36427192516298,112
"13585",166,55,7.89668283213636,111
"13586",166,56,8.15647027196691,110
"13587",166,57,6.11752764061591,109
"13588",166,58,6.16037468358989,108
"13589",166,59,7.63856357955,107
"13590",166,60,6.81158463406759,106
"13591",166,61,6.72462009674063,105
"13592",166,62,8.67067476658134,104
"13593",166,63,7.29421417775741,103
"13594",166,64,6.93970351964512,102
"13595",166,65,9.42079320108417,101
"13596",166,66,8.99758971377197,100
"13597",166,67,6.02681363685221,99
"13598",166,68,8.07247815855574,98
"13599",166,69,7.983886968319,97
"13600",166,70,7.06630834625154,96
"13601",166,71,6.16936158209647,95
"13602",166,72,5.40011449118661,94
"13603",166,73,5.11744804681685,93
"13604",166,74,6.24020993233317,92
"13605",166,75,6.43116005448799,91
"13606",166,76,4.57684457616182,90
"13607",166,77,2.26009516500254,89
"13608",166,78,5.38039519094787,88
"13609",166,79,5.18723127672538,87
"13610",166,80,6.5216272467476,86
"13611",166,81,4.39426378059851,85
"13612",166,82,7.77517565376905,84
"13613",166,83,8.86467881996296,83
"13614",166,84,6.86310217875145,82
"13615",166,85,6.92977400874961,81
"13616",166,86,6.35814339420151,80
"13617",166,87,7.58242972567047,79
"13618",166,88,7.06633803860759,78
"13619",166,89,6.40135537792704,77
"13620",166,90,9.51661154621865,76
"13621",166,91,8.03052352473,75
"13622",166,92,6.43952585722452,74
"13623",166,93,3.95545679213187,73
"13624",166,94,3.93260203777393,72
"13625",166,95,7.37441814106442,71
"13626",166,96,4.79944829644081,70
"13627",166,97,3.69264079190684,69
"13628",166,98,7.89751914487878,68
"13629",166,99,7.55648560023258,67
"13630",166,100,5.73001686990748,66
"13631",166,101,4.08570180878455,65
"13632",166,102,4.87226169157272,64
"13633",166,103,6.44091469207886,63
"13634",166,104,3.42758777411661,62
"13635",166,105,4.69354857810469,61
"13636",166,106,7.93303692749286,60
"13637",166,107,4.3407624561198,59
"13638",166,108,2.03609668584091,58
"13639",166,109,3.18481147967176,57
"13640",166,110,2.33571746793237,56
"13641",166,111,4.85913368476134,55
"13642",166,112,7.12810256557972,54
"13643",166,113,6.06092055271462,53
"13644",166,114,3.23526976927743,52
"13645",166,115,2.51258045553537,51
"13646",166,116,3.90614897679373,50
"13647",166,117,4.54612503991865,49
"13648",166,118,3.68728427696616,48
"13649",166,119,2.64077272956872,47
"13650",166,120,3.28496570386898,46
"13651",166,121,5.23268421866757,45
"13652",166,122,2.9147738441835,44
"13653",166,123,3.88908984069265,43
"13654",166,124,7.13290391715836,42
"13655",166,125,4.43417592676559,41
"13656",166,126,3.59941600656303,40
"13657",166,127,1.89987227690542,39
"13658",166,128,3.51162660293723,38
"13659",166,129,2.00302370782758,37
"13660",166,130,1.95263234480521,36
"13661",166,131,2.75349843495324,35
"13662",166,132,3.28149953167322,34
"13663",166,133,4.44735257038174,33
"13664",166,134,5.00772635243189,32
"13665",166,135,3.77218341493275,31
"13666",166,136,3.32164264913353,30
"13667",166,137,4.76030812934575,29
"13668",166,138,4.19142068547147,28
"13669",166,139,4.55108346984625,27
"13670",166,140,3.26789565429185,26
"13671",166,141,1.93710179291208,25
"13672",166,142,2.36278862189755,24
"13673",166,143,3.17722526099423,23
"13674",166,144,2.6222683258021,22
"13675",166,145,2.18152452924186,21
"13676",166,146,2.98580884622954,20
"13677",166,147,3.04569644216119,19
"13678",166,148,2.98020172423087,18
"13679",166,149,3.42592070311279,17
"13680",166,150,3.39217856452553,16
"13681",166,151,4.29068081251857,15
"13682",166,152,4.25759311278374,14
"13683",166,153,3.73645558937122,13
"13684",166,154,1.90917428602921,12
"13685",166,155,0.80925823608053,11
"13686",166,156,2.11193880192577,10
"13687",166,157,2.06722833241438,9
"13688",166,158,2.31929166639423,8
"13689",166,159,3.89483666088551,7
"13690",166,160,3.90194036628982,6
"13691",166,161,3.30516703606117,5
"13692",166,162,3.00385143829395,4
"13693",166,163,2.90115542109002,3
"13694",166,164,2.18850935924622,2
"13695",166,165,1.62386761456078,1
"13696",167,1,5.50592629007244,166
"13697",167,2,4.89230720727537,165
"13698",167,3,9.44506547978322,164
"13699",167,4,8.06811539415132,163
"13700",167,5,8.44924285537202,162
"13701",167,6,9.09854301967625,161
"13702",167,7,8.63357098555773,160
"13703",167,8,9.50542837918968,159
"13704",167,9,12.2451203748897,158
"13705",167,10,9.49691672191885,157
"13706",167,11,8.2866004276627,156
"13707",167,12,9.6006510999857,155
"13708",167,13,10.5920048745207,154
"13709",167,14,9.28199549832534,153
"13710",167,15,8.07535409142196,152
"13711",167,16,8.026815700317,151
"13712",167,17,8.61357810393666,150
"13713",167,18,8.39199246245519,149
"13714",167,19,5.65902858857209,148
"13715",167,20,7.19251492216317,147
"13716",167,21,11.2375930998206,146
"13717",167,22,11.5607526959305,145
"13718",167,23,11.0371324168952,144
"13719",167,24,10.430889558136,143
"13720",167,25,7.8883875444702,142
"13721",167,26,9.26817602669756,141
"13722",167,27,7.88512543171434,140
"13723",167,28,8.39614506167842,139
"13724",167,29,7.85008614907913,138
"13725",167,30,8.08125104993209,137
"13726",167,31,8.0885148273632,136
"13727",167,32,9.35396151596153,135
"13728",167,33,7.39555423270536,134
"13729",167,34,10.0290913982455,133
"13730",167,35,8.23275495027739,132
"13731",167,36,8.46919055030647,131
"13732",167,37,7.0437696038883,130
"13733",167,38,7.61379751209083,129
"13734",167,39,10.0893125692335,128
"13735",167,40,9.54537744389198,127
"13736",167,41,9.80947296713581,126
"13737",167,42,9.28166260289649,125
"13738",167,43,7.44885127884366,124
"13739",167,44,7.07974976115687,123
"13740",167,45,8.35116121988496,122
"13741",167,46,9.67892825586871,121
"13742",167,47,7.33010312131083,120
"13743",167,48,4.50174183328542,119
"13744",167,49,3.39558950289013,118
"13745",167,50,10.9026492106933,117
"13746",167,51,7.75461576536361,116
"13747",167,52,7.40958695539217,115
"13748",167,53,8.15654906160237,114
"13749",167,54,9.45729140737623,113
"13750",167,55,6.0734643322693,112
"13751",167,56,6.33325177209985,111
"13752",167,57,6.83441278043607,110
"13753",167,58,5.45216491967454,109
"13754",167,59,5.81534507968293,108
"13755",167,60,7.05006967611004,107
"13756",167,61,7.8146757101523,106
"13757",167,62,9.76073037999301,105
"13758",167,63,6.59993296681199,104
"13759",167,64,5.11648501977805,103
"13760",167,65,7.5975747012171,102
"13761",167,66,9.01685244524011,101
"13762",167,67,8.11983311906546,100
"13763",167,68,6.24925965868867,99
"13764",167,69,9.07394258173067,98
"13765",167,70,5.76436134640566,97
"13766",167,71,5.60669825987555,96
"13767",167,72,5.7409095529273,95
"13768",167,73,6.87042016430828,94
"13769",167,74,5.43287667540089,93
"13770",167,75,4.69518294614977,92
"13771",167,76,3.90212294086888,91
"13772",167,77,2.63012166094273,90
"13773",167,78,6.47045080435954,89
"13774",167,79,6.24927903482999,88
"13775",167,80,4.69840874688053,87
"13776",167,81,3.42822280153083,86
"13777",167,82,5.95195715390198,85
"13778",167,83,7.04146032009589,84
"13779",167,84,7.6394240965896,83
"13780",167,85,8.01982962216128,82
"13781",167,86,7.72577419896227,81
"13782",167,87,8.67248533908214,80
"13783",167,88,8.15639365201926,79
"13784",167,89,6.01190705439952,78
"13785",167,90,7.69339304635158,77
"13786",167,91,6.23531288016999,76
"13787",167,92,5.32386163250922,75
"13788",167,93,5.56444597479966,74
"13789",167,94,5.0226576511856,73
"13790",167,95,6.17307352883612,72
"13791",167,96,5.88950390985249,71
"13792",167,97,4.02088302541547,70
"13793",167,98,6.07430064501171,69
"13794",167,99,6.73623096916709,68
"13795",167,100,4.909762238842,67
"13796",167,101,2.26248330891748,66
"13797",167,102,3.04904319170565,65
"13798",167,103,4.61769619221179,64
"13799",167,104,4.59620012605601,63
"13800",167,105,3.10002676196806,62
"13801",167,106,6.10981842762579,61
"13802",167,107,5.3243801518115,60
"13803",167,108,3.17670118247326,59
"13804",167,109,2.66709009124135,58
"13805",167,110,1.50972921132188,57
"13806",167,111,5.94918929817301,56
"13807",167,112,5.30488406571265,55
"13808",167,113,4.23770205284756,54
"13809",167,114,1.783906646064,53
"13810",167,115,1.23918560925703,52
"13811",167,116,1.8580134040514,51
"13812",167,117,2.72290654005158,50
"13813",167,118,1.86406577709909,49
"13814",167,119,3.73082834298039,48
"13815",167,120,3.94924275455699,47
"13816",167,121,4.41242958760208,46
"13817",167,122,1.69025394563405,45
"13818",167,123,2.06587134082559,44
"13819",167,124,5.30968541729129,43
"13820",167,125,5.52423154017726,42
"13821",167,126,3.09837534438641,41
"13822",167,127,3.05728417590638,40
"13823",167,128,3.45329858196771,39
"13824",167,129,2.31137614905572,38
"13825",167,130,3.81034819385784,37
"13826",167,131,2.6783630116151,36
"13827",167,132,1.89537236849387,35
"13828",167,133,3.31982824398824,34
"13829",167,134,4.1874717213664,33
"13830",167,135,2.95192878386726,32
"13831",167,136,2.50138801806804,31
"13832",167,137,2.93708962947868,30
"13833",167,138,2.49771169318403,29
"13834",167,139,3.73082883878076,28
"13835",167,140,2.44764102322637,27
"13836",167,141,1.94600338141702,26
"13837",167,142,1.54253399083206,25
"13838",167,143,1.26367034159029,24
"13839",167,144,0.529248843588846,23
"13840",167,145,1.09146891583019,22
"13841",167,146,1.21607916791035,21
"13842",167,147,1.417677276839,20
"13843",167,148,0.887182242017624,19
"13844",167,149,1.33290122089954,18
"13845",167,150,2.34693820878954,17
"13846",167,151,3.8953221997284,16
"13847",167,152,2.31584025188803,15
"13848",167,153,4.55671022043671,14
"13849",167,154,2.99922989944088,13
"13850",167,155,2.65557613512107,12
"13851",167,156,1.50369090777378,11
"13852",167,157,2.16489133774423,10
"13853",167,158,1.92744471967939,9
"13854",167,159,3.69557337301046,8
"13855",167,160,4.42539538026523,7
"13856",167,161,3.33560043191656,6
"13857",167,162,2.36759568883489,5
"13858",167,163,1.81109980767835,4
"13859",167,164,2.70063724416836,3
"13860",167,165,2.10296411711861,2
"13861",167,166,2.09301948221325,1
"13862",168,1,4.90402346664132,167
"13863",168,2,6.02198909777882,166
"13864",168,3,10.6790070486597,165
"13865",168,4,8.10099218847674,164
"13866",168,5,9.17412024010687,163
"13867",168,6,8.68228531563302,162
"13868",168,7,8.8857217603805,161
"13869",168,8,10.7393699480661,160
"13870",168,9,13.4790619437662,159
"13871",168,10,10.7308582907953,158
"13872",168,11,7.87034272361947,157
"13873",168,12,10.8345926688622,156
"13874",168,13,11.8259464433972,155
"13875",168,14,8.86573779428211,154
"13876",168,15,8.04754687667261,153
"13877",168,16,8.79156817545546,152
"13878",168,17,9.52357683139982,151
"13879",168,18,7.43449123008228,150
"13880",168,19,6.25428886744115,149
"13881",168,20,8.15159668654194,148
"13882",168,21,12.471534668697,147
"13883",168,22,11.8972836359649,146
"13884",168,23,12.2710739857717,145
"13885",168,24,10.4126284348271,144
"13886",168,25,7.47212984042697,143
"13887",168,26,9.86343630556662,142
"13888",168,27,7.46886772767111,141
"13889",168,28,7.3412060676278,140
"13890",168,29,7.49459048755569,139
"13891",168,30,7.2099699030438,138
"13892",168,31,8.82098746741302,137
"13893",168,32,8.29902252191092,136
"13894",168,33,7.99081451157443,135
"13895",168,34,11.2630329671219,134
"13896",168,35,7.81649724623416,133
"13897",168,36,7.88375278377391,132
"13898",168,37,6.62751189984507,131
"13899",168,38,6.55885851804021,130
"13900",168,39,11.32325413811,129
"13901",168,40,10.3206904452561,128
"13902",168,41,11.0434145360123,127
"13903",168,42,8.86540489885325,126
"13904",168,43,8.60205424327601,125
"13905",168,44,8.31369133003332,124
"13906",168,45,9.58510278876141,123
"13907",168,46,10.9128698247452,122
"13908",168,47,8.56404469018727,121
"13909",168,48,5.73568340216187,120
"13910",168,49,4.62953107176658,119
"13911",168,50,12.1365907795698,118
"13912",168,51,8.98855733424005,117
"13913",168,52,8.64352852426862,116
"13914",168,53,9.10988236219822,115
"13915",168,54,9.041033703333,114
"13916",168,55,7.18561274062181,113
"13917",168,56,7.24662911708016,112
"13918",168,57,7.55073249736741,111
"13919",168,58,5.03590721563131,110
"13920",168,59,6.41060535855199,109
"13921",168,60,8.28401124498649,108
"13922",168,61,9.04861727902875,107
"13923",168,62,10.9946719488695,106
"13924",168,63,7.75258969712922,105
"13925",168,64,5.71174529864711,104
"13926",168,65,8.19283498008616,103
"13927",168,66,10.2507940141166,102
"13928",168,67,7.70357541502223,101
"13929",168,68,6.84451993755773,100
"13930",168,69,10.3078841506071,99
"13931",168,70,6.9983029152821,98
"13932",168,71,6.840639828752,97
"13933",168,72,6.97485112180375,96
"13934",168,73,6.45416246026504,95
"13935",168,74,6.09035917478952,94
"13936",168,75,5.20320183348999,93
"13937",168,76,5.13606450974532,92
"13938",168,77,3.86406322981918,91
"13939",168,78,7.70439237323598,90
"13940",168,79,7.48322060370643,89
"13941",168,80,5.29366902574959,88
"13942",168,81,4.66216437040728,87
"13943",168,82,6.54721743277104,86
"13944",168,83,7.63672059896495,85
"13945",168,84,8.87336566546605,84
"13946",168,85,9.25377119103773,83
"13947",168,86,8.38302259801585,82
"13948",168,87,9.90642690795858,81
"13949",168,88,9.39033522089571,80
"13950",168,89,6.372316228609,79
"13951",168,90,8.28865332522065,78
"13952",168,91,7.46925444904644,77
"13953",168,92,6.31524924312496,76
"13954",168,93,6.16740910726985,75
"13955",168,94,6.25659922006205,74
"13956",168,95,7.40701509771256,73
"13957",168,96,7.12344547872893,72
"13958",168,97,4.10619829479222,71
"13959",168,98,6.66956092388077,70
"13960",168,99,5.68129197511648,69
"13961",168,100,3.95205291728238,68
"13962",168,101,3.11156225539643,67
"13963",168,102,3.64430347057471,66
"13964",168,103,5.21295647108085,65
"13965",168,104,4.17994242201278,64
"13966",168,105,4.33396833084451,63
"13967",168,106,6.70507870649485,62
"13968",168,107,6.55832172068795,61
"13969",168,108,3.29466044301538,60
"13970",168,109,2.63949096567871,59
"13971",168,110,2.74367078019833,58
"13972",168,111,7.18313086704945,57
"13973",168,112,5.98418135642479,56
"13974",168,113,4.83296233171662,55
"13975",168,114,2.00731154827943,54
"13976",168,115,1.28462223453737,53
"13977",168,116,2.54290419827181,52
"13978",168,117,3.31816681892064,51
"13979",168,118,2.92993332228938,50
"13980",168,119,4.96476991185683,49
"13981",168,120,5.18318432343343,48
"13982",168,121,3.35749059355146,47
"13983",168,122,1.7652456855984,46
"13984",168,123,3.18216109312173,45
"13985",168,124,5.90494569616036,44
"13986",168,125,6.75817310905371,43
"13987",168,126,4.33231691326285,42
"13988",168,127,3.094166687076,41
"13989",168,128,3.03704087792447,40
"13990",168,129,2.75273201689602,39
"13991",168,130,3.39409048981461,38
"13992",168,131,2.26210530757187,37
"13993",168,132,2.05354131067521,36
"13994",168,133,3.21939434938374,35
"13995",168,134,3.13253272731578,34
"13996",168,135,2.1558007157892,33
"13997",168,136,1.44644902401742,32
"13998",168,137,3.53234990834774,31
"13999",168,138,2.96346246447346,30
"14000",168,139,2.67588984473015,29
"14001",168,140,1.61119825996775,28
"14002",168,141,1.52974567737379,27
"14003",168,142,0.617104504361075,26
"14004",168,143,1.85893062045935,25
"14005",168,144,0.945506547632077,24
"14006",168,145,0.681186179308867,23
"14007",168,146,2.09338802995427,22
"14008",168,147,2.47261627088962,21
"14009",168,148,1.38747695790393,20
"14010",168,149,1.74915892494277,19
"14011",168,150,1.75167792992047,18
"14012",168,151,3.30006192085934,17
"14013",168,152,3.37077924593865,16
"14014",168,153,5.61164921448733,15
"14015",168,154,4.23317146831732,14
"14016",168,155,2.23931843107784,13
"14017",168,156,0.908430628904714,12
"14018",168,157,1.56963105887517,11
"14019",168,158,2.49693765228018,10
"14020",168,159,3.1003130941414,9
"14021",168,160,4.00841551211133,8
"14022",168,161,2.7403401530475,7
"14023",168,162,2.07981319448056,6
"14024",168,163,1.11137520338726,5
"14025",168,164,3.75557623821897,4
"14026",168,165,3.33690568599506,3
"14027",168,166,2.32399718228812,2
"14028",168,167,1.23394156887645,1
"14029",169,1,6.42522036388851,168
"14030",169,2,7.00876438339163,167
"14031",169,3,11.3206255192306,166
"14032",169,4,8.74261065904766,165
"14033",169,5,9.81573871067779,164
"14034",169,6,8.7094944512896,163
"14035",169,7,9.52734023095142,162
"14036",169,8,11.380988418637,161
"14037",169,9,14.1206804143371,160
"14038",169,10,11.3724767613662,159
"14039",169,11,8.1828283438092,158
"14040",169,12,11.4762111394331,157
"14041",169,13,12.4675649139681,156
"14042",169,14,9.0786665290788,155
"14043",169,15,8.68916534724354,154
"14044",169,16,9.43318664602639,153
"14045",169,17,10.1651953019707,152
"14046",169,18,8.95568812732948,151
"14047",169,19,7.77548576468834,150
"14048",169,20,8.79321515711286,149
"14049",169,21,13.1131531392679,148
"14050",169,22,12.5389021065358,147
"14051",169,23,12.9126924563426,146
"14052",169,24,11.054246905398,145
"14053",169,25,7.76954278502857,144
"14054",169,26,11.3846332028138,143
"14055",169,27,7.72577354705813,142
"14056",169,28,8.34922901929585,141
"14057",169,29,8.13620895812661,140
"14058",169,30,7.93309961821432,139
"14059",169,31,9.46260593798394,138
"14060",169,32,9.20581008424377,137
"14061",169,33,9.51201140882162,136
"14062",169,34,11.9046514376928,135
"14063",169,35,8.06300637353643,134
"14064",169,36,9.4049496810211,133
"14065",169,37,7.23716266910742,132
"14066",169,38,7.46564608037307,131
"14067",169,39,11.9648726086809,130
"14068",169,40,10.962308915827,129
"14069",169,41,11.6850330065832,128
"14070",169,42,8.89261403450983,127
"14071",169,43,9.24367271384693,126
"14072",169,44,8.95530980060424,125
"14073",169,45,10.2267212593323,124
"14074",169,46,11.5544882953161,123
"14075",169,47,9.20566316075819,122
"14076",169,48,6.37730187273279,121
"14077",169,49,5.2711495423375,120
"14078",169,50,12.7782092501407,119
"14079",169,51,9.63017580481097,118
"14080",169,52,9.28514699483954,117
"14081",169,53,9.75150083276914,116
"14082",169,54,9.06824283898958,115
"14083",169,55,8.18992150838555,114
"14084",169,56,8.4497089482161,113
"14085",169,57,8.19235096793833,112
"14086",169,58,5.34387372710611,111
"14087",169,59,7.93180225579919,110
"14088",169,60,8.92562971555741,109
"14089",169,61,9.69023574959967,108
"14090",169,62,11.6362904194404,107
"14091",169,63,8.39420816770014,106
"14092",169,64,7.23294219589431,105
"14093",169,65,9.71403187733336,104
"14094",169,66,10.8924124846875,103
"14095",169,67,7.76309039691578,102
"14096",169,68,8.36571683480493,101
"14097",169,69,10.949502621178,100
"14098",169,70,7.63992138585302,99
"14099",169,71,7.48225829932292,98
"14100",169,72,7.61646959237467,97
"14101",169,73,6.93703489252335,96
"14102",169,74,6.73197764536044,95
"14103",169,75,6.72439873073718,94
"14104",169,76,5.77768298031624,93
"14105",169,77,4.5056817003901,92
"14106",169,78,8.3460108438069,91
"14107",169,79,8.12483907427735,90
"14108",169,80,6.81486592299679,89
"14109",169,81,5.3037828409782,88
"14110",169,82,8.06841433001824,87
"14111",169,83,9.15791749621215,86
"14112",169,84,9.51498413603697,85
"14113",169,85,9.89538966160865,84
"14114",169,86,9.02464106858678,83
"14115",169,87,10.5480453785295,82
"14116",169,88,10.0319536914666,81
"14117",169,89,7.01393469917992,80
"14118",169,90,9.80985022246784,79
"14119",169,91,8.32376220097919,78
"14120",169,92,6.95686771369588,77
"14121",169,93,6.80902757784077,76
"14122",169,94,6.89821769063297,75
"14123",169,95,8.04863356828348,74
"14124",169,96,7.76506394929985,73
"14125",169,97,4.74781676536314,72
"14126",169,98,8.19075782112797,71
"14127",169,99,6.94378199098447,70
"14128",169,100,5.47324981452957,69
"14129",169,101,4.37894048503374,68
"14130",169,102,5.16550036782191,67
"14131",169,103,6.73415336832805,66
"14132",169,104,4.20715155766936,65
"14133",169,105,4.98678725435388,64
"14134",169,106,8.22627560374204,63
"14135",169,107,7.19994019125887,62
"14136",169,108,3.9362789135863,61
"14137",169,109,3.28110943624963,60
"14138",169,110,3.38528925076925,59
"14139",169,111,7.82474933762038,58
"14140",169,112,7.42134124182891,57
"14141",169,113,6.35415922896381,56
"14142",169,114,3.52850844552662,55
"14143",169,115,2.80581913178456,54
"14144",169,116,3.97447058016766,53
"14145",169,117,4.83936371616784,52
"14146",169,118,3.98052295321535,51
"14147",169,119,5.60638838242775,50
"14148",169,120,5.82480279400436,49
"14149",169,121,4.26427815588432,48
"14150",169,122,3.20801252043269,47
"14151",169,123,4.18232851694184,46
"14152",169,124,7.42614259340755,45
"14153",169,125,7.39979157962463,44
"14154",169,126,4.97393538383377,43
"14155",169,127,3.73578515764692,42
"14156",169,128,3.06425001358105,41
"14157",169,129,3.39435048746694,40
"14158",169,130,3.42129962547119,39
"14159",169,131,2.32141220027872,38
"14160",169,132,3.57473820792241,37
"14161",169,133,4.74059124663093,36
"14162",169,134,4.4435855571326,35
"14163",169,135,3.6769976130364,34
"14164",169,136,2.54735778640386,33
"14165",169,137,5.05354680559494,32
"14166",169,138,4.48465936172066,31
"14167",169,139,3.582677407063,30
"14168",169,140,2.44528207794842,29
"14169",169,141,1.58926065926734,28
"14170",169,142,2.13830140160827,27
"14171",169,143,3.38012751770654,26
"14172",169,144,2.30927215512774,25
"14173",169,145,1.13143962392793,24
"14174",169,146,1.28183793240294,23
"14175",169,147,1.81267244187823,22
"14176",169,148,2.39832854717728,21
"14177",169,149,2.73135799562983,20
"14178",169,150,0.733936651587867,19
"14179",169,151,1.77886502361215,18
"14180",169,152,2.55362219895714,17
"14181",169,153,4.70528810260076,16
"14182",169,154,4.87478993888825,15
"14183",169,155,2.36365319463206,14
"14184",169,156,0.853676850933267,13
"14185",169,157,0.898387320444656,12
"14186",169,158,1.59015008994732,11
"14187",169,159,2.03194427832698,10
"14188",169,160,3.10162794977848,9
"14189",169,161,1.76917499857574,8
"14190",169,162,1.17302563214771,7
"14191",169,163,1.10651917862317,6
"14192",169,164,4.35202649902145,5
"14193",169,165,3.97852415656598,4
"14194",169,166,2.96561565285904,3
"14195",169,167,2.11645717611626,2
"14196",169,168,1.52119689724719,1
"14197",170,1,6.71045101276536,169
"14198",170,2,7.29399503226848,168
"14199",170,3,11.5554339610016,167
"14200",170,4,8.97741910081866,166
"14201",170,5,10.0505471524488,165
"14202",170,6,8.49150082277616,164
"14203",170,7,9.76214867272242,163
"14204",170,8,11.615796860408,162
"14205",170,9,14.3554888561081,161
"14206",170,10,11.6072852031372,160
"14207",170,11,8.46805899268605,159
"14208",170,12,11.7110195812041,158
"14209",170,13,12.7023733557391,157
"14210",170,14,9.3134749708498,156
"14211",170,15,8.92397378901454,155
"14212",170,16,9.66799508779739,154
"14213",170,17,10.4000037437417,153
"14214",170,18,9.24091877620633,152
"14215",170,19,8.06071641356519,151
"14216",170,20,9.02802359888386,150
"14217",170,21,13.3479615810389,149
"14218",170,22,12.7737105483068,148
"14219",170,23,13.1475008981136,147
"14220",170,24,11.289055347169,146
"14221",170,25,8.00435122679957,145
"14222",170,26,11.6698638516907,144
"14223",170,27,7.86609608853869,143
"14224",170,28,8.6344596681727,142
"14225",170,29,8.37101739989761,141
"14226",170,30,7.76552819680673,140
"14227",170,31,9.69741437975495,139
"14228",170,32,9.03823866283618,138
"14229",170,33,9.79724205769847,137
"14230",170,34,12.1394598794638,136
"14231",170,35,8.29781481530743,135
"14232",170,36,9.69018032989795,134
"14233",170,37,7.47197111087842,133
"14234",170,38,7.29807465896547,132
"14235",170,39,12.1996810504519,131
"14236",170,40,11.197117357598,130
"14237",170,41,11.9198414483542,129
"14238",170,42,8.84499342761651,128
"14239",170,43,9.47848115561793,127
"14240",170,44,9.19011824237524,126
"14241",170,45,10.4615297011033,125
"14242",170,46,11.7892967370871,124
"14243",170,47,9.4404716025292,123
"14244",170,48,6.61211031450379,122
"14245",170,49,5.5059579841085,121
"14246",170,50,13.0130176919117,120
"14247",170,51,9.86498424658198,119
"14248",170,52,9.51995543661054,118
"14249",170,53,9.98630927454014,117
"14250",170,54,8.85024921047614,116
"14251",170,55,8.4751521572624,115
"14252",170,56,8.73493959709295,114
"14253",170,57,8.42715940970933,113
"14254",170,58,5.62910437598296,112
"14255",170,59,8.21703290467604,111
"14256",170,60,9.16043815732841,110
"14257",170,61,9.92504419137067,109
"14258",170,62,11.8710988612114,108
"14259",170,63,8.62901660947114,107
"14260",170,64,7.51817284477115,106
"14261",170,65,9.99926252621021,105
"14262",170,66,11.1272209264585,104
"14263",170,67,7.99789883868679,103
"14264",170,68,8.65094748368178,102
"14265",170,69,11.184311062949,101
"14266",170,70,7.87472982762403,100
"14267",170,71,7.71706674109392,99
"14268",170,72,7.85127803414567,98
"14269",170,73,7.17184333429436,97
"14270",170,74,6.96678608713144,96
"14271",170,75,7.00962937961403,95
"14272",170,76,6.01249142208724,94
"14273",170,77,4.7404901421611,93
"14274",170,78,8.58081928557791,92
"14275",170,79,8.35964751604835,91
"14276",170,80,7.10009657187364,90
"14277",170,81,5.5385912827492,89
"14278",170,82,8.35364497889508,88
"14279",170,83,9.443148145089,87
"14280",170,84,9.74979257780797,86
"14281",170,85,10.1301981033796,85
"14282",170,86,9.25944951035778,84
"14283",170,87,10.7828538203005,83
"14284",170,88,10.2667621332376,82
"14285",170,89,7.24874314095092,81
"14286",170,90,10.0950808713447,80
"14287",170,91,8.60899284985604,79
"14288",170,92,7.19167615546688,78
"14289",170,93,7.04383601961178,77
"14290",170,94,7.13302613240397,76
"14291",170,95,8.28344201005449,75
"14292",170,96,7.99987239107085,74
"14293",170,97,4.98262520713414,73
"14294",170,98,8.47598847000482,72
"14295",170,99,7.22901263986132,71
"14296",170,100,5.75848046340642,70
"14297",170,101,4.66417113391059,69
"14298",170,102,5.45073101669876,68
"14299",170,103,7.01938401720489,67
"14300",170,104,4.21545491970478,66
"14301",170,105,5.27201790323072,65
"14302",170,106,8.51150625261889,64
"14303",170,107,7.43474863302987,63
"14304",170,108,4.17108735535731,62
"14305",170,109,3.51591787802063,61
"14306",170,110,3.62009769254025,60
"14307",170,111,8.05955777939138,59
"14308",170,112,7.70657189070576,58
"14309",170,113,6.63938987784066,57
"14310",170,114,3.81373909440347,56
"14311",170,115,3.09104978066141,55
"14312",170,116,4.25970122904451,54
"14313",170,117,5.12459436504469,53
"14314",170,118,4.26575360209219,52
"14315",170,119,5.84119682419876,51
"14316",170,120,6.05961123577536,50
"14317",170,121,4.20995927434451,49
"14318",170,122,3.49324316930954,48
"14319",170,123,4.46755916581869,47
"14320",170,124,7.7113732422844,46
"14321",170,125,7.63460002139563,45
"14322",170,126,5.20874382560478,44
"14323",170,127,3.97059359941792,43
"14324",170,128,2.84625638506761,42
"14325",170,129,3.62915892923794,41
"14326",170,130,3.55890440589954,40
"14327",170,131,2.55622064204972,39
"14328",170,132,3.85996885679926,38
"14329",170,133,5.02582189550778,37
"14330",170,134,4.72881620600945,36
"14331",170,135,3.96222826191324,35
"14332",170,136,2.83258843528071,34
"14333",170,137,5.33877745447179,33
"14334",170,138,4.76989001059751,32
"14335",170,139,3.5767132502853,31
"14336",170,140,2.73051272682527,30
"14337",170,141,1.82406910103835,29
"14338",170,142,2.42353205048512,28
"14339",170,143,3.66535816658339,27
"14340",170,144,2.59450280400459,26
"14341",170,145,1.41667027280478,25
"14342",170,146,1.49983156091638,24
"14343",170,147,2.04748088364924,23
"14344",170,148,2.68355919605413,22
"14345",170,149,3.01658864450668,21
"14346",170,150,0.95193028010131,20
"14347",170,151,1.73629237758936,19
"14348",170,152,2.77161582747059,18
"14349",170,153,4.94009654437176,17
"14350",170,154,5.10959838065925,16
"14351",170,155,2.59846163640306,15
"14352",170,156,1.08848529270427,14
"14353",170,157,1.13319576221566,13
"14354",170,158,1.75772151135492,12
"14355",170,159,2.19951569973458,11
"14356",170,160,3.26919937118608,10
"14357",170,161,1.93674641998334,9
"14358",170,162,1.3405970535553,8
"14359",170,163,1.39174982750002,7
"14360",170,164,4.58683494079245,6
"14361",170,165,4.21333259833698,5
"14362",170,166,3.20042409463004,4
"14363",170,167,2.4016878249931,3
"14364",170,168,1.80642754612404,2
"14365",170,169,0.285230648876849,1
"14366",171,1,4.58262171892557,170
"14367",171,2,5.84065351844217,169
"14368",171,3,10.497671469323,168
"14369",171,4,7.91965660914008,167
"14370",171,5,8.99278466077022,166
"14371",171,6,8.82468448852294,165
"14372",171,7,8.70438618104384,164
"14373",171,8,10.5580343687295,163
"14374",171,9,13.2977263644295,162
"14375",171,10,10.5495227114586,161
"14376",171,11,8.01274189650939,160
"14377",171,12,10.6532570895255,159
"14378",171,13,11.6446108640605,158
"14379",171,14,9.00813696717203,157
"14380",171,15,7.86621129733596,156
"14381",171,16,8.61023259611881,155
"14382",171,17,9.34224125206316,154
"14383",171,18,7.3393864729154,153
"14384",171,19,5.99354167339326,152
"14385",171,20,7.97026110720528,151
"14386",171,21,12.2901990893603,150
"14387",171,22,11.7159480566282,149
"14388",171,23,12.089738406435,148
"14389",171,24,10.2312928554904,147
"14390",171,25,7.61452901331689,146
"14391",171,26,9.54203455785087,145
"14392",171,27,7.61126690056103,144
"14393",171,28,7.34353907213863,143
"14394",171,29,7.57622761792582,142
"14395",171,30,7.35236907593372,141
"14396",171,31,8.63965188807637,140
"14397",171,32,8.30135552642174,139
"14398",171,33,7.66941276385868,138
"14399",171,34,11.0816973877853,137
"14400",171,35,7.95889641912408,136
"14401",171,36,7.56235103605816,135
"14402",171,37,6.76991107273499,134
"14403",171,38,6.6676428861929,133
"14404",171,39,11.1419185587733,132
"14405",171,40,10.1393548659194,131
"14406",171,41,10.8620789566756,130
"14407",171,42,9.00780407174317,129
"14408",171,43,8.42071866393936,128
"14409",171,44,8.13235575069667,127
"14410",171,45,9.40376720942475,126
"14411",171,46,10.7315342454085,125
"14412",171,47,8.38270911085062,124
"14413",171,48,5.55434782282521,123
"14414",171,49,4.44819549242992,122
"14415",171,50,11.9552552002331,121
"14416",171,51,8.8072217549034,120
"14417",171,52,8.46219294493196,119
"14418",171,53,8.92854678286156,118
"14419",171,54,9.18343287622292,117
"14420",171,55,7.00427716128515,116
"14421",171,56,7.06529353774351,115
"14422",171,57,7.36939691803075,114
"14423",171,58,5.17830638852123,113
"14424",171,59,6.08920361083624,112
"14425",171,60,8.10267566564984,111
"14426",171,61,8.86728169969209,110
"14427",171,62,10.8133363695328,109
"14428",171,63,7.57125411779256,108
"14429",171,64,5.39034355093136,107
"14430",171,65,7.87143323237041,106
"14431",171,66,10.0694584347799,105
"14432",171,67,7.84597458791215,104
"14433",171,68,6.52311818984199,103
"14434",171,69,10.1265485712705,102
"14435",171,70,6.81696733594545,101
"14436",171,71,6.65930424941534,100
"14437",171,72,6.7935155424671,99
"14438",171,73,6.59656163315496,98
"14439",171,74,5.90902359545287,97
"14440",171,75,4.88180008577424,96
"14441",171,76,4.95472893040867,95
"14442",171,77,3.68272765048252,94
"14443",171,78,7.52305679389933,93
"14444",171,79,7.30188502436978,92
"14445",171,80,5.09138470010069,91
"14446",171,81,4.48082879107062,90
"14447",171,82,6.22581568505529,89
"14448",171,83,7.3153188512492,88
"14449",171,84,8.69203008612939,87
"14450",171,85,9.07243561170107,86
"14451",171,86,8.2016870186792,85
"14452",171,87,9.72509132862193,84
"14453",171,88,9.20899964155905,83
"14454",171,89,6.19098064927234,82
"14455",171,90,7.9672515775049,81
"14456",171,91,7.28791886970978,80
"14457",171,92,6.1339136637883,79
"14458",171,93,5.9860735279332,78
"14459",171,94,6.07526364072539,77
"14460",171,95,7.22567951837591,76
"14461",171,96,6.94210989939228,75
"14462",171,97,3.92486271545556,74
"14463",171,98,6.34815917616503,73
"14464",171,99,5.6836249796273,72
"14465",171,100,3.8571562493022,71
"14466",171,101,2.93022667605977,70
"14467",171,102,3.41813918764049,69
"14468",171,103,4.8915547233651,68
"14469",171,104,4.3223415949027,67
"14470",171,105,4.15263275150785,66
"14471",171,106,6.3836769587791,65
"14472",171,107,6.37698614135129,64
"14473",171,108,3.11332486367873,63
"14474",171,109,2.45815538634206,62
"14475",171,110,2.56233520086167,61
"14476",171,111,7.0017952877128,60
"14477",171,112,5.80284577708813,59
"14478",171,113,4.51156058400087,58
"14479",171,114,1.68590980056368,57
"14480",171,115,0.963220486821616,56
"14481",171,116,2.36156861893516,55
"14482",171,117,2.9967650712049,54
"14483",171,118,2.74859774295273,53
"14484",171,119,4.78343433252018,52
"14485",171,120,5.00184874409678,51
"14486",171,121,3.35982359806229,50
"14487",171,122,1.58391010626175,49
"14488",171,123,3.00082551378507,48
"14489",171,124,5.70680271445508,47
"14490",171,125,6.57683752971705,46
"14491",171,126,4.1509813339262,45
"14492",171,127,2.91283110773935,44
"14493",171,128,3.17944005081439,43
"14494",171,129,2.57139643755936,42
"14495",171,130,3.53648966270453,41
"14496",171,131,2.40450448046179,40
"14497",171,132,1.73213956295947,39
"14498",171,133,2.89799260166799,38
"14499",171,134,3.13486573182661,37
"14500",171,135,1.89932279432747,36
"14501",171,136,1.44878202852825,35
"14502",171,137,3.210948160632,34
"14503",171,138,2.64206071675771,33
"14504",171,139,2.67822284924097,32
"14505",171,140,1.75359743285767,31
"14506",171,141,1.67214485026371,30
"14507",171,142,0.489928001292267,29
"14508",171,143,1.5375288727436,28
"14509",171,144,0.87594393364679,27
"14510",171,145,0.711159021035017,26
"14511",171,146,2.09105502544345,25
"14512",171,147,2.47028326637879,24
"14513",171,148,1.38514395339311,23
"14514",171,149,1.60675975205285,22
"14515",171,150,2.07307967763622,21
"14516",171,151,3.62146366857509,20
"14517",171,152,3.36844624142782,19
"14518",171,153,5.6093162099765,18
"14519",171,154,4.05183588898067,17
"14520",171,155,2.38171760396776,16
"14521",171,156,1.22983237662046,15
"14522",171,157,1.89103280659092,14
"14523",171,158,2.49460464776935,13
"14524",171,159,3.42171484185715,12
"14525",171,160,4.15153684911192,11
"14526",171,161,3.06174190076325,10
"14527",171,162,2.09373715768158,9
"14528",171,163,0.968976030497345,8
"14529",171,164,3.75324323370815,7
"14530",171,165,3.1555701066584,6
"14531",171,166,2.14266160295146,5
"14532",171,167,1.05260598953979,4
"14533",171,168,0.321401747715749,3
"14534",171,169,1.84259864496294,2
"14535",171,170,2.12782929383979,1
"14536",172,1,5.24470209321872,171
"14537",172,2,6.55250954889143,170
"14538",172,3,11.2095274997723,169
"14539",172,4,8.91058625011794,168
"14540",172,5,9.70464069121948,167
"14541",172,6,9.94101387564288,166
"14542",172,7,9.47604184152435,165
"14543",172,8,11.2698903991787,164
"14544",172,9,14.0095823948788,163
"14545",172,10,11.2613787419079,162
"14546",172,11,9.12907128362933,161
"14547",172,12,11.3651131199748,160
"14548",172,13,12.3564668945098,159
"14549",172,14,10.124466354292,158
"14550",172,15,8.91782494738858,157
"14551",172,16,9.32208862656807,156
"14552",172,17,10.0540972825124,155
"14553",172,18,8.13076826560147,154
"14554",172,19,6.70539770384251,153
"14555",172,20,8.68211713765454,152
"14556",172,21,13.0020551198096,151
"14557",172,22,12.4278040870775,150
"14558",172,23,12.8015944368843,149
"14559",172,24,11.2733604141027,148
"14560",172,25,8.73085840043682,147
"14561",172,26,9.92894299386627,146
"14562",172,27,8.72759628768096,145
"14563",172,28,8.1349208648247,144
"14564",172,29,8.69255700504575,143
"14565",172,30,8.46869846305366,142
"14566",172,31,9.35150791852563,141
"14567",172,32,9.09273731910781,140
"14568",172,33,8.05632119987407,139
"14569",172,34,11.7935534182345,138
"14570",172,35,9.07522580624402,137
"14571",172,36,8.20796635345275,136
"14572",172,37,7.88624045985492,135
"14573",172,38,7.78397227331284,134
"14574",172,39,11.8537745892226,133
"14575",172,40,10.8512108963687,132
"14576",172,41,11.5739349871249,131
"14577",172,42,10.1241334588631,130
"14578",172,43,9.13257469438861,129
"14579",172,44,8.84421178114592,128
"14580",172,45,10.115623239874,127
"14581",172,46,11.4433902758578,126
"14582",172,47,9.09456514129988,125
"14583",172,48,6.26620385327447,124
"14584",172,49,5.16005152287918,123
"14585",172,50,12.6671112306824,122
"14586",172,51,9.51907778535266,121
"14587",172,52,9.17404897538122,120
"14588",172,53,9.64040281331082,119
"14589",172,54,10.2997622633429,118
"14590",172,55,7.71613319173441,117
"14591",172,56,7.77714956819277,116
"14592",172,57,8.08125294848001,115
"14593",172,58,6.29463577564116,114
"14594",172,59,6.47611204685164,113
"14595",172,60,8.81453169609909,112
"14596",172,61,9.57913773014135,111
"14597",172,62,11.5251923999821,110
"14598",172,63,8.28311014824182,109
"14599",172,64,5.77725198694676,108
"14600",172,65,8.25834166838581,107
"14601",172,66,10.7813144652292,106
"14602",172,67,8.96230397503208,105
"14603",172,68,6.91002662585738,104
"14604",172,69,10.8384046017197,103
"14605",172,70,7.52882336639471,102
"14606",172,71,7.3711602798646,101
"14607",172,72,7.50537157291635,100
"14608",172,73,7.7128910202749,99
"14609",172,74,6.62087962590212,98
"14610",172,75,5.26870852178963,97
"14611",172,76,5.66658496085793,96
"14612",172,77,4.39458368093178,95
"14613",172,78,8.23491282434859,94
"14614",172,79,8.01374105481904,93
"14615",172,80,5.80324073054995,92
"14616",172,81,5.19268482151988,91
"14617",172,82,6.61272412107069,90
"14618",172,83,7.7022272872646,89
"14619",172,84,9.40388611657865,88
"14620",172,85,9.78429164215033,87
"14621",172,86,8.91354304912846,86
"14622",172,87,10.4369473590712,85
"14623",172,88,9.92085567200831,84
"14624",172,89,6.9028366797216,83
"14625",172,90,8.35416001352029,82
"14626",172,91,7.99977490015904,81
"14627",172,92,6.84576969423756,80
"14628",172,93,6.69792955838246,79
"14629",172,94,6.78711967117465,78
"14630",172,95,7.93753554882517,77
"14631",172,96,7.65396592984153,76
"14632",172,97,4.86335388138209,75
"14633",172,98,6.73506761218042,74
"14634",172,99,6.47500677231337,73
"14635",172,100,4.64853804198828,72
"14636",172,101,3.64208270650903,71
"14637",172,102,4.12999521808975,70
"14638",172,103,5.2784631593805,69
"14639",172,104,5.43867098202263,68
"14640",172,105,4.86448878195711,67
"14641",172,106,6.77058539479449,66
"14642",172,107,7.08884217180055,65
"14643",172,108,4.01917203843988,64
"14644",172,109,3.50956094720797,63
"14645",172,110,3.27419123131093,62
"14646",172,111,7.71365131816206,61
"14647",172,112,6.51470180753739,60
"14648",172,113,4.89846902001626,59
"14649",172,114,2.07281823657907,58
"14650",172,115,1.35012892283701,57
"14651",172,116,3.07342464938442,56
"14652",172,117,3.38367350722029,55
"14653",172,118,3.46045377340198,54
"14654",172,119,5.49529036296943,53
"14655",172,120,5.71370477454604,52
"14656",172,121,4.26326370382039,51
"14657",172,122,2.29576613671101,50
"14658",172,123,3.71268154423433,49
"14659",172,124,6.41865874490434,48
"14660",172,125,7.28869356016631,47
"14661",172,126,4.86283736437546,46
"14662",172,127,3.899755031873,45
"14663",172,128,4.29576943793433,44
"14664",172,129,3.28325246800862,43
"14665",172,130,4.65281904982446,42
"14666",172,131,3.52083386758173,41
"14667",172,132,2.42718819104011,40
"14668",172,133,3.28490103768338,39
"14669",172,134,3.92624752451268,38
"14670",172,135,2.69070458701354,37
"14671",172,136,2.24016382121432,36
"14672",172,137,3.59785659664739,35
"14673",172,138,3.02896915277311,34
"14674",172,139,3.46960464192704,33
"14675",172,140,2.8699268199776,32
"14676",172,141,2.78847423738364,31
"14677",172,142,1.56144213073653,30
"14678",172,143,1.92443730875899,29
"14679",172,144,1.25136609951869,28
"14680",172,145,1.10977230706651,27
"14681",172,146,1.29967323275738,26
"14682",172,147,1.70157442241992,25
"14683",172,148,1.49168911288577,24
"14684",172,149,1.27566778668228,23
"14685",172,150,1.68617124162083,22
"14686",172,151,3.23455523255969,21
"14687",172,152,2.57706444874175,20
"14688",172,153,4.81793441729043,19
"14689",172,154,4.76369191942993,18
"14690",172,155,3.4980469910877,17
"14691",172,156,1.58359729071823,16
"14692",172,157,2.06519100773062,15
"14693",172,158,1.70322285508328,14
"14694",172,159,3.03480640584175,13
"14695",172,160,3.76462841309652,12
"14696",172,161,2.67483346474785,11
"14697",172,162,1.70682872166618,10
"14698",172,163,0.349171030324379,9
"14699",172,164,4.24092847956313,8
"14700",172,165,3.86742613710766,7
"14701",172,166,2.93549033817987,6
"14702",172,167,1.76446201998905,5
"14703",172,168,1.25872856000985,4
"14704",172,169,1.45569020894755,3
"14705",172,170,1.7409208578244,2
"14706",172,171,1.11632938711993,1
"14707",173,1,6.68208124836861,172
"14708",173,2,7.1117358456851,171
"14709",173,3,11.7687537965659,170
"14710",173,4,9.50198833740689,169
"14711",173,5,10.2638669880131,168
"14712",173,6,10.5324159629318,167
"14713",173,7,10.0674439288133,166
"14714",173,8,11.8291166959724,165
"14715",173,9,14.5688086916724,164
"14716",173,10,11.8206050387016,163
"14717",173,11,9.72047337091827,162
"14718",173,12,11.9243394167684,161
"14719",173,13,12.9156931913034,160
"14720",173,14,10.7158684415809,159
"14721",173,15,9.50922703467753,158
"14722",173,16,9.88131492336174,157
"14723",173,17,10.6133235793061,156
"14724",173,18,9.56814742075136,155
"14725",173,19,7.7249989203954,154
"14726",173,20,9.24134343444821,153
"14727",173,21,13.5612814166033,152
"14728",173,22,12.9946256391861,151
"14729",173,23,13.360820733678,150
"14730",173,24,11.8647625013916,149
"14731",173,25,9.32226048772577,148
"14732",173,26,11.3341463585209,147
"14733",173,27,9.31899837496991,146
"14734",173,28,9.57230001997459,145
"14735",173,29,9.2839590923347,144
"14736",173,30,9.25740600822825,143
"14737",173,31,9.9107342153193,142
"14738",173,32,10.5301164742577,141
"14739",173,33,9.46152456452868,140
"14740",173,34,12.3527797150282,139
"14741",173,35,9.66662789353296,138
"14742",173,36,9.64534550860264,137
"14743",173,37,8.47764254714387,136
"14744",173,38,8.789952470387,135
"14745",173,39,12.4130008860163,134
"14746",173,40,11.4104371931623,133
"14747",173,41,12.1331612839185,132
"14748",173,42,10.7155355461521,131
"14749",173,43,9.69180099118228,130
"14750",173,44,9.40343807793959,129
"14751",173,45,10.6748495366677,128
"14752",173,46,12.0026165726514,127
"14753",173,47,9.65379143809355,126
"14754",173,48,6.82543015006814,125
"14755",173,49,5.71927781967285,124
"14756",173,50,13.226337527476,123
"14757",173,51,10.0783040821463,122
"14758",173,52,9.73327527217489,121
"14759",173,53,10.1996291101045,120
"14760",173,54,10.8911643506318,119
"14761",173,55,8.27535948852808,118
"14762",173,56,8.39922210392316,117
"14763",173,57,8.64047924527368,116
"14764",173,58,6.88603786293011,115
"14765",173,59,7.88131541150624,114
"14766",173,60,9.37375799289276,113
"14767",173,61,10.138364026935,112
"14768",173,62,12.0844186967757,111
"14769",173,63,8.84233644503549,110
"14770",173,64,7.18245535160136,109
"14771",173,65,9.66354503304042,108
"14772",173,66,11.3405407620228,107
"14773",173,67,9.55370606232103,106
"14774",173,68,8.31522999051199,105
"14775",173,69,11.3976308985134,104
"14776",173,70,8.08804966318837,103
"14777",173,71,7.93038657665827,102
"14778",173,72,8.06459786971002,101
"14779",173,73,8.30429310756385,100
"14780",173,74,7.18010592269579,99
"14781",173,75,6.67391188644424,98
"14782",173,76,6.22581125765159,97
"14783",173,77,4.95380997772545,96
"14784",173,78,8.79413912114225,95
"14785",173,79,8.5729673516127,94
"14786",173,80,6.76437907870385,93
"14787",173,81,5.75191111831355,92
"14788",173,82,8.01792748572529,91
"14789",173,83,9.10743065191921,90
"14790",173,84,9.96311241337232,89
"14791",173,85,10.343517938944,88
"14792",173,86,9.47276934592213,87
"14793",173,87,10.9961736558649,86
"14794",173,88,10.480081968802,85
"14795",173,89,7.46206297651527,84
"14796",173,90,9.7593633781749,83
"14797",173,91,8.55900119695271,82
"14798",173,92,7.40499599103123,81
"14799",173,93,7.25715585517612,80
"14800",173,94,7.34634596796832,79
"14801",173,95,8.49676184561883,78
"14802",173,96,8.2131922266352,77
"14803",173,97,5.45475596867104,76
"14804",173,98,8.14027097683503,75
"14805",173,99,7.91238592746326,74
"14806",173,100,6.08591719713816,73
"14807",173,101,4.3284536407408,72
"14808",173,102,5.11501352352897,71
"14809",173,103,6.68366652403511,70
"14810",173,104,6.03007306931158,69
"14811",173,105,5.42371507875078,68
"14812",173,106,8.1757887594491,67
"14813",173,107,7.64806846859422,66
"14814",173,108,4.61057412572883,65
"14815",173,109,4.10096303449692,64
"14816",173,110,3.8334175281046,63
"14817",173,111,8.27287761495573,62
"14818",173,112,7.37085439753597,61
"14819",173,113,6.30367238467087,60
"14820",173,114,3.47802160123368,59
"14821",173,115,2.75533228749162,58
"14822",173,116,3.92398373587472,57
"14823",173,117,4.7888768718749,56
"14824",173,118,4.01968007019565,55
"14825",173,119,6.0545166597631,54
"14826",173,120,6.27293107133971,53
"14827",173,121,5.58858454589825,52
"14828",173,122,3.15752567613975,51
"14829",173,123,4.271907841028,50
"14830",173,124,7.37565574911461,49
"14831",173,125,7.84791985695998,48
"14832",173,126,5.42206366116912,47
"14833",173,127,4.49115711916195,46
"14834",173,128,4.88717152522328,45
"14835",173,129,3.84247876480229,44
"14836",173,130,5.24422113711341,43
"14837",173,131,4.11223595487068,42
"14838",173,132,3.52425136362947,41
"14839",173,133,4.69010440233799,40
"14840",173,134,5.36362667966257,39
"14841",173,135,4.12808374216343,38
"14842",173,136,3.67754297636421,37
"14843",173,137,5.003059961302,36
"14844",173,138,4.43417251742772,35
"14845",173,139,4.90698379707693,34
"14846",173,140,3.62379598152254,33
"14847",173,141,3.37987632467259,32
"14848",173,142,2.71868894912823,31
"14849",173,143,3.3296406734136,30
"14850",173,144,2.2587853108348,29
"14851",173,145,1.70117439435546,28
"14852",173,146,1.25326882075974,27
"14853",173,147,2.26080071921358,26
"14854",173,148,2.34784170288434,25
"14855",173,149,2.68087115133689,24
"14856",173,150,1.08898486005435,23
"14857",173,151,1.82935186790509,22
"14858",173,152,1.13968529359186,21
"14859",173,153,5.15341637993611,20
"14860",173,154,5.3229182162236,19
"14861",173,155,4.08944907837664,18
"14862",173,156,2.17499937800717,17
"14863",173,157,2.65659309501957,16
"14864",173,158,1.61197007115191,15
"14865",173,159,1.62960304118714,14
"14866",173,160,2.35942504844192,13
"14867",173,161,1.26963010009324,12
"14868",173,162,0.862798606778241,11
"14869",173,163,1.2821992691374,10
"14870",173,164,4.8001547763568,9
"14871",173,165,4.42665243390133,8
"14872",173,166,3.52689242546882,7
"14873",173,167,2.32368831678272,6
"14874",173,168,2.23109395234678,5
"14875",173,169,1.82292151164222,4
"14876",173,170,2.04091514015566,3
"14877",173,171,2.22876094783596,2
"14878",173,172,1.43737915514989,1
"14879",174,1,7.57558381809621,173
"14880",174,2,6.21837542610626,172
"14881",174,3,10.8753933769871,171
"14882",174,4,10.3394617505985,170
"14883",174,5,10.7205892118192,169
"14884",174,6,11.3698893761234,168
"14885",174,7,10.9049173420049,167
"14886",174,8,10.9357562763936,166
"14887",174,9,13.6754482720936,165
"14888",174,10,11.331379830865,164
"14889",174,11,10.5579467841099,163
"14890",174,12,11.0309789971896,162
"14891",174,13,12.0223327717246,161
"14892",174,14,11.5533418547725,160
"14893",174,15,10.3467004478691,159
"14894",174,16,10.2981620567642,158
"14895",174,17,10.8849244603838,157
"14896",174,18,10.461649990479,156
"14897",174,19,7.68066953676215,155
"14898",174,20,9.46386127861033,154
"14899",174,21,12.6679209970244,153
"14900",174,22,13.8320990523777,152
"14901",174,23,12.4674603140991,151
"14902",174,24,12.7022359145832,150
"14903",174,25,10.1597339009174,149
"14904",174,26,10.4968150954781,148
"14905",174,27,10.1564717881615,147
"14906",174,28,10.4658025897022,146
"14907",174,29,10.1214325055263,145
"14908",174,30,10.1509085779559,144
"14909",174,31,10.3598611838104,143
"14910",174,32,11.4236190439853,142
"14911",174,33,8.62419330148586,141
"14912",174,34,11.4594192954493,140
"14913",174,35,10.5041013067245,139
"14914",174,36,10.5388480783302,138
"14915",174,37,9.31511596033545,137
"14916",174,38,9.6834550401146,136
"14917",174,39,11.5196404664374,135
"14918",174,40,11.8167238003391,134
"14919",174,41,11.6785829256694,133
"14920",174,42,11.5530089593436,132
"14921",174,43,9.72019763529082,131
"14922",174,44,8.51007765836075,130
"14923",174,45,9.78148911708884,129
"14924",174,46,11.1092561530726,128
"14925",174,47,8.7604310185147,127
"14926",174,48,6.15836672103817,126
"14927",174,49,4.82591740009401,125
"14928",174,50,12.3329771078972,124
"14929",174,51,9.5899112310566,123
"14930",174,52,8.83991485259605,122
"14931",174,53,10.4278954180495,121
"14932",174,54,11.7286377638234,120
"14933",174,55,7.38199906894924,119
"14934",174,56,7.56189084088034,118
"14935",174,57,9.10575913688322,117
"14936",174,58,7.7235112761217,116
"14937",174,59,7.04398414846342,115
"14938",174,60,9.06250106199129,114
"14939",174,61,9.24500360735618,113
"14940",174,62,11.5305037630202,112
"14941",174,63,8.87127932325914,111
"14942",174,64,6.34512408855854,110
"14943",174,65,8.82621376999759,109
"14944",174,66,10.447180342444,108
"14945",174,67,10.3911794755126,107
"14946",174,68,7.96311068858394,106
"14947",174,69,10.5042704789345,105
"14948",174,70,7.34643828301897,104
"14949",174,71,7.50598115048236,103
"14950",174,72,7.17123745013118,102
"14951",174,73,9.14176652075543,101
"14952",174,74,7.70422303184804,100
"14953",174,75,6.76484047417353,99
"14954",174,76,6.09262664827857,98
"14955",174,77,4.26299837026201,97
"14956",174,78,7.90077870156341,96
"14957",174,79,8.48811145585345,95
"14958",174,80,5.92704781566102,94
"14959",174,81,5.19810022915136,93
"14960",174,82,7.29876486958632,92
"14961",174,83,8.27009938887639,91
"14962",174,84,9.27989606122385,90
"14963",174,85,10.2105414187577,89
"14964",174,86,9.99712055540943,88
"14965",174,87,10.7947097821021,87
"14966",174,88,9.89386118880946,86
"14967",174,89,8.28325341084667,85
"14968",174,90,9.47237599168758,84
"14969",174,91,7.66564077737387,83
"14970",174,92,7.59520798895638,82
"14971",174,93,7.83579233124681,81
"14972",174,94,6.45298554838948,80
"14973",174,95,7.60340142604,79
"14974",174,96,7.31983180705636,78
"14975",174,97,6.29222938186262,77
"14976",174,98,7.61018339797189,76
"14977",174,99,8.80588849719086,75
"14978",174,100,6.97941976686576,74
"14979",174,101,3.49112237769797,73
"14980",174,102,4.27768226048615,72
"14981",174,103,5.84633526099228,71
"14982",174,104,6.86754648250316,70
"14983",174,105,4.85364722187675,69
"14984",174,106,7.33845749640628,68
"14985",174,107,6.75470804901538,67
"14986",174,108,5.44804753892041,66
"14987",174,109,4.9384364476885,65
"14988",174,110,2.94005710852576,64
"14989",174,111,7.37951719537689,63
"14990",174,112,7.03509610791312,62
"14991",174,113,5.67648518905842,61
"14992",174,114,3.85356417408777,60
"14993",174,115,3.3088431372808,59
"14994",174,116,3.0866524728319,58
"14995",174,117,3.95154560883208,57
"14996",174,118,3.12631965061681,56
"14997",174,119,5.16115624018426,55
"14998",174,120,5.47656622391681,54
"14999",174,121,6.48208711562585,53
"15000",174,122,3.75991147365782,52
"15001",174,123,3.37854742144916,51
"15002",174,124,6.53832448607179,50
"15003",174,125,6.95455943738114,49
"15004",174,126,4.80332894575292,48
"15005",174,127,5.32863053235353,47
"15006",174,128,5.72464493841486,46
"15007",174,129,4.58272250550288,45
"15008",174,130,6.081694550305,44
"15009",174,131,4.94970936806226,43
"15010",174,132,3.96502989651764,42
"15011",174,133,5.38948577201201,41
"15012",174,134,6.25712924939017,40
"15013",174,135,5.02158631189103,39
"15014",174,136,4.57104554609181,38
"15015",174,137,4.16572869825917,37
"15016",174,138,4.5673692212078,36
"15017",174,139,5.80048636680453,35
"15018",174,140,4.51729855125013,34
"15019",174,141,4.21734973786417,33
"15020",174,142,3.61219151885583,32
"15021",174,143,2.62137672842865,31
"15022",174,144,2.24631958391677,30
"15023",174,145,2.53864780754704,29
"15024",174,146,1.37855699243086,28
"15025",174,147,1.36744029963474,27
"15026",174,148,1.73711956417045,26
"15027",174,149,2.4903331028904,25
"15028",174,150,1.92645827324594,24
"15029",174,151,2.66668313094791,23
"15030",174,152,1.07104825998905,22
"15031",174,153,4.26005596035727,21
"15032",174,154,4.42955779664475,20
"15033",174,155,4.92692249156823,19
"15034",174,156,3.01247279119876,18
"15035",174,157,3.49406650821115,17
"15036",174,158,2.04507417226617,16
"15037",174,159,2.46693430422997,15
"15038",174,160,3.19675631148474,14
"15039",174,161,2.10696136313607,13
"15040",174,162,1.70027201996982,12
"15041",174,163,2.175701838865,11
"15042",174,164,3.90679435677796,10
"15043",174,165,3.53329201432249,9
"15044",174,166,4.3643658386604,8
"15045",174,167,2.27134635644715,7
"15046",174,168,3.12459652207438,6
"15047",174,169,2.66039492483381,5
"15048",174,170,2.87838855334725,4
"15049",174,171,3.12226351756356,3
"15050",174,172,2.33088172487749,2
"15051",174,173,0.8935025697276,1
"15052",175,1,7.56946158211157,174
"15053",175,2,6.55126509805047,173
"15054",175,3,9.5577423526457,172
"15055",175,4,8.81532182452428,171
"15056",175,5,8.96649712949854,170
"15057",175,6,9.61579729380277,169
"15058",175,7,9.15082525968424,168
"15059",175,8,9.61810525205216,167
"15060",175,9,12.3577972477522,166
"15061",175,10,9.60959359478133,165
"15062",175,11,10.3236606994908,164
"15063",175,12,10.0657724775571,163
"15064",175,13,10.7046817473832,162
"15065",175,14,9.79924977245186,161
"15066",175,15,8.59260836554848,160
"15067",175,16,8.54406997444351,159
"15068",175,17,9.13083237806317,158
"15069",175,18,10.4555277544943,157
"15070",175,19,7.67454730077751,156
"15071",175,20,7.70976919628969,155
"15072",175,21,11.350269972683,154
"15073",175,22,12.078006970057,153
"15074",175,23,11.1498092897577,152
"15075",175,24,10.9481438322625,151
"15076",175,25,8.9922067153395,150
"15077",175,26,10.9271339174727,149
"15078",175,27,9.93746027081502,148
"15079",175,28,10.4596803537175,147
"15080",175,29,9.42158137529657,146
"15081",175,30,10.1447863419712,145
"15082",175,31,9.01475370776665,144
"15083",175,32,11.4174968080007,143
"15084",175,33,9.05451212348046,142
"15085",175,34,10.141768271108,141
"15086",175,35,8.90980056020281,140
"15087",175,36,10.5327258423456,139
"15088",175,37,7.56102387801481,138
"15089",175,38,9.67733280412996,137
"15090",175,39,10.201989442096,136
"15091",175,40,10.0626317180185,135
"15092",175,41,9.9244908433488,134
"15093",175,42,9.798916877023,133
"15094",175,43,7.96610555297018,132
"15095",175,44,7.19242663401936,131
"15096",175,45,8.46383809274745,130
"15097",175,46,9.79160512873119,129
"15098",175,47,7.44277999417331,128
"15099",175,48,4.61441870614791,127
"15100",175,49,3.50826637575261,126
"15101",175,50,11.0153260835558,125
"15102",175,51,7.86729263822609,124
"15103",175,52,7.94805583690021,123
"15104",175,53,8.73357045855168,122
"15105",175,54,9.97454568150275,121
"15106",175,55,7.73242222304439,120
"15107",175,56,7.99220966287494,119
"15108",175,57,7.35166705456258,118
"15109",175,58,7.40365534456353,117
"15110",175,59,7.47430297045803,116
"15111",175,60,7.30840897967065,115
"15112",175,61,7.92735258301478,114
"15113",175,62,9.87340725285549,113
"15114",175,63,7.61581580848869,112
"15115",175,64,6.77544291055315,111
"15116",175,65,9.2565325919922,110
"15117",175,66,9.12952931810259,109
"15118",175,67,8.63708739319197,108
"15119",175,68,7.9569884525993,107
"15120",175,69,9.18661945459315,106
"15121",175,70,6.90204773715957,105
"15122",175,71,6.03761490842818,104
"15123",175,72,5.85358642578979,103
"15124",175,73,7.38767443843479,102
"15125",175,74,7.05698579399304,101
"15126",175,75,6.75871823818889,100
"15127",175,76,4.73631871929643,99
"15128",175,77,2.74279853380521,98
"15129",175,78,6.58312767722202,97
"15130",175,79,6.73401937353281,96
"15131",175,80,6.35736663765563,95
"15132",175,81,4.23000317150655,94
"15133",175,82,7.61091504467708,93
"15134",175,83,8.70041821087099,92
"15135",175,84,7.75210096945208,91
"15136",175,85,8.45644933643705,90
"15137",175,86,8.24302847308879,89
"15138",175,87,9.04061769978145,88
"15139",175,88,8.26907052488174,87
"15140",175,89,7.51520456476606,86
"15141",175,90,9.46625375570294,85
"15142",175,91,7.86626291563803,84
"15143",175,92,6.92239660765729,83
"15144",175,93,6.08170024892617,82
"15145",175,94,5.13533452404808,81
"15146",175,95,7.21015753197245,80
"15147",175,96,6.00218078271497,79
"15148",175,97,4.93592145288048,78
"15149",175,98,7.73325853578681,77
"15150",175,99,8.79976626120622,76
"15151",175,100,6.97329753088112,75
"15152",175,101,3.92144119969258,74
"15153",175,102,4.70800108248075,73
"15154",175,103,6.27665408298689,72
"15155",175,104,5.11345440018252,71
"15156",175,105,4.52928796901272,70
"15157",175,106,7.76877631840089,69
"15158",175,107,5.43705702467399,68
"15159",175,108,3.69395545659977,67
"15160",175,109,4.4280921406454,66
"15161",175,110,2.1714568588404,65
"15162",175,111,6.06186617103549,64
"15163",175,112,7.02897387192848,63
"15164",175,113,5.89665994362265,62
"15165",175,114,3.84744193810313,61
"15166",175,115,3.30272090129616,60
"15167",175,116,3.5169712948265,59
"15168",175,117,4.38186443082668,58
"15169",175,118,3.52302366787419,57
"15170",175,119,3.84350521584287,56
"15171",175,120,4.06191962741947,55
"15172",175,121,6.47596487964121,54
"15173",175,122,3.75378923767318,53
"15174",175,123,3.72482923160068,52
"15175",175,124,6.96864330806639,51
"15176",175,125,5.63690841303974,50
"15177",175,126,3.43515539747106,49
"15178",175,127,3.57453845003289,48
"15179",175,128,4.75490726391087,47
"15180",175,129,3.03592620103579,46
"15181",175,130,4.32760246798436,45
"15182",175,131,3.99677909592688,44
"15183",175,132,3.958907660533,43
"15184",175,133,5.38336353602737,42
"15185",175,134,6.25100701340553,41
"15186",175,135,5.01546407590639,40
"15187",175,136,4.56492331010717,39
"15188",175,137,4.59604752025378,38
"15189",175,138,4.56124698522316,37
"15190",175,139,5.79436413081989,36
"15191",175,140,4.5111763152655,35
"15192",175,141,3.18038245388572,34
"15193",175,142,3.60606928287119,33
"15194",175,143,2.92262823236538,32
"15195",175,144,2.24019734793213,31
"15196",175,145,2.43728810678088,30
"15197",175,146,1.02508625613547,29
"15198",175,147,1.1310699763149,28
"15199",175,148,1.94082926183612,27
"15200",175,149,2.48421086690576,26
"15201",175,150,2.18944607825138,25
"15202",175,151,3.08794832624441,24
"15203",175,152,2.03574383458952,23
"15204",175,153,2.94240493601587,22
"15205",175,154,3.11190677230336,21
"15206",175,155,3.17283040924759,20
"15207",175,156,2.32285400753106,19
"15208",175,157,2.09853682506161,18
"15209",175,158,0.621536633809568,17
"15210",175,159,2.69210417461136,16
"15211",175,160,2.76643748949013,15
"15212",175,161,2.10243454978702,14
"15213",175,162,1.80111895201979,13
"15214",175,163,2.16957960288036,12
"15215",175,164,2.58914333243657,11
"15216",175,165,2.21564098998109,10
"15217",175,166,2.61027375633976,9
"15218",175,167,2.06353529203913,8
"15219",175,168,3.11847428608975,7
"15220",175,169,2.21168672375689,6
"15221",175,170,2.37925814516449,5
"15222",175,171,3.11614128157892,4
"15223",175,172,2.32475948889285,3
"15224",175,173,2.21101144392023,2
"15225",175,174,1.75409208232064,1
"15226",176,1,7.77676508741969,175
"15227",176,2,7.08251144477188,174
"15228",176,3,8.8788557288268,173
"15229",176,4,9.0226253298324,172
"15230",176,5,7.96366766426635,171
"15231",176,6,9.08260698851538,170
"15232",176,7,8.35456549252329,169
"15233",176,8,9.64512952771511,168
"15234",176,9,11.6789106239333,167
"15235",176,10,8.93070697096243,166
"15236",176,11,10.5309642047989,165
"15237",176,12,10.5970188242785,164
"15238",176,13,10.0257951235643,163
"15239",176,14,9.52912892903804,162
"15240",176,15,7.79707467816985,161
"15241",176,16,7.5468474586415,160
"15242",176,17,8.85632816411162,159
"15243",176,18,10.6628312598024,158
"15244",176,19,7.88185080608563,157
"15245",176,20,7.44646543527658,156
"15246",176,21,10.6713833488641,155
"15247",176,22,11.0751775048249,154
"15248",176,23,10.4709226659388,153
"15249",176,24,10.0583407864788,152
"15250",176,25,9.19951022064762,151
"15251",176,26,11.4583802641941,150
"15252",176,27,10.1447637761231,149
"15253",176,28,10.6669838590257,148
"15254",176,29,9.62888488060469,147
"15255",176,30,10.3520898472793,146
"15256",176,31,9.22205721307478,145
"15257",176,32,11.6248003133088,144
"15258",176,33,9.58575847020187,143
"15259",176,34,9.46288164728906,142
"15260",176,35,9.11710406551093,141
"15261",176,36,10.7400293476537,140
"15262",176,37,7.70109777384847,139
"15263",176,38,9.88463630943808,138
"15264",176,39,10.2570350189879,137
"15265",176,40,9.21375805848282,136
"15266",176,41,9.2432632161794,135
"15267",176,42,9.10576043895208,134
"15268",176,43,7.78124530029187,133
"15269",176,44,6.51354001020046,132
"15270",176,45,7.78495146892855,131
"15271",176,46,9.11271850491229,130
"15272",176,47,6.76389337035441,129
"15273",176,48,4.22686487202564,128
"15274",176,49,3.27758611237805,127
"15275",176,50,10.3364394597369,126
"15276",176,51,7.18840601440719,125
"15277",176,52,8.47930218362162,124
"15278",176,53,8.9408739638598,123
"15279",176,54,8.97171621627056,122
"15280",176,55,8.2636685697658,121
"15281",176,56,8.52345600959635,120
"15282",176,57,7.0827697900412,119
"15283",176,58,7.61095884987166,118
"15284",176,59,8.00554931717944,117
"15285",176,60,7.17857037169703,116
"15286",176,61,7.24846595919588,115
"15287",176,62,9.19452062903659,114
"15288",176,63,7.82311931379681,113
"15289",176,64,7.30668925727456,112
"15290",176,65,9.78777893871361,111
"15291",176,66,9.36457545140141,110
"15292",176,67,7.63425792795979,109
"15293",176,68,8.43946389618518,108
"15294",176,69,8.50773283077425,107
"15295",176,70,7.43329408388098,106
"15296",176,71,6.53634731972591,105
"15297",176,72,5.76710022881605,104
"15298",176,73,6.56803221309862,103
"15299",176,74,7.26428929930116,102
"15300",176,75,6.96602174349702,101
"15301",176,76,4.94383031379126,100
"15302",176,77,2.62708090263198,99
"15303",176,78,5.90424105340312,98
"15304",176,79,5.73118990830063,97
"15305",176,80,6.88861298437704,96
"15306",176,81,4.76124951822795,95
"15307",176,82,8.14216139139848,94
"15308",176,83,9.2316645575924,93
"15309",176,84,7.23008791638089,92
"15310",176,85,7.45361987120486,91
"15311",176,86,7.38245686150456,90
"15312",176,87,8.10627558812572,89
"15313",176,88,7.59018390106284,88
"15314",176,89,7.72250807007419,87
"15315",176,90,9.88359728384809,86
"15316",176,91,8.39750926235944,85
"15317",176,92,7.12970011296542,84
"15318",176,93,5.07887078369399,83
"15319",176,94,4.45644790022918,82
"15320",176,95,7.74140387869385,81
"15321",176,96,5.32329415889607,80
"15322",176,97,5.1432249581886,79
"15323",176,98,8.26450488250822,78
"15324",176,99,9.00706976651434,77
"15325",176,100,7.18060103618925,76
"15326",176,101,4.45268754641399,75
"15327",176,102,5.23924742920216,74
"15328",176,103,6.8079004297083,73
"15329",176,104,4.87817194039837,72
"15330",176,105,5.06053431573413,71
"15331",176,106,8.30002266512229,70
"15332",176,107,4.75817040085509,69
"15333",176,108,3.48668085212268,68
"15334",176,109,4.63539564595352,67
"15335",176,110,2.70270320556181,66
"15336",176,111,5.38297954721659,65
"15337",176,112,7.49508830320916,64
"15338",176,113,6.42790629034406,63
"15339",176,114,4.05474544341125,62
"15340",176,115,3.51002440660428,61
"15341",176,116,4.04821764154791,60
"15342",176,117,4.91311077754809,59
"15343",176,118,4.0542700145956,58
"15344",176,119,3.16461859202397,57
"15345",176,120,3.65195144149842,56
"15346",176,121,6.68326838494933,55
"15347",176,122,3.9610927429813,54
"15348",176,123,4.25607557832209,53
"15349",176,124,7.4998896547878,52
"15350",176,125,4.95802178922085,51
"15351",176,126,3.96640174419247,50
"15352",176,127,3.35045644318719,49
"15353",176,128,4.96221076921899,48
"15354",176,129,3.24322970634392,47
"15355",176,130,3.40321651108697,46
"15356",176,131,4.204082601235,45
"15357",176,132,4.16621116584112,44
"15358",176,133,5.59066704133549,43
"15359",176,134,6.45831051871365,42
"15360",176,135,5.22276758121451,41
"15361",176,136,4.77222681541529,40
"15362",176,137,5.12729386697519,39
"15363",176,138,4.76855049053129,38
"15364",176,139,6.00166763612802,37
"15365",176,140,4.71847982057362,36
"15366",176,141,3.38768595919384,35
"15367",176,142,3.81337278817931,34
"15368",176,143,3.45387457908679,33
"15369",176,144,2.44750085324025,32
"15370",176,145,2.644591612089,31
"15371",176,146,1.6366292469794,30
"15372",176,147,1.66231632303631,29
"15373",176,148,2.47207560855753,28
"15374",176,149,2.80510505701008,27
"15375",176,150,2.86833270207028,26
"15376",176,151,3.76683495006331,25
"15377",176,152,2.71463045840842,24
"15378",176,153,2.28587142308946,23
"15379",176,154,2.43302014848446,22
"15380",176,155,2.1700009440154,21
"15381",176,156,2.53015751283918,20
"15382",176,157,2.30584033036973,19
"15383",176,158,1.27792799658722,18
"15384",176,159,3.37099079843026,17
"15385",176,160,3.37809450383457,16
"15386",176,161,2.78132117360592,15
"15387",176,162,2.48000557583869,14
"15388",176,163,2.37730955863477,13
"15389",176,164,2.06152332993521,12
"15390",176,165,1.85609501116589,11
"15391",176,166,1.60744429110758,10
"15392",176,167,2.27083879734725,9
"15393",176,168,3.32577779139787,8
"15394",176,169,2.44176979040378,7
"15395",176,170,2.67657823217479,6
"15396",176,171,3.32344478688704,5
"15397",176,172,2.53206299420097,4
"15398",176,173,2.88989806773913,3
"15399",176,174,2.75692154755282,2
"15400",176,175,1.00282946523218,1
"15401",177,1,7.69241225578734,176
"15402",177,2,8.27595627529045,175
"15403",177,3,10.4756782161921,174
"15404",177,4,8.9343708259492,173
"15405",177,5,8.97079140763935,172
"15406",177,6,7.28378913976231,171
"15407",177,7,8.68239292791298,170
"15408",177,8,10.8385743582337,169
"15409",177,9,13.2757331112986,168
"15410",177,10,10.5275294583278,167
"15411",177,11,9.45002023570802,166
"15412",177,12,11.7904636547971,165
"15413",177,13,11.6226176109296,164
"15414",177,14,8.56305019101195,163
"15415",177,15,7.84421804420509,162
"15416",177,16,8.58823934298794,161
"15417",177,17,9.64519559336616,160
"15418",177,18,10.2228800192283,159
"15419",177,19,9.04267765658716,158
"15420",177,20,8.28441590144672,157
"15421",177,21,12.2682058362295,156
"15422",177,22,11.6939548034973,155
"15423",177,23,12.0677451533042,154
"15424",177,24,10.2092996023596,153
"15425",177,25,8.31791569242644,152
"15426",177,26,12.6518250947126,151
"15427",177,27,8.84805733156066,150
"15428",177,28,9.61642091119467,149
"15429",177,29,9.15225792087263,148
"15430",177,30,8.55327199852626,147
"15431",177,31,9.83339855491598,146
"15432",177,32,9.82598246455571,145
"15433",177,33,10.7792033007204,144
"15434",177,34,11.0597041346544,143
"15435",177,35,8.18460571999043,142
"15436",177,36,10.6721415729199,141
"15437",177,37,7.13174107028805,140
"15438",177,38,8.08581846068501,139
"15439",177,39,11.4504798495065,138
"15440",177,40,10.1173616127885,137
"15441",177,41,10.8400857035447,136
"15442",177,42,7.76523768280707,135
"15443",177,43,8.8133169665156,134
"15444",177,44,8.1103624975658,133
"15445",177,45,9.38177395629389,132
"15446",177,46,10.7095409922776,131
"15447",177,47,8.36071585771975,130
"15448",177,48,5.53235456969435,129
"15449",177,49,4.47103094289663,128
"15450",177,50,11.9332619471023,127
"15451",177,51,8.78522850177253,126
"15452",177,52,9.67274701414019,125
"15453",177,53,9.77307596624703,124
"15454",177,54,7.57627602436425,123
"15455",177,55,9.45711340028437,122
"15456",177,56,9.71690084011492,121
"15457",177,57,7.67795820876392,120
"15458",177,58,6.61106561900493,119
"15459",177,59,9.19899414769801,118
"15460",177,60,8.3720152022156,117
"15461",177,61,8.84528844656123,116
"15462",177,62,10.7913431164019,115
"15463",177,63,8.85464474590542,114
"15464",177,64,8.50013408779313,113
"15465",177,65,10.9812237692322,112
"15466",177,66,10.55802028192,111
"15467",177,67,6.91814309387734,110
"15468",177,68,9.63290872670375,109
"15469",177,69,10.1045553181396,108
"15470",177,70,8.62673891439955,107
"15471",177,71,7.72979215024448,106
"15472",177,72,6.96054505933463,105
"15473",177,73,6.09208758948491,104
"15474",177,74,7.80064050048118,103
"15475",177,75,7.99159062263601,102
"15476",177,76,6.13727514430983,101
"15477",177,77,3.82052573315056,100
"15478",177,78,7.50106354076846,99
"15479",177,79,7.27989177123891,98
"15480",177,80,8.08205781489561,97
"15481",177,81,5.95469434874653,96
"15482",177,82,9.33560622191706,95
"15483",177,83,10.425109388111,94
"15484",177,84,8.67003683299853,93
"15485",177,85,9.05044235857021,92
"15486",177,86,8.17969376554834,91
"15487",177,87,9.70309807549106,90
"15488",177,88,9.18700638842818,89
"15489",177,89,7.96178594607505,88
"15490",177,90,11.0770421143667,87
"15491",177,91,9.59095409287801,86
"15492",177,92,7.99995642537253,85
"15493",177,93,5.96408027480233,84
"15494",177,94,6.05327038759452,83
"15495",177,95,8.93484870921243,82
"15496",177,96,6.92011664626141,81
"15497",177,97,5.10740892935673,80
"15498",177,98,9.45794971302679,79
"15499",177,99,8.2109738828833,78
"15500",177,100,6.74044170642839,77
"15501",177,101,5.64613237693256,76
"15502",177,102,6.43269225972073,75
"15503",177,103,8.00134526022687,74
"15504",177,104,3.4998685234966,73
"15505",177,105,6.2539791462527,72
"15506",177,106,9.49346749564087,71
"15507",177,107,6.35499288822043,70
"15508",177,108,3.48350881445619,69
"15509",177,109,4.48666522218227,68
"15510",177,110,3.89614803608038,67
"15511",177,111,6.97980203458193,66
"15512",177,112,8.68853313372773,65
"15513",177,113,7.62135112086263,64
"15514",177,114,4.79570033742544,63
"15515",177,115,4.07301102368338,62
"15516",177,116,5.24166247206648,61
"15517",177,117,6.10655560806666,60
"15518",177,118,5.24771484511417,59
"15519",177,119,4.76144107938931,58
"15520",177,120,4.97985549096591,57
"15521",177,121,5.19192051736648,56
"15522",177,122,4.47520441233151,55
"15523",177,123,5.44952040884067,54
"15524",177,124,8.69333448530637,53
"15525",177,125,6.55484427658619,52
"15526",177,126,5.15984657471104,51
"15527",177,127,3.26620765614819,50
"15528",177,128,3.16339292046592,49
"15529",177,129,3.56345427597559,48
"15530",177,130,2.47914866109009,47
"15531",177,131,3.08438202111908,46
"15532",177,132,4.84193009982123,45
"15533",177,133,6.00778313852975,44
"15534",177,134,5.71077744903142,43
"15535",177,135,4.94418950493522,42
"15536",177,136,3.81454967830269,41
"15537",177,137,6.32073869749376,40
"15538",177,138,5.75185125361948,39
"15539",177,139,4.55867449330728,38
"15540",177,140,3.71247396984724,37
"15541",177,141,2.26819346826463,36
"15542",177,142,3.40549329350709,35
"15543",177,143,4.64731940960536,34
"15544",177,144,3.57646404702657,33
"15545",177,145,2.39863151582675,32
"15546",177,146,2.77380474702827,31
"15547",177,147,2.85576115355489,30
"15548",177,148,3.66552043907611,29
"15549",177,149,3.99854988752865,28
"15550",177,150,2.22590346621319,27
"15551",177,151,2.60688790685448,26
"15552",177,152,4.04558901358247,25
"15553",177,153,4.08468927184254,24
"15554",177,154,4.0298426358498,23
"15555",177,155,1.51870589159362,22
"15556",177,156,1.8799581602413,21
"15557",177,157,1.21875773027085,20
"15558",177,158,2.10728756719296,19
"15559",177,159,2.87401590408459,18
"15560",177,160,3.22098127368562,17
"15561",177,161,2.3815499406029,16
"15562",177,162,2.45208971948931,15
"15563",177,163,2.57613288235601,14
"15564",177,164,3.50707919598301,13
"15565",177,165,3.13357685352754,12
"15566",177,166,2.1206683498206,11
"15567",177,167,3.38364906801508,10
"15568",177,168,2.78838878914602,9
"15569",177,169,1.49196681462533,8
"15570",177,170,1.27397318611188,7
"15571",177,171,3.10979053686177,6
"15572",177,172,2.7234862389786,5
"15573",177,173,3.31488832626755,4
"15574",177,174,4.15236173945913,3
"15575",177,175,2.39826965713849,2
"15576",177,176,1.79881784875308,1
"15577",178,1,6.53669356892554,177
"15578",178,2,7.12023758842865,176
"15579",178,3,11.2696182040897,175
"15580",178,4,8.6916033439068,174
"15581",178,5,9.76473139553694,173
"15582",178,6,8.35103536278235,172
"15583",178,7,9.47633291581056,171
"15584",178,8,11.3299811034962,170
"15585",178,9,14.0696730991962,169
"15586",178,10,11.3214694462254,168
"15587",178,11,8.29430154884622,167
"15588",178,12,11.4252038242922,166
"15589",178,13,12.4165575988272,165
"15590",178,14,9.02765921393794,164
"15591",178,15,8.63815803210268,163
"15592",178,16,9.38217933088553,162
"15593",178,17,10.1141879868299,161
"15594",178,18,9.0671613323665,160
"15595",178,19,7.88695896972536,159
"15596",178,20,8.742207841972,158
"15597",178,21,13.0621458241271,157
"15598",178,22,12.4878947913949,156
"15599",178,23,12.8616851412018,155
"15600",178,24,11.0032395902571,154
"15601",178,25,7.71853546988771,153
"15602",178,26,11.4961064078508,152
"15603",178,27,7.69233864469886,151
"15604",178,28,8.46070222433287,150
"15605",178,29,8.08520164298575,149
"15606",178,30,7.73712104988495,148
"15607",178,31,9.41159862284309,147
"15608",178,32,9.0098315159144,146
"15609",178,33,9.62348461385864,145
"15610",178,34,11.853644122552,144
"15611",178,35,8.01199905839557,143
"15612",178,36,9.51642288605812,142
"15613",178,37,7.18615535396656,141
"15614",178,38,7.2696675120437,140
"15615",178,39,11.9138652935401,139
"15616",178,40,10.9113016006861,138
"15617",178,41,11.6340256914423,137
"15618",178,42,8.55917767070465,136
"15619",178,43,9.19266539870607,135
"15620",178,44,8.90430248546338,134
"15621",178,45,10.1757139441915,133
"15622",178,46,11.5034809801752,132
"15623",178,47,9.15465584561734,131
"15624",178,48,6.32629455759193,130
"15625",178,49,5.22014222719664,129
"15626",178,50,12.7272019349998,128
"15627",178,51,9.57916848967012,127
"15628",178,52,9.23413967969868,126
"15629",178,53,9.70049351762828,125
"15630",178,54,8.70978375048233,124
"15631",178,55,8.30139471342257,123
"15632",178,56,8.56118215325312,122
"15633",178,57,8.14134365279747,121
"15634",178,58,5.45534693214313,120
"15635",178,59,8.04327546083621,119
"15636",178,60,8.87462240041655,118
"15637",178,61,9.63922843445881,117
"15638",178,62,11.5852831042995,116
"15639",178,63,8.34320085255928,115
"15640",178,64,7.34441540093133,114
"15641",178,65,9.82550508237038,113
"15642",178,66,10.8414051695466,112
"15643",178,67,7.71208308177492,111
"15644",178,68,8.47719003984195,110
"15645",178,69,10.8984953060372,109
"15646",178,70,7.58891407071216,108
"15647",178,71,7.43125098418206,107
"15648",178,72,7.56546227723381,106
"15649",178,73,6.88602757738249,105
"15650",178,74,6.68097033021958,104
"15651",178,75,6.8358719357742,103
"15652",178,76,5.72667566517538,102
"15653",178,77,4.45467438524924,101
"15654",178,78,8.29500352866605,100
"15655",178,79,8.07383175913649,99
"15656",178,80,6.92633912803381,98
"15657",178,81,5.25277552583734,97
"15658",178,82,8.17988753505526,96
"15659",178,83,9.26939070124917,95
"15660",178,84,9.46397682089611,94
"15661",178,85,9.84438234646779,93
"15662",178,86,8.97363375344592,92
"15663",178,87,10.4970380633886,91
"15664",178,88,9.98094637632577,90
"15665",178,89,6.96292738403906,89
"15666",178,90,9.92132342750486,88
"15667",178,91,8.43523540601621,87
"15668",178,92,6.90586039855502,86
"15669",178,93,6.75802026269992,85
"15670",178,94,6.84721037549211,84
"15671",178,95,7.99762625314263,83
"15672",178,96,7.71405663415899,82
"15673",178,97,4.69680945022228,81
"15674",178,98,8.30223102616499,80
"15675",178,99,7.0552551960215,79
"15676",178,100,5.58472301956659,78
"15677",178,101,4.49041369007076,77
"15678",178,102,5.27697357285893,76
"15679",178,103,6.84562657336507,75
"15680",178,104,3.92963916279292,74
"15681",178,105,5.0982604593909,73
"15682",178,106,8.33774880877907,72
"15683",178,107,7.14893287611801,71
"15684",178,108,3.88527159844545,70
"15685",178,109,3.33094653532046,69
"15686",178,110,3.33428193562839,68
"15687",178,111,7.77374202247952,67
"15688",178,112,7.53281444686593,66
"15689",178,113,6.46563243400083,65
"15690",178,114,3.63998165056364,64
"15691",178,115,2.91729233682158,63
"15692",178,116,4.08594378520468,62
"15693",178,117,4.95083692120486,61
"15694",178,118,4.09199615825237,60
"15695",178,119,5.55538106728689,59
"15696",178,120,5.7737954788635,58
"15697",178,121,4.06829958755495,57
"15698",178,122,3.31948572546971,56
"15699",178,123,4.29380172197886,55
"15700",178,124,7.53761579844457,54
"15701",178,125,7.34878426448377,53
"15702",178,126,4.92292806869292,52
"15703",178,127,3.68477784250606,51
"15704",178,128,2.7057909250738,50
"15705",178,129,3.34334317232608,49
"15706",178,130,3.27308864898767,48
"15707",178,131,2.27040488513786,47
"15708",178,132,3.68621141295943,46
"15709",178,133,4.85206445166795,45
"15710",178,134,4.55505876216962,44
"15711",178,135,3.78847081807342,43
"15712",178,136,2.65883099144089,42
"15713",178,137,5.16502001063196,41
"15714",178,138,4.59613256675768,40
"15715",178,139,3.40295580644548,39
"15716",178,140,2.55675528298544,38
"15717",178,141,1.53825334412649,37
"15718",178,142,2.24977460664529,36
"15719",178,143,3.49160072274356,35
"15720",178,144,2.42074536016477,34
"15721",178,145,1.24291282896495,33
"15722",178,146,1.64029702091019,32
"15723",178,147,1.76180727688613,31
"15724",178,148,2.5098017522143,30
"15725",178,149,2.84283120066685,29
"15726",178,150,1.09239574009512,28
"15727",178,151,1.76469952451114,27
"15728",178,152,2.91208128746439,26
"15729",178,153,4.90084022048384,25
"15730",178,154,4.82378262374739,24
"15731",178,155,2.3126458794912,23
"15732",178,156,0.802669535792409,22
"15733",178,157,0.847380005303798,21
"15734",178,158,1.78612865827669,20
"15735",178,159,2.22792284665635,19
"15736",178,160,3.29760651810785,18
"15737",178,161,1.96515356690511,17
"15738",178,162,1.36900420047708,16
"15739",178,163,1.44262515623793,15
"15740",178,164,4.30101918388059,14
"15741",178,165,3.92751684142512,13
"15742",178,166,2.91460833771818,12
"15743",178,167,2.22793038115328,11
"15744",178,168,1.63267010228422,10
"15745",178,169,0.35845908850725,9
"15746",178,170,0.285815756911861,8
"15747",178,171,1.95407184999997,7
"15748",178,172,1.58997851286052,6
"15749",178,173,2.18138060014947,5
"15750",178,174,3.01885401334105,4
"15751",178,175,2.40766529208626,3
"15752",178,176,2.61496879739438,2
"15753",178,177,1.1557186868618,1
"15754",179,1,7.20904726955816,178
"15755",179,2,7.79259128906128,177
"15756",179,3,11.6170377562104,176
"15757",179,4,9.03902289602746,175
"15758",179,5,10.1121509476576,174
"15759",179,6,9.65293400320079,173
"15760",179,7,9.82375246793122,172
"15761",179,8,11.6774006556168,171
"15762",179,9,14.4170926513169,170
"15763",179,10,11.668888998346,169
"15764",179,11,9.54282819633493,168
"15765",179,12,11.7726233764129,167
"15766",179,13,12.7639771509479,166
"15767",179,14,9.83638648184988,165
"15768",179,15,8.98557758422334,164
"15769",179,16,9.72959888300619,163
"15770",179,17,10.4616075389505,162
"15771",179,18,9.73951503299913,161
"15772",179,19,8.55931267035799,160
"15773",179,20,9.08962739409266,159
"15774",179,21,13.4095653762477,158
"15775",179,22,12.8353143435156,157
"15776",179,23,13.2091046933224,156
"15777",179,24,11.3506591423778,155
"15778",179,25,8.44277852799474,154
"15779",179,26,12.1684601084835,153
"15780",179,27,9.15662776765916,152
"15781",179,28,9.67884785056169,151
"15782",179,29,8.66889293464346,150
"15783",179,30,9.36395383881536,149
"15784",179,31,9.75901817496375,148
"15785",179,32,10.6366643048448,147
"15786",179,33,10.2958383144913,146
"15787",179,34,12.2010636746726,145
"15788",179,35,8.78714593380193,144
"15789",179,36,10.1887765866908,143
"15790",179,37,7.59816058741283,142
"15791",179,38,8.8965003009741,141
"15792",179,39,12.2612848456607,140
"15793",179,40,11.2587211528068,139
"15794",179,41,11.981445243563,138
"15795",179,42,9.83605358642102,137
"15796",179,43,9.54008495082673,136
"15797",179,44,9.25172203758405,135
"15798",179,45,10.5231334963121,134
"15799",179,46,11.8509005322959,133
"15800",179,47,9.502075397738,132
"15801",179,48,6.67371410971259,131
"15802",179,49,5.5675617793173,130
"15803",179,50,13.0746214871205,129
"15804",179,51,9.92658804179078,128
"15805",179,52,9.58155923181934,127
"15806",179,53,10.0479130697489,126
"15807",179,54,10.0116823909008,125
"15808",179,55,8.9737484140552,124
"15809",179,56,9.23353585388575,123
"15810",179,57,8.48876320491813,122
"15811",179,58,6.62282284140768,121
"15812",179,59,8.71562916146884,120
"15813",179,60,9.22204195253721,119
"15814",179,61,9.98664798657947,118
"15815",179,62,11.9327026564202,117
"15816",179,63,8.69062040467994,116
"15817",179,64,8.01676910156396,115
"15818",179,65,10.497858783003,114
"15819",179,66,11.1888247216673,113
"15820",179,67,8.67422410259,112
"15821",179,68,9.14954374047458,111
"15822",179,69,11.2459148581578,110
"15823",179,70,8.14337392817038,109
"15824",179,71,7.77867053630272,108
"15825",179,72,7.91288182935447,107
"15826",179,73,7.42481114783281,106
"15827",179,74,7.317275514252,105
"15828",179,75,7.50822563640683,104
"15829",179,76,6.07409521729604,103
"15830",179,77,4.8020939373699,102
"15831",179,78,8.64242308078671,101
"15832",179,79,8.42125131125715,100
"15833",179,80,7.59869282866644,99
"15834",179,81,5.600195077958,98
"15835",179,82,8.85224123568788,97
"15836",179,83,9.9417444018818,96
"15837",179,84,9.81139637301677,95
"15838",179,85,10.1918018985885,94
"15839",179,86,9.32105330556658,93
"15840",179,87,10.8444576155093,92
"15841",179,88,10.3283659284464,91
"15842",179,89,7.47842095984588,90
"15843",179,90,10.5936771281375,89
"15844",179,91,9.10758910664883,88
"15845",179,92,7.51659143914336,87
"15846",179,93,7.10543981482058,86
"15847",179,94,7.19462992761277,85
"15848",179,95,8.45148372298325,84
"15849",179,96,8.06147618627966,83
"15850",179,97,5.04422900234294,82
"15851",179,98,8.97458472679762,81
"15852",179,99,8.01893375805036,80
"15853",179,100,6.25707672019922,79
"15854",179,101,5.16276739070339,78
"15855",179,102,5.94932727349156,77
"15856",179,103,7.5179802739977,76
"15857",179,104,5.15059110958054,75
"15858",179,105,5.77061416002353,74
"15859",179,106,9.01010250941169,73
"15860",179,107,7.49635242823867,72
"15861",179,108,4.23269115056611,71
"15862",179,109,4.00330023595309,70
"15863",179,110,3.68170148774905,69
"15864",179,111,8.12116157460018,68
"15865",179,112,8.20516814749856,67
"15866",179,113,7.13798613463346,66
"15867",179,114,4.31233535119627,65
"15868",179,115,3.58964603745421,64
"15869",179,116,4.75829748583731,63
"15870",179,117,5.62319062183749,62
"15871",179,118,4.764349858885,61
"15872",179,119,5.90280061940756,60
"15873",179,120,6.12121503098416,59
"15874",179,121,5.69513237648535,58
"15875",179,122,3.99183942610234,57
"15876",179,123,4.96615542261149,56
"15877",179,124,8.2099694990772,55
"15878",179,125,7.69620381660443,54
"15879",179,126,5.27034762081358,53
"15880",179,127,4.03219739462673,52
"15881",179,128,4.00768956549224,51
"15882",179,129,3.69076272444674,50
"15883",179,130,4.36473917738238,49
"15884",179,131,3.23275399513964,48
"15885",179,132,4.35856511359206,47
"15886",179,133,5.52441815230058,46
"15887",179,134,5.47017451024967,45
"15888",179,135,4.46082451870605,44
"15889",179,136,3.78409080695131,43
"15890",179,137,5.83737371126459,42
"15891",179,138,5.26848626739031,41
"15892",179,139,5.01353162766403,40
"15893",179,140,3.73034381210964,39
"15894",179,141,2.50039436494156,38
"15895",179,142,2.92212830727792,37
"15896",179,143,4.16395442337619,36
"15897",179,144,3.09309906079739,35
"15898",179,145,1.91526652959758,34
"15899",179,146,1.68420491387556,33
"15900",179,147,2.37239616732571,32
"15901",179,148,3.18215545284693,31
"15902",179,149,3.51518490129948,30
"15903",179,150,0.892999448006381,29
"15904",179,151,1.02865292267973,28
"15905",179,152,1.61018264704595,27
"15906",179,153,5.00170033958056,26
"15907",179,154,5.17120217586805,25
"15908",179,155,3.20996711864561,24
"15909",179,156,1.5420215043752,23
"15910",179,157,1.77711113528854,22
"15911",179,158,1.46025403079636,21
"15912",179,159,0.795289291224552,20
"15913",179,160,1.67077372917745,19
"15914",179,161,0.435316350130654,18
"15915",179,162,0.532688392951015,17
"15916",179,163,1.89034608429282,16
"15917",179,164,4.64843873600125,15
"15918",179,165,4.27493639354578,14
"15919",179,166,3.26202788983884,13
"15920",179,167,2.90028408178591,12
"15921",179,168,2.33764178293389,11
"15922",179,169,1.43085422060103,10
"15923",179,170,1.59842564200863,9
"15924",179,171,2.62642555063259,8
"15925",179,172,2.2395171146172,7
"15926",179,173,0.879481959731034,6
"15927",179,174,1.71695537292262,5
"15928",179,175,2.05929540356469,4
"15929",179,176,2.73818202738359,3
"15930",179,177,2.43540636653651,2
"15931",179,178,1.6268327889304,1
"15932",180,1,8.56037841808512,179
"15933",180,2,6.85252234696509,178
"15934",180,3,8.85094452005308,177
"15935",180,4,9.80623866049782,176
"15936",180,5,8.94337631984688,175
"15937",180,6,9.8662203191808,174
"15938",180,7,9.13817882318871,173
"15939",180,8,9.06966035767038,172
"15940",180,9,11.2995367788037,171
"15941",180,10,9.5541669388927,170
"15942",180,11,11.3145775354643,169
"15943",180,12,10.0215496542338,168
"15944",180,13,9.64642127843467,167
"15945",180,14,10.3127422597035,166
"15946",180,15,8.58068800883527,165
"15947",180,16,8.52094916479186,164
"15948",180,17,9.63994149477704,163
"15949",180,18,11.4464445904679,162
"15950",180,19,8.66546413675105,161
"15951",180,20,8.230078765942,160
"15952",180,21,10.2920095037345,159
"15953",180,22,12.0548861604054,158
"15954",180,23,10.4874645096764,157
"15955",180,24,10.9250230226109,156
"15956",180,25,9.98312355131304,155
"15957",180,26,10.8829110941493,154
"15958",180,27,10.9283771067886,153
"15959",180,28,11.4505971896911,152
"15960",180,29,10.4124982112701,151
"15961",180,30,11.1357031779448,150
"15962",180,31,10.0056705437402,149
"15963",180,32,12.4084136439742,148
"15964",180,33,9.01028930015714,147
"15965",180,34,9.08350780215944,146
"15966",180,35,9.90071739617635,145
"15967",180,36,11.5236426783191,144
"15968",180,37,8.48471110451389,143
"15969",180,38,10.6682496401035,142
"15970",180,39,9.6815658489432,141
"15971",180,40,10.0395109083668,140
"15972",180,41,9.90137003369715,139
"15973",180,42,9.8893737696175,138
"15974",180,43,8.56485863095729,137
"15975",180,44,6.15856462221278,136
"15976",180,45,7.40557762379893,135
"15977",180,46,8.73334465978267,134
"15978",180,47,6.64541134306446,133
"15979",180,48,4.47639129384739,132
"15980",180,49,2.70211694233333,131
"15981",180,50,9.95706561460729,130
"15982",180,51,7.8126983390843,129
"15983",180,52,7.90383301357689,128
"15984",180,53,9.72448729452522,127
"15985",180,54,9.95142487185109,126
"15986",180,55,7.98277565465969,125
"15987",180,56,7.94798683955163,124
"15988",180,57,7.86638312070662,123
"15989",180,58,8.39457218053708,122
"15990",180,59,7.43008014713471,121
"15991",180,60,7.78390329164729,120
"15992",180,61,6.86909211406627,119
"15993",180,62,9.75329087104789,118
"15994",180,63,8.60673264446223,117
"15995",180,64,6.99003101320238,116
"15996",180,65,9.21230976866888,115
"15997",180,66,8.78910628135669,114
"15998",180,67,8.61396658354032,113
"15999",180,68,8.94790528857285,112
"16000",180,69,8.12835898564463,111
"16001",180,70,7.6082725545633,110
"16002",180,71,7.02853174440173,109
"16003",180,72,5.19163105877133,108
"16004",180,73,7.36455362878313,107
"16005",180,74,8.04790262996658,106
"16006",180,75,7.74963507416244,105
"16007",180,76,5.72723555526997,104
"16008",180,77,2.85285914602028,103
"16009",180,78,5.5248672082735,102
"16010",180,79,6.71089856388116,101
"16011",180,80,6.31314381433231,100
"16012",180,81,5.1240284799175,99
"16013",180,82,8.28355946957523,98
"16014",180,83,9.1252804366923,97
"16015",180,84,7.50268316925156,96
"16016",180,85,8.4333285267854,95
"16017",180,86,8.21990766343713,94
"16018",180,87,9.0174968901298,93
"16019",180,88,8.11664829683717,92
"16020",180,89,8.50612140073961,91
"16021",180,90,10.4571705916765,90
"16022",180,91,7.90301279709386,89
"16023",180,92,7.91331344363084,88
"16024",180,93,6.05857943927452,87
"16025",180,94,4.07707405509957,86
"16026",180,95,7.16593470864913,85
"16027",180,96,4.94392031376645,84
"16028",180,97,5.92683828885403,83
"16029",180,98,8.59497799796079,82
"16030",180,99,9.79068309717977,81
"16031",180,100,7.96421436685467,80
"16032",180,101,3.87721837636926,79
"16033",180,102,4.66377825915743,78
"16034",180,103,6.52386016565317,77
"16035",180,104,5.66178527106379,76
"16036",180,105,5.40705630971183,75
"16037",180,106,7.72455349507757,74
"16038",180,107,4.37879655572547,73
"16039",180,108,4.2702941827881,72
"16040",180,109,5.41900897661894,71
"16041",180,110,2.64475184286883,70
"16042",180,111,5.00360570208698,69
"16043",180,112,8.01989070790203,68
"16044",180,113,6.66127978904733,67
"16045",180,114,4.83835877407667,66
"16046",180,115,4.29363773726971,65
"16047",180,116,3.47274847150318,64
"16048",180,117,4.33764160750336,63
"16049",180,118,3.47880084455087,62
"16050",180,119,3.35119531245323,61
"16051",180,120,3.77217644492725,60
"16052",180,121,7.46688171561475,59
"16053",180,122,4.74470607364672,58
"16054",180,123,3.68060640827737,57
"16055",180,124,6.92442048474307,56
"16056",180,125,4.57864794409123,55
"16057",180,126,4.26425687962799,54
"16058",180,127,4.13406977385261,53
"16059",180,128,5.74582409988441,52
"16060",180,129,4.02684303700934,51
"16061",180,130,4.3044816583327,50
"16062",180,131,4.98769593190042,49
"16063",180,132,4.94982449650654,48
"16064",180,133,6.37428037200091,47
"16065",180,134,7.24192384937907,46
"16066",180,135,6.00638091187994,45
"16067",180,136,5.55584014608071,44
"16068",180,137,4.55182469693046,43
"16069",180,138,5.55216382119671,42
"16070",180,139,6.78528096679344,41
"16071",180,140,5.50209315123904,40
"16072",180,141,4.17129928985926,39
"16073",180,142,4.59698611884473,38
"16074",180,143,3.60617132841755,37
"16075",180,144,3.23111418390567,36
"16076",180,145,3.42820494275442,35
"16077",180,146,2.01600309210902,34
"16078",180,147,1.63677485117367,33
"16079",180,148,2.72191416415936,32
"16080",180,149,3.47512770287931,31
"16081",180,150,3.24770654719989,30
"16082",180,151,4.14620879519293,29
"16083",180,152,3.09400430353804,28
"16084",180,153,1.88414446706736,27
"16085",180,154,2.27994329390371,26
"16086",180,155,3.14970959959593,25
"16087",180,156,3.3137708435046,24
"16088",180,157,3.08945366103515,23
"16089",180,158,1.65730184171684,22
"16090",180,159,3.75036464355988,21
"16091",180,160,3.75746834896419,20
"16092",180,161,3.16069501873553,19
"16093",180,162,2.85937942096831,18
"16094",180,163,3.16049643885391,17
"16095",180,164,1.53088286348805,16
"16096",180,165,1.28062584112116,15
"16097",180,166,2.58715294668811,14
"16098",180,167,3.05445212801267,13
"16099",180,168,4.10939112206329,12
"16100",180,169,3.20260355973044,11
"16101",180,170,3.37017498113803,10
"16102",180,171,4.10705811755246,9
"16103",180,172,3.31567632486639,8
"16104",180,173,3.26927191286875,7
"16105",180,174,2.37591149328991,6
"16106",180,175,1.05826046894852,5
"16107",180,176,0.97970865558053,4
"16108",180,177,2.5824311794185,3
"16109",180,178,3.39858212805981,2
"16110",180,179,3.1175558725132,1
"16111",181,1,7.67977187559318,180
"16112",181,2,7.61652268049997,179
"16113",181,3,8.79354780207615,178
"16114",181,4,8.92563211800589,177
"16115",181,5,7.28441208220457,176
"16116",181,6,8.98561377668887,175
"16117",181,7,8.25757228069678,174
"16118",181,8,10.1791407634432,173
"16119",181,9,11.5518396637771,172
"16120",181,10,9.45912470318224,171
"16121",181,11,10.4339709929724,170
"16122",181,12,11.1310300600066,169
"16123",181,13,10.3861388320979,168
"16124",181,14,9.43213571721153,167
"16125",181,15,7.70008146634334,166
"16126",181,16,7.53103504078085,165
"16127",181,17,8.98576199857567,164
"16128",181,18,10.5658380479759,163
"16129",181,19,8.38324406179667,162
"16130",181,20,7.62498230665623,161
"16131",181,21,10.8524391348513,160
"16132",181,22,10.3171020971141,159
"16133",181,23,10.3755168518451,158
"16134",181,24,9.96134757465232,157
"16135",181,25,9.10251700882111,156
"16136",181,26,11.9923914999222,155
"16137",181,27,10.0477705642966,154
"16138",181,28,10.5699906471992,153
"16139",181,29,9.53189166877818,152
"16140",181,30,10.2550966354528,151
"16141",181,31,9.17396496012549,150
"16142",181,32,11.5278071014823,149
"16143",181,33,10.11976970593,148
"16144",181,34,9.38500931534627,147
"16145",181,35,9.02011085368442,146
"16146",181,36,10.6430361358272,145
"16147",181,37,7.60410456202196,144
"16148",181,38,9.78764309761157,143
"16149",181,39,10.791046254716,142
"16150",181,40,9.20850616684779,141
"16151",181,41,9.15954190821234,140
"16152",181,42,9.00876722712557,139
"16153",181,43,8.15388337172511,138
"16154",181,44,6.69873714013124,137
"16155",181,45,7.65788050877235,136
"16156",181,46,8.9856475447561,135
"16157",181,47,6.63682241019822,134
"16158",181,48,4.76087610775372,133
"16159",181,49,3.81159734810614,132
"16160",181,50,10.2093684995807,131
"16161",181,51,7.061335054251,130
"16162",181,52,9.0133134193497,129
"16163",181,53,9.11364237145655,128
"16164",181,54,8.21364080855978,127
"16165",181,55,8.79767980549389,126
"16166",181,56,9.05746724532444,125
"16167",181,57,7.01852461397343,124
"16168",181,58,7.51396563804515,123
"16169",181,59,8.53956055290752,122
"16170",181,60,7.71258160742511,121
"16171",181,61,7.32867733097135,120
"16172",181,62,9.0674496688804,119
"16173",181,63,8.19521115111493,118
"16174",181,64,7.84070049300264,117
"16175",181,65,10.3217901744417,116
"16176",181,66,9.8985866871295,115
"16177",181,67,6.87618252024901,114
"16178",181,68,8.97347513191326,113
"16179",181,69,8.38066187061806,112
"16180",181,70,7.96730531960906,111
"16181",181,71,7.07035855545399,110
"16182",181,72,6.30111146454414,109
"16183",181,73,6.47103900127211,108
"16184",181,74,7.16729608747466,107
"16185",181,75,7.33215702784552,106
"16186",181,76,5.47784154951935,105
"16187",181,77,3.16109213836007,104
"16188",181,78,5.77717009324693,103
"16189",181,79,6.0882282500829,102
"16190",181,80,7.42262422010512,101
"16191",181,81,5.29526075395604,100
"16192",181,82,8.67617262712657,99
"16193",181,83,9.76567579332048,98
"16194",181,84,7.76409915210898,97
"16195",181,85,7.32654891104867,96
"16196",181,86,7.28546364967806,95
"16197",181,87,7.97920462796953,94
"16198",181,88,7.46311294090665,93
"16199",181,89,7.62551485824768,92
"16200",181,90,10.4176085195762,91
"16201",181,91,8.93152049808752,90
"16202",181,92,7.34052283058204,89
"16203",181,93,4.9370623141918,88
"16204",181,94,4.32937694007299,87
"16205",181,95,8.27541511442194,86
"16206",181,96,5.689231370938,85
"16207",181,97,5.0462317463621,84
"16208",181,98,8.7985161182363,83
"16209",181,99,8.91007655468784,82
"16210",181,100,7.08360782436274,81
"16211",181,101,4.98669878214207,80
"16212",181,102,5.77325866493024,79
"16213",181,103,7.34191166543638,78
"16214",181,104,4.78117872857186,77
"16215",181,105,5.59454555146221,76
"16216",181,106,8.83403390085038,75
"16217",181,107,5.24175942947732,74
"16218",181,108,3.38968764029617,73
"16219",181,109,4.53840243412701,72
"16220",181,110,3.23671444128989,71
"16221",181,111,5.2559085870604,70
"16222",181,112,8.02909953893724,69
"16223",181,113,6.96191752607214,68
"16224",181,114,4.13626674263496,67
"16225",181,115,3.41357742889289,66
"16226",181,116,4.58222887727599,65
"16227",181,117,5.44712201327617,64
"16228",181,118,4.58828125032368,63
"16229",181,119,3.34567437801113,62
"16230",181,120,4.1859626772265,61
"16231",181,121,6.58627517312282,60
"16232",181,122,3.86409953115479,59
"16233",181,123,4.79008681405018,58
"16234",181,124,8.03390089051588,57
"16235",181,125,4.96541004801358,56
"16236",181,126,4.50041297992055,55
"16237",181,127,3.25346323136068,54
"16238",181,128,4.86521755739248,53
"16239",181,129,3.14623649451741,52
"16240",181,130,3.30622329926046,51
"16241",181,131,4.10708938940849,50
"16242",181,132,4.18249650503074,49
"16243",181,133,5.49367382950898,48
"16244",181,134,6.36131730688714,47
"16245",181,135,5.12577436938801,46
"16246",181,136,4.67523360358878,45
"16247",181,137,5.66130510270327,44
"16248",181,138,5.09241765882899,43
"16249",181,139,5.90467442430151,42
"16250",181,140,4.62148660874711,41
"16251",181,141,3.29069274736734,40
"16252",181,142,3.7163795763528,39
"16253",181,143,3.98788581481488,38
"16254",181,144,2.91703045223608,37
"16255",181,145,2.54759840026249,36
"16256",181,146,2.13643996283274,35
"16257",181,147,2.1963275587644,34
"16258",181,148,3.00608684428562,33
"16259",181,149,3.33911629273816,32
"16260",181,150,2.99540366222647,31
"16261",181,151,3.89390591021951,30
"16262",181,152,3.40822422938695,29
"16263",181,153,2.38286463491597,28
"16264",181,154,2.30594918832827,27
"16265",181,155,1.70885182950952,26
"16266",181,156,2.43316430101267,25
"16267",181,157,2.20884711854322,24
"16268",181,158,1.46992278299743,23
"16269",181,159,3.49806175858645,22
"16270",181,160,3.50516546399076,21
"16271",181,161,2.90839213376211,20
"16272",181,162,2.60707653599489,19
"16273",181,163,2.50438051879096,18
"16274",181,164,2.59553456566329,17
"16275",181,165,2.39010624689397,16
"16276",181,166,1.35359095445526,15
"16277",181,167,2.72421547322459,14
"16278",181,168,3.22878457957136,13
"16279",181,169,2.56884075055998,12
"16280",181,170,2.80364919233098,11
"16281",181,171,3.22645157506054,10
"16282",181,172,2.45774273110166,9
"16283",181,173,3.01696902789533,8
"16284",181,174,3.51499695526361,7
"16285",181,175,1.76090487294297,6
"16286",181,176,0.758075407710784,5
"16287",181,177,1.72389344752153,4
"16288",181,178,2.51797558556788,3
"16289",181,179,2.86525298753978,2
"16290",181,180,1.73778406329131,1
"16291",182,1,8.63277409664176,181
"16292",182,2,9.21631811614488,180
"16293",182,3,10.3933432377211,179
"16294",182,4,9.87473266680363,178
"16295",182,5,8.88420751784948,177
"16296",182,6,8.43418320010925,176
"16297",182,7,9.42594680999186,175
"16298",182,8,11.7789361990881,174
"16299",182,9,13.151635099422,173
"16300",182,10,11.0589201388272,172
"16301",182,11,10.3903820765624,171
"16302",182,12,12.7308254956515,170
"16303",182,13,11.9859342677429,169
"16304",182,14,9.50341203186638,168
"16305",182,15,8.5884980060663,167
"16306",182,16,9.13083047642577,166
"16307",182,17,10.5855574342206,165
"16308",182,18,11.1632418600827,164
"16309",182,19,9.98303949744159,163
"16310",182,20,9.22477774230115,162
"16311",182,21,12.4522345704962,161
"16312",182,22,11.1104499782379,160
"16313",182,23,11.97531228749,159
"16314",182,24,10.8593102058157,158
"16315",182,25,9.25827753328087,157
"16316",182,26,13.5921869355671,156
"16317",182,27,9.78841917241509,155
"16318",182,28,10.5567827520491,154
"16319",182,29,10.0926197617271,153
"16320",182,30,9.70366605887321,152
"16321",182,31,10.7737603957704,151
"16322",182,32,10.9763765249027,150
"16323",182,33,11.7195651415749,149
"16324",182,34,10.9848047509912,148
"16325",182,35,9.12496756084485,147
"16326",182,36,11.6125034137744,146
"16327",182,37,8.07210291114248,145
"16328",182,38,9.23621252103195,144
"16329",182,39,12.3908416903609,143
"16330",182,40,10.8083016024927,142
"16331",182,41,10.7593373438573,141
"16332",182,42,8.61189489397599,140
"16333",182,43,9.75367880737003,139
"16334",182,44,8.29853257577616,138
"16335",182,45,8.74784692392864,137
"16336",182,46,10.0756139599124,136
"16337",182,47,8.09289438670863,135
"16338",182,48,6.36067154339864,134
"16339",182,49,5.41139278375105,133
"16340",182,50,11.299334914737,132
"16341",182,51,8.30695146126256,131
"16342",182,52,10.6131088549946,130
"16343",182,53,10.7134378071015,129
"16344",182,54,7.51263779682137,128
"16345",182,55,10.3974752411388,127
"16346",182,56,10.6572626809694,126
"16347",182,57,8.61832004961834,125
"16348",182,58,7.55142745985936,124
"16349",182,59,10.1393559885524,123
"16350",182,60,9.31237704307003,122
"16351",182,61,8.92847276661627,121
"16352",182,62,10.1574160840367,120
"16353",182,63,9.79500658675985,119
"16354",182,64,9.44049592864755,118
"16355",182,65,11.9215856100866,117
"16356",182,66,11.4983821227744,116
"16357",182,67,6.61475715945423,115
"16358",182,68,10.5732705675582,114
"16359",182,69,9.47062828577434,113
"16360",182,70,9.56710075525397,112
"16361",182,71,8.6701539910989,111
"16362",182,72,7.90090690018905,110
"16363",182,73,6.81225901338858,109
"16364",182,74,8.7410023413356,108
"16365",182,75,8.93195246349043,107
"16366",182,76,7.07763698516426,106
"16367",182,77,4.76088757400498,105
"16368",182,78,6.86713650840321,104
"16369",182,79,7.68802368572781,103
"16370",182,80,9.02241965575004,102
"16371",182,81,6.89505618960095,101
"16372",182,82,10.2759680627715,100
"16373",182,83,11.3654712289654,99
"16374",182,84,9.36389458775389,98
"16375",182,85,8.41651532620496,97
"16376",182,86,8.85893580320395,96
"16377",182,87,9.06917104312581,95
"16378",182,88,8.55307935606293,94
"16379",182,89,8.90214778692948,93
"16380",182,90,12.0174039552211,92
"16381",182,91,10.5313159337324,91
"16382",182,92,8.94031826622696,90
"16383",182,93,6.45624920113431,89
"16384",182,94,5.82272101207604,88
"16385",182,95,9.87521055006685,87
"16386",182,96,7.28902680658291,86
"16387",182,97,6.04777077021116,85
"16388",182,98,10.3983115538812,84
"16389",182,99,9.15133572373772,83
"16390",182,100,7.68080354728282,82
"16391",182,101,6.58649421778699,81
"16392",182,102,7.37305410057516,80
"16393",182,103,8.9417071010813,79
"16394",182,104,4.44023036435103,78
"16395",182,105,7.19434098710712,77
"16396",182,106,10.4338293364953,76
"16397",182,107,6.84155486512224,75
"16398",182,108,4.42387065531061,74
"16399",182,109,5.42702706303669,73
"16400",182,110,4.8365098769348,72
"16401",182,111,6.49153467410405,71
"16402",182,112,9.62889497458216,70
"16403",182,113,8.56171296171706,69
"16404",182,114,5.73606217827987,68
"16405",182,115,5.01337286453781,67
"16406",182,116,6.18202431292091,66
"16407",182,117,7.04691744892109,65
"16408",182,118,6.1880766859686,64
"16409",182,119,4.94546981365604,63
"16410",182,120,5.78575811287142,62
"16411",182,121,6.13228235822091,61
"16412",182,122,5.41556625318594,60
"16413",182,123,6.38988224969509,59
"16414",182,124,9.6336963261608,58
"16415",182,125,6.56520548365849,57
"16416",182,126,6.10020841556547,56
"16417",182,127,4.20656949700261,55
"16418",182,128,4.31378698081286,54
"16419",182,129,4.50381611683002,53
"16420",182,130,3.09457635343255,52
"16421",182,131,4.0247438619735,51
"16422",182,132,5.78229194067566,50
"16423",182,133,6.94814497938418,49
"16424",182,134,6.65113928988585,48
"16425",182,135,5.88455134578965,47
"16426",182,136,4.75491151915711,46
"16427",182,137,7.26110053834819,45
"16428",182,138,6.6922130944739,44
"16429",182,139,5.4990363341617,43
"16430",182,140,4.65283581070167,42
"16431",182,141,3.20855530911905,41
"16432",182,142,4.34585513436152,40
"16433",182,143,5.58768125045979,39
"16434",182,144,4.51682588788099,38
"16435",182,145,3.33899335668118,37
"16436",182,146,3.197699559901,36
"16437",182,147,3.79612299440931,35
"16438",182,148,4.60588227993053,34
"16439",182,149,4.93891172838308,33
"16440",182,150,2.64979827908592,32
"16441",182,151,3.03078271972721,31
"16442",182,152,4.4694838264552,30
"16443",182,153,3.22641376719707,29
"16444",182,154,3.39591560348455,28
"16445",182,155,1.69153417292191,27
"16446",182,156,2.82032000109573,26
"16447",182,157,2.15911957112527,25
"16448",182,158,2.53118238006569,24
"16449",182,159,3.29791071695732,23
"16450",182,160,3.64487608655835,22
"16451",182,161,2.80544475347563,21
"16452",182,162,2.87598453236204,20
"16453",182,163,3.31407291137642,19
"16454",182,164,4.1953300013082,18
"16455",182,165,3.98990168253888,17
"16456",182,166,2.50079240900244,16
"16457",182,167,4.32401090886951,15
"16458",182,168,3.72875063000044,14
"16459",182,169,2.20755373275325,13
"16460",182,170,1.93813786206648,12
"16461",182,171,4.05015237771619,11
"16462",182,172,3.6632439417008,10
"16463",182,173,3.73878313914028,9
"16464",182,174,4.57625655233186,8
"16465",182,175,2.82216447001122,7
"16466",182,176,2.133806671373,6
"16467",182,177,1.15039406034695,5
"16468",182,178,2.09608052771623,4
"16469",182,179,2.85930117940924,3
"16470",182,180,2.79904366035957,2
"16471",182,181,1.59979543564492,1
"16472",183,1,8.41498757360178,182
"16473",183,2,8.99853159310489,181
"16474",183,3,10.2738464037327,180
"16475",183,4,9.65694614376364,179
"16476",183,5,8.76895959517995,178
"16477",183,6,8.54033951848255,177
"16478",183,7,9.20816028695188,176
"16479",183,8,11.5611496760481,175
"16480",183,9,13.0739012988392,174
"16481",183,10,10.8411336157872,173
"16482",183,11,10.1725955535225,172
"16483",183,12,12.5130389726115,171
"16484",183,13,11.7681477447029,170
"16485",183,14,9.28562550882639,169
"16486",183,15,8.37071148302632,168
"16487",183,16,8.91304395338578,167
"16488",183,17,10.3677709111806,166
"16489",183,18,10.9454553370427,165
"16490",183,19,9.7652529744016,164
"16491",183,20,9.00699121926116,163
"16492",183,21,12.2344480474562,162
"16493",183,22,11.4921229910379,161
"16494",183,23,11.8659133408448,160
"16495",183,24,10.6415236827757,159
"16496",183,25,9.04049101024088,158
"16497",183,26,13.3744004125271,157
"16498",183,27,9.60249630609032,156
"16499",183,28,10.3389962290091,155
"16500",183,29,9.87483323868707,154
"16501",183,30,9.80982237724651,153
"16502",183,31,10.5559738727304,152
"16503",183,32,11.082532843276,151
"16504",183,33,11.5017786185349,150
"16505",183,34,10.857872322195,149
"16506",183,35,8.90718103780487,148
"16507",183,36,11.3947168907344,147
"16508",183,37,7.85431638810249,146
"16509",183,38,9.34236883940526,145
"16510",183,39,12.1730551673209,144
"16511",183,40,10.5905150794527,143
"16512",183,41,10.6382538910853,142
"16513",183,42,8.56349296891925,141
"16514",183,43,9.53589228433004,140
"16515",183,44,8.08074605273617,139
"16516",183,45,9.17994214383448,138
"16517",183,46,10.5077091798182,137
"16518",183,47,8.15888404526035,136
"16519",183,48,6.14288502035865,135
"16520",183,49,5.19360626071107,134
"16521",183,50,11.7314301346428,133
"16522",183,51,8.58339668931312,132
"16523",183,52,10.3953223319546,131
"16524",183,53,10.4956512840615,130
"16525",183,54,7.90841927281065,129
"16526",183,55,10.1796887180988,128
"16527",183,56,10.4394761579294,127
"16528",183,57,8.40053352657836,126
"16529",183,58,7.33364093681937,125
"16530",183,59,9.92156946551245,124
"16531",183,60,9.09459052003004,123
"16532",183,61,8.71068624357628,122
"16533",183,62,10.5895113039425,121
"16534",183,63,9.57722006371986,120
"16535",183,64,9.22270940560757,119
"16536",183,65,11.7037990870466,118
"16537",183,66,11.2805955997344,117
"16538",183,67,6.71631128141794,116
"16539",183,68,10.3554840445182,115
"16540",183,69,9.90272350568019,114
"16541",183,70,9.34931423221399,113
"16542",183,71,8.45236746805892,112
"16543",183,72,7.68312037714907,111
"16544",183,73,6.59447249034859,110
"16545",183,74,8.52321581829562,109
"16546",183,75,8.71416594045045,108
"16547",183,76,6.85985046212427,107
"16548",183,77,4.543101050965,106
"16549",183,78,7.29923172830905,105
"16550",183,79,7.47023716268783,104
"16551",183,80,8.80463313271005,103
"16552",183,81,6.67726966656097,102
"16553",183,82,10.0581815397315,101
"16554",183,83,11.1476847059254,100
"16555",183,84,9.14610806471391,99
"16556",183,85,8.8486105461108,98
"16557",183,86,8.64114928016397,97
"16558",183,87,9.50126626303166,96
"16559",183,88,8.98517457596878,95
"16560",183,89,8.68436126388949,94
"16561",183,90,11.7996174321811,93
"16562",183,91,10.3135294106924,92
"16563",183,92,8.72253174318697,91
"16564",183,93,6.23846267809433,90
"16565",183,94,5.85143857513512,89
"16566",183,95,9.65742402702687,88
"16567",183,96,7.07124028354293,87
"16568",183,97,5.82998424717117,86
"16569",183,98,10.1805250308412,85
"16570",183,99,8.93354920069774,84
"16571",183,100,7.46301702424283,83
"16572",183,101,6.368707694747,82
"16573",183,102,7.15526757753517,81
"16574",183,103,8.72392057804131,80
"16575",183,104,4.33590447036554,79
"16576",183,105,6.97655446406714,78
"16577",183,106,10.2160428134553,77
"16578",183,107,6.62376834208225,76
"16579",183,108,4.20608413227063,75
"16580",183,109,5.20924053999671,74
"16581",183,110,4.61872335389482,73
"16582",183,111,6.77797022212253,72
"16583",183,112,9.41110845154217,71
"16584",183,113,8.34392643867707,70
"16585",183,114,5.51827565523989,69
"16586",183,115,4.79558634149782,68
"16587",183,116,5.96423778988092,67
"16588",183,117,6.8291309258811,66
"16589",183,118,5.97029016292861,65
"16590",183,119,4.72768329061606,64
"16591",183,120,5.56797158983143,63
"16592",183,121,6.1410009149165,62
"16593",183,122,5.19777973014595,61
"16594",183,123,6.17209572665511,60
"16595",183,124,9.41590980312082,59
"16596",183,125,6.35301246412678,58
"16597",183,126,5.88242189252548,57
"16598",183,127,3.98878297396263,56
"16599",183,128,4.41994329918616,55
"16600",183,129,4.28602959379003,54
"16601",183,130,2.87678983039256,53
"16602",183,131,3.80695733893352,52
"16603",183,132,5.56450541763567,51
"16604",183,133,6.73035845634419,50
"16605",183,134,6.43335276684586,49
"16606",183,135,5.66676482274966,48
"16607",183,136,4.53712499611713,47
"16608",183,137,7.0433140153082,46
"16609",183,138,6.47442657143392,45
"16610",183,139,5.45940016609519,44
"16611",183,140,4.43504928766168,43
"16612",183,141,2.99076878607907,42
"16613",183,142,4.12806861132153,41
"16614",183,143,5.3698947274198,40
"16615",183,144,4.29903936484101,39
"16616",183,145,3.12120683364119,38
"16617",183,146,2.89014521791917,37
"16618",183,147,3.57833647136933,36
"16619",183,148,4.38809575689055,35
"16620",183,149,4.72112520534309,34
"16621",183,150,1.89376021776679,33
"16622",183,151,2.37184427515738,32
"16623",183,152,3.71344576513607,31
"16624",183,153,3.65850898710291,30
"16625",183,154,3.8280108233904,29
"16626",183,155,1.47374764988192,28
"16627",183,156,2.60253347805574,27
"16628",183,157,1.94133304808529,26
"16629",183,158,2.17877966615013,25
"16630",183,159,2.54187265563819,24
"16631",183,160,2.88883802523922,23
"16632",183,161,2.0494066921565,22
"16633",183,162,2.11994647104291,21
"16634",183,163,3.09628638833643,20
"16635",183,164,3.97754347826822,19
"16636",183,165,3.7721151594989,18
"16637",183,166,2.28300588596245,17
"16638",183,167,4.10622438582952,16
"16639",183,168,3.51096410696046,15
"16640",183,169,1.98976720971326,14
"16641",183,170,2.04429418043978,13
"16642",183,171,3.83236585467621,12
"16643",183,172,3.44545741866081,11
"16644",183,173,2.98274507782115,10
"16645",183,174,3.82021849101273,9
"16646",183,175,2.44726649505442,8
"16647",183,176,1.91602014833301,7
"16648",183,177,1.25655037872025,6
"16649",183,178,2.07270132736155,5
"16650",183,179,2.10326311809011,4
"16651",183,180,2.49148931837774,3
"16652",183,181,1.52206163506213,2
"16653",183,182,0.75603806131913,1
"16654",184,1,7.13748626565274,183
"16655",184,2,5.9415556049916,182
"16656",184,3,10.4158838150865,181
"16657",184,4,9.62124530731871,180
"16658",184,5,10.0023727685394,179
"16659",184,6,10.6516729328437,178
"16660",184,7,10.1867008987251,177
"16661",184,8,10.476246714493,176
"16662",184,9,13.215938710193,175
"16663",184,10,10.6131633875852,174
"16664",184,11,9.89168538303197,173
"16665",184,12,10.571469435289,172
"16666",184,13,11.562823209824,171
"16667",184,14,10.8351254114927,170
"16668",184,15,9.62848400458936,169
"16669",184,16,9.5799456134844,168
"16670",184,17,10.1667080171041,167
"16671",184,18,10.0235524380355,166
"16672",184,19,7.24257198431869,165
"16673",184,20,8.74564483533057,164
"16674",184,21,12.2084114351239,163
"16675",184,22,13.1138826090979,162
"16676",184,23,12.0079507521986,161
"16677",184,24,11.9840194713034,160
"16678",184,25,9.4415174576376,159
"16679",184,26,10.3174244244138,158
"16680",184,27,9.5054849543562,157
"16681",184,28,10.0277050372587,156
"16682",184,29,9.40321606224653,155
"16683",184,30,9.71281102551239,154
"16684",184,31,9.64164474053059,153
"16685",184,32,10.9855214915418,152
"16686",184,33,8.44480263042159,151
"16687",184,34,10.9999097335488,150
"16688",184,35,9.78588486344479,149
"16689",184,36,10.1007505258868,148
"16690",184,37,8.59689951705569,147
"16691",184,38,9.24535748767113,146
"16692",184,39,11.0601309045369,145
"16693",184,40,11.0985073570594,144
"16694",184,41,10.9603664823897,143
"16695",184,42,10.8347925160639,142
"16696",184,43,9.00198119201106,141
"16697",184,44,8.05056809646019,140
"16698",184,45,9.32197955518828,139
"16699",184,46,10.649746591172,138
"16700",184,47,8.30092145661415,137
"16701",184,48,5.47256016858874,136
"16702",184,49,4.36640783819345,135
"16703",184,50,11.8734675459966,134
"16704",184,51,8.87169478777684,133
"16705",184,52,8.38040529069549,132
"16706",184,53,9.70967897476976,131
"16707",184,54,11.0104213205436,130
"16708",184,55,7.12271272998552,129
"16709",184,56,7.38250016981607,128
"16710",184,57,8.38754269360347,127
"16711",184,58,7.00529483284194,126
"16712",184,59,6.86459347739915,125
"16713",184,60,8.34428461871153,124
"16714",184,61,8.78549404545562,123
"16715",184,62,10.8122873197404,122
"16716",184,63,8.15306287997939,121
"16717",184,64,6.16573341749427,120
"16718",184,65,8.64682309893333,119
"16719",184,66,9.98767078054343,118
"16720",184,67,9.67296303223286,117
"16721",184,68,7.52501313614048,116
"16722",184,69,10.044760917034,115
"16723",184,70,6.73517968170898,114
"16724",184,71,6.78776470720261,113
"16725",184,72,6.71172788823062,112
"16726",184,73,8.42355007747567,111
"16727",184,74,6.98600658856828,110
"16728",184,75,6.32674292173007,109
"16729",184,76,5.37441020499882,108
"16730",184,77,3.60093999624605,107
"16731",184,78,7.44126913966285,106
"16732",184,79,7.76989501257369,105
"16733",184,80,5.74765714459676,104
"16734",184,81,4.47988378587161,103
"16735",184,82,7.0012055516182,102
"16736",184,83,8.09070871781212,101
"16737",184,84,8.61024243189292,100
"16738",184,85,9.49232497547793,99
"16739",184,86,9.27890411212967,98
"16740",184,87,10.0764933388223,97
"16741",184,88,9.1756447455297,96
"16742",184,89,7.56503696756691,95
"16743",184,90,9.03427843924412,94
"16744",184,91,7.25655342257915,93
"16745",184,92,6.87699154567662,92
"16746",184,93,7.11757588796706,91
"16747",184,94,5.99347598648892,90
"16748",184,95,7.14389186413944,89
"16749",184,96,6.8603222451558,88
"16750",184,97,5.57401293858287,87
"16751",184,98,7.17208584552842,86
"16752",184,99,8.3677909447474,85
"16753",184,100,6.5413222144223,84
"16754",184,101,3.31173170663371,83
"16755",184,102,4.09829158942188,82
"16756",184,103,5.66694458992801,81
"16757",184,104,6.1493300392234,80
"16758",184,105,4.135430778597,79
"16759",184,106,7.15906682534201,78
"16760",184,107,6.29519848711482,77
"16761",184,108,4.72983109564065,76
"16762",184,109,4.22022000440874,75
"16763",184,110,2.4805475466252,74
"16764",184,111,6.92000763347633,73
"16765",184,112,6.59699855546965,72
"16766",184,113,5.28695045056378,71
"16767",184,114,3.4154666216443,70
"16768",184,115,2.87074558483733,69
"16769",184,116,2.90726180176763,68
"16770",184,117,3.77215493776781,67
"16771",184,118,2.91331417481531,66
"16772",184,119,4.7016466782837,65
"16773",184,120,4.92006108986031,64
"16774",184,121,6.04398956318238,63
"16775",184,122,3.32181392121435,62
"16776",184,123,3.11511973854181,61
"16777",184,124,6.35893381500752,60
"16778",184,125,6.49504987548058,59
"16779",184,126,4.08511250247316,58
"16780",184,127,4.61041408907378,57
"16781",184,128,5.0064284951351,56
"16782",184,129,3.86450606222312,55
"16783",184,130,5.36347810702524,54
"16784",184,131,4.2314929247825,53
"16785",184,132,3.52693234407417,52
"16786",184,133,4.95138821956854,51
"16787",184,134,5.8190316969467,50
"16788",184,135,4.58348875944757,49
"16789",184,136,4.13294799364834,48
"16790",184,137,3.98633802719491,47
"16791",184,138,4.12927166876434,46
"16792",184,139,5.36238881436107,45
"16793",184,140,4.07920099880667,44
"16794",184,141,3.49913329458442,43
"16795",184,142,3.17409396641236,42
"16796",184,143,2.31291873930651,41
"16797",184,144,1.8082220314733,40
"16798",184,145,2.00531279032205,39
"16799",184,146,0.660340549151106,38
"16800",184,147,0.907930737734185,37
"16801",184,148,1.33111976877725,36
"16802",184,149,2.05223555044694,35
"16803",184,150,1.33130461581054,34
"16804",184,151,2.84607380201218,33
"16805",184,152,1.25043893105332,32
"16806",184,153,3.80054639845671,31
"16807",184,154,3.9700482347442,30
"16808",184,155,4.20870604828847,29
"16809",184,156,2.294256347919,28
"16810",184,157,2.7758500649314,27
"16811",184,158,1.32685772898642,26
"16812",184,159,2.64632497529423,25
"16813",184,160,3.37614698254901,24
"16814",184,161,2.28635203420033,23
"16815",184,162,1.31834729111867,22
"16816",184,163,1.73760428642153,21
"16817",184,164,3.4472847948774,20
"16818",184,165,3.07378245242193,19
"16819",184,166,3.64614939538065,18
"16820",184,167,1.6315599755803,17
"16821",184,168,2.68649896963092,16
"16822",184,169,1.94217848155405,15
"16823",184,170,2.16017211006749,14
"16824",184,171,2.68416596512009,13
"16825",184,172,1.89278417243402,12
"16826",184,173,1.3528699814794,11
"16827",184,174,0.718216443279757,10
"16828",184,175,1.03587563904088,9
"16829",184,176,2.03870510427307,8
"16830",184,177,3.43414529617937,7
"16831",184,178,2.3006375700613,6
"16832",184,179,1.85103568406968,5
"16833",184,180,1.91640193138935,4
"16834",184,181,2.79678051198385,3
"16835",184,182,3.8580401090521,2
"16836",184,183,3.10200204773297,1
"16837",185,1,7.51837349659376,184
"16838",185,2,8.10191751609688,183
"16839",185,3,11.9767861903518,182
"16840",185,4,9.39877133016891,181
"16841",185,5,10.471899381799,180
"16842",185,6,8.58940962476123,179
"16843",185,7,10.1835009020727,178
"16844",185,8,12.0371490897583,177
"16845",185,9,14.7768410854583,176
"16846",185,10,12.0286374324875,175
"16847",185,11,9.27598147651445,174
"16848",185,12,12.1323718105543,173
"16849",185,13,13.1237255850893,172
"16850",185,14,9.73482720020004,171
"16851",185,15,9.34532601836478,170
"16852",185,16,10.0893473171476,169
"16853",185,17,10.821355973092,168
"16854",185,18,10.0488412600347,167
"16855",185,19,8.86863889739359,166
"16856",185,20,9.4493758282341,165
"16857",185,21,13.7693138103892,164
"16858",185,22,13.195062777657,163
"16859",185,23,13.5688531274639,162
"16860",185,24,11.7104075765192,161
"16861",185,25,8.42570345614981,160
"16862",185,26,12.4777863355191,159
"16863",185,27,8.67401857236709,158
"16864",185,28,9.4423821520011,157
"16865",185,29,8.97821916167906,156
"16866",185,30,8.0396811078012,155
"16867",185,31,10.1187666091052,154
"16868",185,32,9.31239157383065,153
"16869",185,33,10.6051645415269,152
"16870",185,34,12.5608121088141,151
"16871",185,35,8.71916704465768,150
"16872",185,36,10.4981028137263,149
"16873",185,37,7.89332334022867,148
"16874",185,38,7.57222756995994,147
"16875",185,39,12.6210332798022,146
"16876",185,40,11.6184695869482,145
"16877",185,41,12.3411936777044,144
"16878",185,42,9.26634565696676,143
"16879",185,43,9.89983338496818,142
"16880",185,44,9.61147047172549,141
"16881",185,45,10.8828819304536,140
"16882",185,46,12.2106489664373,139
"16883",185,47,9.86182383187944,138
"16884",185,48,7.03346254385404,137
"16885",185,49,5.92731021345875,136
"16886",185,50,13.4343699212619,135
"16887",185,51,10.2863364759322,134
"16888",185,52,9.94130766596079,133
"16889",185,53,10.4076615038904,132
"16890",185,54,9.06645151287708,131
"16891",185,55,9.2830746410908,130
"16892",185,56,9.54286208092135,129
"16893",185,57,8.84851163905957,128
"16894",185,58,6.43702685981136,127
"16895",185,59,9.02495538850443,126
"16896",185,60,9.58179038667866,125
"16897",185,61,10.3463964207209,124
"16898",185,62,12.2924510905616,123
"16899",185,63,9.05036883882138,122
"16900",185,64,8.32609532859955,121
"16901",185,65,10.8071850100386,120
"16902",185,66,11.5485731558087,119
"16903",185,67,8.41925106803703,118
"16904",185,68,9.45886996751018,117
"16905",185,69,11.6056632922993,116
"16906",185,70,8.45270015520597,115
"16907",185,71,8.13841897044417,114
"16908",185,72,8.27263026349592,113
"16909",185,73,7.5931955636446,112
"16910",185,74,7.6266017412876,111
"16911",185,75,7.81755186344243,110
"16912",185,76,6.43384365143749,109
"16913",185,77,5.16184237151134,108
"16914",185,78,9.00217151492815,107
"16915",185,79,8.7809997453986,106
"16916",185,80,7.90801905570204,105
"16917",185,81,5.95994351209945,104
"16918",185,82,9.16156746272348,103
"16919",185,83,10.2510706289174,102
"16920",185,84,10.1711448071582,101
"16921",185,85,10.5515503327299,100
"16922",185,86,9.68080173970802,99
"16923",185,87,11.2042060496508,98
"16924",185,88,10.6881143625879,97
"16925",185,89,7.78774718688147,96
"16926",185,90,10.9030033551731,95
"16927",185,91,9.41691533368443,94
"16928",185,92,7.82591766617896,93
"16929",185,93,7.46518824896202,92
"16930",185,94,7.55437836175421,91
"16931",185,95,8.76080995001885,90
"16932",185,96,8.4212246204211,89
"16933",185,97,5.40397743648438,88
"16934",185,98,9.28391095383322,87
"16935",185,99,8.03693512368972,86
"16936",185,100,6.56640294723482,85
"16937",185,101,5.47209361773899,84
"16938",185,102,6.25865350052716,83
"16939",185,103,7.82730650103329,82
"16940",185,104,4.63680714905503,81
"16941",185,105,6.07994038705912,80
"16942",185,106,9.31942873644729,79
"16943",185,107,7.85610086238012,78
"16944",185,108,4.59243958470755,77
"16945",185,109,4.31262646298869,76
"16946",185,110,4.04144992189049,75
"16947",185,111,8.48091000874162,74
"16948",185,112,8.51449437453416,73
"16949",185,113,7.44731236166906,72
"16950",185,114,4.62166157823187,71
"16951",185,115,3.89897226448981,70
"16952",185,116,5.06762371287291,69
"16953",185,117,5.93251684887309,68
"16954",185,118,5.07367608592059,67
"16955",185,119,6.262549053549,66
"16956",185,120,6.4809634651256,65
"16957",185,121,5.01788175817291,64
"16958",185,122,4.30116565313794,63
"16959",185,123,5.27548164964709,62
"16960",185,124,8.5192957261128,61
"16961",185,125,8.05595225074588,60
"16962",185,126,5.63009605495502,59
"16963",185,127,4.39194582876817,58
"16964",185,128,2.73383904158393,57
"16965",185,129,4.05051115858819,56
"16966",185,130,3.98025663524978,55
"16967",185,131,2.97757287139996,54
"16968",185,132,4.66789134062766,53
"16969",185,133,5.83374437933618,52
"16970",185,134,5.53673868983785,51
"16971",185,135,4.77015074574164,50
"16972",185,136,3.64051091910911,49
"16973",185,137,6.14669993830019,48
"16974",185,138,5.5778124944259,47
"16975",185,139,4.3846357341137,46
"16976",185,140,3.53843521065367,45
"16977",185,141,2.24542133038859,44
"16978",185,142,3.23145453431352,43
"16979",185,143,4.47328065041179,42
"16980",185,144,3.40242528783299,41
"16981",185,145,2.22459275663318,40
"16982",185,146,1.99353114091116,39
"16983",185,147,2.68172239436131,38
"16984",185,148,3.49148167988253,37
"16985",185,149,3.82451112833508,36
"16986",185,150,1.06434762358499,35
"16987",185,151,1.46213946659489,34
"16988",185,152,2.88403317095427,33
"16989",185,153,5.36144877372201,32
"16990",185,154,5.53095061000949,31
"16991",185,155,3.01981386575331,30
"16992",185,156,1.70591940104773,29
"16993",185,157,1.5545479915659,28
"16994",185,158,1.82000246493781,27
"16995",185,159,1.92536278874011,26
"16996",185,160,2.99504646019161,25
"16997",185,161,1.66259350898887,24
"16998",185,162,1.29053387686111,23
"16999",185,163,2.19967231132842,22
"17000",185,164,5.0081871701427,21
"17001",185,165,4.63468482768723,20
"17002",185,166,3.62177632398028,19
"17003",185,167,3.2096103088215,18
"17004",185,168,2.61435002995244,17
"17005",185,169,1.09315313270525,16
"17006",185,170,0.8079224838284,15
"17007",185,171,2.93575177766819,14
"17008",185,172,2.5488433416528,13
"17009",185,173,2.15333248363935,12
"17010",185,174,2.99080589683093,11
"17011",185,175,2.41904383770613,10
"17012",185,176,3.09793046152503,9
"17013",185,177,1.50110797415969,8
"17014",185,178,0.981679927668227,7
"17015",185,179,1.32427273101416,6
"17016",185,180,3.47730430665465,5
"17017",185,181,3.22500142168122,4
"17018",185,182,2.13503500652494,3
"17019",185,183,1.77014126944531,2
"17020",185,184,2.27258945355117,1
"17021",186,1,7.80476823070275,185
"17022",186,2,8.38831225020587,184
"17023",186,3,11.6244996344534,183
"17024",186,4,9.04672680086462,182
"17025",186,5,10.1196128259006,181
"17026",186,6,9.19154493263426,180
"17027",186,7,9.83121434617427,179
"17028",186,8,11.6848625338599,178
"17029",186,9,14.4245545295599,177
"17030",186,10,11.6763508765891,176
"17031",186,11,9.66969820866994,175
"17032",186,12,11.9028196297125,174
"17033",186,13,12.7714390291909,173
"17034",186,14,9.38254064430165,172
"17035",186,15,8.99303946246638,171
"17036",186,16,9.73706076124923,170
"17037",186,17,10.4690694171936,169
"17038",186,18,10.3352359941437,168
"17039",186,19,9.15503363150258,167
"17040",186,20,9.0970892723357,166
"17041",186,21,13.4170272544908,165
"17042",186,22,12.8427762217586,164
"17043",186,23,13.2165665715655,163
"17044",186,24,11.3581210206208,162
"17045",186,25,8.43027166734186,161
"17046",186,26,12.7641810696281,160
"17047",186,27,9.28349777999417,159
"17048",186,28,9.8057178628967,158
"17049",186,29,9.26461389578804,157
"17050",186,30,9.49082385115037,156
"17051",186,31,9.9457545298314,155
"17052",186,32,10.7635343171798,154
"17053",186,33,10.8915592756359,153
"17054",186,34,12.2085255529157,152
"17055",186,35,8.36688048875928,151
"17056",186,36,10.7844975478353,150
"17057",186,37,7.54103678433027,149
"17058",186,38,9.02337031330911,148
"17059",186,39,12.2687467239038,147
"17060",186,40,11.2661830310498,146
"17061",186,41,11.988907121806,145
"17062",186,42,9.37466451585449,144
"17063",186,43,9.54754682906978,143
"17064",186,44,9.25918391582709,142
"17065",186,45,10.5305953745552,141
"17066",186,46,11.8583624105389,140
"17067",186,47,9.50953727598104,139
"17068",186,48,6.68117598795564,138
"17069",186,49,5.57502365756035,137
"17070",186,50,13.0820833653635,136
"17071",186,51,9.93404992003382,135
"17072",186,52,9.7851029890556,134
"17073",186,53,10.055374947992,133
"17074",186,54,9.55029332033424,132
"17075",186,55,9.56946937519979,131
"17076",186,56,9.82925681503034,130
"17077",186,57,8.49622508316118,129
"17078",186,58,6.74969285374269,128
"17079",186,59,9.31135012261342,127
"17080",186,60,9.22950383078026,126
"17081",186,61,9.99410986482252,125
"17082",186,62,11.9401645346632,124
"17083",186,63,8.96700072082083,123
"17084",186,64,8.61249006270854,122
"17085",186,65,11.0935797441476,121
"17086",186,66,11.1962865999103,120
"17087",186,67,8.21283503202347,119
"17088",186,68,9.74526470161917,118
"17089",186,69,11.2533767364009,117
"17090",186,70,8.73909488931496,116
"17091",186,71,7.84214812515989,115
"17092",186,72,7.92034370759752,114
"17093",186,73,7.2409090077462,113
"17094",186,74,7.91299647539659,112
"17095",186,75,8.10394659755142,111
"17096",186,76,6.24963111922525,110
"17097",186,77,4.80955581561295,109
"17098",186,78,8.64988495902975,108
"17099",186,79,8.4287131895002,107
"17100",186,80,8.19441378981102,106
"17101",186,81,6.06705032366194,105
"17102",186,82,9.44796219683247,104
"17103",186,83,10.5374653630264,103
"17104",186,84,9.81885825125982,102
"17105",186,85,10.1992637768315,101
"17106",186,86,9.32851518380962,100
"17107",186,87,10.8519194937524,99
"17108",186,88,10.3358278066895,98
"17109",186,89,8.07414192099046,97
"17110",186,90,11.1893980892821,96
"17111",186,91,9.70331006779342,95
"17112",186,92,8.11231240028794,94
"17113",186,93,7.11290169306362,93
"17114",186,94,7.20209180585582,92
"17115",186,95,9.04720468412784,91
"17116",186,96,8.0689380645227,90
"17117",186,97,5.21976490427214,89
"17118",186,98,9.57030568794221,88
"17119",186,99,8.32332985779871,87
"17120",186,100,6.85279768134381,86
"17121",186,101,5.75848835184797,85
"17122",186,102,6.54504823463614,84
"17123",186,103,8.11370123514228,83
"17124",186,104,4.68920203901401,82
"17125",186,105,6.36633512116811,81
"17126",186,106,9.60582347055628,80
"17127",186,107,7.50381430648172,79
"17128",186,108,4.24015302880915,78
"17129",186,109,4.59902119709768,77
"17130",186,110,4.00850401099579,76
"17131",186,111,8.12862345284323,75
"17132",186,112,8.80088910864314,74
"17133",186,113,7.73370709577805,73
"17134",186,114,4.90805631234086,72
"17135",186,115,4.1853669985988,71
"17136",186,116,5.35401844698189,70
"17137",186,117,6.21891158298207,69
"17138",186,118,5.36007082002958,68
"17139",186,119,5.9102624976506,67
"17140",186,120,6.12867690922721,66
"17141",186,121,5.82200238882036,65
"17142",186,122,4.58756038724693,64
"17143",186,123,5.56187638375608,63
"17144",186,124,8.80569046022179,62
"17145",186,125,7.70366569484748,61
"17146",186,126,5.27780949905662,60
"17147",186,127,4.03965927286977,59
"17148",186,128,4.10094477309002,58
"17149",186,129,3.69822460268979,57
"17150",186,130,3.90335010681585,56
"17151",186,131,3.34281660510603,55
"17152",186,132,4.95428607473665,54
"17153",186,133,6.12013911344517,53
"17154",186,134,5.82313342394684,52
"17155",186,135,5.05654547985063,51
"17156",186,136,3.9269056532181,50
"17157",186,137,6.43309467240918,49
"17158",186,138,5.86420722853489,48
"17159",186,139,5.14040163999904,47
"17160",186,140,3.85721382444465,46
"17161",186,141,2.52641996306487,45
"17162",186,142,3.51784926842251,44
"17163",186,143,4.75967538452078,43
"17164",186,144,3.68882002194198,42
"17165",186,145,2.51098749074216,41
"17166",186,146,2.27992587502014,40
"17167",186,147,2.9681171284703,39
"17168",186,148,3.77787641399152,38
"17169",186,149,4.11090586244407,37
"17170",186,150,1.14906683414096,36
"17171",186,151,1.02119104443668,35
"17172",186,152,2.07157171761248,34
"17173",186,153,5.00916221782361,33
"17174",186,154,5.17866405411109,32
"17175",186,155,2.74857804807908,31
"17176",186,156,1.99231413515672,30
"17177",186,157,1.44457433424076,29
"17178",186,158,1.5685603232511,28
"17179",186,159,0.899998608114602,27
"17180",186,160,1.54390371684244,26
"17181",186,161,0.407532644632914,25
"17182",186,162,1.1284093540956,24
"17183",186,163,2.48606704543741,23
"17184",186,164,4.6559006142443,22
"17185",186,165,4.28239827178883,21
"17186",186,166,3.26948976808189,20
"17187",186,167,3.49600504293049,19
"17188",186,168,2.90074476406143,18
"17189",186,169,1.55772423293604,17
"17190",186,170,1.72529565434364,16
"17191",186,171,3.22214651177718,15
"17192",186,172,2.83523807576178,14
"17193",186,173,1.43003471110718,13
"17194",186,174,2.26736597415,12
"17195",186,175,2.06675728180773,11
"17196",186,176,2.74564390562663,10
"17197",186,177,1.97401729596998,9
"17198",186,178,1.75370280126541,8
"17199",186,179,0.595720961144586,7
"17200",186,180,3.12501775075625,6
"17201",186,181,2.87271486578282,5
"17202",186,182,2.39791210884271,4
"17203",186,183,1.64187404752358,3
"17204",186,184,2.44675664521427,2
"17205",186,185,1.45114274334917,1
"17206",187,1,6.27924857689996,186
"17207",187,2,7.49805862224916,185
"17208",187,3,12.15507657313,184
"17209",187,4,9.57706171294707,183
"17210",187,5,10.6501897645772,182
"17211",187,6,10.3366352508185,181
"17212",187,7,10.3617912848508,180
"17213",187,8,12.2154394725365,179
"17214",187,9,14.9551314682365,178
"17215",187,10,12.2069278152656,177
"17216",187,11,9.52469265880497,176
"17217",187,12,12.3106621933325,175
"17218",187,13,13.3020159678675,174
"17219",187,14,10.5200877294676,173
"17220",187,15,9.52361640114295,172
"17221",187,16,10.2676376999258,171
"17222",187,17,10.9996463558701,170
"17223",187,18,8.89055898937838,169
"17224",187,19,7.65094677720024,168
"17225",187,20,9.62766621101227,167
"17226",187,21,13.9476041931673,166
"17227",187,22,13.3733531604352,165
"17228",187,23,13.747143510242,164
"17229",187,24,11.8886979592974,163
"17230",187,25,9.12647977561247,162
"17231",187,26,11.2386614158253,161
"17232",187,27,9.12321766285661,160
"17233",187,28,8.89471158860161,159
"17234",187,29,9.0881783802214,158
"17235",187,30,8.8643198382293,157
"17236",187,31,10.2970569918834,156
"17237",187,32,9.85252804288472,155
"17238",187,33,9.36603962183306,154
"17239",187,34,12.7391024915923,153
"17240",187,35,9.47084718141966,152
"17241",187,36,9.25897789403255,151
"17242",187,37,8.28186183503056,150
"17243",187,38,8.17959364848848,149
"17244",187,39,12.7993236625803,148
"17245",187,40,11.7967599697264,147
"17246",187,41,12.5194840604826,146
"17247",187,42,10.5197548340387,145
"17248",187,43,10.0781237677463,144
"17249",187,44,9.78976085450365,143
"17250",187,45,11.0611723132317,142
"17251",187,46,12.3889393492155,141
"17252",187,47,10.0401142146576,140
"17253",187,48,7.2117529266322,139
"17254",187,49,6.10560059623691,138
"17255",187,50,13.6126603040401,137
"17256",187,51,10.4646268587104,136
"17257",187,52,10.119598048739,135
"17258",187,53,10.5859518866686,134
"17259",187,54,10.6953836385185,133
"17260",187,55,8.66168226509214,132
"17261",187,56,8.7226986415505,131
"17262",187,57,9.02680202183774,130
"17263",187,58,6.69025715081681,129
"17264",187,59,7.78583046881063,128
"17265",187,60,9.76008076945682,127
"17266",187,61,10.5246868034991,126
"17267",187,62,12.4707414733398,125
"17268",187,63,9.22865922159955,124
"17269",187,64,7.08697040890575,123
"17270",187,65,9.5680600903448,122
"17271",187,66,11.7268635385869,121
"17272",187,67,9.35792535020773,120
"17273",187,68,8.21974504781637,119
"17274",187,69,11.7839536750774,118
"17275",187,70,8.47437243975244,117
"17276",187,71,8.31670935322233,116
"17277",187,72,8.45092064627408,115
"17278",187,73,8.10851239545054,114
"17279",187,74,7.56642869925985,113
"17280",187,75,6.57842694374863,112
"17281",187,76,6.61213403421565,111
"17282",187,77,5.34013275428951,110
"17283",187,78,9.18046189770632,109
"17284",187,79,8.95929012817676,108
"17285",187,80,6.74878980390768,107
"17286",187,81,6.13823389487761,106
"17287",187,82,7.92244254302968,105
"17288",187,83,9.01194570922359,104
"17289",187,84,10.3494351899364,103
"17290",187,85,10.7298407155081,102
"17291",187,86,9.85909212248619,101
"17292",187,87,11.3824964324289,100
"17293",187,88,10.866404745366,99
"17294",187,89,7.84838575307933,98
"17295",187,90,9.66387843547928,97
"17296",187,91,8.94532397351677,96
"17297",187,92,7.79131876759529,95
"17298",187,93,7.64347863174019,94
"17299",187,94,7.73266874453238,93
"17300",187,95,8.8830846221829,92
"17301",187,96,8.59951500319927,91
"17302",187,97,5.58226781926255,90
"17303",187,98,8.04478603413941,89
"17304",187,99,7.23479749609028,88
"17305",187,100,5.40832876576518,87
"17306",187,101,4.58763177986676,86
"17307",187,102,5.07554429144747,85
"17308",187,103,6.58818158133949,84
"17309",187,104,5.83429235719827,83
"17310",187,105,5.81003785531484,82
"17311",187,106,8.08030381675349,81
"17312",187,107,8.03439124515828,80
"17313",187,108,4.77072996748572,79
"17314",187,109,4.11556049014904,78
"17315",187,110,4.21974030466866,77
"17316",187,111,8.65920039151979,76
"17317",187,112,7.46025088089512,75
"17318",187,113,6.20818744197525,74
"17319",187,114,3.38253665853807,73
"17320",187,115,2.659847344796,72
"17321",187,116,4.01897372274215,71
"17322",187,117,4.69339192917928,70
"17323",187,118,4.40600284675971,69
"17324",187,119,6.44083943632717,68
"17325",187,120,6.65925384790377,67
"17326",187,121,4.91099611452527,66
"17327",187,122,3.24131521006874,65
"17328",187,123,4.65823061759206,64
"17329",187,124,7.36420781826207,63
"17330",187,125,8.23424263352404,62
"17331",187,126,5.80838643773319,61
"17332",187,127,4.57023621154633,60
"17333",187,128,4.69139081310997,59
"17334",187,129,4.22880154136635,58
"17335",187,130,5.04844042500011,57
"17336",187,131,3.91645524275737,56
"17337",187,132,3.42876642093385,55
"17338",187,133,4.59461945964238,54
"17339",187,134,4.68603824828959,53
"17340",187,135,3.53102582604784,52
"17341",187,136,2.99995454499123,51
"17342",187,137,4.90757501860638,50
"17343",187,138,4.3386875747321,49
"17344",187,139,4.22939536570395,48
"17345",187,140,3.26554819515325,47
"17346",187,141,3.18409561255929,46
"17347",187,142,2.04110051775525,45
"17348",187,143,3.23415573071799,44
"17349",187,144,2.19691517287642,43
"17350",187,145,1.61854217751659,42
"17351",187,146,1.6395915973238,41
"17352",187,147,2.64712349577765,40
"17353",187,148,2.4372381862435,39
"17354",187,149,2.58538620864127,38
"17355",187,150,0.893204147941051,37
"17356",187,151,1.9248368106007,36
"17357",187,152,1.81727372496484,35
"17358",187,153,5.53973915650017,34
"17359",187,154,5.70924099278766,33
"17360",187,155,3.89366836626334,32
"17361",187,156,1.97921866589387,31
"17362",187,157,2.46081238290627,30
"17363",187,158,1.99829284771597,29
"17364",187,159,1.72508798388276,28
"17365",187,160,2.45490999113753,27
"17366",187,161,1.36511504278886,26
"17367",187,162,0.796215268464502,25
"17368",187,163,0.960547391634614,24
"17369",187,164,5.18647755292086,23
"17370",187,165,4.81297521046539,22
"17371",187,166,3.80006670675845,21
"17372",187,167,2.71001109334678,20
"17373",187,168,1.6543499351855,19
"17374",187,169,1.62714079952892,18
"17375",187,170,1.84513442804236,17
"17376",187,171,1.69662685797439,16
"17377",187,172,1.30971842195899,15
"17378",187,173,0.677588431372981,14
"17379",187,174,1.57109100110058,13
"17380",187,175,2.5973342204843,12
"17381",187,176,3.2762208443032,11
"17382",187,177,3.11910761415424,10
"17383",187,178,1.98559988803617,9
"17384",187,179,0.929798692658205,8
"17385",187,180,3.65559468943281,7
"17386",187,181,3.40329180445939,6
"17387",187,182,3.54300242702697,5
"17388",187,183,2.78696436570784,4
"17389",187,184,1.73919275804346,3
"17390",187,185,1.95755177152604,2
"17391",187,186,1.52551965380279,1
"17392",188,1,6.79914379080723,187
"17393",188,2,7.38268781031035,186
"17394",188,3,11.4368309611899,185
"17395",188,4,8.85881610100697,184
"17396",188,5,9.93194415263711,183
"17397",188,6,9.86073550795242,182
"17398",188,7,9.64354567291073,181
"17399",188,8,11.4971938605964,180
"17400",188,9,14.2368858562964,179
"17401",188,10,11.4886822033255,178
"17402",188,11,9.52093301735612,177
"17403",188,12,11.5924165813924,176
"17404",188,13,12.5837703559274,175
"17405",188,14,10.0441879866015,174
"17406",188,15,8.83754657969813,173
"17407",188,16,9.5493920879857,172
"17408",188,17,10.28140074393,171
"17409",188,18,9.65280007235965,170
"17410",188,19,8.14940919160706,169
"17411",188,20,8.90942059907217,168
"17412",188,21,13.2293585812272,167
"17413",188,22,12.6551075484951,166
"17414",188,23,13.0288978983019,165
"17415",188,24,11.1930820464122,164
"17416",188,25,8.65058003274637,163
"17417",188,26,11.7585566297325,162
"17418",188,27,9.13473258868035,161
"17419",188,28,9.65695267158288,160
"17420",188,29,8.6188536931619,159
"17421",188,30,9.34205865983654,158
"17422",188,31,9.57881137994326,157
"17423",188,32,10.614769125866,156
"17424",188,33,9.88593483574033,155
"17425",188,34,12.0208568796522,154
"17426",188,35,8.99494743855356,153
"17427",188,36,9.77887310793982,152
"17428",188,37,7.80596209216446,151
"17429",188,38,8.87460512199529,150
"17430",188,39,12.0810780506402,149
"17431",188,40,11.0785143577863,148
"17432",188,41,11.8012384485425,147
"17433",188,42,10.0438550911726,146
"17434",188,43,9.35987815580624,145
"17435",188,44,9.07151524256355,144
"17436",188,45,10.3429267012916,143
"17437",188,46,11.6706937372754,142
"17438",188,47,9.32186860271751,141
"17439",188,48,6.4935073146921,140
"17440",188,49,5.38735498429681,139
"17441",188,50,12.8944146921,138
"17442",188,51,9.74638124677029,137
"17443",188,52,9.40135243679885,136
"17444",188,53,9.86770627472845,135
"17445",188,54,10.2194838956524,134
"17446",188,55,8.56384493530427,133
"17447",188,56,8.82363237513482,132
"17448",188,57,8.30855640989764,131
"17449",188,58,6.60092766242886,130
"17450",188,59,8.3057256827179,129
"17451",188,60,9.04183515751673,128
"17452",188,61,9.80644119155898,127
"17453",188,62,11.7524958613997,126
"17454",188,63,8.51041360965945,125
"17455",188,64,7.60686562281302,124
"17456",188,65,10.0879553042521,123
"17457",188,66,11.0086179266468,122
"17458",188,67,8.88202560734163,121
"17459",188,68,8.73964026172364,120
"17460",188,69,11.0657080631373,119
"17461",188,70,7.75612682781234,118
"17462",188,71,7.59846374128223,117
"17463",188,72,7.73267503433398,116
"17464",188,73,7.63261265258444,115
"17465",188,74,6.90737203550107,114
"17466",188,75,7.0983221576559,113
"17467",188,76,5.89388842227555,112
"17468",188,77,4.62188714234941,111
"17469",188,78,8.46221628576622,110
"17470",188,79,8.24104451623667,109
"17471",188,80,7.1887893499155,108
"17472",188,81,5.41998828293751,107
"17473",188,82,8.44233775693695,106
"17474",188,83,9.53184092313086,105
"17475",188,84,9.63118957799628,104
"17476",188,85,10.011595103568,103
"17477",188,86,9.14084651054609,102
"17478",188,87,10.6642508204888,101
"17479",188,88,10.1481591334259,100
"17480",188,89,7.13014014113923,99
"17481",188,90,10.1837736493866,98
"17482",188,91,8.6976856278979,97
"17483",188,92,7.10668796039243,96
"17484",188,93,6.92523301980009,95
"17485",188,94,7.01442313259228,94
"17486",188,95,8.1648390102428,93
"17487",188,96,7.88126939125917,92
"17488",188,97,4.86402220732245,91
"17489",188,98,8.56468124804668,90
"17490",188,99,7.99703857907155,89
"17491",188,100,6.17056984874645,88
"17492",188,101,4.75286391195245,87
"17493",188,102,5.53942379474062,86
"17494",188,103,7.10807679524676,85
"17495",188,104,5.35839261433217,84
"17496",188,105,5.36071068127259,83
"17497",188,106,8.60019903066076,82
"17498",188,107,7.31614563321818,81
"17499",188,108,4.05248435554562,80
"17500",188,109,3.62536445851073,79
"17501",188,110,3.50149469272856,78
"17502",188,111,7.94095477957969,77
"17503",188,112,7.79526466874762,76
"17504",188,113,6.72808265588252,75
"17505",188,114,3.90243187244534,74
"17506",188,115,3.17974255870327,73
"17507",188,116,4.34839400708637,72
"17508",188,117,5.21328714308655,71
"17509",188,118,4.35444638013406,70
"17510",188,119,5.72259382438707,69
"17511",188,120,5.94100823596367,68
"17512",188,121,5.67323719750654,67
"17513",188,122,3.58193594735141,66
"17514",188,123,4.55625194386056,65
"17515",188,124,7.80006602032627,64
"17516",188,125,7.51599702158394,63
"17517",188,126,5.09014082579309,62
"17518",188,127,3.85199059960623,61
"17519",188,128,4.21549107024387,60
"17520",188,129,3.51055592942625,59
"17521",188,130,4.57254068213401,58
"17522",188,131,3.44055549989127,57
"17523",188,132,3.94866163484112,56
"17524",188,133,5.11451467354965,55
"17525",188,134,5.44827933127086,54
"17526",188,135,4.21273639377172,53
"17527",188,136,3.7621956279725,52
"17528",188,137,5.42747023251365,51
"17529",188,138,4.85858278863937,50
"17530",188,139,4.99163644868522,49
"17531",188,140,3.70844863313082,48
"17532",188,141,2.70819586969319,47
"17533",188,142,2.80334160073652,46
"17534",188,143,3.75405094462526,45
"17535",188,144,2.68319558204646,44
"17536",188,145,1.63456042464621,43
"17537",188,146,1.27430143512462,42
"17538",188,147,1.96249268857478,41
"17539",188,148,2.772251974096,40
"17540",188,149,3.10528142254855,39
"17541",188,150,0.871104269027567,38
"17542",188,151,1.40494159669343,37
"17543",188,152,1.40238114229432,36
"17544",188,153,4.82149354456007,35
"17545",188,154,4.99099538084756,34
"17546",188,155,3.41776862339724,33
"17547",188,156,1.52012632539639,32
"17548",188,157,1.98491264004017,31
"17549",188,158,1.28004723577587,30
"17550",188,159,1.20519276997549,29
"17551",188,160,1.93501477723026,28
"17552",188,161,0.845219828881589,27
"17553",188,162,0.235933409474515,26
"17554",188,163,1.48044260554188,25
"17555",188,164,4.46823194098076,24
"17556",188,165,4.09472959852529,23
"17557",188,166,3.08182109481835,22
"17558",188,167,2.49038060303497,21
"17559",188,168,2.31574660395507,20
"17560",188,169,1.40895904162222,19
"17561",188,170,1.57653046302982,18
"17562",188,171,2.31341359944425,17
"17563",188,172,1.82961363586626,16
"17564",188,173,0.671680454979403,15
"17565",188,174,1.50915386817099,14
"17566",188,175,1.8790886085442,13
"17567",188,176,2.5579752323631,12
"17568",188,177,2.64320787128814,11
"17569",188,178,1.60493760995159,10
"17570",188,179,0.409903478750934,9
"17571",188,180,2.93734907749271,8
"17572",188,181,2.68504619251929,7
"17573",188,182,3.06710268416087,6
"17574",188,183,2.31106462284174,5
"17575",188,184,1.44113220531875,4
"17576",188,185,1.48165202865994,3
"17577",188,186,1.00562443989552,2
"17578",188,187,0.76224108298127,1
"17579",189,1,6.61586574428045,188
"17580",189,2,6.34829200653644,187
"17581",189,3,11.0053099574173,186
"17582",189,4,10.1136758774935,185
"17583",189,5,10.4948033387142,184
"17584",189,6,11.1441035030184,183
"17585",189,7,10.6791314688999,182
"17586",189,8,11.0656728568237,181
"17587",189,9,13.8053648525238,180
"17588",189,10,11.10559395776,179
"17589",189,11,10.3321609110049,178
"17590",189,12,11.1608955776198,177
"17591",189,13,12.1522493521548,176
"17592",189,14,11.3275559816675,175
"17593",189,15,10.1209145747642,174
"17594",189,16,10.0723761836592,173
"17595",189,17,10.6591385872789,172
"17596",189,18,9.5019319166632,171
"17597",189,19,6.93847958736196,170
"17598",189,20,9.23807540550537,169
"17599",189,21,12.7978375774546,168
"17600",189,22,13.6063131792727,167
"17601",189,23,12.5973768945293,166
"17602",189,24,12.4764500414782,165
"17603",189,25,9.9339480278124,164
"17604",189,26,9.89279947519744,163
"17605",189,27,9.93068591505653,162
"17606",189,28,9.50608451588642,161
"17607",189,29,9.89564663242133,160
"17608",189,30,9.67178809042923,159
"17609",189,31,10.1340753107054,158
"17610",189,32,10.4639009701695,157
"17611",189,33,8.02017768120524,156
"17612",189,34,11.5893358758795,155
"17613",189,35,10.2783154336196,154
"17614",189,36,9.57913000451448,153
"17615",189,37,9.08933008723049,152
"17616",189,38,8.98706190068841,151
"17617",189,39,11.6495570468676,150
"17618",189,40,11.5909379272342,149
"17619",189,41,11.4527970525645,148
"17620",189,42,11.3272230862387,147
"17621",189,43,9.49441176218586,146
"17622",189,44,8.63999423879094,145
"17623",189,45,9.91140569751902,144
"17624",189,46,11.2391727335028,143
"17625",189,47,8.89034759894489,142
"17626",189,48,6.06198631091948,141
"17627",189,49,4.95583398052419,140
"17628",189,50,12.4628936883274,139
"17629",189,51,9.36412535795164,138
"17630",189,52,8.96983143302623,137
"17631",189,53,10.2021095449446,136
"17632",189,54,11.5028518907184,135
"17633",189,55,7.51191564937942,134
"17634",189,56,7.57293202583778,133
"17635",189,57,8.87997326377826,132
"17636",189,58,7.49772540301673,131
"17637",189,59,6.4399685281828,130
"17638",189,60,8.83671518888633,129
"17639",189,61,9.37492018778636,128
"17640",189,62,11.3209748576271,127
"17641",189,63,8.64549345015418,126
"17642",189,64,5.74110846827792,125
"17643",189,65,8.22219814971698,124
"17644",189,66,10.5770969228742,123
"17645",189,67,10.1653936024077,122
"17646",189,68,7.00339261476818,121
"17647",189,69,10.6341870593647,120
"17648",189,70,7.32460582403972,119
"17649",189,71,7.2801952773774,118
"17650",189,72,7.30115403056137,117
"17651",189,73,8.91598064765047,116
"17652",189,74,7.47843715874308,115
"17653",189,75,5.80512240035777,114
"17654",189,76,5.86684077517361,113
"17655",189,77,4.19036613857679,112
"17656",189,78,8.0306952819936,111
"17657",189,79,8.26232558274849,110
"17658",189,80,5.59902318819496,109
"17659",189,81,4.98846727916489,108
"17660",189,82,6.57658060240185,107
"17661",189,83,7.66608376859577,106
"17662",189,84,9.19966857422366,105
"17663",189,85,9.98475554565273,104
"17664",189,86,9.77133468230447,103
"17665",189,87,10.5689239089971,102
"17666",189,88,9.71663812965332,101
"17667",189,89,8.05746753774171,100
"17668",189,90,8.51265791787182,99
"17669",189,91,7.79555735780405,98
"17670",189,92,7.36942211585142,97
"17671",189,93,7.61000645814185,96
"17672",189,94,6.58290212881966,95
"17673",189,95,7.73331800647018,94
"17674",189,96,7.44974838748655,93
"17675",189,97,6.06644350875766,92
"17676",189,98,6.69892409351159,91
"17677",189,99,7.8461704233751,90
"17678",189,100,6.01970169305,89
"17679",189,101,3.43786516415404,88
"17680",189,102,3.92577767573476,87
"17681",189,103,5.24231964071166,86
"17682",189,104,6.6417606093982,85
"17683",189,105,4.66027123960213,84
"17684",189,106,6.73444187612566,83
"17685",189,107,6.88462462944556,82
"17686",189,108,5.22226166581545,81
"17687",189,109,4.71265057458354,80
"17688",189,110,3.06997368895594,79
"17689",189,111,7.50943377580707,78
"17690",189,112,6.45635478506724,77
"17691",189,113,4.86232550134743,76
"17692",189,114,2.893846100272,75
"17693",189,115,2.34912506346504,74
"17694",189,116,2.86920710702943,73
"17695",189,117,3.34752998855146,72
"17696",189,118,3.256236231047,71
"17697",189,119,5.29107282061445,70
"17698",189,120,5.50948723219105,69
"17699",189,121,5.52236904181009,68
"17700",189,122,3.17556320138177,67
"17701",189,123,3.50846400187934,66
"17702",189,124,6.21444120254935,65
"17703",189,125,7.08447601781132,64
"17704",189,126,4.65861982202047,63
"17705",189,127,5.10284465924857,62
"17706",189,128,5.4988590653099,61
"17707",189,129,4.35693663239792,60
"17708",189,130,5.85590867720004,59
"17709",189,131,4.7239234949573,58
"17710",189,132,3.14537799108097,57
"17711",189,133,4.42976769819624,56
"17712",189,134,5.29741117557441,55
"17713",189,135,4.06186823807527,54
"17714",189,136,3.61132747227605,53
"17715",189,137,3.56171307797856,52
"17716",189,138,3.60765114739204,51
"17717",189,139,4.84076829298877,50
"17718",189,140,4.07301644735317,49
"17719",189,141,3.99156386475922,48
"17720",189,142,2.7645317581121,47
"17721",189,143,1.88829379009016,46
"17722",189,144,1.51631163975335,45
"17723",189,145,2.31286193444208,44
"17724",189,146,1.1527711193259,43
"17725",189,147,1.49735688006493,42
"17726",189,148,1.28747157053078,41
"17727",189,149,1.53061502907464,40
"17728",189,150,1.72231476028966,39
"17729",189,151,3.27069875122853,38
"17730",189,152,1.67506388026967,37
"17731",189,153,4.38997254078745,36
"17732",189,154,4.55947437707494,35
"17733",189,155,4.70113661846327,34
"17734",189,156,2.7866869180938,33
"17735",189,157,3.26828063510619,32
"17736",189,158,1.81928829916121,31
"17737",189,159,3.07094992451058,30
"17738",189,160,3.80077193176536,29
"17739",189,161,2.71097698341669,28
"17740",189,162,1.74297224033502,27
"17741",189,163,1.35044298399816,26
"17742",189,164,4.03671093720815,25
"17743",189,165,3.66320859475267,24
"17744",189,166,4.13857996555544,23
"17745",189,167,2.04556048334219,22
"17746",189,168,2.46181818738543,21
"17747",189,169,2.43460905172885,20
"17748",189,170,2.65260268024229,19
"17749",189,171,2.31941901449551,18
"17750",189,172,1.37116365106173,17
"17751",189,173,1.44134688332344,16
"17752",189,174,0.959718073815761,15
"17753",189,175,1.52830620921568,14
"17754",189,176,2.53113567444787,13
"17755",189,177,3.92657586635417,12
"17756",189,178,2.7930681402361,11
"17757",189,179,2.27566063328603,10
"17758",189,180,2.5058280737201,9
"17759",189,181,3.28921108215865,8
"17760",189,182,4.3504706792269,7
"17761",189,183,3.59443261790777,6
"17762",189,184,0.589426142330743,5
"17763",189,185,2.76502002372597,4
"17764",189,186,2.87138159443062,3
"17765",189,187,1.34586194062783,2
"17766",189,188,1.8657571545351,1
"17767",190,1,6.75937878659496,189
"17768",190,2,7.14872357259947,188
"17769",190,3,10.6370219923763,187
"17770",190,4,8.25710803794279,186
"17771",190,5,9.13213518382348,185
"17772",190,6,9.28753566346773,184
"17773",190,7,8.8437367040971,183
"17774",190,8,10.6973848917827,182
"17775",190,9,13.4370768874828,181
"17776",190,10,10.6888732345119,180
"17777",190,11,9.51357790397418,179
"17778",190,12,10.7926076125788,178
"17779",190,13,11.7839613871138,177
"17780",190,14,9.47098814211681,176
"17781",190,15,8.26434673521343,175
"17782",190,16,8.74958311917207,174
"17783",190,17,9.48159177511642,173
"17784",190,18,9.64544495897771,172
"17785",190,19,7.91544495389618,171
"17786",190,20,8.10961163025854,170
"17787",190,21,12.4295496124136,169
"17788",190,22,11.8552985796815,168
"17789",190,23,12.2290889294883,167
"17790",190,24,10.6198822019275,166
"17791",190,25,8.18212391982288,165
"17792",190,26,11.5245923920217,164
"17793",190,27,9.12737747529841,163
"17794",190,28,9.64959755820093,162
"17795",190,29,8.61149857977995,161
"17796",190,30,9.3347035464546,160
"17797",190,31,8.77900241112963,159
"17798",190,32,10.607414012484,158
"17799",190,33,9.65197059802946,157
"17800",190,34,11.2210479108385,156
"17801",190,35,8.42174759406886,155
"17802",190,36,9.72264304682899,154
"17803",190,37,7.23276224767977,153
"17804",190,38,8.86725000861335,152
"17805",190,39,11.2812690818266,151
"17806",190,40,10.2787053889727,150
"17807",190,41,11.0014294797289,149
"17808",190,42,9.47065524668795,148
"17809",190,43,8.56006918699261,147
"17810",190,44,8.27170627374992,146
"17811",190,45,9.54311773247801,145
"17812",190,46,10.8708847684618,144
"17813",190,47,8.52205963390388,143
"17814",190,48,5.69369834587848,142
"17815",190,49,4.58754601548318,141
"17816",190,50,12.0946057232864,140
"17817",190,51,8.94657227795666,139
"17818",190,52,8.60154346798522,138
"17819",190,53,9.06789730591482,137
"17820",190,54,9.6462840511677,136
"17821",190,55,8.32988069759339,135
"17822",190,56,8.58966813742394,134
"17823",190,57,7.50874744108401,133
"17824",190,58,6.59357254904692,132
"17825",190,59,8.07176144500703,131
"17826",190,60,8.2420261887031,130
"17827",190,61,9.00663222274535,129
"17828",190,62,10.9526868925861,128
"17829",190,63,7.72741204321444,127
"17830",190,64,7.37290138510214,126
"17831",190,65,9.8539910665412,125
"17832",190,66,10.2088089578332,124
"17833",190,67,8.30882576285693,123
"17834",190,68,8.50567602401277,122
"17835",190,69,10.2658990943237,121
"17836",190,70,7.49950621170857,120
"17837",190,71,6.7986547724686,119
"17838",190,72,6.93286606552035,118
"17839",190,73,7.05941280809975,117
"17840",190,74,6.67340779779019,116
"17841",190,75,6.86435791994502,115
"17842",190,76,5.09407945346193,114
"17843",190,77,3.82207817353578,113
"17844",190,78,7.66240731695259,112
"17845",190,79,7.44123554742304,111
"17846",190,80,6.95482511220463,110
"17847",190,81,4.82746164605554,109
"17848",190,82,8.20837351922607,108
"17849",190,83,9.29787668541999,107
"17850",190,84,8.83138060918265,106
"17851",190,85,9.21178613475433,105
"17852",190,86,8.34103754173246,104
"17853",190,87,9.86444185167519,103
"17854",190,88,9.34835016461231,102
"17855",190,89,6.83455324338407,101
"17856",190,90,9.94980941167568,100
"17857",190,91,8.46372139018702,99
"17858",190,92,6.87272372268155,98
"17859",190,93,6.12542405098646,97
"17860",190,94,6.21461416377865,96
"17861",190,95,7.80761600652144,95
"17862",190,96,7.08146042244554,94
"17863",190,97,4.20987566920694,93
"17864",190,98,8.33071701033581,92
"17865",190,99,7.98968346568961,91
"17866",190,100,6.16321473536451,90
"17867",190,101,4.51889967424158,89
"17868",190,102,5.30545955702975,88
"17869",190,103,6.87411255753588,87
"17870",190,104,4.78519276984748,86
"17871",190,105,5.12674644356171,85
"17872",190,106,8.36623479294988,84
"17873",190,107,6.51633666440455,83
"17874",190,108,3.36569382626473,82
"17875",190,109,3.61800934512879,81
"17876",190,110,2.76891533338939,80
"17877",190,111,7.14114581076606,79
"17878",190,112,7.56130043103675,78
"17879",190,113,6.49411841817165,77
"17880",190,114,3.66846763473446,76
"17881",190,115,2.9457783209924,75
"17882",190,116,4.1144297693755,74
"17883",190,117,4.97932290537568,73
"17884",190,118,4.12048214242319,72
"17885",190,119,4.92278485557344,71
"17886",190,120,5.14119926715004,70
"17887",190,121,5.6658820841246,69
"17888",190,122,3.34797170964053,68
"17889",190,123,4.32228770614968,67
"17890",190,124,7.56610178261539,66
"17891",190,125,6.71618805277031,65
"17892",190,126,4.29033185697946,64
"17893",190,127,3.24627681969785,63
"17894",190,128,3.94482446839425,62
"17895",190,129,2.71074696061262,61
"17896",190,130,3.99934083764931,60
"17897",190,131,3.18669630041027,59
"17898",190,132,3.71469739713025,58
"17899",190,133,4.88055043583877,57
"17900",190,134,5.44092421788891,56
"17901",190,135,4.20538128038978,55
"17902",190,136,3.75484051459056,54
"17903",190,137,5.19350599480278,53
"17904",190,138,4.6246185509285,52
"17905",190,139,4.98428133530328,51
"17906",190,140,3.70109351974888,50
"17907",190,141,2.37029965836911,49
"17908",190,142,2.79598648735457,48
"17909",190,143,3.52008670691438,47
"17910",190,144,2.44923134433558,46
"17911",190,145,1.62720531126426,45
"17912",190,146,1.04033719741375,44
"17913",190,147,1.7285284508639,43
"17914",190,148,2.53828773638512,42
"17915",190,149,2.87131718483767,41
"17916",190,150,1.11016643852081,40
"17917",190,151,2.00866868651385,39
"17918",190,152,1.97558098677902,38
"17919",190,153,4.02168457574644,37
"17920",190,154,4.19118641203393,36
"17921",190,155,2.84456877891254,35
"17922",190,156,1.51277121201444,34
"17923",190,157,1.41171279555547,33
"17924",190,158,0.480238266962244,32
"17925",190,159,1.61282453488079,31
"17926",190,160,2.16897901494114,30
"17927",190,161,1.07918406659246,29
"17928",190,162,0.721839312289226,28
"17929",190,163,1.35949680736375,27
"17930",190,164,3.66842297216713,26
"17931",190,165,3.29492062971166,25
"17932",190,166,2.28201212600472,24
"17933",190,167,2.25641636532409,23
"17934",190,168,2.30839149057313,22
"17935",190,169,1.40160392824028,21
"17936",190,170,1.56917534964787,20
"17937",190,171,2.30605848606231,19
"17938",190,172,1.59564939815539,18
"17939",190,173,1.2448802994641,17
"17940",190,174,2.08235371265568,16
"17941",190,175,1.07927963973057,15
"17942",190,176,1.75816626354947,14
"17943",190,177,2.07000802680345,13
"17944",190,178,1.59758249656965,12
"17945",190,179,0.98001576383412,11
"17946",190,180,2.13754010867908,10
"17947",190,181,1.88523722370566,9
"17948",190,182,2.49390283967618,8
"17949",190,183,1.84980802050542,7
"17950",190,184,1.36413726937593,6
"17951",190,185,1.33976419797556,5
"17952",190,186,1.2395886776064,4
"17953",190,187,1.51805458075373,3
"17954",190,188,0.79980896881363,2
"17955",190,189,1.85656783955072,1
"17956",191,1,7.62865303019773,190
"17957",191,2,7.61329035919652,189
"17958",191,3,10.6869972232662,188
"17959",191,4,8.87451327261044,187
"17960",191,5,9.18211041471342,186
"17961",191,6,9.74221835136339,185
"17962",191,7,9.27724631724486,184
"17963",191,8,10.7473601226727,183
"17964",191,9,13.4870521183727,182
"17965",191,10,10.7388484654018,181
"17966",191,11,10.3828521475769,180
"17967",191,12,11.1277977387031,179
"17968",191,13,11.8339366180037,178
"17969",191,14,9.92567083001248,177
"17970",191,15,8.7190294231091,176
"17971",191,16,8.799558350062,175
"17972",191,17,9.53156700600636,174
"17973",191,18,10.5147192025805,173
"17974",191,19,8.38001174049322,172
"17975",191,20,8.15958686114848,171
"17976",191,21,12.4795248433035,170
"17977",191,22,12.2044280276177,169
"17978",191,23,12.2790641603782,168
"17979",191,24,11.0745648898232,167
"17980",191,25,9.05139816342566,166
"17981",191,26,11.9891591786187,165
"17982",191,27,9.99665171890118,164
"17983",191,28,10.5188718018037,163
"17984",191,29,9.48077282338273,162
"17985",191,30,10.2039777900574,161
"17986",191,31,9.17073263882204,160
"17987",191,32,11.4766882560868,159
"17988",191,33,10.1165373846265,158
"17989",191,34,11.2710231417285,157
"17990",191,35,8.96899200828897,156
"17991",191,36,10.5919172904318,155
"17992",191,37,7.68744493557543,154
"17993",191,38,9.73652425221612,153
"17994",191,39,11.3312443127165,152
"17995",191,40,10.3286806198626,151
"17996",191,41,11.0514047106188,150
"17997",191,42,9.92533793458362,149
"17998",191,43,8.61004441788255,148
"17999",191,44,8.32168150463986,147
"18000",191,45,9.59309296336795,146
"18001",191,46,10.9208599993517,145
"18002",191,47,8.57203486479381,144
"18003",191,48,5.74367357676841,143
"18004",191,49,4.63752124637312,142
"18005",191,50,12.1445809541763,141
"18006",191,51,8.99654750884659,140
"18007",191,52,9.01008109804625,139
"18008",191,53,9.11787253680476,138
"18009",191,54,10.1009667390634,137
"18010",191,55,8.79444748419044,136
"18011",191,56,9.05423492402099,135
"18012",191,57,7.55872267197395,134
"18013",191,58,7.46284679264969,133
"18014",191,59,8.53632823160407,132
"18015",191,60,8.29200141959303,131
"18016",191,61,9.05660745363529,130
"18017",191,62,11.002662123476,129
"18018",191,63,8.19197882981148,128
"18019",191,64,7.83746817169919,127
"18020",191,65,10.3185578531382,126
"18021",191,66,10.2587841887231,125
"18022",191,67,8.76350845075259,124
"18023",191,68,8.97024281060981,123
"18024",191,69,10.3158743252137,122
"18025",191,70,7.96407299830561,121
"18026",191,71,7.06712623415054,120
"18027",191,72,6.98284129641029,119
"18028",191,73,7.51409549599541,118
"18029",191,74,7.13797458438724,117
"18030",191,75,7.32892470654207,116
"18031",191,76,5.4746092282159,115
"18032",191,77,3.87205340442572,114
"18033",191,78,7.71238254784252,113
"18034",191,79,7.49121077831297,112
"18035",191,80,7.41939189880167,111
"18036",191,81,5.29202843265259,110
"18037",191,82,8.67294030582312,109
"18038",191,83,9.76244347201703,108
"18039",191,84,8.88135584007258,107
"18040",191,85,9.26176136564427,106
"18041",191,86,8.3910127726224,105
"18042",191,87,9.91441708256513,104
"18043",191,88,9.39832539550225,103
"18044",191,89,7.57439601285222,102
"18045",191,90,10.4143761982727,101
"18046",191,91,8.92828817678407,100
"18047",191,92,7.33729050927859,99
"18048",191,93,6.20812130648679,98
"18049",191,94,6.26458939466859,97
"18050",191,95,8.27218279311849,96
"18051",191,96,7.13143565333547,95
"18052",191,97,4.99511290096664,94
"18053",191,98,8.79528379693285,93
"18054",191,99,8.85895770929238,92
"18055",191,100,7.03248897896728,91
"18056",191,101,4.98346646083862,90
"18057",191,102,5.77002634362679,89
"18058",191,103,7.33867934413293,88
"18059",191,104,5.23987545774314,87
"18060",191,105,5.59131323015876,86
"18061",191,106,8.83080157954693,85
"18062",191,107,6.56631189529449,84
"18063",191,108,3.82037651416039,83
"18064",191,109,4.48728358873156,82
"18065",191,110,3.23348211998644,81
"18066",191,111,7.191121041656,80
"18067",191,112,8.02586721763379,79
"18068",191,113,6.95868520476869,78
"18069",191,114,4.13303442133151,77
"18070",191,115,3.41034510758944,76
"18071",191,116,4.57899655597254,75
"18072",191,117,5.44388969197272,74
"18073",191,118,4.58504892902023,73
"18074",191,119,4.97276008646337,72
"18075",191,120,5.19117449803998,71
"18076",191,121,6.53515632772737,70
"18077",191,122,3.81298068575934,69
"18078",191,123,4.78685449274673,68
"18079",191,124,8.03066856921243,67
"18080",191,125,6.76616328366025,66
"18081",191,126,4.4971806586171,65
"18082",191,127,3.70095950759351,64
"18083",191,128,4.81409871199703,63
"18084",191,129,3.09511764912195,62
"18085",191,130,4.45402352554497,61
"18086",191,131,4.05597054401304,60
"18087",191,132,4.17926418372729,59
"18088",191,133,5.44255498411352,58
"18089",191,134,6.31019846149169,57
"18090",191,135,5.07465552399255,56
"18091",191,136,4.62411475819333,55
"18092",191,137,5.65807278139982,54
"18093",191,138,5.08918533752554,53
"18094",191,139,5.85355557890605,52
"18095",191,140,4.57036776335165,51
"18096",191,141,3.23957390197188,50
"18097",191,142,3.66526073095734,49
"18098",191,143,3.98465349351143,48
"18099",191,144,2.91379813093263,47
"18100",191,145,2.49647955486704,46
"18101",191,146,1.50490398401079,45
"18102",191,147,2.19309523746095,44
"18103",191,148,3.00285452298217,43
"18104",191,149,3.33588397143471,42
"18105",191,150,1.7330233992484,41
"18106",191,151,1.95869345562391,40
"18107",191,152,1.52089829888336,39
"18108",191,153,4.07165980663638,38
"18109",191,154,4.24116164292387,37
"18110",191,155,3.29925146680821,36
"18111",191,156,2.38204545561721,35
"18112",191,157,2.15772827314776,34
"18113",191,158,0.793538432241752,33
"18114",191,159,1.56284930399086,32
"18115",191,160,1.70441222834409,31
"18116",191,161,0.973179679166512,30
"18117",191,162,1.09785253969534,29
"18118",191,163,2.22877105096652,28
"18119",191,164,3.71839820305707,27
"18120",191,165,3.3448958606016,26
"18121",191,166,2.73669481390038,25
"18122",191,167,2.72098315192114,24
"18123",191,168,3.1776657341759,23
"18124",191,169,2.27087817184305,22
"18125",191,170,2.43844959325065,21
"18126",191,171,3.17533272966508,20
"18127",191,172,2.38395093697901,19
"18128",191,173,1.08175657329973,18
"18129",191,174,1.62767102476002,17
"18130",191,175,1.1292548706205,16
"18131",191,176,1.8081414944394,15
"18132",191,177,2.52469071469911,14
"18133",191,178,2.46685674017242,13
"18134",191,179,0.930040532944183,12
"18135",191,180,2.18751533956902,11
"18136",191,181,1.9352124545956,10
"18137",191,182,2.94858552757184,9
"18138",191,183,2.19254746625271,8
"18139",191,184,1.67173475420492,7
"18140",191,185,2.16429668225617,6
"18141",191,186,0.93750241118723,5
"18142",191,187,1.6241602132021,4
"18143",191,188,0.861919130220829,3
"18144",191,189,2.09635970342127,2
"18145",191,190,0.869274243602772,1
"18146",192,1,9.23471571749862,191
"18147",192,2,7.5268596463786,190
"18148",192,3,11.3796895835226,189
"18149",192,4,11.0909939220957,188
"18150",192,5,11.4721213833164,187
"18151",192,6,12.1214215476206,186
"18152",192,7,11.6564495135021,185
"18153",192,8,10.9589762944001,184
"18154",192,9,13.2946371229512,183
"18155",192,10,12.0829120023622,182
"18156",192,11,11.9889148348778,181
"18157",192,12,10.6501678480472,180
"18158",192,13,11.6415216225822,179
"18159",192,14,12.3048740262697,178
"18160",192,15,11.0982326193663,177
"18161",192,16,11.0496942282613,176
"18162",192,17,11.636456631881,175
"18163",192,18,12.1207818898814,174
"18164",192,19,9.33980143616456,173
"18165",192,20,10.2153934501075,172
"18166",192,21,12.2871098478821,171
"18167",192,22,14.5836312238749,170
"18168",192,23,13.0162095731458,169
"18169",192,24,13.4537680860804,168
"18170",192,25,10.9112660724145,167
"18171",192,26,11.0236036742409,166
"18172",192,27,11.6027144062021,165
"18173",192,28,12.1249344891046,164
"18174",192,29,11.0868355106836,163
"18175",192,30,11.8100404773583,162
"18176",192,31,11.1113933553075,161
"18177",192,32,13.0827509433877,160
"18178",192,33,9.61993687365168,159
"18179",192,34,11.1978692614411,158
"18180",192,35,11.2556334782217,157
"18181",192,36,12.1979799777327,156
"18182",192,37,10.0666481318326,155
"18183",192,38,11.342586939517,154
"18184",192,39,11.1388293172951,153
"18185",192,40,12.5682559718363,152
"18186",192,41,12.4301150971666,151
"18187",192,42,12.3045411308408,150
"18188",192,43,10.471729806788,149
"18189",192,44,8.68730968568225,148
"18190",192,45,9.4006779679465,147
"18191",192,46,10.7284450039302,146
"18192",192,47,9.17415640653394,145
"18193",192,48,6.90989889253535,144
"18194",192,49,4.89801236582947,143
"18195",192,50,11.9521659587549,142
"18196",192,51,10.3414434025538,141
"18197",192,52,8.45910370345371,140
"18198",192,53,11.1794275895467,139
"18199",192,54,12.4801699353206,138
"18200",192,55,8.65711295407319,137
"18201",192,56,8.08867941964323,136
"18202",192,57,9.8572913083804,135
"18203",192,58,9.06890947995058,134
"18204",192,59,7.57077272722631,133
"18205",192,60,9.81403323348846,132
"18206",192,61,8.86419245821384,131
"18207",192,62,12.2820359345174,130
"18208",192,63,9.62281149475632,129
"18209",192,64,7.66436831261589,128
"18210",192,65,9.35300234876048,127
"18211",192,66,10.0663691933016,126
"18212",192,67,11.1427116470098,125
"18213",192,68,9.62224258798635,124
"18214",192,69,10.6556474248071,123
"18215",192,70,8.28260985397681,122
"18216",192,71,8.25751332197954,121
"18217",192,72,7.09561510444974,120
"18218",192,73,9.89329869225261,119
"18219",192,74,8.72223992938009,118
"18220",192,75,8.42397237357594,117
"18221",192,76,6.84415881977575,116
"18222",192,77,5.01453054175919,115
"18223",192,78,7.51996755242107,114
"18224",192,79,9.23964362735063,113
"18225",192,80,6.45383639442392,112
"18226",192,81,5.94963240064854,111
"18227",192,82,8.95789676898873,110
"18228",192,83,9.7996177361058,109
"18229",192,84,10.031428232721,108
"18230",192,85,10.9620735902549,107
"18231",192,86,10.7486527269066,106
"18232",192,87,11.5462419535993,105
"18233",192,88,10.6453933603066,104
"18234",192,89,9.18045870015311,103
"18235",192,90,11.13150789109,102
"18236",192,91,8.57735009650737,101
"18237",192,92,8.58765074304434,100
"18238",192,93,8.58732450274399,99
"18239",192,94,6.07217439924714,98
"18240",192,95,7.30662728874073,97
"18241",192,96,7.44035953099895,96
"18242",192,97,7.0437615533598,95
"18243",192,98,9.26931529737429,94
"18244",192,99,10.4650203965933,93
"18245",192,100,8.63855166626817,92
"18246",192,101,4.01791095646087,91
"18247",192,102,4.99846198356093,90
"18248",192,103,7.19819746506667,89
"18249",192,104,7.61907865400034,88
"18250",192,105,6.08139360912533,87
"18251",192,106,7.86524607516917,86
"18252",192,107,6.37389689987304,85
"18253",192,108,6.19957971041759,84
"18254",192,109,6.09334627603245,83
"18255",192,110,3.61040848605707,82
"18256",192,111,6.99870604623455,81
"18257",192,112,8.69422800731553,80
"18258",192,113,7.33561708846083,79
"18259",192,114,5.51269607349017,78
"18260",192,115,4.96797503668321,77
"18261",192,116,3.61344105159479,76
"18262",192,117,4.47833418759497,75
"18263",192,118,3.61949342464247,74
"18264",192,119,5.8799403759227,73
"18265",192,120,6.22809839541399,72
"18266",192,121,8.14121901502826,71
"18267",192,122,5.41904337306023,70
"18268",192,123,3.82129898836897,69
"18269",192,124,7.06511306483468,68
"18270",192,125,6.5737482882388,67
"18271",192,126,5.5548611172501,66
"18272",192,127,6.08016270385071,65
"18273",192,128,6.47617710991204,64
"18274",192,129,5.33425467700006,63
"18275",192,130,6.83322672180217,62
"18276",192,131,5.70124153955944,61
"18277",192,132,5.62416179592005,60
"18278",192,133,7.04861767141441,59
"18279",192,134,7.91626114879258,58
"18280",192,135,6.68071821129344,57
"18281",192,136,6.23017744549422,56
"18282",192,137,4.82213082919505,55
"18283",192,138,6.22650112061021,54
"18284",192,139,7.45961826620694,53
"18285",192,140,6.17643045065254,52
"18286",192,141,4.96888190936135,51
"18287",192,142,5.27132341825823,50
"18288",192,143,4.28050862783106,49
"18289",192,144,3.90545148331918,48
"18290",192,145,4.10254224216793,47
"18291",192,146,2.69034039152252,46
"18292",192,147,2.31111215058718,45
"18293",192,148,3.39625146357286,44
"18294",192,149,4.14946500229281,43
"18295",192,150,3.33908608654929,42
"18296",192,151,2.30821990296217,41
"18297",192,152,1.41294917553815,40
"18298",192,153,3.87924481121493,39
"18299",192,154,4.80868835737318,38
"18300",192,155,5.6784546630654,37
"18301",192,156,3.98810814291811,36
"18302",192,157,4.24559867970833,35
"18303",192,158,2.79660634376335,34
"18304",192,159,2.02987800687172,33
"18305",192,160,2.66996773272185,32
"18306",192,161,2.52234397035341,31
"18307",192,162,2.70391522699623,30
"18308",192,163,3.83483373826741,29
"18309",192,164,3.52598320763562,28
"18310",192,165,3.4920303955968,27
"18311",192,166,5.11589801015758,26
"18312",192,167,3.72878942742618,25
"18313",192,168,4.78372842147679,24
"18314",192,169,3.87694085914394,23
"18315",192,170,4.04451228055154,22
"18316",192,171,4.78139541696597,21
"18317",192,172,3.9900136242799,20
"18318",192,173,2.55263446913001,19
"18319",192,174,1.65913189940241,18
"18320",192,175,2.50562425381782,17
"18321",192,176,3.50845371905,16
"18322",192,177,4.90389391095631,15
"18323",192,178,4.07291942747331,14
"18324",192,179,2.4684875444198,13
"18325",192,180,2.52874506346947,12
"18326",192,181,4.26652912676079,11
"18327",192,182,5.32778872382904,10
"18328",192,183,4.57175066250991,9
"18329",192,184,2.09722945184587,8
"18330",192,185,3.77035936955706,7
"18331",192,186,2.92987661498633,6
"18332",192,187,3.23022290050299,5
"18333",192,188,2.46798181752172,4
"18334",192,189,2.61884997321817,3
"18335",192,190,2.83388588415286,2
"18336",192,191,2.3792031962572,1
"18337",193,1,8.85088970430556,192
"18338",193,2,8.39898193073175,191
"18339",193,3,11.2149842557639,190
"18340",193,4,10.0967499467183,189
"18341",193,5,10.0574503221295,188
"18342",193,6,10.7067504864337,187
"18343",193,7,10.2417784523152,186
"18344",193,8,11.2753471551704,185
"18345",193,9,14.0150391508704,184
"18346",193,10,11.2668354978996,183
"18347",193,11,11.6050888216848,182
"18348",193,12,11.9134893102384,181
"18349",193,13,12.3619236505014,180
"18350",193,14,10.8902029650828,179
"18351",193,15,9.68356155817942,178
"18352",193,16,9.63502316707446,177
"18353",193,17,10.2217855706941,176
"18354",193,18,11.7369558766883,175
"18355",193,19,9.16570331202846,174
"18356",193,20,8.80072238892063,173
"18357",193,21,13.0075118758013,172
"18358",193,22,13.168960162688,171
"18359",193,23,12.807051192876,170
"18360",193,24,12.0390970248935,169
"18361",193,25,10.2736348375335,168
"18362",193,26,12.7748507501539,167
"18363",193,27,11.218888393009,166
"18364",193,28,11.7411084759115,165
"18365",193,29,10.7030094974906,164
"18366",193,30,11.4262144641652,163
"18367",193,31,10.2961818299606,162
"18368",193,32,12.6989249301947,161
"18369",193,33,10.9022289561617,160
"18370",193,34,11.7990101742262,159
"18371",193,35,10.1912286823968,158
"18372",193,36,11.8141539645396,157
"18373",193,37,8.77522239073434,156
"18374",193,38,10.9587609263239,155
"18375",193,39,11.8592313452143,154
"18376",193,40,11.1535849106494,153
"18377",193,41,11.5793917431165,152
"18378",193,42,10.8898700696539,151
"18379",193,43,9.13803145038028,150
"18380",193,44,8.84966853713759,149
"18381",193,45,10.1210799958657,148
"18382",193,46,11.4488470318494,147
"18383",193,47,9.10002189729154,146
"18384",193,48,6.27166060926614,145
"18385",193,49,5.16550827887084,144
"18386",193,50,12.672567986674,143
"18387",193,51,9.52453454134432,142
"18388",193,52,9.79577266958148,141
"18389",193,53,10.0149985807457,140
"18390",193,54,11.0654988741337,139
"18391",193,55,9.58013905572566,138
"18392",193,56,9.83992649555622,137
"18393",193,57,8.44262024719353,136
"18394",193,58,8.68508346675752,135
"18395",193,59,9.3220198031393,134
"18396",193,60,8.81998845209076,133
"18397",193,61,9.58459448613301,132
"18398",193,62,11.5306491559737,131
"18399",193,63,8.97767040134671,130
"18400",193,64,8.62315974323442,129
"18401",193,65,11.1042494246735,128
"18402",193,66,10.7867712212208,127
"18403",193,67,9.72804058582292,126
"18404",193,68,9.75593438214504,125
"18405",193,69,10.8438613577114,124
"18406",193,70,8.74976456984084,123
"18407",193,71,7.85281780568577,122
"18408",193,72,7.51082832890801,121
"18409",193,73,8.47862763106573,120
"18410",193,74,8.33841391618703,119
"18411",193,75,8.1146162780773,118
"18412",193,76,6.26030079975113,117
"18413",193,77,4.40004043692344,116
"18414",193,78,8.24036958034025,115
"18415",193,79,8.0191978108107,114
"18416",193,80,8.2050834703369,113
"18417",193,81,6.07772000418782,112
"18418",193,82,9.45863187735835,111
"18419",193,83,10.5481350435523,110
"18420",193,84,9.40934287257031,109
"18421",193,85,9.78974839814199,108
"18422",193,86,9.33398166571973,107
"18423",193,87,10.4424041150628,106
"18424",193,88,9.92631242799997,105
"18425",193,89,8.79663268696005,104
"18426",193,90,11.200067769808,103
"18427",193,91,9.7139797483193,102
"18428",193,92,8.20382472985128,101
"18429",193,93,7.17265344155712,100
"18430",193,94,6.79257642716631,99
"18431",193,95,9.05787436465372,98
"18432",193,96,7.6594226858332,97
"18433",193,97,6.21734957507447,96
"18434",193,98,9.58097536846808,95
"18435",193,99,10.0811943834002,94
"18436",193,100,8.25472565307511,93
"18437",193,101,5.76915803237385,92
"18438",193,102,6.55571791516202,91
"18439",193,103,8.12437091566816,90
"18440",193,104,6.20440759281347,89
"18441",193,105,6.37700480169399,88
"18442",193,106,9.61649315108216,87
"18443",193,107,7.09429892779221,86
"18444",193,108,4.78490864923071,85
"18445",193,109,5.70952026283939,84
"18446",193,110,4.01917369152167,83
"18447",193,111,7.71910807415372,82
"18448",193,112,8.81155878916902,81
"18449",193,113,7.74437677630393,80
"18450",193,114,5.12887006029711,79
"18451",193,115,4.58414902349015,78
"18452",193,116,5.36468812750777,77
"18453",193,117,6.22958126350795,76
"18454",193,118,5.37074050055546,75
"18455",193,119,5.5007471189611,74
"18456",193,120,5.7191615305377,73
"18457",193,121,7.7573930018352,72
"18458",193,122,5.03521735986717,71
"18459",193,123,5.57254606428196,70
"18460",193,124,8.81636014074767,69
"18461",193,125,7.29415031615797,68
"18462",193,126,5.28287223015233,67
"18463",193,127,4.66549164266384,66
"18464",193,128,6.03633538610486,65
"18465",193,129,4.31735432322978,64
"18466",193,130,5.4185556606153,63
"18467",193,131,5.27820721812087,62
"18468",193,132,5.24033578272699,61
"18469",193,133,6.66479165822135,60
"18470",193,134,7.53243513559952,59
"18471",193,135,6.29689219810038,58
"18472",193,136,5.84635143230116,57
"18473",193,137,6.44376435293505,56
"18474",193,138,5.87487690906077,55
"18475",193,139,7.07579225301388,54
"18476",193,140,5.79260443745948,53
"18477",193,141,4.46181057607971,52
"18478",193,142,4.88749740506517,51
"18479",193,143,4.77034506504666,50
"18480",193,144,3.69948970246786,49
"18481",193,145,3.71871622897487,48
"18482",193,146,2.30651437832946,47
"18483",193,147,2.97878680899618,46
"18484",193,148,3.7885460945174,45
"18485",193,149,4.12157554296995,44
"18486",193,150,2.95526007335623,43
"18487",193,151,1.92439388976911,42
"18488",193,152,1.20698739468683,41
"18489",193,153,4.5996468391341,40
"18490",193,154,4.76914867542159,39
"18491",193,155,4.26378360187853,38
"18492",193,156,3.60428212972505,37
"18493",193,157,3.3799649472556,36
"18494",193,158,1.90296475600356,35
"18495",193,159,1.4611705676239,34
"18496",193,160,1.04196597689744,33
"18497",193,161,1.72393984737514,32
"18498",193,162,2.32008921380317,31
"18499",193,163,3.45100772507435,30
"18500",193,164,4.24638523555479,29
"18501",193,165,3.87288289309932,28
"18502",193,166,3.70122694897071,27
"18503",193,167,3.50667472345637,26
"18504",193,168,4.39990240828373,25
"18505",193,169,3.49311484595088,24
"18506",193,170,3.66068626735848,23
"18507",193,171,4.39756940377291,22
"18508",193,172,3.60618761108684,21
"18509",193,173,2.16880845593695,20
"18510",193,174,2.27803565467588,19
"18511",193,175,1.84771683268127,18
"18512",193,176,2.33612852693713,17
"18513",193,177,3.48922284976944,16
"18514",193,178,3.68909341428025,15
"18515",193,179,2.06226062534985,14
"18516",193,180,2.71550237206675,13
"18517",193,181,2.85185806557391,12
"18518",193,182,3.91311766264216,11
"18519",193,183,3.15707960132304,10
"18520",193,184,2.45742632574015,9
"18521",193,185,3.386533356364,8
"18522",193,186,1.93539061301484,7
"18523",193,187,2.84639688730993,6
"18524",193,188,2.08415580432866,5
"18525",193,189,2.8820512749565,4
"18526",193,190,2.0915109177106,3
"18527",193,191,1.22223667410783,2
"18528",193,192,1.75124707591299,1
"18529",194,1,7.14575166356468,193
"18530",194,2,7.7292956830678,192
"18531",194,3,11.5201273454797,191
"18532",194,4,8.94211248529675,190
"18533",194,5,10.0152405369269,189
"18534",194,6,9.60414421689714,188
"18535",194,7,9.72684205720051,187
"18536",194,8,11.5804902448861,186
"18537",194,9,14.3201822405862,185
"18538",194,10,11.5719785876153,184
"18539",194,11,9.52765321476851,183
"18540",194,12,11.6757129656822,182
"18541",194,13,12.6670667402172,181
"18542",194,14,9.78759669554623,180
"18543",194,15,8.88866717349263,179
"18544",194,16,9.63268847227547,178
"18545",194,17,10.3646971282198,177
"18546",194,18,9.67621942700565,176
"18547",194,19,8.49601706436451,175
"18548",194,20,8.99271698336195,174
"18549",194,21,13.312654965517,173
"18550",194,22,12.7384039327849,172
"18551",194,23,13.1121942825917,171
"18552",194,24,11.2537487316471,170
"18553",194,25,8.39398874169109,169
"18554",194,26,12.10516450249,168
"18555",194,27,9.14145278609274,167
"18556",194,28,9.66367286899527,166
"18557",194,29,8.62557389057429,165
"18558",194,30,9.34877885724893,164
"18559",194,31,9.66210776423304,163
"18560",194,32,10.6214893232784,162
"18561",194,33,10.2325427084978,161
"18562",194,34,12.1041532639419,160
"18563",194,35,8.73835614749828,159
"18564",194,36,10.1254809806973,158
"18565",194,37,7.54937080110918,157
"18566",194,38,8.88132531940768,156
"18567",194,39,12.16437443493,155
"18568",194,40,11.1618107420761,154
"18569",194,41,11.8845348328323,153
"18570",194,42,9.78726380011737,152
"18571",194,43,9.44317454009602,151
"18572",194,44,9.15481162685333,150
"18573",194,45,10.4262230855814,149
"18574",194,46,11.7539901215652,148
"18575",194,47,9.40516498700728,147
"18576",194,48,6.57680369898188,146
"18577",194,49,5.47065136858659,145
"18578",194,50,12.9777110763898,144
"18579",194,51,9.82967763106006,143
"18580",194,52,9.48464882108863,142
"18581",194,53,9.95100265901823,141
"18582",194,54,9.96289260459711,140
"18583",194,55,8.91045280806172,139
"18584",194,56,9.17024024789227,138
"18585",194,57,8.39185279418742,137
"18586",194,58,6.60764785984126,136
"18587",194,59,8.65233355547535,135
"18588",194,60,9.1251315418065,134
"18589",194,61,9.88973757584876,133
"18590",194,62,11.8357922456895,132
"18591",194,63,8.59370999394923,131
"18592",194,64,7.95347349557047,130
"18593",194,65,10.4345631770095,129
"18594",194,66,11.0919143109366,128
"18595",194,67,8.62543431628634,127
"18596",194,68,9.0862481344811,126
"18597",194,69,11.1490044474271,125
"18598",194,70,8.0800783221769,124
"18599",194,71,7.68176012557201,123
"18600",194,72,7.81597141862376,122
"18601",194,73,7.37602136152916,121
"18602",194,74,7.25397990825852,120
"18603",194,75,7.44493003041335,119
"18604",194,76,5.97718480656533,118
"18605",194,77,4.70518352663919,117
"18606",194,78,8.54551267005599,116
"18607",194,79,8.32434090052644,115
"18608",194,80,7.53539722267296,114
"18609",194,81,5.50328466722729,113
"18610",194,82,8.7889456296944,112
"18611",194,83,9.87844879588832,111
"18612",194,84,9.71448596228606,110
"18613",194,85,10.0948914878577,109
"18614",194,86,9.22414289483587,108
"18615",194,87,10.7475472047786,107
"18616",194,88,10.2314555177157,106
"18617",194,89,7.4151253538524,105
"18618",194,90,10.530381522144,104
"18619",194,91,9.04429350065535,103
"18620",194,92,7.45329583314988,102
"18621",194,93,7.00852940408986,101
"18622",194,94,7.09771951688206,100
"18623",194,95,8.38818811698977,99
"18624",194,96,7.96456577554894,98
"18625",194,97,4.94731859161223,97
"18626",194,98,8.91128912080414,96
"18627",194,99,8.00375877648395,95
"18628",194,100,6.19378111420574,94
"18629",194,101,5.09947178470991,93
"18630",194,102,5.88603166749808,92
"18631",194,103,7.45468466800421,91
"18632",194,104,5.10180132327689,90
"18633",194,105,5.70731855403004,89
"18634",194,106,8.94680690341821,88
"18635",194,107,7.39944201750796,87
"18636",194,108,4.1357807398354,86
"18637",194,109,3.94000462995961,85
"18638",194,110,3.58479107701834,84
"18639",194,111,8.02425116386947,83
"18640",194,112,8.14187254150508,82
"18641",194,113,7.07469052863998,81
"18642",194,114,4.24903974520279,80
"18643",194,115,3.52635043146073,79
"18644",194,116,4.69500187984383,78
"18645",194,117,5.55989501584401,77
"18646",194,118,4.70105425289151,76
"18647",194,119,5.80589020867684,75
"18648",194,120,6.02430462025345,74
"18649",194,121,5.67995739491893,73
"18650",194,122,3.92854382010886,72
"18651",194,123,4.90285981661801,71
"18652",194,124,8.14667389308372,70
"18653",194,125,7.59929340587372,69
"18654",194,126,5.17343721008286,68
"18655",194,127,3.93528698389601,67
"18656",194,128,3.95889977918859,66
"18657",194,129,3.59385231371603,65
"18658",194,130,4.31594939107872,64
"18659",194,131,3.2007716112046,63
"18660",194,132,4.29526950759858,62
"18661",194,133,5.4611225463071,61
"18662",194,134,5.45499952868325,60
"18663",194,135,4.39752891271256,59
"18664",194,136,3.76891582538489,58
"18665",194,137,5.77407810527111,57
"18666",194,138,5.20519066139683,56
"18667",194,139,4.99835664609761,55
"18668",194,140,3.71516883054322,54
"18669",194,141,2.4516045786379,53
"18670",194,142,2.85883270128444,52
"18671",194,143,4.10065881738271,51
"18672",194,144,3.02980345480391,50
"18673",194,145,1.8519709236041,49
"18674",194,146,1.62090930788208,48
"18675",194,147,2.30910056133223,47
"18676",194,148,3.11885984685345,46
"18677",194,149,3.451889295306,45
"18678",194,150,0.877824466439959,44
"18679",194,151,1.12556333341044,43
"18680",194,152,1.65897243334961,42
"18681",194,153,4.90478992884985,41
"18682",194,154,5.07429176513734,40
"18683",194,155,3.16117733234196,39
"18684",194,156,1.52684652280878,38
"18685",194,157,1.72832134898488,37
"18686",194,158,1.36334362006565,36
"18687",194,159,0.858584897218033,35
"18688",194,160,1.68594871074387,34
"18689",194,161,0.498611956124135,33
"18690",194,162,0.469392786957534,32
"18691",194,163,1.82705047829934,31
"18692",194,164,4.55152832527054,30
"18693",194,165,4.17802598281507,29
"18694",194,166,3.16511747910813,28
"18695",194,167,2.83698847579242,27
"18696",194,168,2.32246680136747,26
"18697",194,169,1.41567923903461,25
"18698",194,170,1.58325066044221,24
"18699",194,171,2.56312994463911,23
"18700",194,172,2.17622150862372,22
"18701",194,173,0.928271746034688,21
"18702",194,174,1.76574515922627,20
"18703",194,175,1.96238499283397,19
"18704",194,176,2.64127161665287,18
"18705",194,177,2.38661658023286,17
"18706",194,178,1.61165780736398,16
"18707",194,179,0.0969104107307124,15
"18708",194,180,3.02064546178249,14
"18709",194,181,2.76834257680907,13
"18710",194,182,2.81051139310559,12
"18711",194,183,2.05447333178646,11
"18712",194,184,1.7877400780762,10
"18713",194,185,1.30909774944774,9
"18714",194,186,0.659016567138067,8
"18715",194,187,0.866503086664725,7
"18716",194,188,0.346607872757454,6
"18717",194,189,2.21236502729255,5
"18718",194,190,0.883105353103407,4
"18719",194,191,0.855198932808437,3
"18720",194,192,2.51727733072345,2
"18721",194,193,2.07743560691627,1
"18722",195,1,8.08294133278826,194
"18723",195,2,6.57984502139245,193
"18724",195,3,8.28095184066585,192
"18725",195,4,9.32880157520097,191
"18726",195,5,8.17460644485339,190
"18727",195,6,9.38878323388395,189
"18728",195,7,8.66074173789185,188
"18729",195,8,9.14246310433568,187
"18730",195,9,11.0810067357723,186
"18731",195,10,8.87504102517246,185
"18732",195,11,10.8371404501675,184
"18733",195,12,10.0943524008991,183
"18734",195,13,9.42789123540334,182
"18735",195,14,9.83530517440661,181
"18736",195,15,8.10325092353841,180
"18737",195,16,7.85302370401006,179
"18738",195,17,9.16250440948018,178
"18739",195,18,10.969007505171,177
"18740",195,19,8.1880270514542,176
"18741",195,20,7.75264168064515,175
"18742",195,21,10.0734794607032,174
"18743",195,22,11.2861162854119,173
"18744",195,23,9.87301877777787,172
"18745",195,24,10.3645170318474,171
"18746",195,25,9.50568646601619,170
"18747",195,26,10.9557138408146,169
"18748",195,27,10.4509400214917,168
"18749",195,28,10.9731601043942,167
"18750",195,29,9.93506112597326,166
"18751",195,30,10.6582660926479,165
"18752",195,31,9.52823345844334,164
"18753",195,32,11.9309765586774,163
"18754",195,33,9.08309204682244,162
"18755",195,34,8.86497775912811,161
"18756",195,35,9.42328031087949,160
"18757",195,36,11.0462055930223,159
"18758",195,37,8.00727401921704,158
"18759",195,38,10.1908125548066,157
"18760",195,39,9.7543685956085,156
"18761",195,40,9.51993430385139,155
"18762",195,41,9.13260015870366,154
"18763",195,42,9.41193668432064,153
"18764",195,43,8.08742154566044,152
"18765",195,44,5.9156361220395,151
"18766",195,45,7.18704758076759,150
"18767",195,46,8.51481461675134,149
"18768",195,47,6.16598948219346,148
"18769",195,48,3.99895420855054,147
"18770",195,49,2.77491968899862,146
"18771",195,50,9.73853557157596,145
"18772",195,51,7.04392846409082,144
"18773",195,52,7.97663576024219,143
"18774",195,53,9.24705020922837,142
"18775",195,54,9.1826549968576,141
"18776",195,55,7.76100214638637,140
"18777",195,56,8.02078958621692,139
"18778",195,57,7.38894603540977,138
"18779",195,58,7.91713509524022,137
"18780",195,59,7.50288289380001,136
"18781",195,60,7.30646620635043,135
"18782",195,61,6.65056207103493,134
"18783",195,62,8.9845209960544,133
"18784",195,63,8.12929555916538,132
"18785",195,64,6.80402283389513,131
"18786",195,65,9.28511251533418,130
"18787",195,66,8.86190902802198,129
"18788",195,67,7.84519670854683,128
"18789",195,68,8.47046820327599,127
"18790",195,69,7.9098289426133,126
"18791",195,70,7.13083546926645,125
"18792",195,71,6.55109465910487,124
"18793",195,72,5.26443380543662,123
"18794",195,73,6.87420845846718,122
"18795",195,74,7.57046554466973,121
"18796",195,75,7.27219798886558,120
"18797",195,76,5.24979846997312,119
"18798",195,77,2.37542206072342,118
"18799",195,78,5.30633716524217,117
"18800",195,79,5.94212868888767,116
"18801",195,80,6.38594656099761,115
"18802",195,81,4.64659139462064,114
"18803",195,82,7.80612238427837,113
"18804",195,83,8.72899813421297,112
"18805",195,84,6.9860243297873,111
"18806",195,85,7.66455865179191,110
"18807",195,86,7.68863310687313,109
"18808",195,87,8.24872701513631,108
"18809",195,88,7.34787842184368,107
"18810",195,89,8.02868431544275,106
"18811",195,90,9.97973350637963,105
"18812",195,91,7.89484283898001,104
"18813",195,92,7.43587635833398,103
"18814",195,93,5.34023177138688,102
"18815",195,94,3.85854401206823,101
"18816",195,95,7.23873745531442,100
"18817",195,96,4.72539027073512,99
"18818",195,97,5.44940120355717,98
"18819",195,98,8.11754091266394,97
"18820",195,99,9.31324601188291,96
"18821",195,100,7.48677728155781,95
"18822",195,101,3.95002112303456,94
"18823",195,102,4.73658100582273,93
"18824",195,103,6.30523400632887,92
"18825",195,104,5.18434818576694,91
"18826",195,105,4.92961922441497,90
"18827",195,106,7.79735624174286,89
"18828",195,107,4.20508177036981,88
"18829",195,108,3.79285709749124,87
"18830",195,109,4.94157189132209,86
"18831",195,110,2.20003678218238,85
"18832",195,111,4.78507565905564,84
"18833",195,112,7.54245362260517,83
"18834",195,113,6.18384270375047,82
"18835",195,114,4.36092168877981,81
"18836",195,115,3.81620065197285,80
"18837",195,116,3.54555121816848,79
"18838",195,117,4.41044435416866,78
"18839",195,118,3.55160359121617,77
"18840",195,119,2.58242543745974,76
"18841",195,120,3.2947393596304,75
"18842",195,121,6.9894446303179,74
"18843",195,122,4.26726898834987,73
"18844",195,123,3.75340915494266,72
"18845",195,124,6.99722323140837,71
"18846",195,125,4.36011790105989,70
"18847",195,126,3.78681979433114,69
"18848",195,127,3.65663268855575,68
"18849",195,128,5.26838701458756,67
"18850",195,129,3.54940595171248,66
"18851",195,130,3.70939275645554,65
"18852",195,131,4.51025884660357,64
"18853",195,132,4.47238741120969,63
"18854",195,133,5.89684328670405,62
"18855",195,134,6.76448676408222,61
"18856",195,135,5.52894382658308,60
"18857",195,136,5.07840306078386,59
"18858",195,137,4.62462744359576,58
"18859",195,138,5.07472673589985,57
"18860",195,139,6.30784388149658,56
"18861",195,140,5.02465606594218,55
"18862",195,141,3.69386220456241,54
"18863",195,142,4.11954903354788,53
"18864",195,143,3.1287342431207,52
"18865",195,144,2.75367709860882,51
"18866",195,145,2.95076785745757,50
"18867",195,146,2.23453313514035,49
"18868",195,147,1.22731337046657,48
"18869",195,148,2.2444770788625,47
"18870",195,149,2.99769061758245,46
"18871",195,150,3.46623659023123,45
"18872",195,151,4.36473883822427,44
"18873",195,152,3.31253434656937,43
"18874",195,153,1.97969517772089,42
"18875",195,154,1.83511626032351,41
"18876",195,155,2.38093972460245,40
"18877",195,156,2.83633375820775,39
"18878",195,157,2.6120165757383,38
"18879",195,158,1.87583188474817,37
"18880",195,159,3.96889468659121,36
"18881",195,160,3.97599839199552,35
"18882",195,161,3.37922506176687,34
"18883",195,162,3.07790946399964,33
"18884",195,163,2.97521344679572,32
"18885",195,164,1.55885690655578,31
"18886",195,165,1.35342858778646,30
"18887",195,166,1.81838307169462,29
"18888",195,167,2.57701504271582,28
"18889",195,168,3.63195403676643,27
"18890",195,169,3.03967367856474,26
"18891",195,170,3.27448212033574,25
"18892",195,171,3.62962103225561,24
"18893",195,172,2.92857565910642,23
"18894",195,173,3.48780195590009,22
"18895",195,174,2.59444153632125,21
"18896",195,175,1.27679051197985,20
"18897",195,176,0.597903888160952,19
"18898",195,177,2.19472637552629,18
"18899",195,178,2.98866636342388,17
"18900",195,179,3.33608591554454,16
"18901",195,180,0.768769874993487,15
"18902",195,181,1.03667765910751,14
"18903",195,182,2.63647309475243,13
"18904",195,183,2.41868657171244,12
"18905",195,184,2.13493197442069,11
"18906",195,185,3.69583434968598,10
"18907",195,186,3.34354779378758,9
"18908",195,187,3.87412473246415,8
"18909",195,188,3.15587912052405,7
"18910",195,189,2.72435811675143,6
"18911",195,190,2.35607015171042,5
"18912",195,191,2.40604538260036,4
"18913",195,192,3.29751493846296,3
"18914",195,193,2.93403241509808,2
"18915",195,194,3.23917550481383,1
"18916",196,1,6.3669242539846,195
"18917",196,2,6.36815669562364,194
"18918",196,3,9.61554453280966,193
"18919",196,4,7.62374292274165,192
"18920",196,5,8.11065772425687,191
"18921",196,6,8.65417054826659,190
"18922",196,7,8.18919851414806,189
"18923",196,8,9.67590743221612,188
"18924",196,9,12.4155994279161,187
"18925",196,10,9.66739577494529,186
"18926",196,11,9.12112337136383,185
"18927",196,12,9.88266407513027,184
"18928",196,13,10.7624839275471,183
"18929",196,14,8.83762302691568,182
"18930",196,15,7.6309816200123,181
"18931",196,16,7.72810565960546,180
"18932",196,17,8.46011431554981,179
"18933",196,18,9.25299042636736,178
"18934",196,19,7.13487807692035,177
"18935",196,20,7.08813417069193,176
"18936",196,21,11.408072152847,175
"18937",196,22,11.1163802245209,174
"18938",196,23,11.2076114699217,173
"18939",196,24,9.98651708672637,172
"18940",196,25,7.78966938721253,171
"18941",196,26,10.7440255150458,170
"18942",196,27,8.73492294268806,169
"18943",196,28,9.25714302559058,168
"18944",196,29,8.21904404716961,167
"18945",196,30,8.94224901384425,166
"18946",196,31,7.92559897524917,165
"18947",196,32,10.2149594798737,164
"18948",196,33,8.87140372105363,163
"18949",196,34,10.1995704512719,162
"18950",196,35,7.78838247886773,161
"18951",196,36,9.33018851421864,160
"18952",196,37,6.59939713247863,159
"18953",196,38,8.474795476003,158
"18954",196,39,10.25979162226,157
"18955",196,40,9.25722792940605,156
"18956",196,41,9.97995202016225,155
"18957",196,42,8.83729013148682,154
"18958",196,43,7.538591727426,153
"18959",196,44,7.25022881418331,152
"18960",196,45,8.5216402729114,151
"18961",196,46,9.84940730889515,150
"18962",196,47,7.50058217433727,149
"18963",196,48,4.67222088631186,148
"18964",196,49,3.56606855591657,147
"18965",196,50,11.0731282637198,146
"18966",196,51,7.92509481839005,145
"18967",196,52,7.76494743447338,144
"18968",196,53,8.04641984634821,143
"18969",196,54,9.01291893596657,142
"18970",196,55,7.54931382061756,141
"18971",196,56,7.80910126044811,140
"18972",196,57,6.4872699815174,139
"18973",196,58,6.20111801643657,138
"18974",196,59,7.2911945680312,137
"18975",196,60,7.22054872913648,136
"18976",196,61,7.98515476317874,135
"18977",196,62,9.93120943301945,134
"18978",196,63,6.94684516623861,133
"18979",196,64,6.59233450812632,132
"18980",196,65,9.07342418956537,131
"18981",196,66,9.18733149826654,130
"18982",196,67,7.6754606476558,129
"18983",196,68,7.72510914703694,128
"18984",196,69,9.24442163475711,127
"18985",196,70,6.71893933473274,126
"18986",196,71,5.82199257057767,125
"18987",196,72,5.91138860595374,124
"18988",196,73,6.42604769289861,123
"18989",196,74,5.89284092081437,122
"18990",196,75,6.08379104296919,121
"18991",196,76,4.22947556464302,120
"18992",196,77,2.80060071396917,119
"18993",196,78,6.64092985738598,118
"18994",196,79,6.41975808785643,117
"18995",196,80,6.1742582352288,116
"18996",196,81,4.04689476907972,115
"18997",196,82,7.42780664225025,114
"18998",196,83,8.51730980844416,113
"18999",196,84,7.80990314961604,112
"19000",196,85,8.19030867518772,111
"19001",196,86,7.31956008216585,110
"19002",196,87,8.84296439210858,109
"19003",196,88,8.3268727050457,108
"19004",196,89,6.3126672366391,107
"19005",196,90,9.16924253469985,106
"19006",196,91,7.6831545132112,105
"19007",196,92,6.09215684570572,104
"19008",196,93,5.12007350339,103
"19009",196,94,5.19313670421204,102
"19010",196,95,7.02704912954562,101
"19011",196,96,6.05998296287892,100
"19012",196,97,3.73338412475352,99
"19013",196,98,7.55015013335998,98
"19014",196,99,7.59722893307926,97
"19015",196,100,5.77076020275416,96
"19016",196,101,3.73833279726575,95
"19017",196,102,4.52489268005392,94
"19018",196,103,6.09354568056006,93
"19019",196,104,4.15182765464634,92
"19020",196,105,4.34617956658589,91
"19021",196,106,7.58566791597406,90
"19022",196,107,5.49485920483794,89
"19023",196,108,2.73232871106359,88
"19024",196,109,3.22555481251843,87
"19025",196,110,1.98834845641357,86
"19026",196,111,6.11966835119945,85
"19027",196,112,6.78073355406092,84
"19028",196,113,5.71355154119582,83
"19029",196,114,2.88790075775863,82
"19030",196,115,2.16521144401657,81
"19031",196,116,3.33386289239967,80
"19032",196,117,4.19875602839985,79
"19033",196,118,3.33991526544736,78
"19034",196,119,3.90130739600682,77
"19035",196,120,4.11972180758343,76
"19036",196,121,5.27342755151424,75
"19037",196,122,2.5674048326647,74
"19038",196,123,3.54172082917385,73
"19039",196,124,6.78553490563956,72
"19040",196,125,5.6947105932037,71
"19041",196,126,3.26885439741285,70
"19042",196,127,2.61291170449672,69
"19043",196,128,3.5523699357839,68
"19044",196,129,1.86700367764606,67
"19045",196,130,3.36597572244818,66
"19046",196,131,2.79424176779992,65
"19047",196,132,2.93413052015442,64
"19048",196,133,4.1808262079004,63
"19049",196,134,5.04846968527856,62
"19050",196,135,3.81292674777943,61
"19051",196,136,3.3623859819802,60
"19052",196,137,4.41293911782695,59
"19053",196,138,3.84405167395267,58
"19054",196,139,4.59182680269293,57
"19055",196,140,3.30863898713853,56
"19056",196,141,1.97784512575876,55
"19057",196,142,2.40353195474422,54
"19058",196,143,2.73951982993855,53
"19059",196,144,1.66866446735976,52
"19060",196,145,1.23475077865391,51
"19061",196,146,1.33716183542595,50
"19062",196,147,1.39704943135761,49
"19063",196,148,1.75772085940929,48
"19064",196,149,2.09075030786184,47
"19065",196,150,2.13164389808742,46
"19066",196,151,3.03014614608046,45
"19067",196,152,2.60894610198016,44
"19068",196,153,3.69571225652455,43
"19069",196,154,3.16970895246732,42
"19070",196,155,2.21120366371141,41
"19071",196,156,1.12031667940409,40
"19072",196,157,0.895999496934642,39
"19073",196,158,0.670644655590644,38
"19074",196,159,2.6343019944474,37
"19075",196,160,2.94954589191696,36
"19076",196,161,2.04463236962306,35
"19077",196,162,1.74331677185584,34
"19078",196,163,1.64062075465191,33
"19079",196,164,2.64694551260052,32
"19080",196,165,2.27344317014505,31
"19081",196,166,1.64864701080359,30
"19082",196,167,1.47584948834827,29
"19083",196,168,1.91593695796278,28
"19084",196,169,1.70508098642093,27
"19085",196,170,1.93988942819193,26
"19086",196,171,1.91360395345196,25
"19087",196,172,1.59398296696261,24
"19088",196,173,2.15320926375628,23
"19089",196,174,2.71571882785682,22
"19090",196,175,1.20253732812696,21
"19091",196,176,1.40984083343509,20
"19092",196,177,1.90779957966681,19
"19093",196,178,1.65407367128007,18
"19094",196,179,2.00149322340073,17
"19095",196,180,2.19345416410051,16
"19096",196,181,1.31284762160858,15
"19097",196,182,2.84816142052124,14
"19098",196,183,2.63037489748125,13
"19099",196,184,1.99750238457706,12
"19100",196,185,2.36124165754218,11
"19101",196,186,2.02015555458222,10
"19102",196,187,2.53953204032034,9
"19103",196,188,1.82128642838024,8
"19104",196,189,2.48993295475186,7
"19105",196,190,1.02147745956661,6
"19106",196,191,1.26172877621312,5
"19107",196,192,3.467250999354,4
"19108",196,193,2.48396545032095,3
"19109",196,194,1.90458281267002,2
"19110",196,195,1.71601707880365,1
"19111",197,1,6.98754568471675,196
"19112",197,2,6.32525974337751,195
"19113",197,3,9.48861056872045,194
"19114",197,4,8.23340592712946,193
"19115",197,5,8.54145480285142,192
"19116",197,6,9.19075496715566,191
"19117",197,7,8.72578293303713,190
"19118",197,8,9.5489734681269,189
"19119",197,9,12.2886654638269,188
"19120",197,10,9.54046181085607,187
"19121",197,11,9.74174480209597,186
"19122",197,12,9.83976712288414,185
"19123",197,13,10.6355499634579,184
"19124",197,14,9.37420744580475,183
"19125",197,15,8.16756603890137,182
"19126",197,16,8.1190276477964,181
"19127",197,17,8.70579005141606,180
"19128",197,18,9.8736118570995,179
"19129",197,19,7.09263140338269,178
"19130",197,20,7.28472686964258,177
"19131",197,21,11.2811381887578,176
"19132",197,22,11.6529646434099,175
"19133",197,23,11.0806775058325,174
"19134",197,24,10.5231015056154,173
"19135",197,25,8.41029081794468,172
"19136",197,26,10.7011285627997,171
"19137",197,27,9.35554437342021,170
"19138",197,28,9.87776445632273,169
"19139",197,29,8.83966547790175,168
"19140",197,30,9.56287044457639,167
"19141",197,31,8.43283781037183,166
"19142",197,32,10.8355809106058,165
"19143",197,33,8.8285067688075,164
"19144",197,34,10.0726364871827,163
"19145",197,35,8.32788466280799,162
"19146",197,36,9.95080994495078,161
"19147",197,37,7.1359815513677,160
"19148",197,38,9.09541690673514,159
"19149",197,39,10.1328576581708,158
"19150",197,40,9.63758939137138,157
"19151",197,41,9.85301805607304,156
"19152",197,42,9.37387455037589,155
"19153",197,43,7.54106322632307,154
"19154",197,44,7.1232948500941,153
"19155",197,45,8.39470630882219,152
"19156",197,46,9.72247334480593,151
"19157",197,47,7.37364821024805,150
"19158",197,48,4.54528692222265,149
"19159",197,49,3.43913459182736,148
"19160",197,50,10.9461942996306,147
"19161",197,51,7.79816085430083,146
"19162",197,52,7.72205048222725,145
"19163",197,53,8.24876100908177,144
"19164",197,54,9.54950335485563,143
"19165",197,55,7.50641686837143,142
"19166",197,56,7.76620430820198,141
"19167",197,57,6.92662472791547,140
"19168",197,58,6.82173944716872,139
"19169",197,59,7.24829761578506,138
"19170",197,60,7.09361476504727,137
"19171",197,61,7.85822079908953,136
"19172",197,62,9.80427546893023,135
"19173",197,63,7.03389991109387,134
"19174",197,64,6.54943755588018,133
"19175",197,65,9.03052723731923,132
"19176",197,66,9.06039753417733,131
"19177",197,67,8.21204506654486,130
"19178",197,68,7.68221219479081,129
"19179",197,69,9.1174876706679,128
"19180",197,70,6.6760423824866,127
"19181",197,71,5.77909561833153,126
"19182",197,72,5.78445464186453,125
"19183",197,73,6.96263211178768,124
"19184",197,74,6.47506989659822,123
"19185",197,75,6.17680234079407,122
"19186",197,76,4.18657861239689,121
"19187",197,77,2.67366674987996,120
"19188",197,78,6.51399589329676,119
"19189",197,79,6.3089770468857,118
"19190",197,80,6.13136128298267,117
"19191",197,81,4.00399781683358,116
"19192",197,82,7.38490969000411,115
"19193",197,83,8.47441285619803,114
"19194",197,84,7.68296918552683,113
"19195",197,85,8.06337471109851,112
"19196",197,86,7.81798614644168,111
"19197",197,87,8.71603042801936,110
"19198",197,88,8.19993874095649,109
"19199",197,89,6.93328866737124,108
"19200",197,90,9.12634558245372,107
"19201",197,91,7.64025756096506,106
"19202",197,92,6.34048071026247,105
"19203",197,93,5.65665792227906,104
"19204",197,94,5.06620274012283,103
"19205",197,95,6.98415217729948,102
"19206",197,96,5.93304899878971,101
"19207",197,97,4.35400555548566,100
"19208",197,98,7.50725318111385,99
"19209",197,99,8.2178503638114,98
"19210",197,100,6.39138163348631,97
"19211",197,101,3.69543584501962,96
"19212",197,102,4.48199572780779,95
"19213",197,103,6.05064872831392,94
"19214",197,104,4.68841207353541,93
"19215",197,105,4.30328261433975,92
"19216",197,106,7.54277096372792,91
"19217",197,107,5.36792524074873,90
"19218",197,108,3.26891312995266,89
"19219",197,109,3.84617624325058,88
"19220",197,110,1.94545150416743,87
"19221",197,111,5.99273438711024,86
"19222",197,112,6.73783660181479,85
"19223",197,113,5.67065458894969,84
"19224",197,114,3.26552604070831,83
"19225",197,115,2.72080500390134,82
"19226",197,116,3.29096594015354,81
"19227",197,117,4.15585907615372,80
"19228",197,118,3.29701831320122,79
"19229",197,119,3.77437343191761,78
"19230",197,120,3.99278784349422,77
"19231",197,121,5.89404898224639,76
"19232",197,122,3.17187334027836,75
"19233",197,123,3.49882387692772,74
"19234",197,124,6.74263795339343,73
"19235",197,125,5.56777662911449,72
"19236",197,126,3.20915004279809,71
"19237",197,127,3.14949612338578,70
"19238",197,128,4.17299136651605,69
"19239",197,129,2.45401030364097,68
"19240",197,130,3.90256014133724,67
"19241",197,131,3.41486319853206,66
"19242",197,132,3.37699176313818,65
"19243",197,133,4.80144763863255,64
"19244",197,134,5.66909111601071,63
"19245",197,135,4.43354817851157,62
"19246",197,136,3.98300741271235,61
"19247",197,137,4.37004216558082,60
"19248",197,138,3.97933108782834,59
"19249",197,139,5.21244823342507,58
"19250",197,140,3.92926041787068,57
"19251",197,141,2.5984665564909,56
"19252",197,142,3.02415338547637,55
"19253",197,143,2.69662287769242,54
"19254",197,144,1.65828145053731,53
"19255",197,145,1.85537220938606,52
"19256",197,146,1.02687440708575,51
"19257",197,147,0.90506462164194,50
"19258",197,148,1.71482390716316,49
"19259",197,149,2.04785335561571,48
"19260",197,150,2.25857786217663,47
"19261",197,151,3.15708011016967,46
"19262",197,152,2.10487561851478,45
"19263",197,153,3.0750908257924,44
"19264",197,154,3.04277498837811,43
"19265",197,155,2.74778808260048,42
"19266",197,156,1.74093811013624,41
"19267",197,157,1.51662092766679,40
"19268",197,158,0.668173156693579,39
"19269",197,159,2.76123595853662,38
"19270",197,160,2.9924428441631,37
"19271",197,161,2.17156633371227,36
"19272",197,162,1.87025073594505,35
"19273",197,163,1.76755471874112,34
"19274",197,164,2.52001154851131,33
"19275",197,165,2.14650920605584,32
"19276",197,166,2.18523142969265,31
"19277",197,167,1.48161939464431,30
"19278",197,168,2.53655838869493,29
"19279",197,169,1.83201495051014,28
"19280",197,170,2.06682339228114,27
"19281",197,171,2.5342253841841,26
"19282",197,172,1.74284359149803,25
"19283",197,173,2.28014322784549,24
"19284",197,174,2.17913440896775,23
"19285",197,175,0.581915897394819,22
"19286",197,176,0.789219402702943,21
"19287",197,177,1.97322733049138,20
"19288",197,178,1.82574939469144,19
"19289",197,179,2.12842718748994,18
"19290",197,180,1.57283273336836,17
"19291",197,181,1.33586254629586,16
"19292",197,182,2.89105837276737,15
"19293",197,183,2.67327184972739,14
"19294",197,184,1.46091796568799,13
"19295",197,185,2.48817562163139,12
"19296",197,186,2.13588906573299,11
"19297",197,187,2.66646600440955,10
"19298",197,188,1.94822039246945,9
"19299",197,189,1.95334853586279,8
"19300",197,190,1.14841142365582,7
"19301",197,191,1.28803061581901,6
"19302",197,192,2.93066658046493,5
"19303",197,193,2.07372218735424,4
"19304",197,194,2.03151677675923,3
"19305",197,195,1.2076587280546,2
"19306",197,196,0.620621430732145,1
"19307",198,1,7.89683423863279,197
"19308",198,2,6.28017325358912,196
"19309",198,3,9.70124206389146,195
"19310",198,4,9.32733388050616,194
"19311",198,5,9.70846134172686,193
"19312",198,6,10.3577615060311,192
"19313",198,7,9.89278947191257,191
"19314",198,8,9.76160496329792,190
"19315",198,9,12.501296958998,189
"19316",198,10,10.3192519607727,188
"19317",198,11,10.651033356012,187
"19318",198,12,9.85682768409395,186
"19319",198,13,10.848181458629,185
"19320",198,14,10.5412139846802,184
"19321",198,15,9.3345725777768,183
"19322",198,16,9.28603418667184,182
"19323",198,17,9.8727965902915,181
"19324",198,18,10.7829004110155,180
"19325",198,19,8.00191995729873,179
"19326",198,20,8.45173340851801,178
"19327",198,21,11.4937696839288,177
"19328",198,22,12.8199711822854,176
"19329",198,23,11.2933090010035,175
"19330",198,24,11.6901080444909,174
"19331",198,25,9.31957937186072,173
"19332",198,26,10.6560420730113,172
"19333",198,27,10.2648329273362,171
"19334",198,28,10.7870530102388,170
"19335",198,29,9.74895403181779,169
"19336",198,30,10.4721589984924,168
"19337",198,31,9.34773331371804,167
"19338",198,32,11.7448694645219,166
"19339",198,33,8.78342027901911,165
"19340",198,34,10.2852679823537,164
"19341",198,35,9.49197343663223,163
"19342",198,36,10.8600984988668,162
"19343",198,37,8.30298809024314,161
"19344",198,38,10.0047054606512,160
"19345",198,39,10.3454891533418,159
"19346",198,40,10.8045959302468,158
"19347",198,41,10.6664550555771,157
"19348",198,42,10.5408810892513,156
"19349",198,43,8.70806976519851,155
"19350",198,44,7.33592634526512,154
"19351",198,45,8.60733780399321,153
"19352",198,46,9.93510483997695,152
"19353",198,47,7.58627970541907,151
"19354",198,48,5.14623885094585,150
"19355",198,49,3.65176608699838,149
"19356",198,50,11.1588257948016,148
"19357",198,51,8.57778336096429,147
"19358",198,52,7.67696399243886,146
"19359",198,53,9.41576754795721,145
"19360",198,54,10.7165098937311,144
"19361",198,55,7.46133037858304,143
"19362",198,56,7.7211178184136,142
"19363",198,57,8.09363126679091,141
"19364",198,58,7.73102800108475,140
"19365",198,59,7.20321112599668,139
"19366",198,60,8.05037319189898,138
"19367",198,61,8.07085229426054,137
"19368",198,62,10.5183758929279,136
"19369",198,63,7.94318846500991,135
"19370",198,64,6.5043510660918,134
"19371",198,65,8.98544074753085,133
"19372",198,66,9.27302902934835,132
"19373",198,67,9.3790516054203,131
"19374",198,68,8.28436110912052,130
"19375",198,69,9.33011916583891,129
"19376",198,70,6.94472837511098,128
"19377",198,71,6.49385328039005,127
"19378",198,72,5.99708613703555,126
"19379",198,73,8.12963865066312,125
"19380",198,74,7.38435845051426,124
"19381",198,75,7.08609089471011,123
"19382",198,76,5.08049877818626,122
"19383",198,77,3.2508705001697,121
"19384",198,78,6.72662738846778,120
"19385",198,79,7.47598358576114,119
"19386",198,80,6.08627479319428,118
"19387",198,81,4.46048430046517,117
"19388",198,82,7.6200152901229,116
"19389",198,83,8.46173625723997,115
"19390",198,84,8.26776819113154,114
"19391",198,85,9.19841354866538,113
"19392",198,86,8.98499268531712,112
"19393",198,87,9.78258191200978,111
"19394",198,88,8.88173331871715,110
"19395",198,89,7.84257722128728,109
"19396",198,90,9.79362641222416,108
"19397",198,91,7.59517107117668,107
"19398",198,92,7.24976926417851,106
"19399",198,93,6.8236644611545,105
"19400",198,94,5.27883423529384,104
"19401",198,95,6.9390656875111,103
"19402",198,96,6.14568049396073,102
"19403",198,97,5.28010151177031,101
"19404",198,98,7.93143381850846,100
"19405",198,99,9.12713891772744,99
"19406",198,100,7.30067018740234,98
"19407",198,101,3.65034935523123,97
"19408",198,102,4.4369092380194,96
"19409",198,103,6.00556223852554,95
"19410",198,104,5.85541861241085,94
"19411",198,105,4.7435121302595,93
"19412",198,106,7.49768447393954,92
"19413",198,107,5.58055673591975,91
"19414",198,108,4.4359196688281,90
"19415",198,109,4.75546479716662,89
"19416",198,110,1.98120766341651,88
"19417",198,111,6.20536588228125,87
"19418",198,112,7.3563465284497,86
"19419",198,113,5.997735609595,85
"19420",198,114,4.17481459462434,84
"19421",198,115,3.63009355781738,83
"19422",198,116,3.24587945036515,82
"19423",198,117,4.11077258636533,81
"19424",198,118,3.25193182341284,80
"19425",198,119,4.11628033433321,79
"19426",198,120,4.4644383538245,78
"19427",198,121,6.80333753616243,77
"19428",198,122,4.0811618941944,76
"19429",198,123,3.45373738713934,75
"19430",198,124,6.69755146360504,74
"19431",198,125,5.78040812428551,73
"19432",198,126,3.79120107566061,72
"19433",198,127,4.31650266226122,71
"19434",198,128,5.08227992043209,70
"19435",198,129,3.57059463541056,69
"19436",198,130,5.06956668021268,68
"19437",198,131,4.3241517524481,67
"19438",198,132,4.28628031705422,66
"19439",198,133,5.71073619254858,65
"19440",198,134,6.57837966992675,64
"19441",198,135,5.34283673242761,63
"19442",198,136,4.89229596662839,62
"19443",198,137,4.32495567579243,61
"19444",198,138,4.88861964174438,60
"19445",198,139,6.12173678734111,59
"19446",198,140,4.83854897178671,58
"19447",198,141,3.50775511040694,57
"19448",198,142,3.9334419393924,56
"19449",198,143,2.94262714896523,55
"19450",198,144,2.56757000445335,54
"19451",198,145,2.7646607633021,53
"19452",198,146,1.35245891265669,52
"19453",198,147,0.973230671721346,51
"19454",198,148,2.05836998470703,50
"19455",198,149,2.81158352342698,49
"19456",198,150,2.04594636700562,48
"19457",198,151,2.94444861499865,47
"19458",198,152,1.89224412334376,46
"19459",198,153,3.08590464726164,45
"19460",198,154,3.25540648354912,44
"19461",198,155,3.91479462147591,43
"19462",198,156,2.65022666405228,42
"19463",198,157,2.48193863811884,41
"19464",198,158,1.03294630217386,40
"19465",198,159,2.5486044633656,39
"19466",198,160,3.03752933395148,38
"19467",198,161,1.95893483854126,37
"19468",198,162,1.65761924077403,36
"19469",198,163,2.49695225940158,35
"19470",198,164,2.73264304368233,34
"19471",198,165,2.35914070122685,33
"19472",198,166,3.35223796856809,32
"19473",198,167,2.39090794856035,31
"19474",198,168,3.44584694261096,30
"19475",198,169,2.53905938027811,29
"19476",198,170,2.70663080168571,28
"19477",198,171,3.44351393810014,27
"19478",198,172,2.65213214541407,26
"19479",198,173,2.06751173267447,25
"19480",198,174,1.17415131309563,24
"19481",198,175,0.741964212228327,23
"19482",198,176,1.74479367746051,22
"19483",198,177,3.14023386936682,21
"19484",198,178,2.73503794860748,20
"19485",198,179,1.91579569231893,19
"19486",198,180,1.20176018019428,18
"19487",198,181,2.5028690851713,17
"19488",198,182,3.56412868223955,16
"19489",198,183,2.80809062092042,15
"19490",198,184,0.759347972980045,14
"19491",198,185,2.43247789069123,13
"19492",198,186,2.10813899661674,12
"19493",198,187,2.45383450923854,11
"19494",198,188,1.73558889729844,10
"19495",198,189,1.30406789352582,9
"19496",198,190,1.13745545203783,8
"19497",198,191,1.33311710560739,7
"19498",198,192,1.76366004158949,6
"19499",198,193,2.11880867714262,5
"19500",198,194,1.81888528158821,4
"19501",198,195,1.53385489687347,3
"19502",198,196,1.70359095776451,2
"19503",198,197,1.16700653887544,1
"19504",199,1,7.80592999988466,198
"19505",199,2,6.94954886964017,197
"19506",199,3,11.0036920205197,196
"19507",199,4,9.86950398233525,195
"19508",199,5,10.2506314435559,194
"19509",199,6,10.8999316078602,193
"19510",199,7,10.4349595737417,192
"19511",199,8,11.0640549199262,191
"19512",199,9,13.8037469156262,190
"19513",199,10,11.0555432626554,189
"19514",199,11,10.5601291172639,188
"19515",199,12,11.1592776407222,187
"19516",199,13,12.1506314152572,186
"19517",199,14,11.0833840865093,185
"19518",199,15,9.87674267960589,184
"19519",199,16,9.82820428850093,183
"19520",199,17,10.4149666921206,182
"19521",199,18,10.6919961722674,181
"19522",199,19,7.9110157185506,180
"19523",199,20,8.9939035103471,179
"19524",199,21,12.7962196405571,178
"19525",199,22,13.3621412841145,177
"19526",199,23,12.5957589576317,176
"19527",199,24,12.23227814632,175
"19528",199,25,9.68977613265413,174
"19529",199,26,11.3254176890624,173
"19530",199,27,10.1739286885881,172
"19531",199,28,10.6961487714906,171
"19532",199,29,9.65804979306966,170
"19533",199,30,10.3812547597443,169
"19534",199,31,9.88990341554713,168
"19535",199,32,11.6539652257738,167
"19536",199,33,9.45279589507016,166
"19537",199,34,11.587717938982,165
"19538",199,35,10.0341435384613,164
"19539",199,36,10.7691942601187,163
"19540",199,37,8.84515819207223,162
"19541",199,38,9.91380122190305,161
"19542",199,39,11.6479391099701,160
"19543",199,40,11.3467660320759,159
"19544",199,41,11.3680995078723,158
"19545",199,42,11.0830511910804,157
"19546",199,43,9.25023986702759,156
"19547",199,44,8.63837630189338,155
"19548",199,45,9.90978776062147,154
"19549",199,46,11.2375547966052,153
"19550",199,47,8.88872966204733,152
"19551",199,48,6.06036837402193,151
"19552",199,49,4.95421604362664,150
"19553",199,50,12.4612757514298,149
"19554",199,51,9.31324230610011,148
"19555",199,52,8.96821349612868,147
"19556",199,53,9.9579376497863,146
"19557",199,54,11.2586799955602,145
"19558",199,55,8.13070599463409,144
"19559",199,56,8.39049343446464,143
"19560",199,57,8.63580136862,142
"19561",199,58,7.64012376233662,141
"19562",199,59,7.87258674204773,140
"19563",199,60,8.60869621684655,139
"19564",199,61,9.37330225088881,138
"19565",199,62,11.3193569207295,137
"19566",199,63,8.40132155499592,136
"19567",199,64,7.17372668214285,135
"19568",199,65,9.6548163635819,134
"19569",199,66,10.5754789859766,133
"19570",199,67,9.92122170724939,132
"19571",199,68,8.30650132105347,131
"19572",199,69,10.6325691224672,130
"19573",199,70,7.32298788714216,129
"19574",199,71,7.16532480061206,128
"19575",199,72,7.29953609366381,127
"19576",199,73,8.67180875249221,126
"19577",199,74,7.29345421176613,125
"19578",199,75,6.99518665596198,124
"19579",199,76,5.62266888001535,123
"19580",199,77,4.18874820167924,122
"19581",199,78,8.02907734509604,121
"19582",199,79,8.01815368759023,120
"19583",199,80,6.75565040924533,119
"19584",199,81,4.98684934226734,118
"19585",199,82,8.00919881626678,117
"19586",199,83,9.09870198246069,116
"19587",199,84,9.19805063732611,115
"19588",199,85,9.74058365049446,114
"19589",199,86,9.5271627871462,113
"19590",199,87,10.3247520138389,112
"19591",199,88,9.71502019275576,111
"19592",199,89,7.81329564258344,110
"19593",199,90,9.75063470871638,109
"19594",199,91,8.26454668722773,108
"19595",199,92,7.15886502543038,107
"19596",199,93,7.36583456298359,106
"19597",199,94,6.58128419192211,105
"19598",199,95,7.73170006957262,104
"19599",199,96,7.44813045058899,103
"19600",199,97,5.8222716135994,102
"19601",199,98,8.13154230737651,101
"19602",199,99,9.03623467897931,100
"19603",199,100,7.20976594865421,99
"19604",199,101,4.31972497128228,98
"19605",199,102,5.10628485407045,97
"19606",199,103,6.67493785457659,96
"19607",199,104,6.39758871423994,95
"19608",199,105,4.92757174060242,94
"19609",199,106,8.16706008999058,93
"19610",199,107,6.88300669254801,92
"19611",199,108,4.97808977065718,91
"19612",199,109,4.66456055841849,90
"19613",199,110,3.06835575205839,89
"19614",199,111,7.50781583890952,88
"19615",199,112,7.36212572807745,87
"19616",199,113,6.29494371521235,86
"19617",199,114,4.08391035587622,85
"19618",199,115,3.53918931906925,84
"19619",199,116,3.9152550664162,83
"19620",199,117,4.78014820241638,82
"19621",199,118,3.92130743946389,81
"19622",199,119,5.28945488371689,80
"19623",199,120,5.50786929529349,79
"19624",199,121,6.7124332974143,78
"19625",199,122,3.99025765544627,77
"19626",199,123,4.12311300319038,76
"19627",199,124,7.36692707965609,75
"19628",199,125,7.08285808091377,74
"19629",199,126,4.65700188512291,73
"19630",199,127,4.85867276409031,72
"19631",199,128,5.25468717015163,71
"19632",199,129,4.11276473723965,70
"19633",199,130,5.61173678204177,69
"19634",199,131,4.47975159979903,68
"19635",199,132,4.19537607830609,67
"19636",199,133,5.61983195380046,66
"19637",199,134,6.48747543117862,65
"19638",199,135,5.25193249367948,64
"19639",199,136,4.80139172788026,63
"19640",199,137,4.99433129184348,62
"19641",199,138,4.79771540299625,61
"19642",199,139,6.03083254859298,60
"19643",199,140,4.74764473303858,59
"19644",199,141,3.74739196960095,58
"19645",199,142,3.84253770064428,57
"19646",199,143,3.32091200395508,56
"19647",199,144,2.47666576570522,55
"19648",199,145,2.67375652455397,54
"19649",199,146,1.26155467390856,53
"19650",199,147,1.5293537479046,52
"19651",199,148,2.33911303342582,51
"19652",199,149,2.72067928467885,50
"19653",199,150,1.91030036893533,49
"19654",199,151,1.83808053736361,48
"19655",199,152,0.589794166715496,47
"19656",199,153,4.3883546038899,46
"19657",199,154,4.55785644017738,45
"19658",199,155,4.456964723305,44
"19659",199,156,2.55932242530415,43
"19660",199,157,3.02410873994793,42
"19661",199,158,1.57511640400295,41
"19662",199,159,1.63833171064566,40
"19663",199,160,2.36815371790043,39
"19664",199,161,1.30085403059301,38
"19665",199,162,1.27512950938228,37
"19666",199,163,2.40604802065345,36
"19667",199,164,4.03509300031059,35
"19668",199,165,3.66159065785512,34
"19669",199,166,3.89440807039718,33
"19670",199,167,2.30000370981222,32
"19671",199,168,3.35494270386283,31
"19672",199,169,2.44815514152998,30
"19673",199,170,2.61572656293758,29
"19674",199,171,3.35260969935201,28
"19675",199,172,2.56122790666594,27
"19676",199,173,1.12384875151605,26
"19677",199,174,0.828602593584305,25
"19678",199,175,1.44594966787402,24
"19679",199,176,2.2869637792896,23
"19680",199,177,3.68240397119591,22
"19681",199,178,2.64413370985935,21
"19682",199,179,1.24699760465939,20
"19683",199,180,2.50421013682254,19
"19684",199,181,3.04503918700038,18
"19685",199,182,4.10629878406864,17
"19686",199,183,3.35026072274951,16
"19687",199,184,1.00799326464857,15
"19688",199,185,2.52084812856771,14
"19689",199,186,1.70838667522592,13
"19690",199,187,1.80143718288903,12
"19691",199,188,1.03919609990776,11
"19692",199,189,1.43261821386492,10
"19693",199,190,1.61239594439246,9
"19694",199,191,1.15771325649679,8
"19695",199,192,1.42878571761396,7
"19696",199,193,1.44943306109157,6
"19697",199,194,1.29578739096305,5
"19698",199,195,2.72274017985387,4
"19699",199,196,2.24576105959359,3
"19700",199,197,1.70917664070452,2
"19701",199,198,1.30244995662826,1
"19702",200,1,8.25363296552801,199
"19703",200,2,8.83717698503112,198
"19704",200,3,12.8801196829722,197
"19705",200,4,10.3021048227893,196
"19706",200,5,11.3752328744194,195
"19707",200,6,10.5601053872408,194
"19708",200,7,11.0868343946931,193
"19709",200,8,12.9404825823787,192
"19710",200,9,15.6801745780787,191
"19711",200,10,12.9319709251079,190
"19712",200,11,10.2315033495829,189
"19713",200,12,13.0357053031747,188
"19714",200,13,14.0270590777097,187
"19715",200,14,10.7435578658899,186
"19716",200,15,10.2486595109852,185
"19717",200,16,10.992680809768,184
"19718",200,17,11.7246894657124,183
"19719",200,18,10.784100728969,182
"19720",200,19,9.60389836632783,181
"19721",200,20,10.3527093208545,180
"19722",200,21,14.6726473030096,179
"19723",200,22,14.0983962702774,178
"19724",200,23,14.4721866200843,177
"19725",200,24,12.6137410691396,176
"19726",200,25,9.34994991203472,175
"19727",200,26,13.2130458044533,174
"19728",200,27,9.84530292090715,173
"19729",200,28,10.3675230038097,172
"19730",200,29,9.7134786306133,171
"19731",200,30,10.0526289920633,170
"19732",200,31,11.0221001017256,169
"19733",200,32,11.3253394580928,168
"19734",200,33,11.3404240104611,167
"19735",200,34,13.4641456014345,166
"19736",200,35,9.69431731784191,165
"19737",200,36,11.2333622826606,164
"19738",200,37,8.79665683284906,163
"19739",200,38,9.58517545422209,162
"19740",200,39,13.5243667724226,161
"19741",200,40,12.5218030795686,160
"19742",200,41,13.2445271703248,159
"19743",200,42,10.743224970461,158
"19744",200,43,10.8031668775886,157
"19745",200,44,10.5148039643459,156
"19746",200,45,11.786215423074,155
"19747",200,46,13.1139824590577,154
"19748",200,47,10.7651573244998,153
"19749",200,48,7.93679603647443,152
"19750",200,49,6.83064370607914,151
"19751",200,50,14.3377034138823,150
"19752",200,51,11.1896699685526,149
"19753",200,52,10.8446411585812,148
"19754",200,53,11.3109949965108,147
"19755",200,54,10.9188537749408,146
"19756",200,55,10.018334110025,145
"19757",200,56,10.2781215498556,144
"19758",200,57,9.75184513167997,143
"19759",200,58,7.31149799465566,142
"19760",200,59,9.76021485743867,141
"19761",200,60,10.4851238792991,140
"19762",200,61,11.2497299133413,139
"19763",200,62,13.195784583182,138
"19764",200,63,9.95370233144178,137
"19765",200,64,9.0613547975338,136
"19766",200,65,11.5424444789728,135
"19767",200,66,12.4519066484291,134
"19768",200,67,9.58139548662998,133
"19769",200,68,10.1941294364444,132
"19770",200,69,12.5089967849197,131
"19771",200,70,9.19941554959467,130
"19772",200,71,9.04175246306456,129
"19773",200,72,9.17596375611631,128
"19774",200,73,8.496529056265,127
"19775",200,74,8.36186121022184,126
"19776",200,75,8.55281133237667,125
"19777",200,76,7.33717714405789,124
"19778",200,77,6.06517586413174,123
"19779",200,78,9.90550500754855,122
"19780",200,79,9.684333238019,121
"19781",200,80,8.64327852463628,120
"19782",200,81,6.86327700471984,119
"19783",200,82,9.89682693165773,118
"19784",200,83,10.9863300978516,117
"19785",200,84,11.0744782997786,116
"19786",200,85,11.4548838253503,115
"19787",200,86,10.5841352323284,114
"19788",200,87,12.1075395422711,113
"19789",200,88,11.5914478552083,112
"19790",200,89,8.57342886292156,111
"19791",200,90,11.6382628241073,110
"19792",200,91,10.1521748026187,109
"19793",200,92,8.5611771351132,108
"19794",200,93,8.36852174158242,107
"19795",200,94,8.45771185437461,106
"19796",200,95,9.60812773202513,105
"19797",200,96,9.3245581130415,104
"19798",200,97,6.30731092910478,103
"19799",200,98,10.0191704227675,102
"19800",200,99,8.77219459262396,101
"19801",200,100,7.30166241616906,100
"19802",200,101,6.20735308667323,99
"19803",200,102,6.9939129694614,98
"19804",200,103,8.56256596996753,97
"19805",200,104,6.05776249362053,96
"19806",200,105,6.81519985599336,95
"19807",200,106,10.0546882053815,94
"19808",200,107,8.75943435500051,93
"19809",200,108,5.49577307732795,92
"19810",200,109,5.04788593192293,91
"19811",200,110,4.94478341451089,90
"19812",200,111,9.38424350136202,89
"19813",200,112,9.2497538434684,88
"19814",200,113,8.1825718306033,87
"19815",200,114,5.35692104716611,86
"19816",200,115,4.63423173342405,85
"19817",200,116,5.80288318180715,84
"19818",200,117,6.66777631780733,83
"19819",200,118,5.80893555485484,82
"19820",200,119,7.1658825461694,81
"19821",200,120,7.384296957746,80
"19822",200,121,6.38380752973334,79
"19823",200,122,5.03642512207218,78
"19824",200,123,6.01074111858133,77
"19825",200,124,9.25455519504704,76
"19826",200,125,8.95928574336627,75
"19827",200,126,6.53342954757542,74
"19828",200,127,5.29527932138857,73
"19829",200,128,4.91486094953223,72
"19830",200,129,4.95384465120858,71
"19831",200,130,5.27191056142236,70
"19832",200,131,4.13992537917963,69
"19833",200,132,5.4031508095619,68
"19834",200,133,6.56900384827042,67
"19835",200,134,6.27199815877209,66
"19836",200,135,5.50541021467589,65
"19837",200,136,4.4727659601993,64
"19838",200,137,6.88195940723443,63
"19839",200,138,6.31307196336015,62
"19840",200,139,5.70220678091202,61
"19841",200,140,4.41901896535762,60
"19842",200,141,3.40756574898154,59
"19843",200,142,3.96671400324776,58
"19844",200,143,5.20854011934603,57
"19845",200,144,4.13768475676723,56
"19846",200,145,2.95985222556742,55
"19847",200,146,2.7287906098454,54
"19848",200,147,3.41698186329555,53
"19849",200,148,4.22674114881677,52
"19850",200,149,4.55977059726932,51
"19851",200,150,1.59793156896621,50
"19852",200,151,0.735689843722023,49
"19853",200,152,1.6451824489862,48
"19854",200,153,6.2647822663424,47
"19855",200,154,6.43428410262989,46
"19856",200,155,4.1171385026856,45
"19857",200,156,2.44117886998197,44
"19858",200,157,2.68428251932852,43
"19859",200,158,2.7233359575582,42
"19860",200,159,0.630273155715167,41
"19861",200,160,0.982098575929461,40
"19862",200,161,1.21994278053951,39
"19863",200,162,1.57727408892086,38
"19864",200,163,2.93493178026266,37
"19865",200,164,5.91152066276309,36
"19866",200,165,5.53801832030762,35
"19867",200,166,4.52510981660068,34
"19868",200,167,3.94486977775575,33
"19869",200,168,3.34960949888668,32
"19870",200,169,2.11952937384902,31
"19871",200,170,2.28710079525662,30
"19872",200,171,3.67101124660243,29
"19873",200,172,3.28410281058704,28
"19874",200,173,1.87889944593243,27
"19875",200,174,2.71623070897525,26
"19876",200,175,3.32237733032653,25
"19877",200,176,4.00126395414543,24
"19878",200,177,3.3425777505765,23
"19879",200,178,2.31550794217839,22
"19880",200,179,1.26308192676184,21
"19881",200,180,4.38063779927504,20
"19882",200,181,4.12833491430162,19
"19883",200,182,3.76647256344923,18
"19884",200,183,3.0104345021301,17
"19885",200,184,2.89562138003952,16
"19886",200,185,2.1810219079483,15
"19887",200,186,1.36856045460652,14
"19888",200,187,1.97438438862805,13
"19889",200,188,1.45448917472077,12
"19890",200,189,3.32024632925587,11
"19891",200,190,2.24309769059596,10
"19892",200,191,2.19312245970602,9
"19893",200,192,2.38553745512747,8
"19894",200,193,1.6651354272083,7
"19895",200,194,1.35999233749255,6
"19896",200,195,4.59916784230638,5
"19897",200,196,3.26457515016257,4
"19898",200,197,3.39150911425178,3
"19899",200,198,3.17887761908077,2
"19900",200,199,1.88762811539095,1
"19901",201,1,8.07976565632008,200
"19902",201,2,8.81116103297943,199
"19903",201,3,13.4681789838603,198
"19904",201,4,10.8901641236773,197
"19905",201,5,11.9632921753075,196
"19906",201,6,10.7116195855562,195
"19907",201,7,11.6748936955811,194
"19908",201,8,13.5285418832667,193
"19909",201,9,16.2682338789668,192
"19910",201,10,13.5200302259959,191
"19911",201,11,10.115959691981,190
"19912",201,12,13.6237646040628,189
"19913",201,13,14.6151183785978,188
"19914",201,14,11.2262199937085,187
"19915",201,15,10.8367188118732,186
"19916",201,16,11.5807401106561,185
"19917",201,17,12.3127487666004,184
"19918",201,18,10.610233419761,183
"19919",201,19,9.4300310571199,182
"19920",201,20,10.9407686217425,181
"19921",201,21,15.2607066038976,180
"19922",201,22,14.6864555711655,179
"19923",201,23,15.0602459209723,178
"19924",201,24,13.2018003700277,177
"19925",201,25,9.91709624965825,176
"19926",201,26,13.0391784952454,175
"19927",201,27,9.49872222056108,174
"19928",201,28,10.0037743117274,173
"19929",201,29,10.2837624227563,172
"19930",201,30,9.44221658028281,171
"19931",201,31,11.6101594026136,170
"19932",201,32,10.7149270463123,169
"19933",201,33,11.1665567012532,168
"19934",201,34,14.0522049023225,167
"19935",201,35,10.2105598381661,166
"19936",201,36,11.0594949734527,165
"19937",201,37,9.3847161337371,164
"19938",201,38,8.97476304244156,163
"19939",201,39,14.1124260733106,162
"19940",201,40,13.1098623804567,161
"19941",201,41,13.8325864712129,160
"19942",201,42,10.8947391687764,159
"19943",201,43,11.3912261784766,158
"19944",201,44,11.1028632652339,157
"19945",201,45,12.374274723962,156
"19946",201,46,13.7020417599458,155
"19947",201,47,11.3532166253879,154
"19948",201,48,8.52485533736247,153
"19949",201,49,7.41870300696718,152
"19950",201,50,14.9257627147704,151
"19951",201,51,11.7777292694407,150
"19952",201,52,11.4327004594692,149
"19953",201,53,11.8990542973988,148
"19954",201,54,11.0703679732562,147
"19955",201,55,9.97478467582241,146
"19956",201,56,10.1042542406477,145
"19957",201,57,10.339904432568,144
"19958",201,58,7.36257492221704,143
"19959",201,59,9.58634754823075,142
"19960",201,60,11.0731831801871,141
"19961",201,61,11.8377892142294,140
"19962",201,62,13.7838438840701,139
"19963",201,63,10.5417616323298,138
"19964",201,64,8.88748748832587,137
"19965",201,65,11.3685771697649,136
"19966",201,66,13.0399659493172,135
"19967",201,67,9.91064386154547,134
"19968",201,68,10.0202621272365,133
"19969",201,69,13.0970560858077,132
"19970",201,70,9.78747485048271,131
"19971",201,71,9.6298117639526,130
"19972",201,72,9.76402305700435,129
"19973",201,73,9.08458835715304,128
"19974",201,74,8.87953110999013,127
"19975",201,75,8.37894402316875,126
"19976",201,76,7.92523644494593,125
"19977",201,77,6.65323516501978,124
"19978",201,78,10.4935643084366,123
"19979",201,79,10.272392538907,122
"19980",201,80,8.46941121542835,121
"19981",201,81,7.45133630560788,120
"19982",201,82,9.7229596224498,119
"19983",201,83,10.8124627886437,118
"19984",201,84,11.6625376006667,117
"19985",201,85,12.0429431262383,116
"19986",201,86,11.1721945332165,115
"19987",201,87,12.6955988431592,114
"19988",201,88,12.1795071560963,113
"19989",201,89,9.1614881638096,112
"19990",201,90,11.4643955148994,111
"19991",201,91,10.258426384247,110
"19992",201,92,9.10442117832556,109
"19993",201,93,8.95658104247046,108
"19994",201,94,9.04577115526265,107
"19995",201,95,10.1961870329132,106
"19996",201,96,9.91261741392954,105
"19997",201,97,6.89537022999282,104
"19998",201,98,9.84530311355953,103
"19999",201,99,8.59832728341604,102
"20000",201,100,7.12779510696113,101
"20001",201,101,6.0334857774653,100
"20002",201,102,6.82004566025347,99
"20003",201,103,8.38869866075961,98
"20004",201,104,6.20927669193597,97
"20005",201,105,7.12314026604512,96
"20006",201,106,9.88082089617361,95
"20007",201,107,9.34749365588856,94
"20008",201,108,6.08383237821599,93
"20009",201,109,5.42866290087932,92
"20010",201,110,5.53284271539893,91
"20011",201,111,9.97230280225006,90
"20012",201,112,9.07588653426047,89
"20013",201,113,8.00870452139537,88
"20014",201,114,5.18305373795818,87
"20015",201,115,4.46036442421612,86
"20016",201,116,5.62901587259922,85
"20017",201,117,6.4939090085994,84
"20018",201,118,5.71910525748999,83
"20019",201,119,7.75394184705744,82
"20020",201,120,7.97235625863404,81
"20021",201,121,5.77339511795281,80
"20022",201,122,4.86255781286425,79
"20023",201,123,5.97133302832233,78
"20024",201,124,9.08068788583911,77
"20025",201,125,9.54734504425431,76
"20026",201,126,7.12148884846346,75
"20027",201,127,5.88333862227661,74
"20028",201,128,5.06637514784767,73
"20029",201,129,5.54190395209663,72
"20030",201,130,5.47164942875822,71
"20031",201,131,4.4689656649084,70
"20032",201,132,5.22928350035397,69
"20033",201,133,6.3951365390625,68
"20034",201,134,6.09813084956416,67
"20035",201,135,5.33154290546796,66
"20036",201,136,4.20190307883543,65
"20037",201,137,6.7080920980265,64
"20038",201,138,6.13920465415222,63
"20039",201,139,5.09179436913149,62
"20040",201,140,4.09982737037998,61
"20041",201,141,3.73681412389703,60
"20042",201,142,3.79284669403983,59
"20043",201,143,5.0346728101381,58
"20044",201,144,3.96381744755931,57
"20045",201,145,2.93164458824686,56
"20046",201,146,2.95269400805407,55
"20047",201,147,3.96022590650792,54
"20048",201,148,4.05287383960885,53
"20049",201,149,4.38590328806139,52
"20050",201,150,1.72099055296319,51
"20051",201,151,0.887204042037464,50
"20052",201,152,1.87469279662505,49
"20053",201,153,6.85284156723044,48
"20054",201,154,7.02234340351793,47
"20055",201,155,4.51120665926175,46
"20056",201,156,3.00123031556295,45
"20057",201,157,3.04594078507434,44
"20058",201,158,3.31139525844625,43
"20059",201,159,1.21833245660321,42
"20060",201,160,1.59251098770999,41
"20061",201,161,1.80800208142755,40
"20062",201,162,2.10931767919478,39
"20063",201,163,2.76106447105473,38
"20064",201,164,6.49957996365114,37
"20065",201,165,6.12607762119566,36
"20066",201,166,5.11316911748872,35
"20067",201,167,4.02311350407705,34
"20068",201,168,3.17574218967876,33
"20069",201,169,2.14755346462969,32
"20070",201,170,2.22011876278006,31
"20071",201,171,3.49714393739451,30
"20072",201,172,3.11023550137911,29
"20073",201,173,1.7050321367245,28
"20074",201,174,2.59278560687317,27
"20075",201,175,3.91043663121457,26
"20076",201,176,4.58932325503347,25
"20077",201,177,3.49409194889194,24
"20078",201,178,2.36058422277386,23
"20079",201,179,1.85114122764988,22
"20080",201,180,4.96869710016309,21
"20081",201,181,4.71639421518966,20
"20082",201,182,3.91798676176467,19
"20083",201,183,3.19433258012753,18
"20084",201,184,3.05229516877373,17
"20085",201,185,2.33253610626374,16
"20086",201,186,1.84367934940684,15
"20087",201,187,1.80051707942012,14
"20088",201,188,2.03134802267037,13
"20089",201,189,3.14637902004795,12
"20090",201,190,2.831156991484,11
"20091",201,191,2.78118176059407,10
"20092",201,192,2.97359675601551,9
"20093",201,193,2.25319472809634,8
"20094",201,194,1.94805163838059,7
"20095",201,195,5.18722714319442,6
"20096",201,196,3.85263445105061,5
"20097",201,197,3.97956841513983,4
"20098",201,198,3.76693691996881,3
"20099",201,199,2.46448696334055,2
"20100",201,200,0.610412411780527,1
"20101",202,1,9.7935818559794,201
"20102",202,2,8.77548941651165,200
"20103",202,3,13.3674694431869,199
"20104",202,4,12.3949927142257,198
"20105",202,5,12.7761201754464,197
"20106",202,6,13.4254203397506,196
"20107",202,7,12.9604483056321,195
"20108",202,8,13.4278323425934,194
"20109",202,9,16.1675243382934,193
"20110",202,10,13.4193206853225,192
"20111",202,11,12.6134777477371,191
"20112",202,12,13.5230550633894,190
"20113",202,13,14.5144088379244,189
"20114",202,14,13.6088728183997,188
"20115",202,15,12.4022314114963,187
"20116",202,16,12.3536930203914,186
"20117",202,17,12.940455424011,185
"20118",202,18,12.6796480283621,184
"20119",202,19,9.89866757464534,183
"20120",202,20,11.5193922422375,182
"20121",202,21,15.1599970632242,181
"20122",202,22,15.8876300160049,180
"20123",202,23,14.9595363802989,179
"20124",202,24,14.7577668782104,178
"20125",202,25,12.2152648645446,177
"20126",202,26,13.1513582359338,176
"20127",202,27,12.2120027517887,175
"20128",202,28,12.6838006275854,174
"20129",202,29,12.1769634691535,173
"20130",202,30,12.368906615839,172
"20131",202,31,12.4153921474376,171
"20132",202,32,13.6416170818685,170
"20133",202,33,11.2787364419416,169
"20134",202,34,13.9514953616492,168
"20135",202,35,12.5596322703517,167
"20136",202,36,12.7568461162134,166
"20137",202,37,11.3706469239627,165
"20138",202,38,11.9014530779978,164
"20139",202,39,14.0117165326372,163
"20140",202,40,13.8722547639663,162
"20141",202,41,13.7341138892966,161
"20142",202,42,13.6085399229708,160
"20143",202,43,11.775728598918,159
"20144",202,44,11.0021537245606,158
"20145",202,45,12.2735651832886,157
"20146",202,46,13.6013322192724,156
"20147",202,47,11.2525070847145,155
"20148",202,48,8.42414579668911,154
"20149",202,49,7.31799346629381,153
"20150",202,50,14.825053174097,152
"20151",202,51,11.6770197287673,151
"20152",202,52,11.3319909187959,150
"20153",202,53,12.4834263816767,149
"20154",202,54,13.7841687274506,148
"20155",202,55,9.95664654150557,147
"20156",202,56,10.2164339813361,146
"20157",202,57,11.1612901005104,145
"20158",202,58,9.7790422397489,144
"20159",202,59,9.69852728891921,143
"20160",202,60,11.1180320256185,142
"20161",202,61,11.737079673556,141
"20162",202,62,13.6831343433967,140
"20163",202,63,10.9268102868863,139
"20164",202,64,8.99966722901433,138
"20165",202,65,11.4807569104534,137
"20166",202,66,12.9392564086438,136
"20167",202,67,12.4467104391398,135
"20168",202,68,10.1811087264671,134
"20169",202,69,12.9963465451343,133
"20170",202,70,9.68676530980934,132
"20171",202,71,9.56151211410957,131
"20172",202,72,9.66331351633099,130
"20173",202,73,11.1972974843826,129
"20174",202,74,9.75975399547524,128
"20175",202,75,8.98283851205672,127
"20176",202,76,8.14815761190578,126
"20177",202,77,6.55252562434641,125
"20178",202,78,10.3928547677632,124
"20179",202,79,10.5436424194807,123
"20180",202,80,8.58159095611681,122
"20181",202,81,7.35062676493451,121
"20182",202,82,9.83513936313826,120
"20183",202,83,10.9246425293322,119
"20184",202,84,11.5618280599933,118
"20185",202,85,12.2660723823849,117
"20186",202,86,12.0526515190366,116
"20187",202,87,12.8502407457293,115
"20188",202,88,12.0787976154229,114
"20189",202,89,10.3387843744739,113
"20190",202,90,11.6903740295708,112
"20191",202,91,10.1577168435737,111
"20192",202,92,9.65073895258358,110
"20193",202,93,9.89132329487402,109
"20194",202,94,8.94506161458928,108
"20195",202,95,10.0954774922398,107
"20196",202,96,9.81190787325617,106
"20197",202,97,8.34776034548983,105
"20198",202,98,9.95748285424799,104
"20199",202,99,11.0238865350741,103
"20200",202,100,9.19741780474895,102
"20201",202,101,6.14566551815376,101
"20202",202,102,6.93222540094193,100
"20203",202,103,8.50087840144807,99
"20204",202,104,8.92307744613037,98
"20205",202,105,7.02243072537175,97
"20206",202,106,9.99300063686207,96
"20207",202,107,9.24678411521518,95
"20208",202,108,7.50357850254761,94
"20209",202,109,6.9939674113157,93
"20210",202,110,5.43213317472556,92
"20211",202,111,9.87159326157669,91
"20212",202,112,9.25309414579631,90
"20213",202,113,8.12088426208383,89
"20214",202,114,6.07156221197095,88
"20215",202,115,5.52684117516399,87
"20216",202,116,5.74119561328768,86
"20217",202,117,6.60608874928786,85
"20218",202,118,5.74724798633537,84
"20219",202,119,7.65323230638407,83
"20220",202,120,7.87164671796067,82
"20221",202,121,8.70008515350903,81
"20222",202,122,5.97790951154101,80
"20223",202,123,5.94905355006187,79
"20224",202,124,9.19286762652758,78
"20225",202,125,9.44663550358094,77
"20226",202,126,7.02077930779009,76
"20227",202,127,7.38416149598074,75
"20228",202,128,7.78017590204206,74
"20229",202,129,6.63825346913008,73
"20230",202,130,8.1372255139322,72
"20231",202,131,7.00524033168946,71
"20232",202,132,6.18302793440083,70
"20233",202,133,7.60748380989519,69
"20234",202,134,8.47512728727336,68
"20235",202,135,7.23958434977422,67
"20236",202,136,6.789043583975,66
"20237",202,137,6.82027183871496,65
"20238",202,138,6.78536725909099,64
"20239",202,139,8.01848440468772,63
"20240",202,140,6.73529658913332,62
"20241",202,141,6.27288070149138,61
"20242",202,142,5.83018955673901,60
"20243",202,143,5.14685255082656,59
"20244",202,144,4.46431762179996,58
"20245",202,145,4.6614083806487,57
"20246",202,146,3.43408795605807,56
"20247",202,147,3.85951636583455,55
"20248",202,148,4.16505358029731,54
"20249",202,149,4.70833114077359,53
"20250",202,150,3.98198923687314,52
"20251",202,151,3.60100479623186,51
"20252",202,152,2.16230368950387,50
"20253",202,153,6.75213202655707,49
"20254",202,154,6.92163386284456,48
"20255",202,155,6.98245345519543,47
"20256",202,156,5.06800375482596,46
"20257",202,157,5.54959747183836,45
"20258",202,158,4.10060513589338,44
"20259",202,159,3.33387679900175,43
"20260",202,160,2.98691142940072,42
"20261",202,161,3.82634276248344,41
"20262",202,162,3.75580298359703,40
"20263",202,163,4.39369987674819,39
"20264",202,164,6.39887042297777,38
"20265",202,165,6.02536808052229,37
"20266",202,166,6.41989680228761,36
"20267",202,167,4.32687732007436,35
"20268",202,168,5.34259455995757,34
"20269",202,169,4.71592588846101,33
"20270",202,170,4.93391951697445,32
"20271",202,171,5.34026155544675,31
"20272",202,172,4.54887976276067,30
"20273",202,173,3.11150060761079,29
"20274",202,174,2.65454314045579,28
"20275",202,175,3.8097270905412,27
"20276",202,176,4.81245251118003,26
"20277",202,177,6.20789270308634,25
"20278",202,178,5.07438497696826,24
"20279",202,179,3.77248633654982,23
"20280",202,180,4.86798755948972,22
"20281",202,181,5.57052791889081,21
"20282",202,182,6.63178751595906,20
"20283",202,183,5.87574945463994,19
"20284",202,184,2.95158562810036,18
"20285",202,185,5.04633686045813,17
"20286",202,186,4.23387540711635,16
"20287",202,187,3.78908903898377,15
"20288",202,188,3.56468483179819,14
"20289",202,189,3.25855876073641,13
"20290",202,190,4.13788467628289,12
"20291",202,191,3.68320198838722,11
"20292",202,192,2.87288721534214,10
"20293",202,193,2.7186698533169,9
"20294",202,194,3.82127612285347,8
"20295",202,195,5.08651760252105,7
"20296",202,196,4.77124979148402,6
"20297",202,197,4.23466537259495,5
"20298",202,198,3.66622737929544,4
"20299",202,199,2.52548873189043,3
"20300",202,200,2.86531495250984,2
"20301",202,201,2.92669003555623,1
"20302",203,1,10.3516313522628,202
"20303",203,2,10.9351753717659,201
"20304",203,3,14.0369035370646,200
"20305",203,4,11.5935899224247,199
"20306",203,5,12.5320167285118,198
"20307",203,6,11.7819171121805,197
"20308",203,7,12.2436182487854,196
"20309",203,8,14.097266436471,195
"20310",203,9,16.8369584321711,194
"20311",203,10,14.0887547792002,193
"20312",203,11,12.3945296071651,192
"20313",203,12,14.4496827512726,191
"20314",203,13,15.1838429318021,190
"20315",203,14,11.9653695908296,189
"20316",203,15,11.4054433650775,188
"20317",203,16,12.1494646638604,187
"20318",203,17,12.8814733198047,186
"20319",203,18,12.8820991157038,185
"20320",203,19,11.7018967530626,184
"20321",203,20,11.5094931749469,183
"20322",203,21,15.8294311571019,182
"20323",203,22,15.2551801243698,181
"20324",203,23,15.6289704741766,180
"20325",203,24,13.770524923232,179
"20326",203,25,11.0630756230138,178
"20327",203,26,15.3110441911881,177
"20328",203,27,12.0083291784893,176
"20329",203,28,12.5305492613919,175
"20330",203,29,11.8114770173481,174
"20331",203,30,12.2156552496455,173
"20332",203,31,12.4926176513915,172
"20333",203,32,13.488365715675,171
"20334",203,33,13.4384223971959,170
"20335",203,34,14.6209294555268,169
"20336",203,35,10.9806694678771,168
"20337",203,36,13.3313606693954,167
"20338",203,37,9.95344068694141,166
"20339",203,38,11.7482017118043,165
"20340",203,39,14.6811506265149,164
"20341",203,40,13.678586933661,163
"20342",203,41,14.4013110244172,162
"20343",203,42,11.9650366954007,161
"20344",203,43,11.9599507316809,160
"20345",203,44,11.6715878184382,159
"20346",203,45,12.9429992771663,158
"20347",203,46,14.2707663131501,157
"20348",203,47,11.9219411785922,156
"20349",203,48,9.09357989056678,155
"20350",203,49,7.9874275601715,154
"20351",203,50,15.4944872679747,153
"20352",203,51,12.346453822645,152
"20353",203,52,12.3319661106157,151
"20354",203,53,12.4677788506031,150
"20355",203,54,12.1406654998805,149
"20356",203,55,12.1163324967599,148
"20357",203,56,12.3761199365904,147
"20358",203,57,10.9086289857723,146
"20359",203,58,9.47452425223785,145
"20360",203,59,11.8582132441735,144
"20361",203,60,11.6419077333914,143
"20362",203,61,12.4065137674337,142
"20363",203,62,14.3525684372744,141
"20364",203,63,11.5138638423809,140
"20365",203,64,11.1593531842686,139
"20366",203,65,13.6404428657077,138
"20367",203,66,13.6086905025215,137
"20368",203,67,10.8032072115697,136
"20369",203,68,12.2921278231792,135
"20370",203,69,13.665780639012,134
"20371",203,70,11.285958010875,133
"20372",203,71,10.38901124672,132
"20373",203,72,10.3327476102087,131
"20374",203,73,9.65331291035735,130
"20375",203,74,10.4598595969567,129
"20376",203,75,10.6508097191115,128
"20377",203,76,8.79649424078532,127
"20378",203,77,7.22195971822409,126
"20379",203,78,11.0622888616409,125
"20380",203,79,10.8411170921114,124
"20381",203,80,10.7412769113711,123
"20382",203,81,8.61391344522201,122
"20383",203,82,11.9948253183925,121
"20384",203,83,13.0843284845865,120
"20385",203,84,12.231262153871,119
"20386",203,85,12.6116676794426,118
"20387",203,86,11.7409190864208,117
"20388",203,87,13.2643233963635,116
"20389",203,88,12.7482317093006,115
"20390",203,89,10.6210050425505,114
"20391",203,90,13.7362612108421,113
"20392",203,91,12.2501731893535,112
"20393",203,92,10.659175521848,111
"20394",203,93,9.52530559567477,110
"20395",203,94,9.61449570846696,109
"20396",203,95,11.5940678056879,108
"20397",203,96,10.4813419671338,107
"20398",203,97,7.76662802583221,106
"20399",203,98,12.1171688095023,105
"20400",203,99,10.8706351688805,104
"20401",203,100,9.39966080290388,103
"20402",203,101,8.30535147340804,102
"20403",203,102,9.09191135619622,101
"20404",203,103,10.6605643567024,100
"20405",203,104,7.27957421856026,99
"20406",203,105,8.91319824272818,98
"20407",203,106,12.1526865921163,97
"20408",203,107,9.91621820909287,96
"20409",203,108,6.6525569314203,95
"20410",203,109,7.14588431865775,94
"20411",203,110,6.55536713255586,93
"20412",203,111,10.5410273554544,92
"20413",203,112,11.3477522302032,91
"20414",203,113,10.2805702173381,90
"20415",203,114,7.45491943390093,89
"20416",203,115,6.73223012015887,88
"20417",203,116,7.90088156854197,87
"20418",203,117,8.76577470454214,86
"20419",203,118,7.90693394158965,85
"20420",203,119,8.32266640026175,84
"20421",203,120,8.54108081183835,83
"20422",203,121,8.54683378731553,82
"20423",203,122,7.134423508807,81
"20424",203,123,8.10873950531615,80
"20425",203,124,11.3525535817819,79
"20426",203,125,10.1160695974586,78
"20427",203,126,7.81906567118652,77
"20428",203,127,6.45206317548092,76
"20429",203,128,6.82577617158519,75
"20430",203,129,6.22267337245107,74
"20431",203,130,6.49372228636209,73
"20432",203,131,6.0676480036012,72
"20433",203,132,7.50114919629671,71
"20434",203,133,8.66700223500524,70
"20435",203,134,8.36999654550691,69
"20436",203,135,7.6034086014107,68
"20437",203,136,6.63579221778149,67
"20438",203,137,8.97995779396924,66
"20439",203,138,8.41107035009496,65
"20440",203,139,7.86523303849421,64
"20441",203,140,6.58204522293981,63
"20442",203,141,5.25125136156004,62
"20443",203,142,6.06471238998258,61
"20444",203,143,7.30653850608085,60
"20445",203,144,6.23568314350205,59
"20446",203,145,5.05785061230223,58
"20447",203,146,4.82678899658021,57
"20448",203,147,5.51498025003037,56
"20449",203,148,6.32473953555159,55
"20450",203,149,6.65776898400414,54
"20451",203,150,3.74470085883656,53
"20452",203,151,2.71383467524944,52
"20453",203,152,3.74318083572102,51
"20454",203,153,7.42156612043475,50
"20455",203,154,7.59106795672224,49
"20456",203,155,5.33895022762532,48
"20457",203,156,4.53917725671679,47
"20458",203,157,4.16940573273593,46
"20459",203,158,4.11542344481117,45
"20460",203,159,2.3472947914801,44
"20461",203,160,1.77995330440321,43
"20462",203,161,2.707267732574,42
"20463",203,162,3.67527247565567,41
"20464",203,163,5.03293016699748,40
"20465",203,164,7.06830451685545,39
"20466",203,165,6.69480217439997,38
"20467",203,166,5.68189367069303,37
"20468",203,167,6.04286816449056,36
"20469",203,168,5.4476078856215,35
"20470",203,169,4.28255563143121,34
"20471",203,170,4.45012705283881,33
"20472",203,171,5.76900963333725,32
"20473",203,172,5.38210119732185,31
"20474",203,173,3.97689783266725,30
"20475",203,174,4.81422909571007,29
"20476",203,175,4.47916118441888,28
"20477",203,176,5.15804780823778,27
"20478",203,177,4.56438947551623,26
"20479",203,178,4.47853419976058,25
"20480",203,179,3.14258408270466,24
"20481",203,180,5.5374216533674,23
"20482",203,181,5.28511876839397,22
"20483",203,182,4.98828428838896,21
"20484",203,183,4.23224622706983,20
"20485",203,184,4.99361976677434,19
"20486",203,185,4.17597414184434,18
"20487",203,186,2.72483139849517,17
"20488",203,187,4.07238277536286,16
"20489",203,188,3.55248756145559,15
"20490",203,189,5.41824471599069,14
"20491",203,190,3.78645179916647,13
"20492",203,191,3.34990631379838,12
"20493",203,192,4.28744051694718,11
"20494",203,193,2.82191928130065,10
"20495",203,194,3.20587968869814,9
"20496",203,195,5.75595169639873,8
"20497",203,196,4.56701867614229,7
"20498",203,197,4.60991562838843,6
"20499",203,198,4.65500211817681,5
"20500",203,199,3.98562650212577,4
"20501",203,200,2.16302625758219,3
"20502",203,201,2.77343866936272,2
"20503",203,202,2.15968595525428,1
"20504",204,1,10.2662123271444,203
"20505",204,2,10.8497563466475,202
"20506",204,3,12.8702038109246,201
"20507",204,4,11.5081708973063,200
"20508",204,5,11.3653170023718,199
"20509",204,6,10.8118784180343,198
"20510",204,7,11.0769185226454,197
"20511",204,8,13.4123744295907,196
"20512",204,9,15.6702587060311,195
"20513",204,10,12.9220550530602,194
"20514",204,11,12.2602356343178,193
"20515",204,12,14.3642637261542,192
"20516",204,13,14.0171432056621,191
"20517",204,14,11.2584003585569,190
"20518",204,15,10.2387436389376,189
"20519",204,16,10.9827649377204,188
"20520",204,17,12.2189956647232,187
"20521",204,18,12.7966800905854,186
"20522",204,19,11.6164777279442,185
"20523",204,20,10.8582159728038,184
"20524",204,21,14.662731430962,183
"20525",204,22,14.0884803982298,182
"20526",204,23,14.4622707480366,181
"20527",204,24,12.603825197092,180
"20528",204,25,10.9287816501665,179
"20529",204,26,15.2256251660697,178
"20530",204,27,11.874035205642,177
"20531",204,28,12.3962552885446,176
"20532",204,29,11.7260579922297,175
"20533",204,30,12.0813612767982,174
"20534",204,31,12.4071986262731,173
"20535",204,32,13.3540717428277,172
"20536",204,33,13.3530033720775,171
"20537",204,34,13.4542297293869,170
"20538",204,35,10.8463754950298,169
"20539",204,36,13.245941644277,168
"20540",204,37,9.70554114164512,167
"20541",204,38,11.613907738957,166
"20542",204,39,14.0242799208636,165
"20543",204,40,12.511887207521,164
"20544",204,41,13.2346112982772,163
"20545",204,42,10.835031868471,162
"20546",204,43,11.3871170378727,161
"20547",204,44,10.5048880922983,160
"20548",204,45,11.7762995510264,159
"20549",204,46,13.1040665870101,158
"20550",204,47,10.7552414524522,157
"20551",204,48,7.99410977390128,156
"20552",204,49,7.0448310142537,155
"20553",204,50,14.3277875418347,154
"20554",204,51,11.179754096505,153
"20555",204,52,12.2465470854973,152
"20556",204,53,12.3468760376041,151
"20557",204,54,10.9250908260116,150
"20558",204,55,12.0309134716414,149
"20559",204,56,12.290700911472,148
"20560",204,57,10.251758280121,147
"20561",204,58,9.34023027939055,146
"20562",204,59,11.7727942190551,145
"20563",204,60,10.9458152735727,144
"20564",204,61,11.2398140412937,143
"20565",204,62,13.1858687111344,142
"20566",204,63,11.4284448172625,141
"20567",204,64,11.0739341591502,140
"20568",204,65,13.5550238405893,139
"20569",204,66,13.1318203532771,138
"20570",204,67,9.58763253770086,137
"20571",204,68,12.2067087980608,136
"20572",204,69,12.4990809128721,135
"20573",204,70,11.2005389857566,134
"20574",204,71,10.3035922216015,133
"20575",204,72,9.5343451306917,132
"20576",204,73,8.48661318421738,131
"20577",204,74,10.3744405718382,130
"20578",204,75,10.5653906939931,129
"20579",204,76,8.7110752156669,128
"20580",204,77,6.39432580450763,127
"20581",204,78,9.89558913550093,126
"20582",204,79,9.67441736597138,125
"20583",204,80,10.6558578862527,124
"20584",204,81,8.5284944201036,123
"20585",204,82,11.9094062932741,122
"20586",204,83,12.998909459468,121
"20587",204,84,11.064562427731,120
"20588",204,85,11.4449679533027,119
"20589",204,86,10.5742193602808,118
"20590",204,87,12.0976236702235,117
"20591",204,88,11.5815319831607,116
"20592",204,89,10.5355860174321,115
"20593",204,90,13.6508421857237,114
"20594",204,91,12.1647541642351,113
"20595",204,92,10.5737564967296,112
"20596",204,93,8.3586058695348,111
"20597",204,94,8.44779598232699,110
"20598",204,95,11.5086487805695,109
"20599",204,96,9.31464224099388,108
"20600",204,97,7.6812090007138,107
"20601",204,98,12.0317497843839,106
"20602",204,99,10.7847739542404,105
"20603",204,100,9.31424177778546,104
"20604",204,101,8.21993244828963,103
"20605",204,102,9.0064923310778,102
"20606",204,103,10.5751453315839,101
"20607",204,104,6.60744336991727,100
"20608",204,105,8.82777921760977,99
"20609",204,106,12.0672675669979,98
"20610",204,107,8.7495184829529,97
"20611",204,108,6.05730888581326,96
"20612",204,109,7.06046529353934,95
"20613",204,110,6.46994810743745,94
"20614",204,111,9.3743276293144,93
"20615",204,112,11.2623332050848,92
"20616",204,113,10.1951511922197,91
"20617",204,114,7.36950040878251,90
"20618",204,115,6.64681109504045,89
"20619",204,116,7.81546254342355,88
"20620",204,117,8.68035567942373,87
"20621",204,118,7.82151491647124,86
"20622",204,119,7.15596667412178,85
"20623",204,120,7.41919634337406,84
"20624",204,121,8.41253981446823,83
"20625",204,122,7.04900448368858,82
"20626",204,123,8.02332048019774,81
"20627",204,124,11.2671345566634,80
"20628",204,125,8.94936987131866,79
"20629",204,126,7.73364664606811,78
"20630",204,127,5.84000772750526,77
"20631",204,128,6.69148219873789,76
"20632",204,129,6.13725434733266,75
"20633",204,130,5.27814761249324,74
"20634",204,131,5.9333540307539,73
"20635",204,132,7.4157301711783,72
"20636",204,133,8.58158320988682,71
"20637",204,134,8.28457752038849,70
"20638",204,135,7.51798957629229,69
"20639",204,136,6.50149824493419,68
"20640",204,137,8.89453876885083,67
"20641",204,138,8.32565132497655,66
"20642",204,139,7.73093906564691,65
"20643",204,140,6.44775125009251,64
"20644",204,141,5.11695738871274,63
"20645",204,142,5.97929336486416,62
"20646",204,143,7.22111948096243,61
"20647",204,144,6.15026411838364,60
"20648",204,145,4.97243158718382,59
"20649",204,146,4.7413699714618,58
"20650",204,147,5.42956122491195,57
"20651",204,148,6.23932051043318,56
"20652",204,149,6.57234995888572,55
"20653",204,150,3.61051093058261,54
"20654",204,151,2.57954070240214,53
"20655",204,152,3.65776181060261,52
"20656",204,153,6.25486639429479,51
"20657",204,154,6.42436823058227,50
"20658",204,155,4.12337555375647,49
"20659",204,156,4.45375823159837,48
"20660",204,157,4.03511175988863,47
"20661",204,158,4.03000441969276,46
"20662",204,159,2.26187576636169,45
"20663",204,160,1.53205375910692,44
"20664",204,161,2.62184870745559,43
"20665",204,162,3.58985345053726,42
"20666",204,163,4.94751114187906,41
"20667",204,164,5.90160479071548,40
"20668",204,165,5.62333991304153,39
"20669",204,166,4.51519394455307,38
"20670",204,167,5.95744913937215,37
"20671",204,168,5.36218886050309,36
"20672",204,169,4.14826165858391,35
"20673",204,170,4.31583307999151,34
"20674",204,171,5.68359060821884,33
"20675",204,172,5.29668217220344,32
"20676",204,173,3.89147880754883,31
"20677",204,174,4.72881007059166,30
"20678",204,175,4.29849124859705,29
"20679",204,176,3.99134808209781,28
"20680",204,177,3.52808927827197,27
"20681",204,178,4.34424022691328,26
"20682",204,179,3.05716505758624,25
"20683",204,180,4.37072192722743,24
"20684",204,181,4.118419042254,23
"20685",204,182,3.7727096145201,22
"20686",204,183,3.01667155320097,21
"20687",204,184,4.90820074165592,20
"20688",204,185,4.04168016899704,19
"20689",204,186,2.59053742564787,18
"20690",204,187,3.98696375024445,17
"20691",204,188,3.46706853633718,16
"20692",204,189,5.33282569087227,15
"20693",204,190,3.70103277404805,14
"20694",204,191,3.23646598745101,13
"20695",204,192,4.20202149182876,12
"20696",204,193,2.45077441591578,11
"20697",204,194,3.12046066357972,10
"20698",204,195,4.58925197025876,9
"20699",204,196,4.48159965102388,8
"20700",204,197,4.52449660327001,7
"20701",204,198,4.5695830930584,6
"20702",204,199,3.90020747700735,5
"20703",204,200,2.02873228473489,4
"20704",204,201,2.63914469651542,3
"20705",204,202,2.85907790143896,2
"20706",204,203,1.21557467386886,1
"20707",205,1,9.48979276945732,204
"20708",205,2,9.84638951970309,203
"20709",205,3,12.5503335316632,202
"20710",205,4,10.73565301187,201
"20711",205,5,11.0454467231105,200
"20712",205,6,11.2335952385134,199
"20713",205,7,10.7686232043949,198
"20714",205,8,12.6106964310697,197
"20715",205,9,15.3503884267697,196
"20716",205,10,12.6021847737989,195
"20717",205,11,12.2439918868365,194
"20718",205,12,13.3608968992097,193
"20719",205,13,13.6972729264007,192
"20720",205,14,11.4170477171625,191
"20721",205,15,10.2104063102591,190
"20722",205,16,10.662894658459,189
"20723",205,17,11.3949033144034,188
"20724",205,18,12.3758589418401,187
"20725",205,19,10.6131109009998,186
"20726",205,20,10.0229231695455,185
"20727",205,21,14.3428611517006,184
"20728",205,22,13.7686101189684,183
"20729",205,23,14.1424004687753,182
"20730",205,24,12.5659417769732,181
"20731",205,25,10.9125379026852,180
"20732",205,26,14.2222583391253,179
"20733",205,27,11.8577914581608,178
"20734",205,28,12.3800115410633,177
"20735",205,29,11.3419125626423,176
"20736",205,30,12.065117529317,175
"20737",205,31,11.4038317993286,174
"20738",205,32,13.3378279953464,173
"20739",205,33,12.3496365451331,172
"20740",205,34,13.1343594501255,171
"20741",205,35,10.8301317475486,170
"20742",205,36,12.4530570296913,169
"20743",205,37,9.4141254558861,168
"20744",205,38,11.5976639914757,167
"20745",205,39,13.1945806211136,166
"20746",205,40,12.1920169282596,165
"20747",205,41,12.9147410190158,164
"20748",205,42,11.4167148217337,163
"20749",205,43,10.4733807262796,162
"20750",205,44,10.1850178130369,161
"20751",205,45,11.456429271765,160
"20752",205,46,12.7841963077487,159
"20753",205,47,10.4353711731909,158
"20754",205,48,7.60700988516545,157
"20755",205,49,6.50085755477016,156
"20756",205,50,14.0079172625734,155
"20757",205,51,10.8598838172436,154
"20758",205,52,11.2431802585528,153
"20759",205,53,11.3435092106597,152
"20760",205,54,11.5923436262134,151
"20761",205,55,11.027546644697,150
"20762",205,56,11.2873340845276,149
"20763",205,57,9.42205898037099,148
"20764",205,58,9.32398653190928,147
"20765",205,59,10.7694273921106,146
"20766",205,60,10.1553377279901,145
"20767",205,61,10.9199437620323,144
"20768",205,62,12.865998431873,143
"20769",205,63,10.4250779903181,142
"20770",205,64,10.0705673322058,141
"20771",205,65,12.5516570136448,140
"20772",205,66,12.1284535263326,139
"20773",205,67,10.2548853379026,138
"20774",205,68,11.2033419711164,137
"20775",205,69,12.1792106336107,136
"20776",205,70,10.1971721588122,135
"20777",205,71,9.30022539465712,134
"20778",205,72,8.84617760480733,133
"20779",205,73,9.00547238314546,132
"20780",205,74,9.37107374489382,131
"20781",205,75,9.56202386704864,130
"20782",205,76,7.70770838872247,129
"20783",205,77,5.73538971282276,128
"20784",205,78,9.57571885623956,127
"20785",205,79,9.35454708671001,126
"20786",205,80,9.65249105930825,125
"20787",205,81,7.52512759315916,124
"20788",205,82,10.9060394663297,123
"20789",205,83,11.9955426325236,122
"20790",205,84,10.7446921484696,121
"20791",205,85,11.1250976740413,120
"20792",205,86,10.2543490810194,119
"20793",205,87,11.7777533909622,118
"20794",205,88,11.2616617038993,117
"20795",205,89,9.53221919048769,116
"20796",205,90,12.6474753587793,115
"20797",205,91,11.1613873372906,114
"20798",205,92,9.57038966978517,113
"20799",205,93,8.03873559027343,112
"20800",205,94,8.12792570306562,111
"20801",205,95,10.5052819536251,110
"20802",205,96,8.99477196173251,109
"20803",205,97,6.85625264022623,108
"20804",205,98,11.0283829574394,107
"20805",205,99,10.720097448552,106
"20806",205,100,8.89362871822687,105
"20807",205,101,7.2165656213452,104
"20808",205,102,8.00312550413337,103
"20809",205,103,9.57177850463951,102
"20810",205,104,6.73125234489319,101
"20811",205,105,7.82441239066534,100
"20812",205,106,11.0639007400535,99
"20813",205,107,8.42964820369153,98
"20814",205,108,5.31175340131044,97
"20815",205,109,6.34842332799115,96
"20816",205,110,5.46658128049301,95
"20817",205,111,9.05445735005303,94
"20818",205,112,10.2589663781404,93
"20819",205,113,9.19178436527527,92
"20820",205,114,6.36613358183808,91
"20821",205,115,5.64344426809602,90
"20822",205,116,6.81209571647912,89
"20823",205,117,7.6769888524793,88
"20824",205,118,6.81814808952681,87
"20825",205,119,6.83609639486041,86
"20826",205,120,7.05451080643701,85
"20827",205,121,8.39629606698695,84
"20828",205,122,6.04563765674415,83
"20829",205,123,7.0199536532533,82
"20830",205,124,10.263767729719,81
"20831",205,125,8.62949959205729,80
"20832",205,126,6.73027981912368,79
"20833",205,127,5.19233639474356,78
"20834",205,128,6.67523845125661,77
"20835",205,129,5.13388752038823,76
"20836",205,130,5.94540041269503,75
"20837",205,131,5.91711028327263,74
"20838",205,132,6.41236334423387,73
"20839",205,133,7.57821638294239,72
"20840",205,134,8.17133820075128,71
"20841",205,135,6.93579526325214,70
"20842",205,136,6.48525449745292,69
"20843",205,137,7.8911719419064,68
"20844",205,138,7.32228449803212,67
"20845",205,139,7.71469531816564,66
"20846",205,140,6.43150750261124,65
"20847",205,141,5.10071364123147,64
"20848",205,142,5.52640047021693,63
"20849",205,143,6.217752654018,62
"20850",205,144,5.1468972914392,61
"20851",205,145,4.35761929412662,60
"20852",205,146,3.73800314451737,59
"20853",205,147,4.42619439796752,58
"20854",205,148,5.23595368348874,57
"20855",205,149,5.56898313194129,56
"20856",205,150,3.59416313850798,55
"20857",205,151,2.56329695492087,54
"20858",205,152,2.65439498365818,53
"20859",205,153,5.93499611503342,52
"20860",205,154,6.1044979513209,51
"20861",205,155,4.79062835395826,50
"20862",205,156,4.2431851948768,49
"20863",205,157,4.01886801240735,48
"20864",205,158,3.02663759274833,47
"20865",205,159,2.10007363277565,46
"20866",205,160,1.03038996132416,45
"20867",205,161,2.36284291252689,44
"20868",205,162,2.95899227895493,43
"20869",205,163,4.08991079022611,42
"20870",205,164,5.58173451145411,41
"20871",205,165,5.20823216899863,40
"20872",205,166,4.22807170105043,39
"20873",205,167,4.95408231242772,38
"20874",205,168,5.03880547343549,37
"20875",205,169,4.13201791110264,36
"20876",205,170,4.29958933251023,35
"20877",205,171,5.03647246892467,34
"20878",205,172,4.29331534525901,33
"20879",205,173,2.8881119806044,32
"20880",205,174,3.72544324364722,31
"20881",205,175,3.29512442165262,30
"20882",205,176,3.67147780283644,29
"20883",205,177,4.01606760184916,28
"20884",205,178,4.32799647943201,27
"20885",205,179,2.7011636905016,26
"20886",205,180,4.05085164796606,25
"20887",205,181,3.79854876299263,24
"20888",205,182,4.43996241472189,23
"20889",205,183,3.68392435340276,22
"20890",205,184,3.90483391471149,21
"20891",205,185,4.02543642151576,20
"20892",205,186,2.57429367816659,19
"20893",205,187,3.48529995246169,18
"20894",205,188,2.72305886948042,17
"20895",205,189,4.32945886392784,16
"20896",205,190,2.73041398286236,15
"20897",205,191,2.23309916050658,14
"20898",205,192,3.19865466488433,13
"20899",205,193,1.44740758897135,12
"20900",205,194,2.71633867206802,11
"20901",205,195,4.26938169099739,10
"20902",205,196,3.47823282407945,9
"20903",205,197,3.52112977632558,8
"20904",205,198,3.56621626611397,7
"20905",205,199,2.89684065006292,6
"20906",205,200,2.01248853725362,5
"20907",205,201,2.62290094903414,4
"20908",205,202,2.19182510123717,3
"20909",205,203,1.48657000540134,2
"20910",205,204,1.00336682694443,1
"20911",206,1,7.58279000687974,205
"20912",206,2,8.98648147828371,204
"20913",206,3,13.6434994291646,203
"20914",206,4,11.0654845689816,202
"20915",206,5,12.1386126206118,201
"20916",206,6,10.2884573220741,200
"20917",206,7,11.8502141408854,199
"20918",206,8,13.703862328571,198
"20919",206,9,16.443554324271,197
"20920",206,10,13.6953506713002,196
"20921",206,11,10.2912801372853,195
"20922",206,12,13.799085049367,194
"20923",206,13,14.790438823902,193
"20924",206,14,11.4015404390128,192
"20925",206,15,11.0120392571775,191
"20926",206,16,11.7560605559603,190
"20927",206,17,12.4880692119047,189
"20928",206,18,10.1132577703207,188
"20929",206,19,9.13936963323479,187
"20930",206,20,11.1160890670468,186
"20931",206,21,15.4360270492019,185
"20932",206,22,14.8617760164697,184
"20933",206,23,15.2355663662766,183
"20934",206,24,13.377120815332,182
"20935",206,25,10.0924166949625,181
"20936",206,26,12.542202845805,180
"20937",206,27,9.67404266586536,179
"20938",206,28,9.50679866228708,178
"20939",206,29,10.4590828680606,177
"20940",206,30,8.81614190948487,176
"20941",206,31,11.7854798479179,175
"20942",206,32,9.61946868808553,174
"20943",206,33,10.6695810518128,173
"20944",206,34,14.2275253476268,172
"20945",206,35,10.3858802834704,171
"20946",206,36,10.5625193240123,170
"20947",206,37,9.56003657904138,169
"20948",206,38,8.13141571974405,168
"20949",206,39,14.2877465186149,167
"20950",206,40,13.2851828257609,166
"20951",206,41,14.0079069165171,165
"20952",206,42,10.9330588957795,164
"20953",206,43,11.5665466237809,163
"20954",206,44,11.2781837105382,162
"20955",206,45,12.5495951692663,161
"20956",206,46,13.87736220525,160
"20957",206,47,11.5285370706922,159
"20958",206,48,8.70017578266675,158
"20959",206,49,7.59402345227146,157
"20960",206,50,15.1010831600747,156
"20961",206,51,11.9530497147449,155
"20962",206,52,11.6080209047735,154
"20963",206,53,12.0743747427031,153
"20964",206,54,10.7331647516898,152
"20965",206,55,10.1501051211267,151
"20966",206,56,10.211121497585,150
"20967",206,57,10.5152248778723,149
"20968",206,58,7.53789536752132,148
"20969",206,59,9.08937189879041,147
"20970",206,60,11.2485036254914,146
"20971",206,61,12.0131096595336,145
"20972",206,62,13.9591643293743,144
"20973",206,63,10.7170820776341,143
"20974",206,64,8.39051183888553,142
"20975",206,65,10.8716015203246,141
"20976",206,66,13.2152863946214,140
"20977",206,67,10.0859643068497,139
"20978",206,68,9.52328647779616,138
"20979",206,69,13.272376531112,137
"20980",206,70,9.96279529578699,136
"20981",206,71,9.80513220925688,135
"20982",206,72,9.93934350230863,134
"20983",206,73,9.25990880245732,133
"20984",206,74,9.0548515552944,132
"20985",206,75,7.88196837372841,131
"20986",206,76,8.10055689025021,130
"20987",206,77,6.82855561032406,129
"20988",206,78,10.6688847537409,128
"20989",206,79,10.4477129842113,127
"20990",206,80,8.23721265994223,126
"20991",206,81,7.62665675091216,125
"20992",206,82,9.22598397300946,124
"20993",206,83,10.3154871392034,123
"20994",206,84,11.8378580459709,122
"20995",206,85,12.2182635715426,121
"20996",206,86,11.3475149785207,120
"20997",206,87,12.8709192884635,119
"20998",206,88,12.3548276014006,118
"20999",206,89,9.33680860911388,117
"21000",206,90,10.9674198654591,116
"21001",206,91,10.4337468295513,115
"21002",206,92,9.27974162362984,114
"21003",206,93,9.13190148777474,113
"21004",206,94,9.22109160056693,112
"21005",206,95,10.3715074782174,111
"21006",206,96,10.0879378592338,110
"21007",206,97,7.0706906752971,109
"21008",206,98,9.3483274641192,108
"21009",206,99,8.1013516339757,107
"21010",206,100,6.6308194575208,106
"21011",206,101,6.07605463590131,105
"21012",206,102,6.56396714748203,104
"21013",206,103,7.89172301131927,103
"21014",206,104,6.30352038786774,102
"21015",206,105,7.29846071134939,101
"21016",206,106,9.38384524673327,100
"21017",206,107,9.52281410119283,99
"21018",206,108,6.25915282352027,98
"21019",206,109,5.60398334618359,97
"21020",206,110,5.70816316070321,96
"21021",206,111,10.1476232475543,95
"21022",206,112,8.94867373692967,94
"21023",206,113,7.51172887195504,93
"21024",206,114,4.68607808851785,92
"21025",206,115,3.96338877477579,91
"21026",206,116,5.5073965787767,90
"21027",206,117,5.99693335915907,89
"21028",206,118,5.89442570279426,88
"21029",206,119,7.92926229236172,87
"21030",206,120,8.14767670393832,86
"21031",206,121,5.08229826845889,85
"21032",206,122,4.72973806610329,84
"21033",206,123,6.14665347362661,83
"21034",206,124,8.85263067429662,82
"21035",206,125,9.72266548955859,81
"21036",206,126,7.29680929376774,80
"21037",206,127,6.05865906758089,79
"21038",206,128,4.64321288436554,78
"21039",206,129,5.7172243974009,77
"21040",206,130,5.6469698740625,76
"21041",206,131,4.64428611021268,75
"21042",206,132,4.86116012043239,74
"21043",206,133,5.89816088962216,73
"21044",206,134,5.60115520012383,72
"21045",206,135,4.83456725602762,71
"21046",206,136,3.70492742939509,70
"21047",206,137,6.21111644858617,69
"21048",206,138,5.64222900471188,68
"21049",206,139,4.44905224439968,67
"21050",206,140,4.10707379199811,66
"21051",206,141,3.91213456920131,65
"21052",206,142,3.39671545881119,64
"21053",206,143,4.53769716069777,63
"21054",206,144,3.68533802891097,62
"21055",206,145,3.10696503355114,61
"21056",206,146,3.12801445335835,60
"21057",206,147,4.1355463518122,59
"21058",206,148,3.92566104227805,58
"21059",206,149,3.88892763862106,57
"21060",206,150,1.89631099826747,56
"21061",206,151,1.15506235234001,55
"21062",206,152,2.05033307976404,54
"21063",206,153,7.02816201253472,53
"21064",206,154,7.19766384882221,52
"21065",206,155,4.68652710456603,51
"21066",206,156,3.17655076086723,50
"21067",206,157,3.22126123037862,49
"21068",206,158,3.48671570375052,48
"21069",206,159,1.61828567448523,47
"21070",206,160,2.68796934593673,46
"21071",206,161,1.98332252673183,45
"21072",206,162,2.28463812449905,44
"21073",206,163,2.38733414170298,43
"21074",206,164,6.67490040895541,42
"21075",206,165,6.30139806649994,41
"21076",206,166,5.288489562793,40
"21077",206,167,4.19843394938133,39
"21078",206,168,2.96449238050488,38
"21079",206,169,2.32287390993396,37
"21080",206,170,2.08806546816296,36
"21081",206,171,3.14582795984154,35
"21082",206,172,2.61325985193878,34
"21083",206,173,1.87474563259861,33
"21084",206,174,2.76810605217745,32
"21085",206,175,4.08575707651885,31
"21086",206,176,4.76464370033775,30
"21087",206,177,3.16782121297241,29
"21088",206,178,2.37388122507482,28
"21089",206,179,2.02646167295416,27
"21090",206,180,5.14401754546736,26
"21091",206,181,4.89171466049394,25
"21092",206,182,3.80174824533766,24
"21093",206,183,3.36965302543181,23
"21094",206,184,3.22761561407801,22
"21095",206,185,1.90937384278162,21
"21096",206,186,2.01899979471111,20
"21097",206,187,1.48842285603455,19
"21098",206,188,2.20666846797465,18
"21099",206,189,2.64940337060761,17
"21100",206,190,3.00647743678828,16
"21101",206,191,2.95650220589834,15
"21102",206,192,3.46328225530219,14
"21103",206,193,3.07945624210913,13
"21104",206,194,2.12337208368487,12
"21105",206,195,5.3625475884987,11
"21106",206,196,4.02795489635489,10
"21107",206,197,4.1548888604441,9
"21108",206,198,3.94225736527309,8
"21109",206,199,2.63980740864482,7
"21110",206,200,1.70587077000727,6
"21111",206,201,1.09545835822674,5
"21112",206,202,4.02214839378296,4
"21113",206,203,3.86889702758946,3
"21114",206,204,3.73460305474216,2
"21115",206,205,3.71835930726088,1
"21116",207,1,8.22265265611943,206
"21117",207,2,7.77064083795226,205
"21118",207,3,10.3401256309635,204
"21119",207,4,9.46851289853214,203
"21120",207,5,9.1826957419224,202
"21121",207,6,9.83199590622663,201
"21122",207,7,9.3670238721081,200
"21123",207,8,10.4004885303699,199
"21124",207,9,13.14018052607,198
"21125",207,10,10.3919768730991,197
"21126",207,11,10.9768517734987,196
"21127",207,12,11.2851482174589,195
"21128",207,13,11.487065025701,194
"21129",207,14,10.0154483848757,193
"21130",207,15,8.80880697797234,192
"21131",207,16,8.76026858686737,191
"21132",207,17,9.34703099048703,190
"21133",207,18,11.1087188285022,189
"21134",207,19,8.53736221924897,188
"21135",207,20,7.92596780871355,187
"21136",207,21,12.1326532510008,186
"21137",207,22,12.2942055824809,185
"21138",207,23,11.9321925680755,184
"21139",207,24,11.1643424446864,183
"21140",207,25,9.64539778934736,182
"21141",207,26,12.1465096573744,181
"21142",207,27,10.5906513448229,180
"21143",207,28,11.1128714277254,179
"21144",207,29,10.0747724493044,178
"21145",207,30,10.7979774159791,177
"21146",207,31,9.66794478177451,176
"21147",207,32,12.0706878820085,175
"21148",207,33,10.2738878633822,174
"21149",207,34,10.9241515494257,173
"21150",207,35,9.56299163421067,172
"21151",207,36,11.1859169163535,171
"21152",207,37,8.14698534254821,170
"21153",207,38,10.3305238781378,169
"21154",207,39,10.9843727204138,168
"21155",207,40,10.2788303304424,167
"21156",207,41,10.7045331183161,166
"21157",207,42,10.0151154894469,165
"21158",207,43,8.30800152917741,164
"21159",207,44,7.97480991233714,163
"21160",207,45,9.24622137106523,162
"21161",207,46,10.573988407049,161
"21162",207,47,8.2251632724911,160
"21163",207,48,5.39680198446569,159
"21164",207,49,4.2906496540704,158
"21165",207,50,11.7977093618736,157
"21166",207,51,8.64967591654388,156
"21167",207,52,9.167431576802,155
"21168",207,53,9.38676153255954,154
"21169",207,54,10.1907442939266,153
"21170",207,55,8.95179796294618,152
"21171",207,56,9.21158540277673,151
"21172",207,57,7.56786566698644,150
"21173",207,58,8.05684641857139,149
"21174",207,59,8.69367871035982,148
"21175",207,60,7.94512982729032,147
"21176",207,61,8.70973586133257,146
"21177",207,62,10.6557905311733,145
"21178",207,63,8.34932930856723,144
"21179",207,64,7.99481865045494,143
"21180",207,65,10.475908331894,142
"21181",207,66,10.0527048445818,141
"21182",207,67,8.85328600561584,140
"21183",207,68,9.12759328936556,139
"21184",207,69,9.96900273291094,138
"21185",207,70,8.12142347706136,137
"21186",207,71,7.22447671290629,136
"21187",207,72,6.63596970410757,135
"21188",207,73,7.60387305085865,134
"21189",207,74,7.7101768680009,133
"21190",207,75,7.48627518529781,132
"21191",207,76,5.63195970697164,131
"21192",207,77,3.525181812123,130
"21193",207,78,7.36551095553981,129
"21194",207,79,7.14433918601026,128
"21195",207,80,7.57674237755742,127
"21196",207,81,5.44937891140833,126
"21197",207,82,8.83029078457887,125
"21198",207,83,9.91979395077278,124
"21199",207,84,8.53448424776987,123
"21200",207,85,8.91488977334155,122
"21201",207,86,8.45922708551265,121
"21202",207,87,9.56754549026241,120
"21203",207,88,9.05145380319953,119
"21204",207,89,8.16839563877392,118
"21205",207,90,10.5717266770285,117
"21206",207,91,9.08563865553982,116
"21207",207,92,7.57558768166515,115
"21208",207,93,6.29789886135003,114
"21209",207,94,5.91771780236587,113
"21210",207,95,8.42953327187423,112
"21211",207,96,6.78456406103276,111
"21212",207,97,5.58911252688834,110
"21213",207,98,8.9526342756886,109
"21214",207,99,9.45295733521408,108
"21215",207,100,7.62648860488899,107
"21216",207,101,5.14081693959437,106
"21217",207,102,5.92737682238254,105
"21218",207,103,7.49602982288868,104
"21219",207,104,5.32965301260638,103
"21220",207,105,5.74866370891451,102
"21221",207,106,8.98815205830268,101
"21222",207,107,6.21944030299178,100
"21223",207,108,3.93256842082242,99
"21224",207,109,5.08128321465326,98
"21225",207,110,3.39083259874219,97
"21226",207,111,6.84424944935328,96
"21227",207,112,8.18321769638954,95
"21228",207,113,7.11603568352444,94
"21229",207,114,4.50063301211099,93
"21230",207,115,3.95591197530402,92
"21231",207,116,4.73634703472829,91
"21232",207,117,5.60124017072847,90
"21233",207,118,4.74239940777598,89
"21234",207,119,4.62588849416066,88
"21235",207,120,4.84430290573726,87
"21236",207,121,7.12915595364907,86
"21237",207,122,4.40698031168104,85
"21238",207,123,4.94420497150247,84
"21239",207,124,8.18801904796818,83
"21240",207,125,6.41929169135753,82
"21241",207,126,4.65453113737285,81
"21242",207,127,3.79634401188692,80
"21243",207,128,5.40809833791873,79
"21244",207,129,3.68911727504365,78
"21245",207,130,4.54380108040822,77
"21246",207,131,4.64997016993474,76
"21247",207,132,4.61209873454086,75
"21248",207,133,6.03655461003523,74
"21249",207,134,6.90419808741339,73
"21250",207,135,5.66865514991425,72
"21251",207,136,5.21811438411503,71
"21252",207,137,5.81542326015557,70
"21253",207,138,5.24653581628129,69
"21254",207,139,6.44755520482775,68
"21255",207,140,5.16436738927336,67
"21256",207,141,3.83357352789358,66
"21257",207,142,4.25926035687905,65
"21258",207,143,4.14200397226717,64
"21259",207,144,3.07114860968838,63
"21260",207,145,3.09047918078874,62
"21261",207,146,1.67827733014333,61
"21262",207,147,2.35044571621669,60
"21263",207,148,3.16020500173791,59
"21264",207,149,3.49323445019046,58
"21265",207,150,2.3270230251701,57
"21266",207,151,2.30556504792662,56
"21267",207,152,1.43112074402012,55
"21268",207,153,3.72478821433366,54
"21269",207,154,3.89429005062115,53
"21270",207,155,3.38902902167145,52
"21271",207,156,2.97604508153892,51
"21272",207,157,2.75172789906947,50
"21273",207,158,1.27472770781743,49
"21274",207,159,1.90972089629357,48
"21275",207,160,1.91682460169788,47
"21276",207,161,1.32005127146923,46
"21277",207,162,1.69185216561705,45
"21278",207,163,2.82277067688822,44
"21279",207,164,3.37152661075436,43
"21280",207,165,2.99802426829888,42
"21281",207,166,2.82647236876362,41
"21282",207,167,2.87833363067689,40
"21283",207,168,3.77166536009761,39
"21284",207,169,2.86487779776475,38
"21285",207,170,3.03244921917235,37
"21286",207,171,3.76933235558678,36
"21287",207,172,2.97795056290071,35
"21288",207,173,1.54057140775082,34
"21289",207,174,1.64969456189639,33
"21290",207,175,1.21937573990179,32
"21291",207,176,1.46126990213669,31
"21292",207,177,2.61446826956235,30
"21293",207,178,3.06085636609412,29
"21294",207,179,1.43402357716372,28
"21295",207,180,1.84064374726631,27
"21296",207,181,1.97710348536683,26
"21297",207,182,3.03836308243508,25
"21298",207,183,2.28232502111595,24
"21299",207,184,1.82908523296066,23
"21300",207,185,2.75829630817788,22
"21301",207,186,1.30715356482871,21
"21302",207,187,2.2181598391238,20
"21303",207,188,1.45591875614253,19
"21304",207,189,2.25371018217701,18
"21305",207,190,1.46327386952447,17
"21306",207,191,0.593999625921703,16
"21307",207,192,2.28942564139396,15
"21308",207,193,0.874858624800439,14
"21309",207,194,1.44919855873014,13
"21310",207,195,2.05917379029764,12
"21311",207,196,1.85572840213483,11
"21312",207,197,1.44538109457475,10
"21313",207,198,1.49046758436314,9
"21314",207,199,1.06793570163355,8
"21315",207,200,2.53999405200874,7
"21316",207,201,3.12805335289678,6
"21317",207,202,3.59342443352398,5
"21318",207,203,3.69677790610109,4
"21319",207,204,3.07911550869526,3
"21320",207,205,2.21020790069975,2
"21321",207,206,3.30337379820106,1
"21322",208,1,8.81927145259956,207
"21323",208,2,8.80411687078506,206
"21324",208,3,9.98114199236124,205
"21325",208,4,10.0651316950123,204
"21326",208,5,8.47200627248967,203
"21327",208,6,10.1251133536953,202
"21328",208,7,9.39707185770315,201
"21329",208,8,11.3667349537283,200
"21330",208,9,12.7394338540622,199
"21331",208,10,10.6467188934673,198
"21332",208,11,11.5734705699788,197
"21333",208,12,12.3186242502917,196
"21334",208,13,11.573733022383,195
"21335",208,14,10.5716352942179,194
"21336",208,15,8.83958104334972,193
"21337",208,16,8.71862923106595,192
"21338",208,17,10.1733561888608,191
"21339",208,18,11.7053376249823,190
"21340",208,19,9.57083825208177,189
"21341",208,20,8.81257649694133,188
"21342",208,21,12.0400333251364,187
"21343",208,22,11.0364166149051,186
"21344",208,23,11.5631110421302,185
"21345",208,24,11.1008471516587,184
"21346",208,25,10.2420165858275,183
"21347",208,26,13.1799856902073,182
"21348",208,27,11.187270141303,181
"21349",208,28,11.7094902242055,180
"21350",208,29,10.6713912457846,179
"21351",208,30,11.3945962124592,178
"21352",208,31,10.3615591504106,177
"21353",208,32,12.6673066784887,176
"21354",208,33,11.3073638962151,175
"21355",208,34,10.5726035056314,174
"21356",208,35,10.1596104306908,173
"21357",208,36,11.7825357128336,172
"21358",208,37,8.74360413902834,171
"21359",208,38,10.927142674618,170
"21360",208,39,11.9786404450011,169
"21361",208,40,10.3961003571329,168
"21362",208,41,10.3471360984974,167
"21363",208,42,10.1482668041319,166
"21364",208,43,9.34147756201021,165
"21365",208,44,7.88633133041634,164
"21366",208,45,8.42528963984207,163
"21367",208,46,9.75305667582581,162
"21368",208,47,7.68069314134881,161
"21369",208,48,5.94847029803882,160
"21370",208,49,4.99919153839124,159
"21371",208,50,10.9767776306504,158
"21372",208,51,7.89475021590274,157
"21373",208,52,10.2009076096348,156
"21374",208,53,10.3012365617416,155
"21375",208,54,9.20356795040737,154
"21376",208,55,9.98527399577898,153
"21377",208,56,10.2450614356095,152
"21378",208,57,8.20611880425853,151
"21379",208,58,8.65346521505153,150
"21380",208,59,9.72715474319262,149
"21381",208,60,8.90017579771021,148
"21382",208,61,8.51627152125645,147
"21383",208,62,9.83485879995011,146
"21384",208,63,9.38280534140003,145
"21385",208,64,9.02829468328774,144
"21386",208,65,11.5093843647268,143
"21387",208,66,11.0861808774146,142
"21388",208,67,7.83639417470889,141
"21389",208,68,10.1610693221984,140
"21390",208,69,9.14807100168777,139
"21391",208,70,9.15489950989416,138
"21392",208,71,8.25795274573909,137
"21393",208,72,7.48870565482923,136
"21394",208,73,7.61053857827849,135
"21395",208,74,8.32880109597579,134
"21396",208,75,8.51975121813062,133
"21397",208,76,6.66543573980444,132
"21398",208,77,4.34868632864517,131
"21399",208,78,6.54457922431664,130
"21400",208,79,7.275822440368,129
"21401",208,80,8.61021841039022,128
"21402",208,81,6.48285494424114,127
"21403",208,82,9.86376681741167,126
"21404",208,83,10.9532699836056,125
"21405",208,84,8.95169334239407,124
"21406",208,85,8.09395804211839,123
"21407",208,86,8.44673455784413,122
"21408",208,87,8.74661375903924,121
"21409",208,88,8.23052207197636,120
"21410",208,89,8.76501443525406,119
"21411",208,90,11.6052027098613,118
"21412",208,91,10.1191146883726,117
"21413",208,92,8.52811702086714,116
"21414",208,93,6.07656189119818,115
"21415",208,94,5.41051976671623,114
"21416",208,95,9.46300930470704,113
"21417",208,96,6.8768255612231,112
"21418",208,97,6.18573132336847,111
"21419",208,98,9.9861103085214,110
"21420",208,99,10.0495761316942,109
"21421",208,100,8.22310740136912,108
"21422",208,101,6.17429297242717,107
"21423",208,102,6.96085285521534,106
"21424",208,103,8.52950585572148,105
"21425",208,104,5.92067830557824,104
"21426",208,105,6.78213974174731,103
"21427",208,106,10.0216280911355,102
"21428",208,107,6.42935361976242,101
"21429",208,108,4.52918721730255,100
"21430",208,109,5.67790201113339,99
"21431",208,110,4.42430863157499,98
"21432",208,111,6.07933342874423,97
"21433",208,112,9.21669372922234,96
"21434",208,113,8.14951171635724,95
"21435",208,114,5.32386093292005,94
"21436",208,115,4.60117161917799,93
"21437",208,116,5.76982306756109,92
"21438",208,117,6.63471620356127,91
"21439",208,118,5.77587544060878,90
"21440",208,119,4.53326856829623,89
"21441",208,120,5.3735568675116,88
"21442",208,121,7.7257747501292,87
"21443",208,122,5.00359910816117,86
"21444",208,123,5.97768100433527,85
"21445",208,124,9.22149508080098,84
"21446",208,125,6.15300423829867,83
"21447",208,126,5.68800717020565,82
"21448",208,127,4.39296280836706,81
"21449",208,128,6.00471713439886,80
"21450",208,129,4.28573607152379,79
"21451",208,130,4.44572287626684,78
"21452",208,131,5.24658896641487,77
"21453",208,132,5.37009069531584,76
"21454",208,133,6.63317340651536,75
"21455",208,134,7.50081688389352,74
"21456",208,135,6.26527394639438,73
"21457",208,136,5.81473318059516,72
"21458",208,137,6.84889929298837,71
"21459",208,138,6.28001184911409,70
"21460",208,139,7.04417400130789,69
"21461",208,140,5.76098618575349,68
"21462",208,141,4.43019232437371,67
"21463",208,142,4.85587915335918,66
"21464",208,143,5.17548000509997,65
"21465",208,144,4.10462464252118,64
"21466",208,145,3.68709797726887,63
"21467",208,146,2.69573049559934,62
"21468",208,147,3.38392174904949,61
"21469",208,148,4.19368103457071,60
"21470",208,149,4.52671048302326,59
"21471",208,150,2.92364182165023,58
"21472",208,151,3.12649677914979,57
"21473",208,152,2.68890971159595,56
"21474",208,153,2.9038564831105,55
"21475",208,154,3.07335831939798,54
"21476",208,155,2.8483514065159,53
"21477",208,156,3.57266387801905,52
"21478",208,157,3.3483466955496,51
"21479",208,158,1.9843649438303,50
"21480",208,159,2.73065262751674,49
"21481",208,160,2.73775633292105,48
"21482",208,161,2.14098300269239,47
"21483",208,162,2.28847096209718,46
"21484",208,163,3.41938947336835,45
"21485",208,164,3.78312875594839,44
"21486",208,165,3.57770043717907,43
"21487",208,166,2.49309053146163,42
"21488",208,167,3.91180966350969,41
"21489",208,168,4.36828415657774,40
"21490",208,169,3.46149659424488,39
"21491",208,170,3.62906801565248,38
"21492",208,171,4.36595115206691,37
"21493",208,172,3.57456935938084,36
"21494",208,173,2.24955989682561,35
"21495",208,174,2.79568243747261,34
"21496",208,175,2.25285177273459,33
"21497",208,176,1.72160542601318,32
"21498",208,177,2.84132421393295,31
"21499",208,178,3.65747516257425,30
"21500",208,179,2.09784385647006,29
"21501",208,180,2.29707459605791,28
"21502",208,181,1.1875941902851,27
"21503",208,182,1.78057411485925,26
"21504",208,183,1.5847738352127,25
"21505",208,184,2.86256126579346,24
"21506",208,185,3.35491510465801,23
"21507",208,186,2.10530573471311,22
"21508",208,187,2.81477863560393,21
"21509",208,188,2.05253755262266,20
"21510",208,189,3.28718621500981,19
"21511",208,190,2.05989266600461,18
"21512",208,191,1.19082651158855,17
"21513",208,192,3.54721460896979,16
"21514",208,193,2.13254354778292,15
"21515",208,194,2.04581735521027,14
"21516",208,195,2.22427184939261,13
"21517",208,196,2.45234719861496,12
"21518",208,197,2.47885712740755,11
"21519",208,198,2.52394361719594,10
"21520",208,199,2.32572466920939,9
"21521",208,200,3.36092578323191,8
"21522",208,201,3.94898508411995,7
"21523",208,202,4.85121340109982,6
"21524",208,203,4.51770963732426,5
"21525",208,204,3.35100991118429,4
"21526",208,205,3.03113963192292,3
"21527",208,206,4.12430552942423,2
"21528",208,207,1.25778896757584,1
"21529",209,1,8.41633173288112,208
"21530",209,2,8.53081671438795,207
"21531",209,3,11.6717531879321,206
"21532",209,4,9.66219197529383,205
"21533",209,5,10.1668663793793,204
"21534",209,6,10.5971266635212,203
"21535",209,7,10.1321546294027,202
"21536",209,8,11.7321160873386,201
"21537",209,9,14.4718080830386,200
"21538",209,10,11.7236044300677,199
"21539",209,11,11.1705308502603,198
"21540",209,12,12.0453240938946,197
"21541",209,13,12.8186925826696,196
"21542",209,14,10.7805791421703,195
"21543",209,15,9.57393773526695,194
"21544",209,16,9.7843143147279,193
"21545",209,17,10.5163229706722,192
"21546",209,18,11.3023979052639,191
"21547",209,19,9.29753809568465,190
"21548",209,20,9.14434282581437,189
"21549",209,21,13.4642808079694,188
"21550",209,22,13.0593363397755,187
"21551",209,23,13.2638201250441,186
"21552",209,24,11.929473201981,185
"21553",209,25,9.83907686610905,184
"21554",209,26,12.9066855338101,183
"21555",209,27,10.7843304215846,182
"21556",209,28,11.3065505044871,181
"21557",209,29,10.2684515260661,180
"21558",209,30,10.9916564927408,179
"21559",209,31,10.0882589940135,178
"21560",209,32,12.2643669587702,177
"21561",209,33,11.0340637398179,176
"21562",209,34,12.2557791063943,175
"21563",209,35,9.75667071097235,174
"21564",209,36,11.3795959931151,173
"21565",209,37,8.54235324773328,172
"21566",209,38,10.5242029548995,171
"21567",209,39,12.3160002773824,170
"21568",209,40,11.3134365845285,169
"21569",209,41,12.0361606752847,168
"21570",209,42,10.7802462467415,167
"21571",209,43,9.59480038254844,166
"21572",209,44,9.30643746930575,165
"21573",209,45,10.5778489280338,164
"21574",209,46,11.9056159640176,163
"21575",209,47,9.55679082945971,162
"21576",209,48,6.7284295414343,161
"21577",209,49,5.62227721103901,160
"21578",209,50,13.1293369188422,159
"21579",209,51,9.98130347351248,158
"21580",209,52,9.92760745323768,157
"21581",209,53,10.1026285014707,156
"21582",209,54,10.9558750512212,155
"21583",209,55,9.71197383938186,154
"21584",209,56,9.97176127921242,153
"21585",209,57,8.54347863663984,152
"21586",209,58,8.25052549533308,151
"21587",209,59,9.4538545867955,150
"21588",209,60,9.27675738425892,149
"21589",209,61,10.0413634183012,148
"21590",209,62,11.9874180881419,147
"21591",209,63,9.10950518500291,146
"21592",209,64,8.75499452689062,145
"21593",209,65,11.2360842083297,144
"21594",209,66,11.243540153389,143
"21595",209,67,9.61841676291045,142
"21596",209,68,9.88776916580124,141
"21597",209,69,11.3006302898795,140
"21598",209,70,8.88159935349704,139
"21599",209,71,7.98465258934197,138
"21600",209,72,7.96759726107618,137
"21601",209,73,8.36900380815326,136
"21602",209,74,8.05550093957867,135
"21603",209,75,8.2464510617335,134
"21604",209,76,6.39213558340732,133
"21605",209,77,4.85680936909161,132
"21606",209,78,8.69713851250841,131
"21607",209,79,8.47596674297886,130
"21608",209,80,8.3369182539931,129
"21609",209,81,6.20955478784402,128
"21610",209,82,9.59046666101455,127
"21611",209,83,10.6799698272085,126
"21612",209,84,9.86611180473848,125
"21613",209,85,10.2465173303102,124
"21614",209,86,9.37576873728829,123
"21615",209,87,10.899173047231,122
"21616",209,88,10.3830813601681,121
"21617",209,89,8.36207471553561,120
"21618",209,90,11.3319025534642,119
"21619",209,91,9.8458145319755,118
"21620",209,92,8.25481686447002,117
"21621",209,93,7.16015524654228,116
"21622",209,94,7.24934535933448,115
"21623",209,95,9.18970914830992,114
"21624",209,96,8.11619161800136,113
"21625",209,97,5.78279160365003,112
"21626",209,98,9.71281015212428,111
"21627",209,99,9.64663641197577,110
"21628",209,100,7.82016768165067,109
"21629",209,101,5.90099281603005,108
"21630",209,102,6.68755269881822,107
"21631",209,103,8.25620569932436,106
"21632",209,104,6.09478376990099,105
"21633",209,105,6.50883958535019,104
"21634",209,106,9.74832793473836,103
"21635",209,107,7.55106785996038,102
"21636",209,108,4.67528482631824,101
"21637",209,109,5.27496229141495,100
"21638",209,110,4.15100847517787,99
"21639",209,111,8.17587700632189,98
"21640",209,112,8.94339357282522,97
"21641",209,113,7.87621155996012,96
"21642",209,114,5.05056077652294,95
"21643",209,115,4.32787146278087,94
"21644",209,116,5.49652291116397,93
"21645",209,117,6.36141604716415,92
"21646",209,118,5.50257528421166,91
"21647",209,119,5.95751605112926,90
"21648",209,120,6.17593046270587,89
"21649",209,121,7.32283503041076,88
"21650",209,122,4.730064851429,87
"21651",209,123,5.70438084793816,86
"21652",209,124,8.94819492440386,85
"21653",209,125,7.75091924832614,84
"21654",209,126,5.41470701380853,83
"21655",209,127,4.55586781975136,82
"21656",209,128,5.60177741468042,81
"21657",209,129,3.88279635180534,80
"21658",209,130,5.30893183770283,79
"21659",209,131,4.84364924669643,78
"21660",209,132,5.09679053891872,77
"21661",209,133,6.26264357762725,76
"21662",209,134,7.09787716417508,75
"21663",209,135,5.86233422667594,74
"21664",209,136,5.41179346087672,73
"21665",209,137,6.57559913659125,72
"21666",209,138,6.00671169271697,71
"21667",209,139,6.64123428158944,70
"21668",209,140,5.35804646603504,69
"21669",209,141,4.02725260465527,68
"21670",209,142,4.45293943364073,67
"21671",209,143,4.90217984870286,66
"21672",209,144,3.83132448612406,65
"21673",209,145,3.28415825755043,64
"21674",209,146,2.42243033920222,63
"21675",209,147,3.11062159265238,62
"21676",209,148,3.9203808781736,61
"21677",209,149,4.25341032662614,60
"21678",209,150,2.52070210193179,59
"21679",209,151,1.48983591834467,58
"21680",209,152,1.33882217834303,57
"21681",209,153,5.05641577130227,56
"21682",209,154,5.22591760758976,55
"21683",209,155,4.15415977896606,54
"21684",209,156,3.16972415830061,53
"21685",209,157,2.94540697583115,52
"21686",209,158,1.71106478743318,51
"21687",209,159,1.02661259619945,50
"21688",209,160,0.78688587315266,49
"21689",209,161,1.2893818759507,48
"21690",209,162,1.88553124237873,47
"21691",209,163,3.01644975364991,46
"21692",209,164,4.70315416772296,45
"21693",209,165,4.32965182526749,44
"21694",209,166,3.59160312605823,43
"21695",209,167,3.63850950711257,42
"21696",209,168,3.96534443685929,41
"21697",209,169,3.05855687452644,40
"21698",209,170,3.22612829593404,39
"21699",209,171,3.96301143234847,38
"21700",209,172,3.1716296396624,37
"21701",209,173,1.73425048451251,36
"21702",209,174,2.40987043833208,35
"21703",209,175,2.1140108352864,34
"21704",209,176,2.7928974591053,33
"21705",209,177,3.37959902685696,32
"21706",209,178,3.25453544285581,31
"21707",209,179,1.62770265392541,30
"21708",209,180,3.17227130423491,29
"21709",209,181,2.91996841926149,28
"21710",209,182,3.80349383972969,27
"21711",209,183,3.04745577841056,26
"21712",209,184,2.58926110939635,25
"21713",209,185,2.95197538493956,24
"21714",209,186,1.5008326415904,23
"21715",209,187,2.41183891588549,22
"21716",209,188,1.64959783290422,21
"21717",209,189,3.0138860586127,20
"21718",209,190,1.65695294628616,19
"21719",209,191,0.984755964665891,18
"21720",209,192,1.88308185956919,17
"21721",209,193,0.456768932168167,16
"21722",209,194,1.64287763549183,15
"21723",209,195,3.39080134726625,14
"21724",209,196,2.1626600187643,13
"21725",209,197,2.20555697101044,12
"21726",209,198,2.25064346079882,11
"21727",209,199,1.58126784474777,10
"21728",209,200,1.20836649504013,9
"21729",209,201,1.79642579592817,8
"21730",209,202,2.82829367622937,7
"21731",209,203,2.40435865737799,6
"21732",209,204,2.31893963225958,5
"21733",209,205,1.31557280531515,4
"21734",209,206,2.64489827068469,3
"21735",209,207,1.33162755696861,2
"21736",209,208,2.15255928819177,1
"21737",210,1,9.45294706264345,209
"21738",210,2,9.68034643908966,208
"21739",210,3,12.2722455838997,207
"21740",210,4,10.6988073050562,206
"21741",210,5,10.7673587753469,205
"21742",210,6,11.0847046645494,204
"21743",210,7,10.6197326304309,203
"21744",210,8,12.3326084833061,202
"21745",210,9,15.0723004790062,201
"21746",210,10,12.3240968260353,200
"21747",210,11,12.2071461800227,199
"21748",210,12,13.1948538185963,198
"21749",210,13,13.4191849786372,197
"21750",210,14,11.2681571431985,196
"21751",210,15,10.0615157362951,195
"21752",210,16,10.3848067106955,194
"21753",210,17,11.1168153666398,193
"21754",210,18,12.3390132350262,192
"21755",210,19,10.4470678203864,191
"21756",210,20,9.74483522178195,190
"21757",210,21,14.064773203937,189
"21758",210,22,13.5469143408037,188
"21759",210,23,13.8643125210117,187
"21760",210,24,12.4170512030092,186
"21761",210,25,10.8756921958714,185
"21762",210,26,14.0562152585119,184
"21763",210,27,11.8209457513469,183
"21764",210,28,12.3431658342494,182
"21765",210,29,11.3050668558285,181
"21766",210,30,12.0282718225031,180
"21767",210,31,11.2377887187152,179
"21768",210,32,13.3009822885325,178
"21769",210,33,12.1835934645196,177
"21770",210,34,12.8562715023619,176
"21771",210,35,10.7932860407347,175
"21772",210,36,12.4162113228775,174
"21773",210,37,9.37727974907223,173
"21774",210,38,11.5608182846618,172
"21775",210,39,12.91649267335,171
"21776",210,40,11.9139289804961,170
"21777",210,41,12.6366530712523,169
"21778",210,42,11.2678242477697,168
"21779",210,43,10.2177071303148,167
"21780",210,44,9.90692986527333,166
"21781",210,45,11.1783413240014,165
"21782",210,46,12.5061083599852,164
"21783",210,47,10.1572832254273,163
"21784",210,48,7.32892193740188,162
"21785",210,49,6.22276960700659,161
"21786",210,50,13.7298293148098,160
"21787",210,51,10.5817958694801,159
"21788",210,52,11.0771371779394,158
"21789",210,53,11.1774661300462,157
"21790",210,54,11.4434530522494,156
"21791",210,55,10.8615035640836,155
"21792",210,56,11.1212910039141,154
"21793",210,57,9.14397103260742,153
"21794",210,58,9.28714082509542,152
"21795",210,59,10.6033843114972,151
"21796",210,60,9.8772497802265,150
"21797",210,61,10.6418558142688,149
"21798",210,62,12.5879104841095,148
"21799",210,63,10.2590349097046,147
"21800",210,64,9.90452425159233,146
"21801",210,65,12.3856139330314,145
"21802",210,66,11.9624104457192,144
"21803",210,67,10.1059947639386,143
"21804",210,68,11.037298890503,142
"21805",210,69,11.9011226858471,141
"21806",210,70,10.0311290781988,140
"21807",210,71,9.13418231404369,139
"21808",210,72,8.56808965704376,138
"21809",210,73,8.85658180918146,137
"21810",210,74,9.20503066428039,136
"21811",210,75,9.39598078643521,135
"21812",210,76,7.54166530810904,134
"21813",210,77,5.45730176505919,133
"21814",210,78,9.29763090847599,132
"21815",210,79,9.07645913894644,131
"21816",210,80,9.48644797869482,130
"21817",210,81,7.35908451254574,129
"21818",210,82,10.7399963857163,128
"21819",210,83,11.8294995519102,127
"21820",210,84,10.4666042007061,126
"21821",210,85,10.8470097262777,125
"21822",210,86,9.97626113325587,124
"21823",210,87,11.4996654431986,123
"21824",210,88,10.9835737561357,122
"21825",210,89,9.39869004529794,121
"21826",210,90,12.4814322781659,120
"21827",210,91,10.9953442566772,119
"21828",210,92,9.40434658917174,118
"21829",210,93,7.76064764250986,117
"21830",210,94,7.84983775530206,116
"21831",210,95,10.3392388730116,115
"21832",210,96,8.71668401396894,114
"21833",210,97,6.81940693341236,113
"21834",210,98,10.862339876826,112
"21835",210,99,10.6832517417381,111
"21836",210,100,8.85678301141301,110
"21837",210,101,7.05052254073177,109
"21838",210,102,7.83708242351994,108
"21839",210,103,9.40573542402608,107
"21840",210,104,6.58236177092919,106
"21841",210,105,7.65836931005191,105
"21842",210,106,10.8978576594401,104
"21843",210,107,8.15156025592796,103
"21844",210,108,5.16286282734644,102
"21845",210,109,6.31157762117728,101
"21846",210,110,5.30053819987959,100
"21847",210,111,8.77636940228947,99
"21848",210,112,10.0929232975269,98
"21849",210,113,9.02574128466184,97
"21850",210,114,6.20009050122465,96
"21851",210,115,5.47740118748259,95
"21852",210,116,6.64605263586569,94
"21853",210,117,7.51094577186587,93
"21854",210,118,6.65210500891338,92
"21855",210,119,6.55800844709684,91
"21856",210,120,6.77642285867345,90
"21857",210,121,8.35945036017309,89
"21858",210,122,5.87959457613072,88
"21859",210,123,6.85391057263987,87
"21860",210,124,10.0977246491056,86
"21861",210,125,8.35141164429372,85
"21862",210,126,6.56423673851025,84
"21863",210,127,5.04344582077956,83
"21864",210,128,6.63839274444275,82
"21865",210,129,4.9678444397748,81
"21866",210,130,5.79650983873102,80
"21867",210,131,5.88026457645876,79
"21868",210,132,6.24632026362044,78
"21869",210,133,7.41217330232896,77
"21870",210,134,8.13449249393741,76
"21871",210,135,6.89894955643827,75
"21872",210,136,6.44840879063905,74
"21873",210,137,7.72512886129297,73
"21874",210,138,7.15624141741869,72
"21875",210,139,7.67784961135177,71
"21876",210,140,6.39466179579738,70
"21877",210,141,5.0638679344176,69
"21878",210,142,5.48955476340307,68
"21879",210,143,6.05170957340457,67
"21880",210,144,4.98085421082578,66
"21881",210,145,4.32077358731276,65
"21882",210,146,3.57196006390394,64
"21883",210,147,4.26015131735409,63
"21884",210,148,5.06991060287531,62
"21885",210,149,5.40294005132786,61
"21886",210,150,3.55731743169412,60
"21887",210,151,2.52645124810701,59
"21888",210,152,2.48835190304475,58
"21889",210,153,5.65690816726985,57
"21890",210,154,5.82641000355733,56
"21891",210,155,4.64173777999425,55
"21892",210,156,4.20633948806294,54
"21893",210,157,3.98202230559349,53
"21894",210,158,2.8605945121349,52
"21895",210,159,2.06322792596179,51
"21896",210,160,0.993544254510293,50
"21897",210,161,2.32599720571303,49
"21898",210,162,2.92214657214107,48
"21899",210,163,4.05306508341224,47
"21900",210,164,5.30364656369054,46
"21901",210,165,4.93014422123507,45
"21902",210,166,4.07918112708643,44
"21903",210,167,4.78803923181429,43
"21904",210,168,5.00195976662163,42
"21905",210,169,4.09517220428877,41
"21906",210,170,4.26274362569637,40
"21907",210,171,4.9996267621108,39
"21908",210,172,4.20824496942473,38
"21909",210,173,2.77086581427484,37
"21910",210,174,3.55940016303379,36
"21911",210,175,3.12908134103919,35
"21912",210,176,3.39338985507287,34
"21913",210,177,3.86717702788516,33
"21914",210,178,4.29115077261814,32
"21915",210,179,2.66431798368774,31
"21916",210,180,3.77276370020249,30
"21917",210,181,3.52046081522907,29
"21918",210,182,4.29107184075789,28
"21919",210,183,3.53503377943876,27
"21920",210,184,3.73879083409806,26
"21921",210,185,3.9885907147019,25
"21922",210,186,2.53744797135273,24
"21923",210,187,3.44845424564782,23
"21924",210,188,2.68621316266655,22
"21925",210,189,4.16341578331441,21
"21926",210,190,2.6935682760485,20
"21927",210,191,2.06705607989315,19
"21928",210,192,3.0326115842709,18
"21929",210,193,1.28136450835792,17
"21930",210,194,2.67949296525416,16
"21931",210,195,3.99129374323383,15
"21932",210,196,3.31218974346602,14
"21933",210,197,3.35508669571215,13
"21934",210,198,3.40017318550054,12
"21935",210,199,2.73079756944949,11
"21936",210,200,1.97564283043975,10
"21937",210,201,2.58605524222028,9
"21938",210,202,2.34071567520118,8
"21939",210,203,1.76465795316491,7
"21940",210,204,1.16940990755786,6
"21941",210,205,0.278087947763567,5
"21942",210,206,3.68151360044702,4
"21943",210,207,1.93211995293619,3
"21944",210,208,2.75305168415935,2
"21945",210,209,1.14952972470172,1
"21946",211,1,8.87507170826836,210
"21947",211,2,9.24815952656103,209
"21948",211,3,10.8092001774553,208
"21949",211,4,10.1209319506811,207
"21950",211,5,9.30431336890254,206
"21951",211,6,10.180913609364,205
"21952",211,7,9.45778822040801,204
"21953",211,8,11.8107776095043,203
"21954",211,9,13.6092550725618,202
"21955",211,10,11.0907615492433,201
"21956",211,11,11.6292708256476,200
"21957",211,12,12.7626669060677,199
"21958",211,13,12.017775678159,198
"21959",211,14,10.6274355498867,197
"21960",211,15,8.89538129901851,196
"21961",211,16,9.16267188684192,195
"21962",211,17,10.6173988446367,194
"21963",211,18,11.7611378806511,193
"21964",211,19,10.0148809078577,192
"21965",211,20,9.2566191527173,191
"21966",211,21,12.6017277974927,190
"21967",211,22,12.0274767647605,189
"21968",211,23,12.4012671145674,188
"21969",211,24,11.1566474073275,187
"21970",211,25,10.2978168414963,186
"21971",211,26,13.6240283459832,185
"21972",211,27,11.2430703969718,184
"21973",211,28,11.7652904798743,183
"21974",211,29,10.7271915014534,182
"21975",211,30,11.450396468128,181
"21976",211,31,10.8056018061866,180
"21977",211,32,12.7231069341575,179
"21978",211,33,11.751406551991,178
"21979",211,34,11.3932260959176,177
"21980",211,35,10.2154106863596,176
"21981",211,36,11.8383359685024,175
"21982",211,37,8.79940439469714,174
"21983",211,38,10.9829429302868,173
"21984",211,39,12.4226831007771,172
"21985",211,40,10.8401430129089,171
"21986",211,41,11.1736076648079,170
"21987",211,42,10.2040670598007,169
"21988",211,43,9.78552021778617,168
"21989",211,44,8.44388445882899,167
"21990",211,45,9.71529591755708,166
"21991",211,46,11.0430629535408,165
"21992",211,47,8.69423781898294,164
"21993",211,48,6.39251295381479,163
"21994",211,49,5.4432341941672,162
"21995",211,50,12.2667839083654,161
"21996",211,51,9.11875046303572,160
"21997",211,52,10.6449502654108,159
"21998",211,53,10.7452792175176,158
"21999",211,54,9.83471920395861,157
"22000",211,55,10.429316651555,156
"22001",211,56,10.6891040913855,155
"22002",211,57,8.65016146003449,154
"22003",211,58,8.70926547072033,153
"22004",211,59,10.1711973989686,152
"22005",211,60,9.34421845348618,151
"22006",211,61,9.17881040782441,150
"22007",211,62,11.1248650776651,149
"22008",211,63,9.826847997176,148
"22009",211,64,9.4723373390637,147
"22010",211,65,11.9534270205028,146
"22011",211,66,11.5302235331906,145
"22012",211,67,8.49726091564784,144
"22013",211,68,10.6051119779743,143
"22014",211,69,10.4380772794028,142
"22015",211,70,9.59894216567013,141
"22016",211,71,8.70199540151505,140
"22017",211,72,7.9327483106052,139
"22018",211,73,7.66633883394728,138
"22019",211,74,8.77284375175175,137
"22020",211,75,8.96379387390658,136
"22021",211,76,7.10947839558041,135
"22022",211,77,4.79272898442113,134
"22023",211,78,7.83458550203165,133
"22024",211,79,7.71986509614396,132
"22025",211,80,9.05426106616619,131
"22026",211,81,6.9268976000171,130
"22027",211,82,10.3078094731876,129
"22028",211,83,11.3973126393815,128
"22029",211,84,9.39573599817004,127
"22030",211,85,9.3839643198334,126
"22031",211,86,8.8907772136201,125
"22032",211,87,10.0366200367543,124
"22033",211,88,9.52052834969138,123
"22034",211,89,8.93398919734562,122
"22035",211,90,12.0492453656372,121
"22036",211,91,10.5631573441486,120
"22037",211,92,8.97215967664311,119
"22038",211,93,6.48809061155046,118
"22039",211,94,6.38679234885772,117
"22040",211,95,9.907051960483,116
"22041",211,96,7.32086821699906,115
"22042",211,97,6.24153157903727,114
"22043",211,98,10.4301529642974,113
"22044",211,99,10.105376387363,112
"22045",211,100,8.27890765703791,111
"22046",211,101,6.61833562820314,110
"22047",211,102,7.40489551099131,109
"22048",211,103,8.97354851149744,108
"22049",211,104,5.97647856124704,107
"22050",211,105,7.22618239752327,106
"22051",211,106,10.4656707469114,105
"22052",211,107,6.87339627553839,104
"22053",211,108,4.58498747297135,103
"22054",211,109,5.73370226680219,102
"22055",211,110,4.86835128735095,101
"22056",211,111,7.31332399584513,100
"22057",211,112,9.66073638499831,99
"22058",211,113,8.59355437213321,98
"22059",211,114,5.76790358869602,97
"22060",211,115,5.04521427495396,96
"22061",211,116,6.21386572333706,95
"22062",211,117,7.07875885933724,94
"22063",211,118,6.21991809638475,93
"22064",211,119,5.0949630406525,92
"22065",211,120,5.81759952328757,91
"22066",211,121,7.781575005798,90
"22067",211,122,5.44740766360209,89
"22068",211,123,6.42172366011124,88
"22069",211,124,9.66553773657695,87
"22070",211,125,6.88836623784938,86
"22071",211,126,6.13204982598162,85
"22072",211,127,4.44876306403585,84
"22073",211,128,6.06051739006766,83
"22074",211,129,4.53565752724617,82
"22075",211,130,4.50152313193564,81
"22076",211,131,5.30238922208367,80
"22077",211,132,5.81413335109181,79
"22078",211,133,6.97998638980033,78
"22079",211,134,7.55661713956232,77
"22080",211,135,6.32107420206318,76
"22081",211,136,5.87053343626396,75
"22082",211,137,7.29294194876434,74
"22083",211,138,6.72405450489006,73
"22084",211,139,7.09997425697668,72
"22085",211,140,5.81678644142229,71
"22086",211,141,4.48599258004251,70
"22087",211,142,4.91167940902798,69
"22088",211,143,5.61952266087594,68
"22089",211,144,4.54866729829714,67
"22090",211,145,3.74289823293767,66
"22091",211,146,3.13977315137531,65
"22092",211,147,3.82796440482546,64
"22093",211,148,4.63772369034668,63
"22094",211,149,4.97075313879923,62
"22095",211,150,2.97944207731903,61
"22096",211,151,1.94857589373191,60
"22097",211,152,2.05616499051611,59
"22098",211,153,4.19386276082551,58
"22099",211,154,4.36336459711299,57
"22100",211,155,3.03300393170345,56
"22101",211,156,3.62846413368785,55
"22102",211,157,3.4041469512184,54
"22103",211,158,2.42840759960627,53
"22104",211,159,1.4853525715867,52
"22105",211,160,1.44775005520604,51
"22106",211,161,1.74812185133794,50
"22107",211,162,2.34427121776598,49
"22108",211,163,3.47518972903715,48
"22109",211,164,4.22717141172435,47
"22110",211,165,4.02174309295503,46
"22111",211,166,2.54889078713043,45
"22112",211,167,4.35585231928566,44
"22113",211,168,4.42408441224654,43
"22114",211,169,3.51729684991368,42
"22115",211,170,3.68486827132128,41
"22116",211,171,4.42175140773571,40
"22117",211,172,3.69508535211695,39
"22118",211,173,2.28988198746234,38
"22119",211,174,3.12721325050516,37
"22120",211,175,2.69689442851056,36
"22121",211,176,2.16564808178915,35
"22122",211,177,2.89712446960174,34
"22123",211,178,3.71327541824305,33
"22124",211,179,2.08644262931265,32
"22125",211,180,2.74111725183388,31
"22126",211,181,2.05741540878472,30
"22127",211,182,2.68233799246709,29
"22128",211,183,1.92629993114796,28
"22129",211,184,3.30660392156943,27
"22130",211,185,3.41071536032681,26
"22131",211,186,1.95957261697764,25
"22132",211,187,2.87057889127273,24
"22133",211,188,2.10833780829146,23
"22134",211,189,3.73122887078578,22
"22135",211,190,2.1156929216734,21
"22136",211,191,1.63486916736451,20
"22137",211,192,2.64545073136195,19
"22138",211,193,1.23077967017508,18
"22139",211,194,2.10161761087907,17
"22140",211,195,2.66831450516858,16
"22141",211,196,2.88000283093739,15
"22142",211,197,2.92289978318352,14
"22143",211,198,2.96798627297191,13
"22144",211,199,2.29861065692086,12
"22145",211,200,2.07091950551689,11
"22146",211,201,2.65897880640494,10
"22147",211,202,3.94944952349198,9
"22148",211,203,3.22770335960925,8
"22149",211,204,2.06100363346928,7
"22150",211,205,1.7576244222548,6
"22151",211,206,3.10363824607193,5
"22152",211,207,1.47751868860877,4
"22153",211,208,1.29000627771501,3
"22154",211,209,1.1211558472626,2
"22155",211,210,1.6087338482908,1
"22156",212,1,8.74816541551062,211
"22157",212,2,9.21811875021754,210
"22158",212,3,10.9808482295352,209
"22159",212,4,9.99402565792333,208
"22160",212,5,9.47596142098244,207
"22161",212,6,10.0540073166063,206
"22162",212,7,9.42774744406453,205
"22163",212,8,11.7807368331608,204
"22164",212,9,13.7809031246417,203
"22165",212,10,11.0607207728998,202
"22166",212,11,11.5023645328898,201
"22167",212,12,12.7326261297242,200
"22168",212,13,12.1277876242727,199
"22169",212,14,10.500529257129,198
"22170",212,15,8.76847500626078,197
"22171",212,16,9.13263111049843,196
"22172",212,17,10.5873580682933,195
"22173",212,18,11.6342315878934,194
"22174",212,19,9.98484013151425,193
"22175",212,20,9.22657837637381,192
"22176",212,21,12.7733758495726,191
"22177",212,22,12.1991248168404,190
"22178",212,23,12.5729151666473,189
"22179",212,24,11.0297411145698,188
"22180",212,25,10.1709105487386,187
"22181",212,26,13.5939875696397,186
"22182",212,27,11.1161641042141,185
"22183",212,28,11.6383841871166,184
"22184",212,29,10.6002852086956,183
"22185",212,30,11.3234901753703,182
"22186",212,31,10.7755610298431,181
"22187",212,32,12.5962006413997,180
"22188",212,33,11.7213657756475,179
"22189",212,34,11.5648741479975,178
"22190",212,35,10.0885043936019,177
"22191",212,36,11.7114296757447,176
"22192",212,37,8.6724981019394,175
"22193",212,38,10.856036637529,174
"22194",212,39,12.3926423244336,173
"22195",212,40,10.8101022365654,172
"22196",212,41,11.3452557168878,171
"22197",212,42,10.077160767043,170
"22198",212,43,9.75547944144269,169
"22199",212,44,8.61553251090889,168
"22200",212,45,9.88694396963698,167
"22201",212,46,11.2147110056207,166
"22202",212,47,8.86588587106284,165
"22203",212,48,6.3624721774713,164
"22204",212,49,5.41319341782372,163
"22205",212,50,12.4384319604453,162
"22206",212,51,9.29039851511562,161
"22207",212,52,10.6149094890673,160
"22208",212,53,10.7152384411741,159
"22209",212,54,9.90950173962426,158
"22210",212,55,10.3992758752115,157
"22211",212,56,10.659063315042,156
"22212",212,57,8.62012068369101,155
"22213",212,58,8.58235917796259,154
"22214",212,59,10.1411566226251,153
"22215",212,60,9.31417767714269,152
"22216",212,61,9.35045845990432,151
"22217",212,62,11.296513129745,150
"22218",212,63,9.79680722083251,149
"22219",212,64,9.44229656272022,148
"22220",212,65,11.9233862441593,147
"22221",212,66,11.5001827568471,146
"22222",212,67,8.57204345131349,145
"22223",212,68,10.5750712016308,144
"22224",212,69,10.6097253314827,143
"22225",212,70,9.56890138932664,142
"22226",212,71,8.67195462517157,141
"22227",212,72,7.90270753426172,140
"22228",212,73,7.53943254118955,139
"22229",212,74,8.74280297540827,138
"22230",212,75,8.93375309756309,137
"22231",212,76,7.07943761923692,136
"22232",212,77,4.76268820807765,135
"22233",212,78,8.00623355411155,134
"22234",212,79,7.785061784582,133
"22235",212,80,9.0242202898227,132
"22236",212,81,6.89685682367362,131
"22237",212,82,10.2777686968441,130
"22238",212,83,11.3672718630381,129
"22239",212,84,9.36569522182655,128
"22240",212,85,9.5556123719133,127
"22241",212,86,8.86073643727662,126
"22242",212,87,10.2082680888342,125
"22243",212,88,9.69217640177127,124
"22244",212,89,8.90394842100214,123
"22245",212,90,12.0192045892938,122
"22246",212,91,10.5331165678051,121
"22247",212,92,8.94211890029962,120
"22248",212,93,6.46925028814542,119
"22249",212,94,6.55844040093762,118
"22250",212,95,9.87701118413952,117
"22251",212,96,7.4252866596045,116
"22252",212,97,6.11462528627953,115
"22253",212,98,10.4001121879539,114
"22254",212,99,9.97847009460527,113
"22255",212,100,8.15200136428018,112
"22256",212,101,6.58829485185965,111
"22257",212,102,7.37485473464782,110
"22258",212,103,8.94350773515396,109
"22259",212,104,5.8495722684893,108
"22260",212,105,7.19614162117979,107
"22261",212,106,10.435629970568,106
"22262",212,107,6.86016290156352,105
"22263",212,108,4.45808118021361,104
"22264",212,109,5.60679597404445,103
"22265",212,110,4.83831051100747,102
"22266",212,111,7.48497204792502,101
"22267",212,112,9.63069560865482,100
"22268",212,113,8.56351359578972,99
"22269",212,114,5.73786281235253,98
"22270",212,115,5.01517349861047,97
"22271",212,116,6.18382494699357,96
"22272",212,117,7.04871808299375,95
"22273",212,118,6.18987732004126,94
"22274",212,119,5.2666110927324,93
"22275",212,120,5.78755874694408,92
"22276",212,121,7.65466871304026,91
"22277",212,122,5.4173668872586,90
"22278",212,123,6.39168288376776,89
"22279",212,124,9.63549696023346,88
"22280",212,125,7.06001428992928,87
"22281",212,126,6.10200904963813,86
"22282",212,127,4.32185677127812,85
"22283",212,128,5.93361109730992,84
"22284",212,129,4.50561675090268,83
"22285",212,130,4.3746168391779,82
"22286",212,131,5.17548292932593,81
"22287",212,132,5.78409257474832,80
"22288",212,133,6.94994561345684,79
"22289",212,134,7.42971084680458,78
"22290",212,135,6.19416790930544,77
"22291",212,136,5.74362714350622,76
"22292",212,137,7.26290117242085,75
"22293",212,138,6.69401372854657,74
"22294",212,139,6.97306796421895,73
"22295",212,140,5.68988014866455,72
"22296",212,141,4.35908628728477,71
"22297",212,142,4.78477311627024,70
"22298",212,143,5.58948188453245,69
"22299",212,144,4.51862652195366,68
"22300",212,145,3.61599194017993,67
"22301",212,146,3.10973237503182,66
"22302",212,147,3.79792362848197,65
"22303",212,148,4.6076829140032,64
"22304",212,149,4.94071236245574,63
"22305",212,150,2.85253578456129,62
"22306",212,151,1.82166960097418,61
"22307",212,152,2.02612421417263,60
"22308",212,153,4.36551081290541,59
"22309",212,154,4.53501264919289,58
"22310",212,155,3.1077864673691,57
"22311",212,156,3.50155784093011,56
"22312",212,157,3.27724065846066,55
"22313",212,158,2.39836682326278,54
"22314",212,159,1.35844627882896,53
"22315",212,160,1.27610200312614,52
"22316",212,161,1.6212155585802,51
"22317",212,162,2.21736492500824,50
"22318",212,163,3.34828343627941,49
"22319",212,164,4.19713063538087,48
"22320",212,165,3.99170231661155,47
"22321",212,166,2.62583836316368,46
"22322",212,167,4.32581154294217,45
"22323",212,168,4.2971781194888,44
"22324",212,169,3.39039055715594,43
"22325",212,170,3.55796197856354,42
"22326",212,171,4.29484511497797,41
"22327",212,172,3.66504457577346,40
"22328",212,173,2.25984121111885,39
"22329",212,174,3.09717247416168,38
"22330",212,175,2.66685365216707,37
"22331",212,176,2.13560730544566,36
"22332",212,177,2.77021817684401,35
"22333",212,178,3.58636912548531,34
"22334",212,179,1.95953633655491,33
"22335",212,180,2.71107647549039,32
"22336",212,181,2.22906346086462,31
"22337",212,182,2.75712052813274,30
"22338",212,183,2.00108246681361,29
"22339",212,184,3.27656314522594,28
"22340",212,185,3.28380906756907,27
"22341",212,186,1.8326663242199,26
"22342",212,187,2.74367259851499,25
"22343",212,188,1.98143151553372,24
"22344",212,189,3.70118809444229,23
"22345",212,190,2.06939517761807,22
"22346",212,191,1.60482839102103,21
"22347",212,192,2.5706681956963,20
"22348",212,193,1.15599713450943,19
"22349",212,194,1.97471131812133,18
"22350",212,195,2.69989638886938,17
"22351",212,196,2.8499620545939,16
"22352",212,197,2.89285900684004,15
"22353",212,198,2.93794549662842,14
"22354",212,199,2.26856988057737,13
"22355",212,200,1.899271453437,12
"22356",212,201,2.48733075432504,11
"22357",212,202,3.87466698782633,10
"22358",212,203,3.05605530752935,9
"22359",212,204,1.88935558138938,8
"22360",212,205,1.68284188658915,7
"22361",212,206,2.97673195331419,6
"22362",212,207,1.44747791226528,5
"22363",212,208,1.46165432979491,4
"22364",212,209,1.04637331159696,3
"22365",212,210,1.53395131262515,2
"22366",212,211,0.171648052079898,1
"22367",213,1,7.79831715002791,212
"22368",213,2,8.38186116953102,211
"22369",213,3,11.0858051814912,210
"22370",213,4,9.04027572018978,209
"22371",213,5,9.58091837293838,208
"22372",213,6,9.44512404692809,207
"22373",213,7,9.29251989321201,206
"22374",213,8,11.1461680808976,205
"22375",213,9,13.8858600765977,204
"22376",213,10,11.1376564236268,203
"22377",213,11,10.4555206952512,202
"22378",213,12,11.8963685490377,201
"22379",213,13,12.2327445762287,200
"22380",213,14,9.62857652557718,199
"22381",213,15,8.45434500950413,198
"22382",213,16,9.19836630828698,197
"22383",213,17,9.93037496423133,196
"22384",213,18,10.5873877502547,195
"22385",213,19,9.14858255082773,194
"22386",213,20,8.55839481937345,193
"22387",213,21,12.8783328015285,192
"22388",213,22,12.3040817687964,191
"22389",213,23,12.6778721186032,190
"22390",213,24,10.8194265676586,189
"22391",213,25,9.12406671109989,188
"22392",213,26,12.7577299889532,187
"22393",213,27,10.0693202665754,186
"22394",213,28,10.5915403494779,185
"22395",213,29,9.55344137105697,184
"22396",213,30,10.2766463377316,183
"22397",213,31,9.93930344915655,182
"22398",213,32,11.5493568037611,181
"22399",213,33,10.885108194961,180
"22400",213,34,11.6698310999534,179
"22401",213,35,9.0416605559632,178
"22402",213,36,10.7780464671605,177
"22403",213,37,7.62565426430074,176
"22404",213,38,9.80919279989035,175
"22405",213,39,11.7300522709415,174
"22406",213,40,10.7274885780876,173
"22407",213,41,11.4502126688438,172
"22408",213,42,9.62824363014831,171
"22409",213,43,9.00885237610752,170
"22410",213,44,8.72048946286483,169
"22411",213,45,9.99190092159292,168
"22412",213,46,11.3196679575767,167
"22413",213,47,8.97084282301878,166
"22414",213,48,6.14248153499338,165
"22415",213,49,5.03632920459809,164
"22416",213,50,12.5433889124013,163
"22417",213,51,9.39535546707156,162
"22418",213,52,9.77865190838076,161
"22419",213,53,9.8789808604876,160
"22420",213,54,9.80387243462806,159
"22421",213,55,9.56301829452494,158
"22422",213,56,9.82280573435549,157
"22423",213,57,7.95753063019892,156
"22424",213,58,7.53551534032393,155
"22425",213,59,9.30489904193858,154
"22426",213,60,8.690809377818,153
"22427",213,61,9.45541541186026,152
"22428",213,62,11.401470081701,151
"22429",213,63,8.96054964014599,150
"22430",213,64,8.6060389820337,149
"22431",213,65,11.0871286634728,148
"22432",213,66,10.6639251761606,147
"22433",213,67,8.46641414631729,146
"22434",213,68,9.73881362094432,145
"22435",213,69,10.7146822834386,144
"22436",213,70,8.73264380864012,143
"22437",213,71,7.83569704448505,142
"22438",213,72,7.38164925463526,141
"22439",213,73,7.21700119156011,140
"22440",213,74,7.90654539472175,139
"22441",213,75,8.09749551687658,138
"22442",213,76,6.2431800385504,137
"22443",213,77,4.27086136265069,136
"22444",213,78,8.11119050606749,135
"22445",213,79,7.89001873653794,134
"22446",213,80,8.18796270913618,133
"22447",213,81,6.0605992429871,132
"22448",213,82,9.44151111615763,131
"22449",213,83,10.5310142823515,130
"22450",213,84,9.28016379829756,129
"22451",213,85,9.66056932386924,128
"22452",213,86,8.78982073084737,127
"22453",213,87,10.3132250407901,126
"22454",213,88,9.79713335372722,125
"22455",213,89,8.06769084031562,124
"22456",213,90,11.1829470086072,123
"22457",213,91,9.69685898711858,122
"22458",213,92,8.1058613196131,121
"22459",213,93,6.57420724010136,120
"22460",213,94,6.66339735289356,119
"22461",213,95,9.040753603453,118
"22462",213,96,7.53024361156044,117
"22463",213,97,5.2133138235973,116
"22464",213,98,9.56385460726736,115
"22465",213,99,8.93162625696662,114
"22466",213,100,7.10515752664152,113
"22467",213,101,5.75203727117313,112
"22468",213,102,6.5385971539613,111
"22469",213,103,8.10725015446744,110
"22470",213,104,4.94278115330784,109
"22471",213,105,6.35988404049327,108
"22472",213,106,9.59937238988144,107
"22473",213,107,6.96511985351946,106
"22474",213,108,3.7014585758469,105
"22475",213,109,4.59257011642284,104
"22476",213,110,4.00205293032095,103
"22477",213,111,7.58992899988097,102
"22478",213,112,8.7944380279683,101
"22479",213,113,7.7272560151032,100
"22480",213,114,4.90160523166602,99
"22481",213,115,4.17891591792395,98
"22482",213,116,5.34756736630705,97
"22483",213,117,6.21246050230723,96
"22484",213,118,5.35361973935474,95
"22485",213,119,5.37156804468834,94
"22486",213,120,5.58998245626495,93
"22487",213,121,6.6078248754016,92
"22488",213,122,4.58110930657208,91
"22489",213,123,5.55542530308124,90
"22490",213,124,8.79923937954695,89
"22491",213,125,7.16497124188522,88
"22492",213,126,5.26575146895161,87
"22493",213,127,3.50096481990751,86
"22494",213,128,4.88676725967126,85
"22495",213,129,3.66935917021616,84
"22496",213,130,4.15692922110967,83
"22497",213,131,4.12863909168727,82
"22498",213,132,4.9478349940618,81
"22499",213,133,6.11368803277032,80
"22500",213,134,6.38286700916592,79
"22501",213,135,5.14732407166679,78
"22502",213,136,4.69678330586756,77
"22503",213,137,6.42664359173433,76
"22504",213,138,5.85775614786005,75
"22505",213,139,5.92622412658029,74
"22506",213,140,4.64303631102589,73
"22507",213,141,3.31224244964611,72
"22508",213,142,3.73792927863158,71
"22509",213,143,4.75322430384593,70
"22510",213,144,3.68236894126714,69
"22511",213,145,2.56914810254127,68
"22512",213,146,2.2734747943453,67
"22513",213,147,2.96166604779546,66
"22514",213,148,3.77142533331668,65
"22515",213,149,4.10445478176922,64
"22516",213,150,1.80569194692263,63
"22517",213,151,1.55988549739894,62
"22518",213,152,1.81799260331866,61
"22519",213,153,4.47046776486135,60
"22520",213,154,4.63996960114884,59
"22521",213,155,3.0021571623729,58
"22522",213,156,2.45471400329145,57
"22523",213,157,2.230396820822,56
"22524",213,158,1.56210924257626,55
"22525",213,159,1.16404134576589,54
"22526",213,160,1.1711450511702,53
"22527",213,161,0.574371720941542,52
"22528",213,162,1.17052108736958,51
"22529",213,163,2.47961596476256,50
"22530",213,164,4.11720616128204,49
"22531",213,165,3.74370381882657,48
"22532",213,166,2.73079531511963,47
"22533",213,167,3.48955396225565,46
"22534",213,168,3.25033428185014,45
"22535",213,169,2.34354671951729,44
"22536",213,170,2.51111814092488,43
"22537",213,171,3.24800127733931,42
"22538",213,172,2.82878699508694,41
"22539",213,173,1.42358363043233,40
"22540",213,174,2.26091489347516,39
"22541",213,175,1.83059607148055,38
"22542",213,176,2.20694945266437,37
"22543",213,177,2.22759641026381,36
"22544",213,178,2.53952528784665,35
"22545",213,179,0.912692498916251,34
"22546",213,180,2.58632329779399,33
"22547",213,181,2.33402041282057,32
"22548",213,182,2.65149122313654,31
"22549",213,183,1.89545316181741,30
"22550",213,184,2.44030556453942,29
"22551",213,185,2.23696522993041,28
"22552",213,186,0.785822486581241,27
"22553",213,187,1.69682876087633,26
"22554",213,188,0.999173359220679,25
"22555",213,189,2.86493051375578,24
"22556",213,190,1.23313759693156,23
"22557",213,191,0.768570810334509,22
"22558",213,192,2.6762975006925,21
"22559",213,193,1.26162643950563,20
"22560",213,194,0.927867480482673,19
"22561",213,195,2.80485334082533,18
"22562",213,196,2.01370447390738,17
"22563",213,197,2.05660142615352,16
"22564",213,198,2.1016879159419,15
"22565",213,199,1.4548075609321,14
"22566",213,200,1.79431450148105,13
"22567",213,201,2.38237380236909,12
"22568",213,202,3.98029629282253,11
"22569",213,203,2.95109835557341,10
"22570",213,204,2.4678951771165,9
"22571",213,205,1.78847119158535,8
"22572",213,206,2.55769424767337,7
"22573",213,207,0.745679550527686,6
"22574",213,208,1.56661128175085,5
"22575",213,209,1.15200261659315,4
"22576",213,210,1.75162548477149,3
"22577",213,211,1.1737501303964,2
"22578",213,212,1.04684383763866,1
"22579",214,1,8.8080468121929,213
"22580",214,2,8.21058065251432,212
"22581",214,3,10.1133763002111,211
"22582",214,4,10.0539070546056,210
"22583",214,5,9.10140075268142,209
"22584",214,6,10.1138887132886,208
"22585",214,7,9.38584721729649,207
"22586",214,8,10.7731987354575,206
"22587",214,9,12.9134311953176,205
"22588",214,10,10.1652275423467,204
"22589",214,11,11.5622459295721,203
"22590",214,12,11.7250880320209,202
"22591",214,13,11.2603156949486,201
"22592",214,14,10.5604106538112,200
"22593",214,15,8.82835640294305,199
"22594",214,16,8.6789735976264,198
"22595",214,17,9.88760988888482,197
"22596",214,18,11.6941129845756,196
"22597",214,19,8.97730203381103,195
"22598",214,20,8.47774716004978,194
"22599",214,21,11.9059039202484,193
"22600",214,22,12.2129105932399,192
"22601",214,23,11.7054432373231,191
"22602",214,24,11.089622511252,190
"22603",214,25,10.2307919454208,189
"22604",214,26,12.5864494719365,188
"22605",214,27,11.1760455008964,187
"22606",214,28,11.6982655837989,186
"22607",214,29,10.6601666053779,185
"22608",214,30,11.3833715720525,184
"22609",214,31,10.253338937848,183
"22610",214,32,12.656082038082,182
"22611",214,33,10.7138276779443,181
"22612",214,34,10.6974022186734,180
"22613",214,35,10.1483857902841,179
"22614",214,36,11.7713110724269,178
"22615",214,37,8.73237949862168,177
"22616",214,38,10.9159180342113,176
"22617",214,39,11.3851042267304,175
"22618",214,40,10.245039783256,174
"22619",214,41,10.4777837875637,173
"22620",214,42,10.1370421637253,172
"22621",214,43,8.81252702506508,171
"22622",214,44,7.74806058158476,170
"22623",214,45,9.01947204031284,169
"22624",214,46,10.3472390762966,168
"22625",214,47,7.99841394173871,167
"22626",214,48,5.35493407976808,166
"22627",214,49,4.40565532012049,165
"22628",214,50,11.5709600311212,164
"22629",214,51,8.42292658579149,163
"22630",214,52,9.60737139136406,162
"22631",214,53,9.97215568863301,161
"22632",214,54,10.1094493046856,160
"22633",214,55,9.39173777750824,159
"22634",214,56,9.65152521733879,158
"22635",214,57,8.1140515148144,157
"22636",214,58,8.64224057464486,156
"22637",214,59,9.13361852492188,155
"22638",214,60,8.30663957943947,154
"22639",214,61,8.48298653058018,153
"22640",214,62,10.4290412004209,152
"22641",214,63,8.85440103857002,151
"22642",214,64,8.43475846501699,150
"22643",214,65,10.915848146456,149
"22644",214,66,10.4926446591439,148
"22645",214,67,8.77199101637486,147
"22646",214,68,9.56753310392762,146
"22647",214,69,9.74225340215855,145
"22648",214,70,8.56136329162342,144
"22649",214,71,7.66441652746834,143
"22650",214,72,6.89516943655849,142
"22651",214,73,7.59931393787182,141
"22652",214,74,8.29557102407437,140
"22653",214,75,7.99730346827022,139
"22654",214,76,6.0718995215337,138
"22655",214,77,3.75515011037442,137
"22656",214,78,7.13876162478742,136
"22657",214,79,6.91758985525787,135
"22658",214,80,8.01668219211948,134
"22659",214,81,5.88931872597039,133
"22660",214,82,9.27023059914092,132
"22661",214,83,10.3597337653348,131
"22662",214,84,8.35815712412333,130
"22663",214,85,8.68814044258917,129
"22664",214,86,8.41373858627777,128
"22665",214,87,9.34079615951002,127
"22666",214,88,8.82470447244714,126
"22667",214,89,8.75378979484739,125
"22668",214,90,11.0116664915905,124
"22669",214,91,9.52557847010187,123
"22670",214,92,8.16098183773862,122
"22671",214,93,6.21660387210905,121
"22672",214,94,5.69096847161348,120
"22673",214,95,8.86947308643629,119
"22674",214,96,6.55781473028037,118
"22675",214,97,6.17450668296181,117
"22676",214,98,9.39257409025066,116
"22677",214,99,10.0383514912876,115
"22678",214,100,8.21188276096245,114
"22679",214,101,5.58075675415643,113
"22680",214,102,6.3673166369446,112
"22681",214,103,7.93596963745073,111
"22682",214,104,5.90945366517158,110
"22683",214,105,6.18860352347656,109
"22684",214,106,9.42809187286473,108
"22685",214,107,5.99269097223939,107
"22686",214,108,4.51796257689588,106
"22687",214,109,5.66667737072673,105
"22688",214,110,3.83077241330424,104
"22689",214,111,6.61750011860089,103
"22690",214,112,8.6231575109516,102
"22691",214,113,7.5559754980865,101
"22692",214,114,5.08602716818445,100
"22693",214,115,4.54130613137749,99
"22694",214,116,5.17628684929035,98
"22695",214,117,6.04117998529053,97
"22696",214,118,5.18233922233803,96
"22697",214,119,4.39913916340827,95
"22698",214,120,4.78002064924086,94
"22699",214,121,7.71455010972254,93
"22700",214,122,4.99237446775451,92
"22701",214,123,5.38414478606453,91
"22702",214,124,8.62795886253024,90
"22703",214,125,6.19254236060515,89
"22704",214,126,5.09447095193491,88
"22705",214,127,4.38173816796039,87
"22706",214,128,5.9934924939922,86
"22707",214,129,4.27451143111712,85
"22708",214,130,4.46250609116724,84
"22709",214,131,5.23536432600821,83
"22710",214,132,5.19749289061433,82
"22711",214,133,6.62194876610869,81
"22712",214,134,7.48959224348686,80
"22713",214,135,6.25404930598772,79
"22714",214,136,5.8035085401885,78
"22715",214,137,6.25536307471763,77
"22716",214,138,5.79983221530449,76
"22717",214,139,7.03294936090122,75
"22718",214,140,5.74976154534682,74
"22719",214,141,4.41896768396705,73
"22720",214,142,4.84465451295251,72
"22721",214,143,4.58194378682923,71
"22722",214,144,3.51108842425043,70
"22723",214,145,3.67587333686221,69
"22724",214,146,2.2636714862168,68
"22725",214,147,2.79038553077875,67
"22726",214,148,3.60014481629997,66
"22727",214,149,3.93317426475252,65
"22728",214,150,2.91241718124357,64
"22729",214,151,2.53231437867901,63
"22730",214,152,1.5124157332611,62
"22731",214,153,3.49803888358128,61
"22732",214,154,3.66754071986876,60
"22733",214,155,3.30773403243047,59
"22734",214,156,3.56143923761238,58
"22735",214,157,3.33712205514294,57
"22736",214,158,1.8601218638909,56
"22737",214,159,2.13647022704596,55
"22738",214,160,2.14357393245027,54
"22739",214,161,1.68109695526248,53
"22740",214,162,2.27724632169051,52
"22741",214,163,3.40816483296169,51
"22742",214,164,3.18959253767764,50
"22743",214,165,2.98416421890832,49
"22744",214,166,2.74517737952265,48
"22745",214,167,3.31827344523894,47
"22746",214,168,4.35705951617107,46
"22747",214,169,3.45027195383822,45
"22748",214,170,3.61784337524582,44
"22749",214,171,4.35472651166025,43
"22750",214,172,3.56334471897418,42
"22751",214,173,2.12596556382429,41
"22752",214,174,2.08963437645845,40
"22753",214,175,1.65931555446385,39
"22754",214,176,1.2345205713843,38
"22755",214,177,2.83009957352628,37
"22756",214,178,3.64625052216759,36
"22757",214,179,2.01941773323719,35
"22758",214,180,1.70353837778716,34
"22759",214,181,1.89580849612585,33
"22760",214,182,2.9570680931941,32
"22761",214,183,2.20103003187497,31
"22762",214,184,2.26902504752272,30
"22763",214,185,3.34369046425134,29
"22764",214,186,1.89254772090218,28
"22765",214,187,2.80355399519727,27
"22766",214,188,2.041312912216,26
"22767",214,189,2.69364999673907,25
"22768",214,190,2.04866802559794,24
"22769",214,191,1.17939378199517,23
"22770",214,192,2.37072063063494,22
"22771",214,193,1.10160795555283,21
"22772",214,194,2.03459271480361,20
"22773",214,195,1.83242445954525,19
"22774",214,196,2.44112255820829,18
"22775",214,197,1.88532090913681,17
"22776",214,198,1.9304073989252,16
"22777",214,199,1.26103178287415,15
"22778",214,200,2.76674338276113,14
"22779",214,201,3.35480268364917,13
"22780",214,202,3.67471942276496,12
"22781",214,203,3.92352723685348,11
"22782",214,204,2.75682751071351,10
"22783",214,205,2.43695723145214,9
"22784",214,206,3.53012312895345,8
"22785",214,207,0.585394156073468,7
"22786",214,208,1.17649397833486,6
"22787",214,209,1.55837688772099,5
"22788",214,210,2.15886928368857,4
"22789",214,211,1.03757887404671,3
"22790",214,212,1.00753809770322,2
"22791",214,213,1.10672523432093,1
"22792",215,1,6.94106928860859,214
"22793",215,2,7.52461330811171,213
"22794",215,3,11.6627934708343,212
"22795",215,4,9.08477861065141,211
"22796",215,5,10.1579066622815,210
"22797",215,6,9.47239272727587,209
"22798",215,7,9.86950818255517,208
"22799",215,8,11.7231563702408,207
"22800",215,9,14.4628483659408,206
"22801",215,10,11.71464471297,205
"22802",215,11,9.0485532248365,204
"22803",215,12,11.8183790910368,203
"22804",215,13,12.8097328655718,202
"22805",215,14,9.65584520592497,201
"22806",215,15,9.03133329884729,200
"22807",215,16,9.77535459763014,199
"22808",215,17,10.5073632535745,198
"22809",215,18,9.47153705204956,197
"22810",215,19,8.29133468940842,196
"22811",215,20,9.13538310871661,195
"22812",215,21,13.4553210908717,194
"22813",215,22,12.8810700581395,193
"22814",215,23,13.2548604079464,192
"22815",215,24,11.3964148570018,191
"22816",215,25,8.26223725206982,190
"22817",215,26,11.9004821275339,189
"22818",215,27,8.66235279616073,188
"22819",215,28,9.18457287906325,187
"22820",215,29,8.47837690973036,186
"22821",215,30,8.86967886731692,185
"22822",215,31,9.8047738895877,184
"22823",215,32,10.1423893333464,183
"22824",215,33,10.0278603335417,182
"22825",215,34,12.2468193892966,181
"22826",215,35,8.60660465787701,180
"22827",215,36,9.92079860574118,179
"22828",215,37,7.57933062071117,178
"22829",215,38,8.40222532947567,177
"22830",215,39,12.3070405602847,176
"22831",215,40,11.3044768674307,175
"22832",215,41,12.0272009581869,174
"22833",215,42,9.6555123104961,173
"22834",215,43,9.58584066545068,172
"22835",215,44,9.29747775220799,171
"22836",215,45,10.5688892109361,170
"22837",215,46,11.8966562469198,169
"22838",215,47,9.54783111236195,168
"22839",215,48,6.71946982433654,167
"22840",215,49,5.61331749394125,166
"22841",215,50,13.1203772017444,165
"22842",215,51,9.97234375641473,164
"22843",215,52,9.62731494644329,163
"22844",215,53,10.0936687843729,162
"22845",215,54,9.83114111497585,161
"22846",215,55,8.70577043310563,160
"22847",215,56,8.96555787293618,159
"22848",215,57,8.53451891954208,158
"22849",215,58,6.12854786990924,157
"22850",215,59,8.44765118051926,156
"22851",215,60,9.26779766716116,155
"22852",215,61,10.0324037012034,154
"22853",215,62,11.9784583710441,153
"22854",215,63,8.73637611930389,152
"22855",215,64,7.74879112061438,151
"22856",215,65,10.2298808020534,150
"22857",215,66,11.2345804362912,149
"22858",215,67,8.49368282666508,148
"22859",215,68,8.88156575952501,147
"22860",215,69,11.2916705727818,146
"22861",215,70,7.98208933745678,145
"22862",215,71,7.82442625092667,144
"22863",215,72,7.95863754397842,143
"22864",215,73,7.27920284412711,142
"22865",215,74,7.07414559696419,141
"22866",215,75,7.24024765545726,140
"22867",215,76,6.11985093191999,139
"22868",215,77,4.84784965199385,138
"22869",215,78,8.68817879541066,137
"22870",215,79,8.4670070258811,136
"22871",215,80,7.33071484771687,135
"22872",215,81,5.64595079258195,134
"22873",215,82,8.58426325473831,133
"22874",215,83,9.67376642093223,132
"22875",215,84,9.85715208764072,131
"22876",215,85,10.2375576132124,130
"22877",215,86,9.36680902019053,129
"22878",215,87,10.8902133301333,128
"22879",215,88,10.3741216430704,127
"22880",215,89,7.35610265078367,126
"22881",215,90,10.3256991471879,125
"22882",215,91,8.83961112569926,124
"22883",215,92,7.29903566529963,123
"22884",215,93,7.15119552944453,122
"22885",215,94,7.24038564223672,121
"22886",215,95,8.39080151988724,120
"22887",215,96,8.1072319009036,119
"22888",215,97,5.08998471696689,118
"22889",215,98,8.70660674584805,117
"22890",215,99,7.52465878655193,116
"22891",215,100,5.98909873924965,115
"22892",215,101,4.89478940975382,114
"22893",215,102,5.68134929254199,113
"22894",215,103,7.25000229304812,112
"22895",215,104,4.97004983365563,111
"22896",215,105,5.50263617907395,110
"22897",215,106,8.74212452846212,109
"22898",215,107,7.54210814286262,108
"22899",215,108,4.27844686519006,107
"22900",215,109,3.73532225500352,106
"22901",215,110,3.727457202373,105
"22902",215,111,8.16691728922413,104
"22903",215,112,7.93719016654898,103
"22904",215,113,6.87000815368389,102
"22905",215,114,4.0443573702467,101
"22906",215,115,3.32166805650464,100
"22907",215,116,4.49031950488774,99
"22908",215,117,5.35521264088792,98
"22909",215,118,4.49637187793542,97
"22910",215,119,5.9485563340315,96
"22911",215,120,6.16697074560811,95
"22912",215,121,5.20085740498691,94
"22913",215,122,3.72386144515277,93
"22914",215,123,4.69817744166192,92
"22915",215,124,7.94199151812763,91
"22916",215,125,7.74195953122838,90
"22917",215,126,5.31610333543753,89
"22918",215,127,4.07795310925067,88
"22919",215,128,3.82714828956733,87
"22920",215,129,3.73651843907069,86
"22921",215,130,4.18419790145746,85
"22922",215,131,3.05221271921472,84
"22923",215,132,4.09058713264249,83
"22924",215,133,5.25644017135101,82
"22925",215,134,4.97589953875123,81
"22926",215,135,4.19284653775647,80
"22927",215,136,3.28981583545287,79
"22928",215,137,5.56939573031502,78
"22929",215,138,5.00050828644073,77
"22930",215,139,4.5192566561656,76
"22931",215,140,3.2360688406112,75
"22932",215,141,2.31985308901664,74
"22933",215,142,2.65415032632835,73
"22934",215,143,3.89597644242662,72
"22935",215,144,2.82512107984782,71
"22936",215,145,1.647288548648,70
"22937",215,146,1.41622693292598,69
"22938",215,147,2.15484039348199,68
"22939",215,148,2.91417747189736,67
"22940",215,149,3.24720692034991,66
"22941",215,150,0.398724476507943,65
"22942",215,151,1.26301609889207,64
"22943",215,152,1.79072392297087,63
"22944",215,153,5.04745605420451,62
"22945",215,154,5.216957890492,61
"22946",215,155,3.02942584272069,60
"22947",215,156,1.19584480253702,59
"22948",215,157,1.59656985936362,58
"22949",215,158,1.50600974542031,57
"22950",215,159,1.09536502922439,56
"22951",215,160,2.16504870067588,55
"22952",215,161,0.832595749473148,54
"22953",215,162,0.303932166168843,53
"22954",215,163,1.62236810334325,52
"22955",215,164,4.6941944506252,51
"22956",215,165,4.32069210816973,50
"22957",215,166,3.30778360446279,49
"22958",215,167,2.63230610083633,48
"22959",215,168,2.03704582196727,47
"22960",215,169,0.936579249102596,46
"22961",215,170,1.10415067051019,45
"22962",215,171,2.35844756968302,44
"22963",215,172,1.97153913366763,43
"22964",215,173,1.06002323565595,42
"22965",215,174,1.89749664884753,41
"22966",215,175,2.10505111818864,40
"22967",215,176,2.78393774200754,39
"22968",215,177,2.2548650906116,38
"22969",215,178,1.13255781743197,37
"22970",215,179,0.494274971498438,36
"22971",215,180,3.16331158713715,35
"22972",215,181,2.91100870216373,34
"22973",215,182,2.67875990348433,33
"22974",215,183,1.9227218421652,32
"22975",215,184,1.58305770312011,31
"22976",215,185,1.0933092479834,30
"22977",215,186,0.863698942094158,29
"22978",215,187,0.864242523542647,28
"22979",215,188,0.472379792519624,27
"22980",215,189,2.00768265233646,26
"22981",215,190,1.02577147845807,25
"22982",215,191,1.33429892274045,24
"22983",215,192,2.94036161004134,23
"22984",215,193,2.55653559684828,22
"22985",215,194,0.479099989932016,21
"22986",215,195,3.38184163016849,20
"22987",215,196,2.04724893802468,19
"22988",215,197,2.17418290211389,18
"22989",215,198,1.96155140694288,17
"22990",215,199,1.51157589242739,16
"22991",215,200,1.31256367691941,15
"22992",215,201,1.80538551302593,14
"22993",215,202,3.95302761247474,13
"22994",215,203,3.41056206365423,12
"22995",215,204,3.32514303853582,11
"22996",215,205,3.19543866200004,10
"22997",215,206,1.98070595833021,9
"22998",215,207,1.92829854866216,8
"22999",215,208,2.52491734514229,7
"23000",215,209,2.12197762542384,6
"23001",215,210,3.15859295518618,5
"23002",215,211,2.58071760081109,4
"23003",215,212,2.45381130805335,3
"23004",215,213,1.40696747041469,2
"23005",215,214,2.51369270473562,1
"23006",216,1,6.15359312215938,215
"23007",216,2,6.60817835436069,214
"23008",216,3,11.2651963052415,213
"23009",216,4,9.64579630594227,212
"23010",216,5,10.026923767163,211
"23011",216,6,10.6762239314672,210
"23012",216,7,10.2112518973487,209
"23013",216,8,11.325559204648,208
"23014",216,9,14.065251200348,207
"23015",216,10,11.3170475473772,206
"23016",216,11,9.86428133945366,205
"23017",216,12,11.420781925444,204
"23018",216,13,12.412135699979,203
"23019",216,14,10.8596764101163,202
"23020",216,15,9.65303500321292,201
"23021",216,16,9.60449661210795,200
"23022",216,17,10.1912590157276,199
"23023",216,18,9.03965929454213,198
"23024",216,19,6.76106650931177,197
"23025",216,20,8.77019583395413,196
"23026",216,21,13.0577239252789,195
"23027",216,22,13.1384336077215,194
"23028",216,23,12.8572632423536,193
"23029",216,24,12.008570469927,192
"23030",216,25,9.46606845626116,191
"23031",216,26,10.1582927724519,190
"23032",216,27,9.46280634350529,189
"23033",216,28,9.04381189376535,188
"23034",216,29,9.42776706087008,187
"23035",216,30,9.20390851887799,186
"23036",216,31,9.66619573915415,185
"23037",216,32,10.0016283480485,184
"23038",216,33,8.28567097845965,183
"23039",216,34,11.8492222237038,182
"23040",216,35,9.81043586206835,181
"23041",216,36,9.11685738239341,180
"23042",216,37,8.62145051567925,179
"23043",216,38,8.51918232913717,178
"23044",216,39,11.9094433946919,177
"23045",216,40,11.1230583556829,176
"23046",216,41,11.6296037925941,175
"23047",216,42,10.8593435146874,174
"23048",216,43,9.18824349985787,173
"23049",216,44,8.89988058661518,172
"23050",216,45,10.1712920453433,171
"23051",216,46,11.499059081327,170
"23052",216,47,9.15023394676913,169
"23053",216,48,6.32187265874373,168
"23054",216,49,5.21572032834844,167
"23055",216,50,12.7227800361516,166
"23056",216,51,9.57474659082191,165
"23057",216,52,9.22971778085048,164
"23058",216,53,9.73422997339332,163
"23059",216,54,11.0349723191672,162
"23060",216,55,7.77180199720367,161
"23061",216,56,7.83281837366202,160
"23062",216,57,8.41209369222702,159
"23063",216,58,7.02984583146549,158
"23064",216,59,6.70546182543722,157
"23065",216,60,8.87020050156835,156
"23066",216,61,9.63480653561061,155
"23067",216,62,11.5808612054513,154
"23068",216,63,8.33877895371108,153
"23069",216,64,6.00660176553234,152
"23070",216,65,8.48769144697139,151
"23071",216,66,10.8369832706984,150
"23072",216,67,9.69751403085641,149
"23073",216,68,7.13937640444296,148
"23074",216,69,10.894073407189,147
"23075",216,70,7.58449217186396,146
"23076",216,71,7.42682908533386,145
"23077",216,72,7.56104037838561,144
"23078",216,73,8.44810107609923,143
"23079",216,74,7.01055758719184,142
"23080",216,75,5.49805830037521,141
"23081",216,76,5.72225376632718,140
"23082",216,77,4.45025248640104,139
"23083",216,78,8.29058162981784,138
"23084",216,79,8.06940986028829,137
"23085",216,80,5.85890953601921,136
"23086",216,81,5.24835362698914,135
"23087",216,82,6.84207389965627,134
"23088",216,83,7.93157706585018,133
"23089",216,84,9.45955492204791,132
"23090",216,85,9.83996044761959,131
"23091",216,86,9.30345511075323,130
"23092",216,87,10.4926161645404,129
"23093",216,88,9.97652447747757,128
"23094",216,89,7.58958796619047,127
"23095",216,90,8.58350979210587,126
"23096",216,91,8.0554437056283,125
"23097",216,92,6.90154254430018,124
"23098",216,93,7.14212688659061,123
"23099",216,94,6.84278847664391,122
"23100",216,95,7.99320435429442,121
"23101",216,96,7.70963473531079,120
"23102",216,97,5.59856393720642,119
"23103",216,98,6.964417390766,118
"23104",216,99,7.38389780125403,117
"23105",216,100,5.55742907092893,116
"23106",216,101,3.69775151197829,115
"23107",216,102,4.185664023559,114
"23108",216,103,5.50781293796608,113
"23109",216,104,6.17388103784696,112
"23110",216,105,4.92015758742637,111
"23111",216,106,6.99993517338008,110
"23112",216,107,7.14451097726981,109
"23113",216,108,4.75438209426421,108
"23114",216,109,4.2447710030323,107
"23115",216,110,3.32986003678019,106
"23116",216,111,7.76932012363132,105
"23117",216,112,6.57037061300665,104
"23118",216,113,5.12781879860184,103
"23119",216,114,2.43157347815093,102
"23120",216,115,1.88685244134397,101
"23121",216,116,3.12909345485368,100
"23122",216,117,3.61302328580587,99
"23123",216,118,3.51612257887124,98
"23124",216,119,5.55095916843869,97
"23125",216,120,5.7693735800153,96
"23126",216,121,5.06009641968901,95
"23127",216,122,2.70768362983052,94
"23128",216,123,3.76835034970359,93
"23129",216,124,6.4743275503736,92
"23130",216,125,7.34436236563557,91
"23131",216,126,4.91850616984471,90
"23132",216,127,4.63496508769733,89
"23133",216,128,5.03097949375866,88
"23134",216,129,3.88905706084668,87
"23135",216,130,5.38802910564879,86
"23136",216,131,4.25604392340606,85
"23137",216,132,2.67749841952973,84
"23138",216,133,3.96749507607517,83
"23139",216,134,4.83513855345334,82
"23140",216,135,3.5995956159542,81
"23141",216,136,3.14905485015498,80
"23142",216,137,3.82720637523297,79
"23143",216,138,3.25831893135869,78
"23144",216,139,4.3784956708677,77
"23145",216,140,3.60513687580193,76
"23146",216,141,3.52368429320797,75
"23147",216,142,2.29665218656086,74
"23148",216,143,2.15378708734458,73
"23149",216,144,1.30703490498795,72
"23150",216,145,1.84498236289084,71
"23151",216,146,0.749711329435326,70
"23152",216,147,1.75724322788917,69
"23153",216,148,1.54735791835503,68
"23154",216,149,1.50501756526786,67
"23155",216,150,1.45682146303525,66
"23156",216,151,3.00520545397411,65
"23157",216,152,1.66817341980109,64
"23158",216,153,4.6498588886117,63
"23159",216,154,4.81936072489919,62
"23160",216,155,4.23325704691203,61
"23161",216,156,2.31880734654256,60
"23162",216,157,2.80040106355495,59
"23163",216,158,1.35140872760997,58
"23164",216,159,2.80545662725617,57
"23165",216,160,3.53527863451094,56
"23166",216,161,2.44548368616227,55
"23167",216,162,1.4774789430806,54
"23168",216,163,0.882563412446919,53
"23169",216,164,4.29659728503239,52
"23170",216,165,3.92309494257692,51
"23171",216,166,3.6707003940042,50
"23172",216,167,1.82013082545831,49
"23173",216,168,1.99393861583418,48
"23174",216,169,1.9667294801776,47
"23175",216,170,2.18472310869105,46
"23176",216,171,1.85153944294426,45
"23177",216,172,0.908891028940655,44
"23178",216,173,1.17585358606903,43
"23179",216,174,1.42199069593683,42
"23180",216,175,1.70745395259582,41
"23181",216,176,2.38634057641472,40
"23182",216,177,3.45869629480293,39
"23183",216,178,2.32518856868485,38
"23184",216,179,2.01016733603162,37
"23185",216,180,2.76571442154434,36
"23186",216,181,2.82133151060741,35
"23187",216,182,3.88259110767566,34
"23188",216,183,3.21610764007523,33
"23189",216,184,0.983893143493368,32
"23190",216,185,2.31949356306722,31
"23191",216,186,2.6058882971762,30
"23192",216,187,1.08036864337341,29
"23193",216,188,1.60026385728068,28
"23194",216,189,0.467879571551241,27
"23195",216,190,1.38868826799948,26
"23196",216,191,1.83086640616685,25
"23197",216,192,3.08112259533924,24
"23198",216,193,2.69729658214618,23
"23199",216,194,1.94687173003814,22
"23200",216,195,2.98424446457568,21
"23201",216,196,2.02205338320062,20
"23202",216,197,1.77658573652108,19
"23203",216,198,1.74324111647341,18
"23204",216,199,1.65233687772528,17
"23205",216,200,3.05475303200146,16
"23206",216,201,2.88088572279353,15
"23207",216,202,3.63998873382002,14
"23208",216,203,5.15275141873627,13
"23209",216,204,5.06733239361786,12
"23210",216,205,4.06396556667343,11
"23211",216,206,2.38391007335319,10
"23212",216,207,2.06905953396005,9
"23213",216,208,3.0216929177554,8
"23214",216,209,2.74839276135828,7
"23215",216,210,3.89792248606,6
"23216",216,211,3.46573557353137,5
"23217",216,212,3.43569479718788,4
"23218",216,213,2.59943721650136,3
"23219",216,214,2.65445369003352,2
"23220",216,215,1.74218935508204,1
"23221",217,1,6.69712194916356,216
"23222",217,2,6.64989562144714,215
"23223",217,3,10.4295133849987,214
"23224",217,4,8.48617054428613,213
"23225",217,5,8.92462657644588,212
"23226",217,6,9.51659816981107,211
"23227",217,7,9.05162613569254,210
"23228",217,8,10.4898762844051,209
"23229",217,9,13.2295682801052,208
"23230",217,10,10.4813646271343,207
"23231",217,11,9.45132106654278,206
"23232",217,12,10.5850990052012,205
"23233",217,13,11.5764527797362,204
"23234",217,14,9.70005064846016,203
"23235",217,15,8.49340924155678,202
"23236",217,16,8.54207451179447,201
"23237",217,17,9.27408316773882,200
"23238",217,18,9.58318812154631,199
"23239",217,19,7.41661700274385,198
"23240",217,20,7.90210302288094,197
"23241",217,21,12.222041005036,196
"23242",217,22,11.9788078460653,195
"23243",217,23,12.0215803221107,194
"23244",217,24,10.8489447082708,193
"23245",217,25,8.30644269460502,192
"23246",217,26,11.0257644408693,191
"23247",217,27,9.06512063786702,190
"23248",217,28,9.58734072076954,189
"23249",217,29,8.54924174234856,188
"23250",217,30,9.27244670902321,187
"23251",217,31,8.57149380375203,186
"23252",217,32,10.5451571750527,185
"23253",217,33,9.15314264687712,184
"23254",217,34,11.0135393034609,183
"23255",217,35,8.6508101004122,182
"23256",217,36,9.66038620939759,181
"23257",217,37,7.46182475402311,180
"23258",217,38,8.80499317118195,179
"23259",217,39,11.073760474449,178
"23260",217,40,10.0711967815951,177
"23261",217,41,10.7939208723513,176
"23262",217,42,9.6997177530313,175
"23263",217,43,8.35256057961502,174
"23264",217,44,8.06419766637233,173
"23265",217,45,9.33560912510042,172
"23266",217,46,10.6633761610842,171
"23267",217,47,8.31455102652628,170
"23268",217,48,5.48618973850088,169
"23269",217,49,4.38003740810558,168
"23270",217,50,11.8870971159088,167
"23271",217,51,8.73906367057906,166
"23272",217,52,8.39403486060763,165
"23273",217,53,8.86038869853723,164
"23274",217,54,9.87534655751105,163
"23275",217,55,7.83105274644106,162
"23276",217,56,8.09084018627161,161
"23277",217,57,7.30123883370641,160
"23278",217,58,6.53131571161553,159
"23279",217,59,7.57293349385469,158
"23280",217,60,8.0345175813255,157
"23281",217,61,8.79912361536775,156
"23282",217,62,10.7451782852085,155
"23283",217,63,7.50309603346822,154
"23284",217,64,6.87407343394981,153
"23285",217,65,9.35516311538886,152
"23286",217,66,10.0013003504556,151
"23287",217,67,8.53788826920027,150
"23288",217,68,8.00684807286044,149
"23289",217,69,10.0583904869461,148
"23290",217,70,7.00067826055623,147
"23291",217,71,6.59114616509101,146
"23292",217,72,6.72535745814276,145
"23293",217,73,7.28847531444309,144
"23294",217,74,6.18464616104503,143
"23295",217,75,6.36552996879269,142
"23296",217,76,4.88657084608433,141
"23297",217,77,3.61456956615818,140
"23298",217,78,7.45489870957499,139
"23299",217,79,7.23372694004544,138
"23300",217,80,6.45599716105229,137
"23301",217,81,4.41267070674628,136
"23302",217,82,7.70954556807374,135
"23303",217,83,8.79904873426765,134
"23304",217,84,8.62387200180505,133
"23305",217,85,9.00427752737673,132
"23306",217,86,8.14382934909709,131
"23307",217,87,9.65693324429759,130
"23308",217,88,9.14084155723471,129
"23309",217,89,6.64286493181806,128
"23310",217,90,9.45098146052335,127
"23311",217,91,7.96489343903469,126
"23312",217,92,6.37389577152921,125
"23313",217,93,5.98250112493447,124
"23314",217,94,6.00710555640105,123
"23315",217,95,7.30878805536911,122
"23316",217,96,6.87395181506794,121
"23317",217,97,4.43893817555028,120
"23318",217,98,7.83188905918348,119
"23319",217,99,7.92742662825821,118
"23320",217,100,6.10095789793312,117
"23321",217,101,4.02007172308924,116
"23322",217,102,4.80663160587741,115
"23323",217,103,6.37528460638355,114
"23324",217,104,5.01425527619082,113
"23325",217,105,4.62791849240938,112
"23326",217,106,7.86740684179755,111
"23327",217,107,6.30882805702696,110
"23328",217,108,3.59475633260807,109
"23329",217,109,3.55575250769739,108
"23330",217,110,2.49417711653733,107
"23331",217,111,6.93363720338846,106
"23332",217,112,7.06247247988441,105
"23333",217,113,5.99529046701932,104
"23334",217,114,3.16963968358213,103
"23335",217,115,2.44695036984006,102
"23336",217,116,3.61560181822316,101
"23337",217,117,4.48049495422334,100
"23338",217,118,3.62165419127085,99
"23339",217,119,4.71527624819584,98
"23340",217,120,4.93369065977244,97
"23341",217,121,5.6036252466932,96
"23342",217,122,2.88144960472517,95
"23343",217,123,3.82345975499735,94
"23344",217,124,7.06727383146306,93
"23345",217,125,6.50867944539272,92
"23346",217,126,4.08282324960186,91
"23347",217,127,3.47533932604119,90
"23348",217,128,3.88256763096286,89
"23349",217,129,2.72943129919054,88
"23350",217,130,4.22840334399265,87
"23351",217,131,3.12443946297887,86
"23352",217,132,3.21586944597791,85
"23353",217,133,4.51102390307936,84
"23354",217,134,5.37866738045752,83
"23355",217,135,4.14312444295838,82
"23356",217,136,3.69258367715916,81
"23357",217,137,4.69467804365044,80
"23358",217,138,4.12579059977616,79
"23359",217,139,4.92202449787188,78
"23360",217,140,3.63883668231749,77
"23361",217,141,2.36405853155183,76
"23362",217,142,2.73372964992318,75
"23363",217,143,3.02125875576205,74
"23364",217,144,1.95040339318325,73
"23365",217,145,1.56494847383287,72
"23366",217,146,0.541509246261413,71
"23367",217,147,1.22970049971157,70
"23368",217,148,2.03945978523279,69
"23369",217,149,2.37248923368534,68
"23370",217,150,1.31767504589841,67
"23371",217,151,2.21617729389144,66
"23372",217,152,1.74651848043568,65
"23373",217,153,3.81417596836885,64
"23374",217,154,3.98367780465633,63
"23375",217,155,3.07363128525589,62
"23376",217,156,1.45051437458305,61
"23377",217,157,1.64077530189881,60
"23378",217,158,0.272729659584647,59
"23379",217,159,1.9379849588387,58
"23380",217,160,2.66780696609347,57
"23381",217,161,1.5780120177448,56
"23382",217,162,0.929347919666824,55
"23383",217,163,1.29723996993235,54
"23384",217,164,3.46091436478954,53
"23385",217,165,3.08741202233406,52
"23386",217,166,2.51107463234806,51
"23387",217,167,1.75758841417176,50
"23388",217,168,2.24613465314174,49
"23389",217,169,1.33934709080888,48
"23390",217,170,1.50691851221648,47
"23391",217,171,2.24380164863091,46
"23392",217,172,1.45241985594484,45
"23393",217,173,1.33924041156726,44
"23394",217,174,1.85329120631234,43
"23395",217,175,0.872339632948008,42
"23396",217,176,1.55065765617187,41
"23397",217,177,2.29907053314679,40
"23398",217,178,1.53532565913825,39
"23399",217,179,1.18752437121172,38
"23400",217,180,1.93003150130149,37
"23401",217,181,1.67772861632806,36
"23402",217,182,2.72296534601952,35
"23403",217,183,2.34863597165776,34
"23404",217,184,1.13507476303258,33
"23405",217,185,1.54727280535316,32
"23406",217,186,1.73841662875873,31
"23407",217,187,1.72556318813133,30
"23408",217,188,1.00731757619123,29
"23409",217,189,1.62750533320738,28
"23410",217,190,0.498827951152333,27
"23411",217,191,0.963394737749379,26
"23412",217,192,2.60482337780952,25
"23413",217,193,2.153767755142,24
"23414",217,194,1.090613960481,23
"23415",217,195,2.14856154433282,22
"23416",217,196,0.862427621544478,21
"23417",217,197,0.940902816278226,20
"23418",217,198,1.19971228946923,19
"23419",217,199,1.38333343804911,18
"23420",217,200,2.45060629797356,17
"23421",217,201,3.0386655988616,16
"23422",217,202,3.90882216993954,15
"23423",217,203,4.2852797503188,14
"23424",217,204,4.19986072520039,13
"23425",217,205,3.19649389825596,12
"23426",217,206,3.21398604416588,11
"23427",217,207,1.52553070695587,10
"23428",217,208,2.15422124933793,9
"23429",217,209,1.88092109294081,8
"23430",217,210,3.03045081764253,7
"23431",217,211,2.59826390511389,6
"23432",217,212,2.56822312877041,5
"23433",217,213,1.73196554808389,4
"23434",217,214,2.11092486302934,3
"23435",217,215,1.23328008583567,2
"23436",217,216,1.15962576165614,1
"23437",218,1,6.77683370504921,217
"23438",218,2,6.38885741917194,216
"23439",218,3,11.0458753700528,215
"23440",218,4,10.2354220840949,214
"23441",218,5,10.6165495453156,213
"23442",218,6,11.2658497096198,212
"23443",218,7,10.8008776755013,211
"23444",218,8,11.1062382694592,210
"23445",218,9,13.8459302651593,209
"23446",218,10,11.2273401643614,208
"23447",218,11,10.4539071176063,207
"23448",218,12,11.2014609902553,206
"23449",218,13,12.1928147647903,205
"23450",218,14,11.4493021882689,204
"23451",218,15,10.2426607813655,203
"23452",218,16,10.1941223902606,202
"23453",218,17,10.7808847938802,201
"23454",218,18,9.66289987743196,200
"23455",218,19,7.06022579396332,199
"23456",218,20,9.35982161210673,198
"23457",218,21,12.8384029900901,197
"23458",218,22,13.7280593858741,196
"23459",218,23,12.6379423071648,195
"23460",218,24,12.5981962480796,194
"23461",218,25,10.0556942344138,193
"23462",218,26,9.97258664200034,192
"23463",218,27,10.0524321216579,191
"23464",218,28,9.66705247665519,190
"23465",218,29,10.0173928390227,189
"23466",218,30,9.79353429703059,188
"23467",218,31,10.2558215173068,187
"23468",218,32,10.6248689309383,186
"23469",218,33,8.09996484800814,185
"23470",218,34,11.629901288515,184
"23471",218,35,10.400061640221,183
"23472",218,36,9.74009796528324,182
"23473",218,37,9.21107629383186,181
"23474",218,38,9.10880810728977,180
"23475",218,39,11.6901224595031,179
"23476",218,40,11.7126841338355,178
"23477",218,41,11.5745432591658,177
"23478",218,42,11.44896929284,176
"23479",218,43,9.61615796878722,175
"23480",218,44,8.68055965142644,174
"23481",218,45,9.95197111015453,173
"23482",218,46,11.2797381461383,172
"23483",218,47,8.93091301158039,171
"23484",218,48,6.10255172355499,170
"23485",218,49,4.99639939315969,169
"23486",218,50,12.5034591009629,168
"23487",218,51,9.485871564553,167
"23488",218,52,9.01039684566174,166
"23489",218,53,10.3238557515459,165
"23490",218,54,11.6245980973198,164
"23491",218,55,7.55248106201492,163
"23492",218,56,7.61349743847328,162
"23493",218,57,9.00171947037963,161
"23494",218,58,7.6194716096181,160
"23495",218,59,6.51975569498571,159
"23496",218,60,8.95846139548769,158
"23497",218,61,9.41548560042186,157
"23498",218,62,11.4264640965166,156
"23499",218,63,8.76723965675555,155
"23500",218,64,5.82089563508083,154
"23501",218,65,8.30198531651988,153
"23502",218,66,10.6176623355097,152
"23503",218,67,10.287139809009,151
"23504",218,68,7.16436057553694,150
"23505",218,69,10.6747524720002,149
"23506",218,70,7.36517123667522,148
"23507",218,71,7.40194148397877,147
"23508",218,72,7.34171944319687,146
"23509",218,73,9.03772685425183,145
"23510",218,74,7.60018336534445,144
"23511",218,75,5.96609036112654,143
"23512",218,76,5.98858698177498,142
"23513",218,77,4.23093155121229,141
"23514",218,78,8.0712606946291,140
"23515",218,79,8.38407178934986,139
"23516",218,80,5.63958860083047,138
"23517",218,81,5.09406056264777,137
"23518",218,82,6.65636776920475,136
"23519",218,83,7.74587093539867,135
"23520",218,84,9.24023398685916,134
"23521",218,85,10.1065017522541,133
"23522",218,86,9.89308088890583,132
"23523",218,87,10.6906701155985,131
"23524",218,88,9.78982152230586,130
"23525",218,89,8.17921374434308,129
"23526",218,90,8.67362587864059,128
"23527",218,91,7.83612277043955,127
"23528",218,92,7.49116832245278,126
"23529",218,93,7.73175266474322,125
"23530",218,94,6.62346754145516,124
"23531",218,95,7.77388341910568,123
"23532",218,96,7.49031380012205,122
"23533",218,97,6.18818971535903,121
"23534",218,98,6.81143328492489,120
"23535",218,99,8.00713838414386,119
"23536",218,100,6.18066965381877,118
"23537",218,101,3.47843057678954,117
"23538",218,102,3.96634308837026,116
"23539",218,103,5.32210680751457,115
"23540",218,104,6.76350681599957,114
"23541",218,105,4.74960755537316,113
"23542",218,106,6.81422904292856,112
"23543",218,107,6.92519004208107,111
"23544",218,108,5.34400787241681,110
"23545",218,109,4.83439678118491,109
"23546",218,110,3.11053910159144,108
"23547",218,111,7.54999918844257,107
"23548",218,112,6.5781009916686,106
"23549",218,113,4.94211266815033,105
"23550",218,114,3.05481406104077,104
"23551",218,115,2.5100930242338,103
"23552",218,116,2.90977251966493,102
"23553",218,117,3.42731715535436,101
"23554",218,118,3.2968016436825,100
"23555",218,119,5.33163823324995,99
"23556",218,120,5.55005264482655,98
"23557",218,121,5.68333700257885,97
"23558",218,122,3.29730940798313,96
"23559",218,123,3.54902941451484,95
"23560",218,124,6.25500661518485,94
"23561",218,125,7.12504143044682,93
"23562",218,126,4.69928927924932,92
"23563",218,127,5.22459086584994,91
"23564",218,128,5.62060527191126,90
"23565",218,129,4.47868283899928,89
"23566",218,130,5.9776548838014,88
"23567",218,131,4.84566970155866,87
"23568",218,132,3.26712419768234,86
"23569",218,133,4.59073565896501,85
"23570",218,134,5.45837913634317,84
"23571",218,135,4.22283619884403,83
"23572",218,136,3.77229543304481,82
"23573",218,137,3.64150024478146,81
"23574",218,138,3.7686191081608,80
"23575",218,139,5.00173625375754,79
"23576",218,140,4.19476265395454,78
"23577",218,141,4.11331007136058,77
"23578",218,142,2.88627796471346,76
"23579",218,143,1.96808095689306,75
"23580",218,144,1.63805784635471,74
"23581",218,145,2.43460814104344,73
"23582",218,146,1.27451732592727,72
"23583",218,147,1.53792229270043,71
"23584",218,148,1.32803698316628,70
"23585",218,149,1.6915829898434,69
"23586",218,150,1.82241860674234,68
"23587",218,151,3.19091158442563,67
"23588",218,152,1.59527671346677,66
"23589",218,153,4.43053795342295,65
"23590",218,154,4.60003978971044,64
"23591",218,155,4.82288282506463,63
"23592",218,156,2.90843312469516,62
"23593",218,157,3.39002684170756,61
"23594",218,158,1.94103450576258,60
"23595",218,159,2.99116275770768,59
"23596",218,160,3.72098476496245,58
"23597",218,161,2.63118981661378,57
"23598",218,162,1.66318507353211,56
"23599",218,163,1.47218919059953,55
"23600",218,164,4.07727634984365,54
"23601",218,165,3.70377400738817,53
"23602",218,166,4.26032617215681,52
"23603",218,167,2.16730668994356,51
"23604",218,168,2.58356439398679,50
"23605",218,169,2.55635525833021,49
"23606",218,170,2.77434888684365,48
"23607",218,171,2.44116522109687,47
"23608",218,172,1.53213161183049,46
"23609",218,173,1.36155971652054,45
"23610",218,174,0.798750113046997,44
"23611",218,175,1.65005241581704,43
"23612",218,176,2.65288188104923,42
"23613",218,177,4.04832207295554,41
"23614",218,178,2.91481434683746,40
"23615",218,179,2.19587346648313,39
"23616",218,180,2.5463934863556,38
"23617",218,181,3.41095728876001,37
"23618",218,182,4.47221688582827,36
"23619",218,183,3.71617882450914,35
"23620",218,184,0.629991554966244,34
"23621",218,185,2.88676623032734,33
"23622",218,186,2.79159442762772,32
"23623",218,187,1.26607477382492,31
"23624",218,188,1.7859699877322,30
"23625",218,189,0.160967960768764,29
"23626",218,190,1.97831404615209,28
"23627",218,191,2.01657253661836,27
"23628",218,192,2.45788201244941,26
"23629",218,193,2.8022641081536,25
"23630",218,194,2.13257786048965,24
"23631",218,195,2.76492352938693,23
"23632",218,196,2.61167916135322,22
"23633",218,197,2.07509474246416,21
"23634",218,198,1.34463330616132,20
"23635",218,199,1.35283104706202,19
"23636",218,200,3.24045916245297,18
"23637",218,201,3.06659185324504,17
"23638",218,202,3.1787715939335,16
"23639",218,203,5.33845754918779,15
"23640",218,204,5.25303852406937,14
"23641",218,205,4.24967169712494,13
"23642",218,206,2.59762405911177,12
"23643",218,207,2.17392301537411,11
"23644",218,208,3.20739904820691,10
"23645",218,209,2.93409889180979,9
"23646",218,210,4.08362861651151,8
"23647",218,211,3.65144170398288,7
"23648",218,212,3.62140092763939,6
"23649",218,213,2.78514334695287,5
"23650",218,214,2.61386282993617,4
"23651",218,215,1.92789548553356,3
"23652",218,216,0.623240582889836,2
"23653",218,217,1.74925153980874,1
"23654",219,1,7.13820351647542,218
"23655",219,2,7.41835573828641,217
"23656",219,3,12.0753736891672,216
"23657",219,4,10.568784040214,215
"23658",219,5,10.9499115014347,214
"23659",219,6,11.599211665739,213
"23660",219,7,11.1342396316204,212
"23661",219,8,12.1357365885737,211
"23662",219,9,14.8754285842737,210
"23663",219,10,12.1272249313029,209
"23664",219,11,10.7872690737254,208
"23665",219,12,12.2309593093697,207
"23666",219,13,13.2223130839047,206
"23667",219,14,11.782664144388,205
"23668",219,15,10.5760227374847,204
"23669",219,16,10.5274843463797,203
"23670",219,17,11.1142467499994,202
"23671",219,18,10.0242696888582,201
"23672",219,19,7.57124389323749,200
"23673",219,20,9.69318356822588,199
"23674",219,21,13.8679013092046,198
"23675",219,22,14.0614213419932,197
"23676",219,23,13.6674406262793,196
"23677",219,24,12.9315582041987,195
"23678",219,25,10.3890561905329,194
"23679",219,26,11.0300928164219,193
"23680",219,27,10.385794077777,192
"23681",219,28,10.0284222880814,191
"23682",219,29,10.3507547951418,190
"23683",219,30,10.1268962531497,189
"23684",219,31,10.5891834734259,188
"23685",219,32,10.9862387423645,187
"23686",219,33,9.15747102242967,186
"23687",219,34,12.6593996076295,185
"23688",219,35,10.7334235963401,184
"23689",219,36,10.1014677767095,183
"23690",219,37,9.544438249951,182
"23691",219,38,9.44217006340892,181
"23692",219,39,12.7196207786176,180
"23693",219,40,12.0460460899547,179
"23694",219,41,12.4397811765198,178
"23695",219,42,11.7823312489592,177
"23696",219,43,9.99842088378359,176
"23697",219,44,9.71005797054091,175
"23698",219,45,10.981469429269,174
"23699",219,46,12.3092364652527,173
"23700",219,47,9.96041133069486,172
"23701",219,48,7.13205004266945,171
"23702",219,49,6.02589771227416,170
"23703",219,50,13.5329574200774,169
"23704",219,51,10.3849239747476,168
"23705",219,52,10.0398951647762,167
"23706",219,53,10.6572177076651,166
"23707",219,54,11.9579600534389,165
"23708",219,55,8.58197938112939,164
"23709",219,56,8.64299575758775,163
"23710",219,57,9.33508142649877,162
"23711",219,58,7.95283356573725,161
"23712",219,59,7.57726186940724,160
"23713",219,60,9.68037788549407,159
"23714",219,61,10.4449839195363,158
"23715",219,62,12.391038589377,157
"23716",219,63,9.1489563376368,156
"23717",219,64,6.87840180950235,155
"23718",219,65,9.35949149094141,154
"23719",219,66,11.6471606546241,153
"23720",219,67,10.6205017651282,152
"23721",219,68,8.01117644841298,151
"23722",219,69,11.7042507911147,150
"23723",219,70,8.39466955578969,149
"23724",219,71,8.23700646925958,148
"23725",219,72,8.37121776231133,147
"23726",219,73,9.37108881037098,146
"23727",219,74,7.93354532146359,145
"23728",219,75,6.36985834434523,144
"23729",219,76,6.53243115025291,143
"23730",219,77,5.26042987032676,142
"23731",219,78,9.10075901374357,141
"23732",219,79,8.87958724421402,140
"23733",219,80,6.66908691994493,139
"23734",219,81,6.05853101091486,138
"23735",219,82,7.71387394362628,137
"23736",219,83,8.8033771098202,136
"23737",219,84,10.2697323059736,135
"23738",219,85,10.6501378315453,134
"23739",219,86,10.226442845025,133
"23740",219,87,11.3027935484662,132
"23741",219,88,10.7867018614033,131
"23742",219,89,8.51257570046222,130
"23743",219,90,9.45530983607589,129
"23744",219,91,8.86562108955402,128
"23745",219,92,7.82453027857193,127
"23746",219,93,8.06511462086236,126
"23747",219,94,7.65296586056963,125
"23748",219,95,8.80338173822015,124
"23749",219,96,8.51981211923652,123
"23750",219,97,6.52155167147817,122
"23751",219,98,7.83621743473602,121
"23752",219,99,8.36850819557007,120
"23753",219,100,6.54203946524497,119
"23754",219,101,4.50792889590401,118
"23755",219,102,4.99584140748473,117
"23756",219,103,6.37961298193609,116
"23757",219,104,7.09686877211871,115
"23758",219,105,5.73033497135209,114
"23759",219,106,7.87173521735009,113
"23760",219,107,7.95468836119553,112
"23761",219,108,5.67736982853596,111
"23762",219,109,5.16775873730405,110
"23763",219,110,4.14003742070591,109
"23764",219,111,8.57949750755704,108
"23765",219,112,7.38054799693237,107
"23766",219,113,5.99961884257186,106
"23767",219,114,3.41618387246698,105
"23768",219,115,2.87146283566001,104
"23769",219,116,3.9392708387794,103
"23770",219,117,4.48482332977589,102
"23771",219,118,4.32629996279696,101
"23772",219,119,6.36113655236442,100
"23773",219,120,6.57955096394102,99
"23774",219,121,6.04470681400506,98
"23775",219,122,3.63067136410227,97
"23776",219,123,4.57852773362931,96
"23777",219,124,7.28450493429932,95
"23778",219,125,8.15453974956129,94
"23779",219,126,5.72868355377044,93
"23780",219,127,5.55795282196908,92
"23781",219,128,5.95396722803041,91
"23782",219,129,4.81204479511843,90
"23783",219,130,6.31101683992054,89
"23784",219,131,5.17903165767781,88
"23785",219,132,3.60048615380148,87
"23786",219,133,4.95210547039121,86
"23787",219,134,5.81974894776938,85
"23788",219,135,4.58420601027024,84
"23789",219,136,4.13366524447102,83
"23790",219,137,4.69900641920299,82
"23791",219,138,4.13011897532871,81
"23792",219,139,5.36310606518374,80
"23793",219,140,4.52812461007368,79
"23794",219,141,4.44667202747972,78
"23795",219,142,3.21963992083261,77
"23796",219,143,3.02558713131459,76
"23797",219,144,2.11721228891367,75
"23798",219,145,2.76797009716259,74
"23799",219,146,1.60787928204641,73
"23800",219,147,2.5674206118149,72
"23801",219,148,2.35753530228075,71
"23802",219,149,2.37681760923788,70
"23803",219,150,2.15578056286149,69
"23804",219,151,2.1334054100041,68
"23805",219,152,0.683563025485051,67
"23806",219,153,5.46003627253742,66
"23807",219,154,5.62953810882491,65
"23808",219,155,5.15624478118378,64
"23809",219,156,3.24179508081431,63
"23810",219,157,3.7233887978267,62
"23811",219,158,2.27439646188172,61
"23812",219,159,1.93365658328615,60
"23813",219,160,2.66347859054093,59
"23814",219,161,2.00013408847178,58
"23815",219,162,1.92959430958537,57
"23816",219,163,1.80555114671867,56
"23817",219,164,5.10677466895811,55
"23818",219,165,4.73327232650264,54
"23819",219,166,4.59368812827595,53
"23820",219,167,2.63030820938403,52
"23821",219,168,2.91692635010593,51
"23822",219,169,2.88971721444935,50
"23823",219,170,3.1077108429628,49
"23824",219,171,2.77452717721601,48
"23825",219,172,1.8935014232567,47
"23826",219,173,1.06679570280713,46
"23827",219,174,1.19998031218015,45
"23828",219,175,2.51763133652155,44
"23829",219,176,3.19651796034045,43
"23830",219,177,4.38168402907468,42
"23831",219,178,3.2481763029566,41
"23832",219,179,1.94627766253817,40
"23833",219,180,3.57589180547006,39
"23834",219,181,3.74431924487916,38
"23835",219,182,4.80557884194741,37
"23836",219,183,4.04954078062828,36
"23837",219,184,1.65948987408071,35
"23838",219,185,3.22012818644648,34
"23839",219,186,2.4076667331047,33
"23840",219,187,1.26257641492044,32
"23841",219,188,1.73847615778654,31
"23842",219,189,1.13729334122443,30
"23843",219,190,2.31167600227123,29
"23844",219,191,1.85699331437557,28
"23845",219,192,2.0965122010232,27
"23846",219,193,1.74475793373207,26
"23847",219,194,1.99506744884182,25
"23848",219,195,3.7944218485014,24
"23849",219,196,2.94504111747237,23
"23850",219,197,2.5867631204468,22
"23851",219,198,2.37413162527579,21
"23852",219,199,1.07168166864752,20
"23853",219,200,2.18295298803144,19
"23854",219,201,2.00908567882351,18
"23855",219,202,2.65537833950398,17
"23856",219,203,4.28095137476626,16
"23857",219,204,4.19553234964784,15
"23858",219,205,3.19216552270341,14
"23859",219,206,1.5681257399973,13
"23860",219,207,1.76721575951233,12
"23861",219,208,3.02500472708816,11
"23862",219,209,1.87659271738826,10
"23863",219,210,3.02612244208998,9
"23864",219,211,2.59393552956135,8
"23865",219,212,2.56389475321786,7
"23866",219,213,2.15408761881087,6
"23867",219,214,1.96199738895615,5
"23868",219,215,2.12681893846308,4
"23869",219,216,0.984610394316043,3
"23870",219,217,2.08261349592789,2
"23871",219,218,1.05750617442153,1
"23872",220,1,7.8849911687737,219
"23873",220,2,7.64322746263027,218
"23874",220,3,10.9018157527547,217
"23875",220,4,9.15301029046919,216
"23876",220,5,9.5341377516899,215
"23877",220,6,10.1834379159941,214
"23878",220,7,9.7184658818756,213
"23879",220,8,10.9621786521612,212
"23880",220,9,13.7018706478612,211
"23881",220,10,10.9536669948904,210
"23882",220,11,10.6391902861529,209
"23883",220,12,11.1577348421369,208
"23884",220,13,12.0487551474922,207
"23885",220,14,10.3668903946432,206
"23886",220,15,9.16024898773984,205
"23887",220,16,9.11171059663488,204
"23888",220,17,9.74638553549488,203
"23889",220,18,10.7710573411565,202
"23890",220,19,8.40994884392698,201
"23891",220,20,8.374405390637,200
"23892",220,21,12.6943433727921,199
"23893",220,22,12.6456475922484,198
"23894",220,23,12.4938826898667,197
"23895",220,24,11.5157844544539,196
"23896",220,25,9.30773630200163,195
"23897",220,26,12.0190962820525,194
"23898",220,27,10.2529898574772,193
"23899",220,28,10.7752099403797,192
"23900",220,29,9.7371109619587,191
"23901",220,30,10.4603159286333,190
"23902",220,31,9.33028329442879,189
"23903",220,32,11.7330263946628,188
"23904",220,33,10.1464744880603,187
"23905",220,34,11.485841671217,186
"23906",220,35,9.31764984659527,185
"23907",220,36,10.8482554290077,184
"23908",220,37,8.12866450020618,183
"23909",220,38,9.99286239079209,182
"23910",220,39,11.5460628422051,181
"23911",220,40,10.6302723402099,180
"23912",220,41,11.2662232401073,179
"23913",220,42,10.3665574992144,178
"23914",220,43,8.82486294737107,177
"23915",220,44,8.53650003412838,176
"23916",220,45,9.80791149285647,175
"23917",220,46,11.1356785288402,174
"23918",220,47,8.78685339428234,173
"23919",220,48,5.95849210625693,172
"23920",220,49,4.85233977586164,171
"23921",220,50,12.3593994836648,170
"23922",220,51,9.21136603833512,169
"23923",220,52,9.04001820148,168
"23924",220,53,9.33269106629328,167
"23925",220,54,10.5421863036941,166
"23926",220,55,8.82438458762419,165
"23927",220,56,9.08417202745474,164
"23928",220,57,7.91930767675395,163
"23929",220,58,7.71918493122567,162
"23930",220,59,8.56626533503782,161
"23931",220,60,8.50681994908155,160
"23932",220,61,9.27142598312381,159
"23933",220,62,11.2174806529645,158
"23934",220,63,8.22191593324523,157
"23935",220,64,7.86740527513294,156
"23936",220,65,10.348494956572,155
"23937",220,66,10.4736027182116,154
"23938",220,67,9.20472801538334,153
"23939",220,68,9.00017991404357,152
"23940",220,69,10.5306928547022,151
"23941",220,70,7.99401010173936,150
"23942",220,71,7.09706333758429,149
"23943",220,72,7.19765982589881,148
"23944",220,73,7.95531506062615,147
"23945",220,74,7.37251538065517,146
"23946",220,75,7.35886180997582,145
"23947",220,76,5.50454633164965,144
"23948",220,77,4.08687193391424,143
"23949",220,78,7.92720107733104,142
"23950",220,79,7.70602930780149,141
"23951",220,80,7.44932900223542,140
"23952",220,81,5.32196553608634,139
"23953",220,82,8.70287740925687,138
"23954",220,83,9.79238057545079,137
"23955",220,84,9.09617436956111,136
"23956",220,85,9.47657989513279,135
"23957",220,86,8.81066909528015,134
"23958",220,87,10.1292356120536,133
"23959",220,88,9.61314392499077,132
"23960",220,89,7.83073415142819,131
"23961",220,90,10.4443133017065,130
"23962",220,91,8.95822528021782,129
"23963",220,92,7.36722761271235,128
"23964",220,93,6.64934087111754,127
"23965",220,94,6.47940792415711,126
"23966",220,95,8.30211989655224,125
"23967",220,96,7.34625418282399,124
"23968",220,97,5.25145103954261,123
"23969",220,98,8.82522090036661,122
"23970",220,99,9.11529584786836,121
"23971",220,100,7.28882711754326,120
"23972",220,101,5.01340356427237,119
"23973",220,102,5.79996344706055,118
"23974",220,103,7.36861644756668,117
"23975",220,104,5.68109502237388,116
"23976",220,105,5.62125033359251,115
"23977",220,106,8.86073868298068,114
"23978",220,107,6.78113042478301,113
"23979",220,108,4.26159607879113,112
"23980",220,109,4.74362172730753,111
"23981",220,110,3.26341922342019,110
"23982",220,111,7.40593957114452,109
"23983",220,112,8.05580432106754,108
"23984",220,113,6.98862230820245,107
"23985",220,114,4.16297152476526,106
"23986",220,115,3.61825048795829,105
"23987",220,116,4.6089336594063,104
"23988",220,117,5.47382679540648,103
"23989",220,118,4.61498603245398,102
"23990",220,119,5.18757861595189,101
"23991",220,120,5.4059930275285,100
"23992",220,121,6.79149446630334,99
"23993",220,122,4.06931882433531,98
"23994",220,123,4.81679159618048,97
"23995",220,124,8.06060567264619,96
"23996",220,125,6.98098181314877,95
"23997",220,126,4.55512561735791,94
"23998",220,127,4.14217907222426,93
"23999",220,128,5.070436850573,92
"24000",220,129,3.3962710453736,91
"24001",220,130,4.89524309017572,90
"24002",220,131,4.31230868258901,89
"24003",220,132,4.27443724719513,88
"24004",220,133,5.6988931226895,87
"24005",220,134,6.56653660006766,86
"24006",220,135,5.33099366256852,85
"24007",220,136,4.8804528967693,84
"24008",220,137,5.68800988483358,83
"24009",220,138,5.11912244095929,82
"24010",220,139,6.10989371748203,81
"24011",220,140,4.82670590192763,80
"24012",220,141,3.49591204054785,79
"24013",220,142,3.92159886953332,78
"24014",220,143,4.01459059694518,77
"24015",220,144,2.94373523436638,76
"24016",220,145,2.75281769344301,75
"24017",220,146,1.53484108744454,74
"24018",220,147,2.2230323408947,73
"24019",220,148,3.03279162641592,72
"24020",220,149,3.36582107486847,71
"24021",220,150,1.98936153782437,70
"24022",220,151,1.74387492613539,69
"24023",220,152,1.07967873425261,68
"24024",220,153,4.2864783361249,67
"24025",220,154,4.45598017241239,66
"24026",220,155,3.74047103143895,65
"24027",220,156,2.63838359419319,64
"24028",220,157,2.41406641172374,63
"24029",220,158,0.937066220471701,62
"24030",220,159,1.34803077450234,61
"24031",220,160,1.67447512491034,60
"24032",220,161,0.758361149677991,59
"24033",220,162,1.35419067827132,58
"24034",220,163,2.48510918954249,57
"24035",220,164,3.93321673254559,56
"24036",220,165,3.55971439009012,55
"24037",220,166,3.17791437853113,54
"24038",220,167,2.75092025535489,53
"24039",220,168,3.43400387275188,52
"24040",220,169,2.52721631041902,51
"24041",220,170,2.69478773182662,50
"24042",220,171,3.43167086824105,49
"24043",220,172,2.64028907555498,48
"24044",220,173,1.20290992040509,47
"24045",220,174,1.5222811865744,46
"24046",220,175,1.34407340010903,45
"24047",220,176,2.02296002392792,44
"24048",220,177,2.96591027932986,43
"24049",220,178,2.72319487874839,42
"24050",220,179,1.09636208981799,41
"24051",220,180,2.40233386905754,40
"24052",220,181,2.32854549513433,39
"24053",220,182,3.38980509220259,38
"24054",220,183,2.63376703088346,37
"24055",220,184,1.70167185763867,36
"24056",220,185,2.42063482083215,35
"24057",220,186,0.991892983359871,34
"24058",220,187,1.88049835177807,33
"24059",220,188,1.1182572687968,32
"24060",220,189,2.12629680685502,31
"24061",220,190,1.12561238217875,30
"24062",220,191,0.441219564630744,29
"24063",220,192,1.93798363162645,28
"24064",220,193,0.965898535531856,27
"24065",220,194,1.11153707138441,26
"24066",220,195,2.62086391208888,25
"24067",220,196,1.52926736772754,24
"24068",220,197,1.41320518403428,23
"24069",220,198,1.36305420904114,22
"24070",220,199,0.716493691866051,21
"24071",220,200,1.9783039302175,20
"24072",220,201,2.56636323110554,19
"24073",220,202,3.24198242375648,18
"24074",220,203,3.29194790913567,17
"24075",220,204,3.20652888401726,16
"24076",220,205,2.20316205707282,15
"24077",220,206,2.74168367640982,14
"24078",220,207,0.561690121791237,13
"24079",220,208,1.60923097734334,12
"24080",220,209,0.887589251757677,11
"24081",220,210,2.03711897645939,10
"24082",220,211,1.60493206393076,9
"24083",220,212,1.57489128758728,8
"24084",220,213,0.738633706900757,7
"24085",220,214,0.923055643419195,6
"24086",220,215,1.59063706131643,5
"24087",220,216,1.8608035096006,4
"24088",220,217,1.18786921961014,3
"24089",220,218,2.04650964005212,2
"24090",220,219,1.41577374974483,1
"24091",221,1,8.10953955695035,220
"24092",221,2,8.69308357645347,219
"24093",221,3,11.6603525228032,218
"24094",221,4,9.35149812711222,217
"24095",221,5,10.1554657142504,216
"24096",221,6,9.87411300213533,215
"24097",221,7,9.86706723452402,214
"24098",221,8,11.7207154222096,213
"24099",221,9,14.4604074179097,212
"24100",221,10,11.7122037649388,211
"24101",221,11,10.6211847160689,210
"24102",221,12,12.2075909559601,209
"24103",221,13,12.8072919175407,208
"24104",221,14,10.0575654807844,207
"24105",221,15,9.02889235081614,206
"24106",221,16,9.77291364959899,205
"24107",221,17,10.5049223055433,204
"24108",221,18,10.7530517710724,203
"24109",221,19,9.45980495775018,202
"24110",221,20,9.13294216068546,201
"24111",221,21,13.4528801428405,200
"24112",221,22,12.8786291101084,199
"24113",221,23,13.2524194599152,198
"24114",221,24,11.3939739089706,197
"24115",221,25,9.28973073191757,196
"24116",221,26,13.0689523958757,195
"24117",221,27,10.2349842873931,194
"24118",221,28,10.7572043702956,193
"24119",221,29,9.71910539187464,192
"24120",221,30,10.4423103585493,191
"24121",221,31,10.250525856079,190
"24122",221,32,11.7150208245787,189
"24123",221,33,11.1963306018835,188
"24124",221,34,12.2443784412654,187
"24125",221,35,9.20732457678088,186
"24126",221,36,11.0892688740829,185
"24127",221,37,7.81933958634737,184
"24128",221,38,9.97485682070803,183
"24129",221,39,12.3045996122535,182
"24130",221,40,11.3020359193996,181
"24131",221,41,12.0247600101558,180
"24132",221,42,10.0572325853556,179
"24133",221,43,9.58339971741953,178
"24134",221,44,9.29503680417684,177
"24135",221,45,10.5664482629049,176
"24136",221,46,11.8942152988887,175
"24137",221,47,9.5453901643308,174
"24138",221,48,6.71702887630539,173
"24139",221,49,5.6108765459101,172
"24140",221,50,13.1179362537133,171
"24141",221,51,9.96990280838358,170
"24142",221,52,10.0898743153032,169
"24143",221,53,10.19020326741,168
"24144",221,54,10.2328613898353,167
"24145",221,55,9.87424070144739,166
"24146",221,56,10.1340281412779,165
"24147",221,57,8.53207797151093,164
"24148",221,58,7.7011793611416,163
"24149",221,59,9.61612144886102,162
"24150",221,60,9.26535671913001,161
"24151",221,61,10.0299627531723,160
"24152",221,62,11.976017423013,159
"24153",221,63,9.27177204706843,158
"24154",221,64,8.91726138895614,157
"24155",221,65,11.3983510703952,156
"24156",221,66,11.2321394882601,155
"24157",221,67,8.89540310152454,154
"24158",221,68,10.0500360278668,153
"24159",221,69,11.2892296247506,152
"24160",221,70,9.04386621556256,151
"24161",221,71,8.14691945140749,150
"24162",221,72,7.95619659594727,149
"24163",221,73,7.64599014676735,148
"24164",221,74,8.21776780164419,147
"24165",221,75,8.40871792379902,146
"24166",221,76,6.55440244547285,145
"24167",221,77,4.8454087039627,144
"24168",221,78,8.6857378473795,143
"24169",221,79,8.46456607784996,142
"24170",221,80,8.49918511605862,141
"24171",221,81,6.37182164990954,140
"24172",221,82,9.75273352308007,139
"24173",221,83,10.842236689274,138
"24174",221,84,9.85471113960957,137
"24175",221,85,10.2351166651813,136
"24176",221,86,9.36436807215938,135
"24177",221,87,10.8877723821021,134
"24178",221,88,10.3716806950392,133
"24179",221,89,8.37891324723806,132
"24180",221,90,11.4941694155297,131
"24181",221,91,10.008081394041,130
"24182",221,92,8.41708372653554,129
"24183",221,93,7.14875458141338,128
"24184",221,94,7.23794469420557,127
"24185",221,95,9.35197601037544,126
"24186",221,96,8.10479095287245,125
"24187",221,97,5.52453623051974,124
"24188",221,98,9.87507701418981,123
"24189",221,99,9.09729027778429,122
"24190",221,100,7.27082154745919,121
"24191",221,101,6.06325967809557,120
"24192",221,102,6.84981956088374,119
"24193",221,103,8.41847256138988,118
"24194",221,104,5.37177010851508,117
"24195",221,105,6.67110644741571,116
"24196",221,106,9.91059479680388,115
"24197",221,107,7.53966719483147,114
"24198",221,108,4.27600591715891,113
"24199",221,109,4.90379252334528,112
"24200",221,110,4.31327533724339,111
"24201",221,111,8.16447634119298,110
"24202",221,112,9.10566043489074,109
"24203",221,113,8.03847842202564,108
"24204",221,114,5.21282763858846,107
"24205",221,115,4.4901383248464,106
"24206",221,116,5.65878977322949,105
"24207",221,117,6.52368290922967,104
"24208",221,118,5.66484214627718,103
"24209",221,119,5.94611538600036,102
"24210",221,120,6.16452979757696,101
"24211",221,121,6.77348889621928,100
"24212",221,122,4.89233171349453,99
"24213",221,123,5.86664771000368,98
"24214",221,124,9.11046178646939,97
"24215",221,125,7.73951858319723,96
"24216",221,126,5.57697387587405,95
"24217",221,127,4.07551216121952,94
"24218",221,128,5.05243128048894,93
"24219",221,129,3.9805815771386,92
"24220",221,130,4.58591817631692,91
"24221",221,131,4.29430311250495,90
"24222",221,132,5.25905740098424,89
"24223",221,133,6.42491043969277,88
"24224",221,134,6.5485310299836,87
"24225",221,135,5.36131680609823,86
"24226",221,136,4.86244732668524,85
"24227",221,137,6.73786599865677,84
"24228",221,138,6.16897855478249,83
"24229",221,139,6.09188814739796,82
"24230",221,140,4.80870033184357,81
"24231",221,141,3.47790647046379,80
"24232",221,142,3.90359329944926,79
"24233",221,143,5.06444671076838,78
"24234",221,144,3.99359134818958,77
"24235",221,145,2.81575881698976,76
"24236",221,146,2.58469720126774,75
"24237",221,147,3.2728884547179,74
"24238",221,148,4.08264774023912,73
"24239",221,149,4.41567718869167,72
"24240",221,150,1.97135596774031,71
"24241",221,151,0.985338156086928,70
"24242",221,152,1.50108904040855,69
"24243",221,153,5.04501510617336,68
"24244",221,154,5.21451694246085,67
"24245",221,155,3.43114611758015,66
"24246",221,156,2.62037802410913,65
"24247",221,157,2.39606084163968,64
"24248",221,158,1.8733316494987,63
"24249",221,159,0.589494004453875,62
"24250",221,160,0.624619011087139,61
"24251",221,161,0.740035741759218,60
"24252",221,162,1.4331806803432,59
"24253",221,163,2.790838371685,58
"24254",221,164,4.69175350259405,57
"24255",221,165,4.31825116013858,56
"24256",221,166,3.30534265643164,55
"24257",221,167,3.80077636917809,54
"24258",221,168,3.41599830266782,53
"24259",221,169,2.50921074033496,52
"24260",221,170,2.67678216174256,51
"24261",221,171,3.52691783802478,50
"24262",221,172,3.14000940200938,49
"24263",221,173,1.73480603735478,48
"24264",221,174,2.5721373003976,47
"24265",221,175,2.14181847840299,46
"24266",221,176,2.78149679397639,45
"24267",221,177,2.65658536547105,44
"24268",221,178,2.70518930866433,43
"24269",221,179,1.07835651973393,42
"24270",221,180,3.160870639106,41
"24271",221,181,2.90856775413258,40
"24272",221,182,3.08048017834378,39
"24273",221,183,2.32444211702465,38
"24274",221,184,2.75152797146187,37
"24275",221,185,2.40262925074809,36
"24276",221,186,0.951486507398918,35
"24277",221,187,1.86249278169401,34
"24278",221,188,1.31039576614312,33
"24279",221,189,3.17615292067822,32
"24280",221,190,1.544360003854,31
"24281",221,191,1.07979321725695,30
"24282",221,192,2.24730854548526,29
"24283",221,193,0.983904105615919,28
"24284",221,194,1.09353150130035,27
"24285",221,195,3.37940068213734,26
"24286",221,196,2.32492688082982,25
"24287",221,197,2.36782383307596,24
"24288",221,198,2.41291032286434,23
"24289",221,199,1.74353470681329,22
"24290",221,200,1.21976716016904,21
"24291",221,201,1.80782646105708,20
"24292",221,202,3.55130733761528,19
"24293",221,203,2.3765510142614,18
"24294",221,204,2.15667277019406,17
"24295",221,205,1.62280717076768,16
"24296",221,206,2.09555213649321,15
"24297",221,207,1.3202268918397,14
"24298",221,208,2.14115862306286,13
"24299",221,209,0.723013661385908,12
"24300",221,210,1.58596146395381,11
"24301",221,211,1.00808610957872,10
"24302",221,212,0.881179816820983,9
"24303",221,213,0.574547341312011,8
"24304",221,214,1.54697622259208,7
"24305",221,215,1.57263149123237,6
"24306",221,216,2.9106596234238,5
"24307",221,217,2.04318795500633,4
"24308",221,218,3.09636575387532,3
"24309",221,219,2.03885957945379,2
"24310",221,220,1.0498561138232,1
"24311",222,1,8.7938394699488,221
"24312",222,2,8.34182765178163,220
"24313",222,3,9.51885277335781,219
"24314",222,4,10.0396997123615,218
"24315",222,5,8.35717397299793,217
"24316",222,6,10.0996813710445,216
"24317",222,7,9.37163987505239,215
"24318",222,8,10.9044457347249,214
"24319",222,9,12.2771446350588,213
"24320",222,10,10.1844296744639,212
"24321",222,11,11.548038587328,211
"24322",222,12,11.8563350312883,210
"24323",222,13,11.1114438033796,209
"24324",222,14,10.5462033115671,208
"24325",222,15,8.81414906069895,207
"24326",222,16,8.56392184117061,206
"24327",222,17,9.87340254664072,205
"24328",222,18,11.6799056423316,204
"24329",222,19,9.10854903307834,203
"24330",222,20,8.46353981780569,202
"24331",222,21,11.577744106133,201
"24332",222,22,11.2967104725208,200
"24333",222,23,11.1008218231268,199
"24334",222,24,11.0754151690079,198
"24335",222,25,10.2165846031767,197
"24336",222,26,12.7176964712038,196
"24337",222,27,11.1618381586523,195
"24338",222,28,11.6840582415548,194
"24339",222,29,10.6459592631338,193
"24340",222,30,11.3691642298084,192
"24341",222,31,10.2391315956039,191
"24342",222,32,12.6418746958379,190
"24343",222,33,10.8450746772116,189
"24344",222,34,10.1103142866279,188
"24345",222,35,10.13417844804,187
"24346",222,36,11.7571037301828,186
"24347",222,37,8.71817215637758,185
"24348",222,38,10.9017106919672,184
"24349",222,39,11.5163512259977,183
"24350",222,40,10.2308324410119,182
"24351",222,41,9.884846879494,181
"24352",222,42,10.1228348214812,180
"24353",222,43,8.87918834300678,179
"24354",222,44,7.42404211141291,178
"24355",222,45,8.2487262611051,177
"24356",222,46,9.57649329708884,176
"24357",222,47,7.22766816253096,175
"24358",222,48,5.48618107903539,174
"24359",222,49,4.5369023193878,173
"24360",222,50,10.8002142519135,172
"24361",222,51,7.65218080658374,171
"24362",222,52,9.73861839063137,170
"24363",222,53,9.95794834638891,169
"24364",222,54,9.19324918396647,168
"24365",222,55,9.52298477677555,167
"24366",222,56,9.7827722166061,166
"24367",222,57,8.09984417257031,165
"24368",222,58,8.62803323240076,164
"24369",222,59,9.26486552418919,163
"24370",222,60,8.43788657870678,162
"24371",222,61,8.05398230225302,161
"24372",222,62,9.65829542121314,160
"24373",222,63,8.9205161223966,159
"24374",222,64,8.56600546428431,158
"24375",222,65,11.0470951457234,157
"24376",222,66,10.6238916584112,156
"24377",222,67,7.8557908956557,155
"24378",222,68,9.69878010319493,154
"24379",222,69,8.9715076229508,153
"24380",222,70,8.69261029089073,152
"24381",222,71,7.79566352673566,151
"24382",222,72,7.0264164358258,150
"24383",222,73,7.58510659562772,149
"24384",222,74,8.28136368183027,148
"24385",222,75,8.05746199912718,147
"24386",222,76,6.20314652080101,146
"24387",222,77,3.88639710964173,145
"24388",222,78,6.36801584557967,144
"24389",222,79,6.81353322136457,143
"24390",222,80,8.14792919138679,142
"24391",222,81,6.0205657252377,141
"24392",222,82,9.40147759840823,140
"24393",222,83,10.4909807646021,139
"24394",222,84,8.48940412339064,138
"24395",222,85,7.91739466338142,137
"24396",222,86,8.39953124403367,136
"24397",222,87,8.57005038030227,135
"24398",222,88,8.05395869323939,134
"24399",222,89,8.73958245260329,133
"24400",222,90,11.1429134908578,132
"24401",222,91,9.65682546936919,131
"24402",222,92,8.14677449549452,130
"24403",222,93,6.05112990854742,129
"24404",222,94,4.94823054771279,128
"24405",222,95,9.00072008570361,127
"24406",222,96,6.41453634221966,126
"24407",222,97,6.16029934071771,125
"24408",222,98,9.52382108951797,124
"24409",222,99,10.0241441490435,123
"24410",222,100,8.19767541871835,122
"24411",222,101,5.71200375342374,121
"24412",222,102,6.49856363621191,120
"24413",222,103,8.06721663671805,119
"24414",222,104,5.89524632292748,118
"24415",222,105,6.31985052274388,117
"24416",222,106,9.55933887213204,116
"24417",222,107,5.96706440075899,115
"24418",222,108,4.50375523465179,114
"24419",222,109,5.65247002848263,113
"24420",222,110,3.96201941257155,112
"24421",222,111,5.84675433939314,111
"24422",222,112,8.75440451021891,110
"24423",222,113,7.68722249735381,109
"24424",222,114,5.07181982594036,108
"24425",222,115,4.52709878913339,107
"24426",222,116,5.30753384855766,106
"24427",222,117,6.17242698455784,105
"24428",222,118,5.31358622160535,104
"24429",222,119,4.0709793492928,103
"24430",222,120,4.91126764850817,102
"24431",222,121,7.70034276747844,101
"24432",222,122,4.97816712551041,100
"24433",222,123,5.51539178533184,99
"24434",222,124,8.75920586179755,98
"24435",222,125,5.69071501929524,97
"24436",222,126,5.22571795120222,96
"24437",222,127,4.36753082571629,95
"24438",222,128,5.9792851517481,94
"24439",222,129,4.26030408887302,93
"24440",222,130,4.42029089361608,92
"24441",222,131,5.22115698376411,91
"24442",222,132,5.18328554837023,90
"24443",222,133,6.6077414238646,89
"24444",222,134,7.47538490124276,88
"24445",222,135,6.23984196374362,87
"24446",222,136,5.7893011979444,86
"24447",222,137,6.38661007398494,85
"24448",222,138,5.81772263011066,84
"24449",222,139,7.01874201865712,83
"24450",222,140,5.73555420310272,82
"24451",222,141,4.40476034172295,81
"24452",222,142,4.83044717070842,80
"24453",222,143,4.71319078609654,79
"24454",222,144,3.64233542351775,78
"24455",222,145,3.66166599461811,77
"24456",222,146,2.2494641439727,76
"24457",222,147,2.92163253004606,75
"24458",222,148,3.73139181556728,74
"24459",222,149,4.06442126401983,73
"24460",222,150,2.89820983899947,72
"24461",222,151,3.30306015788676,71
"24462",222,152,2.42861585398025,70
"24463",222,153,2.72729310437353,69
"24464",222,154,2.89679494066101,68
"24465",222,155,2.82291942386514,67
"24466",222,156,3.54723189536829,66
"24467",222,157,3.32291471289884,65
"24468",222,158,1.8459145216468,64
"24469",222,159,2.90721600625371,63
"24470",222,160,2.91431971165802,62
"24471",222,161,2.31754638142937,61
"24472",222,162,2.26303897944642,60
"24473",222,163,3.39395749071759,59
"24474",222,164,3.32083953694496,58
"24475",222,165,3.11541121817564,57
"24476",222,166,2.46765854881087,56
"24477",222,167,3.44952044450626,55
"24478",222,168,4.34285217392698,54
"24479",222,169,3.43606461159412,53
"24480",222,170,3.60363603300172,52
"24481",222,171,4.34051916941615,51
"24482",222,172,3.54913737673008,50
"24483",222,173,2.42612327556258,49
"24484",222,174,2.53538857985692,48
"24485",222,175,1.79056255373116,47
"24486",222,176,1.25931620700975,46
"24487",222,177,2.81589223128218,45
"24488",222,178,3.63204317992349,44
"24489",222,179,2.27440723520704,43
"24490",222,180,1.83478537705448,42
"24491",222,181,1.11406759435562,41
"24492",222,182,2.04086797247494,40
"24493",222,183,1.55934185256194,39
"24494",222,184,2.40027204679003,38
"24495",222,185,3.32948312200725,37
"24496",222,186,2.28186911345008,36
"24497",222,187,2.81244605212664,35
"24498",222,188,2.09420044018655,34
"24499",222,189,2.82489699600638,33
"24500",222,190,2.03446068335384,32
"24501",222,191,1.34436670226285,31
"24502",222,192,3.2869207513541,30
"24503",222,193,1.87235373476058,29
"24504",222,194,2.17749682447632,28
"24505",222,195,1.76198263038918,27
"24506",222,196,2.42691521596419,26
"24507",222,197,2.01656790840412,25
"24508",222,198,2.06165439819251,24
"24509",222,199,2.06543081159369,23
"24510",222,200,3.53748916196888,22
"24511",222,201,4.12554846285692,21
"24512",222,202,4.59091954348412,20
"24513",222,203,4.69427301606123,19
"24514",222,204,3.52757328992126,18
"24515",222,205,3.20770301065989,17
"24516",222,206,4.3008689081612,16
"24517",222,207,0.997495109960138,15
"24518",222,208,0.462289219003432,14
"24519",222,209,2.32912266692874,13
"24520",222,210,2.92961506289632,12
"24521",222,211,1.46656965645198,11
"24522",222,212,1.63821770853188,10
"24523",222,213,1.74317466048782,9
"24524",222,214,0.916200120719159,8
"24525",222,215,2.49948536249153,7
"24526",222,216,2.64024634778942,6
"24527",222,217,2.09671752078524,5
"24528",222,218,2.74510982920348,4
"24529",222,219,2.76471086947247,3
"24530",222,220,1.55918523175137,2
"24531",222,221,2.31772200179983,1
"24532",223,1,7.74086073874073,222
"24533",223,2,8.21125626296941,221
"24534",223,3,9.38828138454559,220
"24535",223,4,8.98672098115344,219
"24536",223,5,7.87914566467402,218
"24537",223,6,9.04670263983642,217
"24538",223,7,8.4208849568164,216
"24539",223,8,10.7738743459126,215
"24540",223,9,12.1465732462465,214
"24541",223,10,10.0538582856517,213
"24542",223,11,10.49505985612,212
"24543",223,12,11.725763642476,211
"24544",223,13,10.9808724145674,210
"24545",223,14,9.49322458035908,209
"24546",223,15,7.76117032949088,208
"24547",223,16,8.1257686232503,207
"24548",223,17,9.58049558104512,206
"24549",223,18,10.6269269111235,205
"24550",223,19,8.97797764426612,204
"24551",223,20,8.21971588912568,203
"24552",223,21,11.4471727173207,202
"24553",223,22,10.4247287700662,201
"24554",223,23,10.9702504343146,200
"24555",223,24,10.0224364377999,199
"24556",223,25,9.16360587196866,198
"24557",223,26,12.5871250823916,197
"24558",223,27,10.1088594274442,196
"24559",223,28,10.6310795103467,195
"24560",223,29,9.59298053192573,194
"24561",223,30,10.3161854986004,193
"24562",223,31,9.76869854259494,192
"24563",223,32,11.5888959646298,191
"24564",223,33,10.7145032883994,190
"24565",223,34,9.97974289781572,189
"24566",223,35,9.08119971683197,188
"24567",223,36,10.7041249989748,187
"24568",223,37,7.66519342516951,186
"24569",223,38,9.84873196075912,185
"24570",223,39,11.3857798371855,184
"24571",223,40,9.80323974931724,183
"24572",223,41,9.75427549068178,182
"24573",223,42,9.06985609027311,181
"24574",223,43,8.74861695419456,180
"24575",223,44,7.29347072260069,179
"24576",223,45,8.11254792286271,178
"24577",223,46,9.44031495884645,177
"24578",223,47,7.09148982428857,176
"24579",223,48,5.35560969022317,175
"24580",223,49,4.40633093057559,174
"24581",223,50,10.6640359136711,173
"24582",223,51,7.51600246834135,172
"24583",223,52,9.60804700181915,171
"24584",223,53,9.70837595392599,170
"24585",223,54,8.13466350332823,169
"24586",223,55,9.39241338796333,168
"24587",223,56,9.65220082779388,167
"24588",223,57,7.61325819644288,166
"24589",223,58,7.57505450119269,165
"24590",223,59,9.13429413537697,164
"24591",223,60,8.30731518989456,163
"24592",223,61,7.9234109134408,162
"24593",223,62,9.52211708297075,161
"24594",223,63,8.78994473358438,160
"24595",223,64,8.43543407547209,159
"24596",223,65,10.9165237569111,158
"24597",223,66,10.4933202695989,157
"24598",223,67,6.79720521501746,156
"24599",223,68,9.56820871438271,155
"24600",223,69,8.83532928470841,154
"24601",223,70,8.56203890207851,153
"24602",223,71,7.66509213792344,152
"24603",223,72,6.89584504701358,151
"24604",223,73,6.53212786441965,150
"24605",223,74,7.73594048816014,149
"24606",223,75,7.92689061031496,148
"24607",223,76,6.07257513198879,147
"24608",223,77,3.75582572082951,146
"24609",223,78,6.23183750733728,145
"24610",223,79,6.68296183255235,144
"24611",223,80,8.01735780257457,143
"24612",223,81,5.88999433642548,142
"24613",223,82,9.27090620959602,141
"24614",223,83,10.3604093757899,140
"24615",223,84,8.35883273457842,139
"24616",223,85,7.78121632513903,138
"24617",223,86,7.85387395002848,137
"24618",223,87,8.43387204205989,136
"24619",223,88,7.917780354997,135
"24620",223,89,7.89708593375401,134
"24621",223,90,11.0123421020456,133
"24622",223,91,9.52625408055697,132
"24623",223,92,7.93525641305149,131
"24624",223,93,5.45118734795885,130
"24625",223,94,4.81765915890058,129
"24626",223,95,8.87014869689139,128
"24627",223,96,6.28396495340745,127
"24628",223,97,5.10732060950964,126
"24629",223,98,9.39324970070575,125
"24630",223,99,8.97116541783538,124
"24631",223,100,7.14469668751028,123
"24632",223,101,5.58143236461152,122
"24633",223,102,6.36799224739969,121
"24634",223,103,7.93664524790583,120
"24635",223,104,4.84226759171941,119
"24636",223,105,6.18927913393166,118
"24637",223,106,9.42876748331982,117
"24638",223,107,5.83649301194677,116
"24639",223,108,3.45077650344372,115
"24640",223,109,4.59949129727456,114
"24641",223,110,3.83144802375934,113
"24642",223,111,5.71057600115075,112
"24643",223,112,8.62383312140669,111
"24644",223,113,7.55665110854159,110
"24645",223,114,4.7310003251044,109
"24646",223,115,4.00831101136234,108
"24647",223,116,5.17696245974544,107
"24648",223,117,6.04185559574562,106
"24649",223,118,5.18301483279313,105
"24650",223,119,3.94040796048058,104
"24651",223,120,4.78069625969595,103
"24652",223,121,6.64736403627037,102
"24653",223,122,4.41050440001047,101
"24654",223,123,5.38482039651962,100
"24655",223,124,8.62863447298533,99
"24656",223,125,5.56014363048302,98
"24657",223,126,5.09514656239,97
"24658",223,127,3.31455209450822,96
"24659",223,128,4.92630642054003,95
"24660",223,129,3.49875426365455,94
"24661",223,130,3.36731216240801,93
"24662",223,131,4.16817825255604,92
"24663",223,132,4.77723008750019,91
"24664",223,133,5.94308312620871,90
"24665",223,134,6.42240617003469,89
"24666",223,135,5.18686323253555,88
"24667",223,136,4.73632246673633,87
"24668",223,137,6.25603868517272,86
"24669",223,138,5.68715124129844,85
"24670",223,139,5.96576328744905,84
"24671",223,140,4.68257547189466,83
"24672",223,141,3.35178161051488,82
"24673",223,142,3.77746843950035,81
"24674",223,143,4.58261939728432,80
"24675",223,144,3.51176403470553,79
"24676",223,145,2.60868726341004,78
"24677",223,146,2.21541726806429,77
"24678",223,147,2.79106114123384,76
"24679",223,148,3.60082042675506,75
"24680",223,149,3.93384987520761,74
"24681",223,150,2.54073624813612,73
"24682",223,151,3.43923849612915,72
"24683",223,152,3.48720153461849,71
"24684",223,153,2.59111476613114,70
"24685",223,154,2.76061660241862,69
"24686",223,155,1.76994069265707,68
"24687",223,156,2.49425316416022,67
"24688",223,157,2.26993598169077,66
"24689",223,158,1.54890008822898,65
"24690",223,159,3.0433943444961,64
"24691",223,160,3.05049804990041,63
"24692",223,161,2.45372471967175,62
"24693",223,162,2.15240912190453,61
"24694",223,163,2.34097875950952,60
"24695",223,164,3.19026814813274,59
"24696",223,165,2.98483982936342,58
"24697",223,166,1.49573055582697,57
"24698",223,167,3.31894905569404,56
"24699",223,168,3.28987344271891,55
"24700",223,169,2.38308588038605,54
"24701",223,170,2.55065730179365,53
"24702",223,171,3.28754043820808,52
"24703",223,172,2.65818208852533,51
"24704",223,173,2.75650084730357,50
"24705",223,174,3.59397426049516,49
"24706",223,175,1.83988217817452,48
"24707",223,176,1.12874481819753,47
"24708",223,177,1.76291350007411,46
"24709",223,178,2.57906444871542,45
"24710",223,179,2.41058557344943,44
"24711",223,180,1.81676136852286,43
"24712",223,181,0.594733582469447,42
"24713",223,182,1.00506185317547,41
"24714",223,183,1.06739422097177,40
"24715",223,184,2.8757578172154,39
"24716",223,185,2.77033400759087,38
"24717",223,186,2.41804745169247,37
"24718",223,187,2.94862439036903,36
"24719",223,188,2.23037877842894,35
"24720",223,189,3.3681883873902,34
"24721",223,190,1.51162054783947,33
"24722",223,191,1.96630323573514,32
"24723",223,192,4.34550643199234,31
"24724",223,193,2.93083537080546,30
"24725",223,194,2.31367516271871,29
"24726",223,195,1.63141124157696,28
"24727",223,196,1.84309956734577,27
"24728",223,197,1.8859965195919,26
"24729",223,198,2.58184639040284,25
"24730",223,199,3.12401649223193,24
"24731",223,200,3.67366750021127,23
"24732",223,201,4.26172680109931,22
"24733",223,202,5.64950522412236,21
"24734",223,203,4.83045135430362,20
"24735",223,204,3.66375162816365,19
"24736",223,205,3.45768012288519,18
"24737",223,206,4.43704724640359,17
"24738",223,207,2.05608079059838,16
"24739",223,208,1.07841071385883,15
"24740",223,209,2.82121154789299,14
"24741",223,210,3.30878954892118,13
"24742",223,211,1.70005570063038,12
"24743",223,212,1.77483823629603,11
"24744",223,213,1.87935299873021,10
"24745",223,214,1.9747858013574,9
"24746",223,215,2.45634128807337,8
"24747",223,216,2.90030881583896,7
"24748",223,217,1.74068305418282,6
"24749",223,218,3.48993459399156,5
"24750",223,219,3.82329655011071,4
"24751",223,220,2.40752280036588,3
"24752",223,221,2.45390034004222,2
"24753",223,222,1.05858568063824,1
"24754",224,1,8.24082658547358,223
"24755",224,2,8.8243706049767,222
"24756",224,3,10.0013957265529,221
"24757",224,4,9.48278515563545,220
"24758",224,5,8.4922600066813,219
"24759",224,6,8.64083024566533,218
"24760",224,7,9.03399929882368,217
"24761",224,8,11.3869886879199,216
"24762",224,9,12.7596875882538,215
"24763",224,10,10.666972627659,214
"24764",224,11,10.0891874619489,213
"24765",224,12,12.3388779844833,212
"24766",224,13,11.5939867565747,211
"24767",224,14,9.1114645206982,210
"24768",224,15,8.19655049489812,209
"24769",224,16,8.73888296525759,208
"24770",224,17,10.1936099230524,207
"24771",224,18,10.7712943489145,206
"24772",224,19,9.59109198627341,205
"24773",224,20,8.83283023113296,204
"24774",224,21,12.060287059328,203
"24775",224,22,10.9201912954931,202
"24776",224,23,11.5833647763218,201
"24777",224,24,10.4673626946475,200
"24778",224,25,8.86633002211269,199
"24779",224,26,13.2002394243989,198
"24780",224,27,9.7029870332731,197
"24781",224,28,10.2252071161756,196
"24782",224,29,9.70067225055888,195
"24783",224,30,9.91031310442929,194
"24784",224,31,10.3818128846022,193
"24785",224,32,11.1830235704587,192
"24786",224,33,11.3276176304067,191
"24787",224,34,10.592857239823,190
"24788",224,35,8.73302004967667,189
"24789",224,36,11.2205559026062,188
"24790",224,37,7.68015539997429,187
"24791",224,38,9.44285956658803,186
"24792",224,39,11.9988941791927,185
"24793",224,40,10.4163540913245,184
"24794",224,41,10.3673898326891,183
"24795",224,42,8.66398369610203,182
"24796",224,43,9.36173129620184,181
"24797",224,44,7.90658506460798,180
"24798",224,45,8.60801044828968,179
"24799",224,46,9.93577748427343,178
"24800",224,47,7.70094687554045,177
"24801",224,48,5.96872403223045,176
"24802",224,49,5.01944527258287,175
"24803",224,50,11.1594984390981,174
"24804",224,51,8.01146499376833,173
"24805",224,52,10.2211613438264,172
"24806",224,53,10.3214902959333,171
"24807",224,54,7.71928484237745,170
"24808",224,55,10.0055277299706,169
"24809",224,56,10.2653151698012,168
"24810",224,57,8.22637253845016,167
"24811",224,58,7.16918210702161,166
"24812",224,59,9.74740847738425,165
"24813",224,60,8.92042953190185,164
"24814",224,61,8.53652525544808,163
"24815",224,62,10.0175796083977,162
"24816",224,63,9.40305907559166,161
"24817",224,64,9.04854841747937,160
"24818",224,65,11.5296380989184,159
"24819",224,66,11.1064346116062,158
"24820",224,67,6.35211106667897,157
"24821",224,68,10.18132305639,156
"24822",224,69,9.33079181013539,155
"24823",224,70,9.1751532440858,154
"24824",224,71,8.27820647993072,153
"24825",224,72,7.50895938902087,152
"24826",224,73,6.4203115022204,151
"24827",224,74,8.34905483016742,150
"24828",224,75,8.54000495232225,149
"24829",224,76,6.68568947399608,148
"24830",224,77,4.3689400628368,147
"24831",224,78,6.72730003276426,146
"24832",224,79,7.29607617455963,145
"24833",224,80,8.63047214458186,144
"24834",224,81,6.50310867843277,143
"24835",224,82,9.8840205516033,142
"24836",224,83,10.9735237177972,141
"24837",224,84,8.97194707658571,140
"24838",224,85,8.276678850566,139
"24839",224,86,8.46698829203577,138
"24840",224,87,8.92933456748686,137
"24841",224,88,8.41324288042398,136
"24842",224,89,8.51020027576129,135
"24843",224,90,11.6254564440529,134
"24844",224,91,10.1393684225643,133
"24845",224,92,8.54837075505877,132
"24846",224,93,6.06430168996613,131
"24847",224,94,5.43077350090786,130
"24848",224,95,9.48326303889867,129
"24849",224,96,6.89707929541473,128
"24850",224,97,5.65582325904297,127
"24851",224,98,10.006364042713,126
"24852",224,99,8.75938821256954,125
"24853",224,100,7.28885603611464,124
"24854",224,101,6.19454670661881,123
"24855",224,102,6.98110658940698,122
"24856",224,103,8.54975958991311,121
"24857",224,104,4.43639519754832,120
"24858",224,105,6.80239347593894,119
"24859",224,106,10.0418818253271,118
"24860",224,107,6.44960735395406,117
"24861",224,108,4.03192314414243,116
"24862",224,109,5.03507955186851,115
"24863",224,110,4.44456236576662,114
"24864",224,111,6.20603852657773,113
"24865",224,112,9.23694746341397,112
"24866",224,113,8.16976545054888,111
"24867",224,114,5.34411466711169,110
"24868",224,115,4.62142535336963,109
"24869",224,116,5.79007680175273,108
"24870",224,117,6.65496993775291,107
"24871",224,118,5.79612917480041,106
"24872",224,119,4.55352230248786,105
"24873",224,120,5.39381060170323,104
"24874",224,121,6.24149164209928,103
"24875",224,122,5.02361874201776,102
"24876",224,123,5.99793473852691,101
"24877",224,124,9.24174881499262,100
"24878",224,125,6.17325797249031,99
"24879",224,126,5.70826090439728,98
"24880",224,127,3.81462198583443,97
"24881",224,128,4.52043402636894,96
"24882",224,129,4.11186860566183,95
"24883",224,130,2.96143976823692,94
"24884",224,131,3.76230585838495,93
"24885",224,132,5.39034442950748,92
"24886",224,133,6.556197468216,91
"24887",224,134,6.25919177871767,90
"24888",224,135,5.49260383462146,89
"24889",224,136,4.36296400798893,88
"24890",224,137,6.86915302718,87
"24891",224,138,6.30026558330572,86
"24892",224,139,5.55989089327796,85
"24893",224,140,4.27670307772357,84
"24894",224,141,2.94590921634379,83
"24895",224,142,3.95390762319334,82
"24896",224,143,5.19573373929161,81
"24897",224,144,4.12487837671281,80
"24898",224,145,2.94704584551299,79
"24899",224,146,2.73894147881569,78
"24900",224,147,3.40417548324113,77
"24901",224,148,4.21393476876235,76
"24902",224,149,4.5469642172149,75
"24903",224,150,2.19104019800061,74
"24904",224,151,2.94377597070217,73
"24905",224,152,4.01072574536989,72
"24906",224,153,3.08657729155811,71
"24907",224,154,3.2560791278456,70
"24908",224,155,1.36406829848598,69
"24909",224,156,2.42837248992755,68
"24910",224,157,1.86406358751968,67
"24911",224,158,2.07242429898038,66
"24912",224,159,2.83915263587201,65
"24913",224,160,3.18611800547304,64
"24914",224,161,2.34668667239032,63
"24915",224,162,2.41722645127673,62
"24916",224,163,2.92212540020824,61
"24917",224,164,3.80338249014002,60
"24918",224,165,3.5979541713707,59
"24919",224,166,2.10884489783426,58
"24920",224,167,3.93206339770132,57
"24921",224,168,3.33680311883226,56
"24922",224,169,1.97721348621496,55
"24923",224,170,2.14478490762256,54
"24924",224,171,3.65820486654801,53
"24925",224,172,3.27129643053261,52
"24926",224,173,3.28002505805497,51
"24927",224,174,4.11749847124655,50
"24928",224,175,2.36340638892591,49
"24929",224,176,1.74185916020482,48
"24930",224,177,1.35704110590302,47
"24931",224,178,2.17319205454433,46
"24932",224,179,2.40054309832394,45
"24933",224,180,2.34028557927426,44
"24934",224,181,1.20784792447673,43
"24935",224,182,0.458758081085309,42
"24936",224,183,0.571931695544796,41
"24937",224,184,3.3992820279668,40
"24938",224,185,2.27487148216389,39
"24939",224,186,1.93915402775741,38
"24940",224,187,3.08424434594167,37
"24941",224,188,2.60834460307557,36
"24942",224,189,3.89171259814159,35
"24943",224,190,2.03514475859087,34
"24944",224,191,2.48982744648653,33
"24945",224,192,4.86903064274373,32
"24946",224,193,3.45435958155686,31
"24947",224,194,2.35175331202028,30
"24948",224,195,2.24452558358425,29
"24949",224,196,2.45621390935305,28
"24950",224,197,2.49911086159919,27
"24951",224,198,3.10537060115424,26
"24952",224,199,3.64754070298333,25
"24953",224,200,3.30771448236392,24
"24954",224,201,3.76626427567233,23
"24955",224,202,6.17302943487376,22
"24956",224,203,4.52952620730365,21
"24957",224,204,3.31395153343479,20
"24958",224,205,3.98120433363658,19
"24959",224,206,3.94158472097661,18
"24960",224,207,2.57960500134977,17
"24961",224,208,1.48428310802992,16
"24962",224,209,3.34473575864438,15
"24963",224,210,3.83231375967258,14
"24964",224,211,2.22357991138178,13
"24965",224,212,2.29836244704743,12
"24966",224,213,2.19273314205123,11
"24967",224,214,2.49831001210879,10
"24968",224,215,2.22000182239902,9
"24969",224,216,3.42383302659035,8
"24970",224,217,2.26420726493421,7
"24971",224,218,4.01345880474296,6
"24972",224,219,4.3468207608621,5
"24973",224,220,2.93104701111728,4
"24974",224,221,2.62172209725848,3
"24975",224,222,1.58210989138964,2
"24976",224,223,0.613114342007285,1
"24977",225,1,6.19094696634642,224
"24978",225,2,5.89809893116768,223
"24979",225,3,10.5551168820485,222
"24980",225,4,9.30778034858961,221
"24981",225,5,9.68890780981032,220
"24982",225,6,10.3382079741145,219
"24983",225,7,9.87323593999602,218
"24984",225,8,10.615479781455,217
"24985",225,9,13.355171777155,216
"24986",225,10,10.6069681241841,215
"24987",225,11,9.526265382101,214
"24988",225,12,10.710702502251,213
"24989",225,13,11.702056276786,212
"24990",225,14,10.5216604527636,211
"24991",225,15,9.31501904586026,210
"24992",225,16,9.26648065475529,209
"24993",225,17,9.85324305837495,208
"24994",225,18,9.07701313872918,207
"24995",225,19,6.29603268501237,206
"24996",225,20,8.43217987660147,205
"24997",225,21,12.3476445020859,204
"24998",225,22,12.8004176503688,203
"24999",225,23,12.1471838191605,202
"25000",225,24,11.6705545125743,201
"25001",225,25,9.12805249890849,200
"25002",225,26,9.82358315079856,199
"25003",225,27,9.12479038615263,198
"25004",225,28,9.0811657379524,197
"25005",225,29,9.08975110351742,196
"25006",225,30,8.86589256152532,195
"25007",225,31,9.32817978180149,194
"25008",225,32,10.0389821922355,193
"25009",225,33,7.95096135680636,192
"25010",225,34,11.1391428005108,191
"25011",225,35,9.47241990471569,190
"25012",225,36,9.15421122658046,189
"25013",225,37,8.28343455832659,188
"25014",225,38,8.29881818836482,187
"25015",225,39,11.1993639714989,186
"25016",225,40,10.7850423983303,185
"25017",225,41,10.9195243694011,184
"25018",225,42,10.5213275573348,183
"25019",225,43,8.68851623328196,182
"25020",225,44,8.18980116342218,181
"25021",225,45,9.46121262215027,180
"25022",225,46,10.788979658134,179
"25023",225,47,8.44015452357613,178
"25024",225,48,5.61179323555073,177
"25025",225,49,4.50564090515543,176
"25026",225,50,12.0127006129586,175
"25027",225,51,8.86466716762891,174
"25028",225,52,8.51963835765748,173
"25029",225,53,9.39621401604066,172
"25030",225,54,10.6969563618145,171
"25031",225,55,7.06172257401066,170
"25032",225,56,7.12273895046902,169
"25033",225,57,8.07407773487436,168
"25034",225,58,6.69182987411283,167
"25035",225,59,6.37075220378393,166
"25036",225,60,8.16012107837535,165
"25037",225,61,8.9247271124176,164
"25038",225,62,10.8707817822583,163
"25039",225,63,7.83959792125028,162
"25040",225,64,5.67189214387905,161
"25041",225,65,8.1529818253181,160
"25042",225,66,10.1269038475054,159
"25043",225,67,9.35949807350375,158
"25044",225,68,6.80466678278967,157
"25045",225,69,10.183993983996,156
"25046",225,70,6.87441274867096,155
"25047",225,71,6.71674966214086,154
"25048",225,72,6.85096095519261,153
"25049",225,73,8.11008511874657,152
"25050",225,74,6.67254162983918,151
"25051",225,75,5.38020362242375,150
"25052",225,76,5.06094524626971,149
"25053",225,77,3.74017306320804,148
"25054",225,78,7.58050220662484,147
"25055",225,79,7.45643005384459,146
"25056",225,80,5.25381587098153,145
"25057",225,81,4.53827420379613,144
"25058",225,82,6.50736427800298,143
"25059",225,83,7.59686744419689,142
"25060",225,84,8.7494754988549,141
"25061",225,85,9.17886001674883,140
"25062",225,86,8.96543915340057,139
"25063",225,87,9.78253674134744,138
"25064",225,88,9.26644505428456,137
"25065",225,89,7.25157200883781,136
"25066",225,90,8.24880017045258,135
"25067",225,91,7.34536428243529,134
"25068",225,92,6.56352658694752,133
"25069",225,93,6.80411092923795,132
"25070",225,94,6.1327090534509,131
"25071",225,95,7.28312493110142,130
"25072",225,96,6.99955531211779,129
"25073",225,97,5.26054797985376,128
"25074",225,98,6.62970776911271,127
"25075",225,99,7.42125164544108,126
"25076",225,100,5.59478291511598,125
"25077",225,101,2.98767208878528,124
"25078",225,102,3.60445031580665,123
"25079",225,103,5.17310331631279,122
"25080",225,104,5.8358650804943,121
"25081",225,105,4.21007816423337,120
"25082",225,106,6.66522555172678,119
"25083",225,107,6.43443155407681,118
"25084",225,108,4.41636613691155,117
"25085",225,109,3.90675504567964,116
"25086",225,110,2.61978061358719,115
"25087",225,111,7.05924070043831,114
"25088",225,112,5.86029118981365,113
"25089",225,113,4.79310917694855,112
"25090",225,114,2.46892732233798,111
"25091",225,115,1.92420628553102,110
"25092",225,116,2.41901403166067,109
"25093",225,117,3.27831366415258,108
"25094",225,118,2.80604315567824,107
"25095",225,119,4.84087974524569,106
"25096",225,120,5.05929415682229,105
"25097",225,121,5.09745026387606,104
"25098",225,122,2.37527462190804,103
"25099",225,123,3.05827092651058,102
"25100",225,124,5.86509254139229,101
"25101",225,125,6.63428294244257,100
"25102",225,126,4.20842674665171,99
"25103",225,127,4.29694913034467,98
"25104",225,128,4.692963536406,97
"25105",225,129,3.55104110349402,96
"25106",225,130,5.05001314829614,95
"25107",225,131,3.9180279660534,94
"25108",225,132,2.58039304476786,93
"25109",225,133,4.00484892026222,92
"25110",225,134,4.87249239764038,91
"25111",225,135,3.63694946014125,90
"25112",225,136,3.18640869434203,89
"25113",225,137,3.49249675357968,88
"25114",225,138,3.18273236945802,87
"25115",225,139,4.41584951505475,86
"25116",225,140,3.26712091844927,85
"25117",225,141,3.18566833585531,84
"25118",225,142,2.22755466710604,83
"25119",225,143,1.81907746569128,82
"25120",225,144,0.861682732166986,81
"25121",225,145,1.50696640553818,80
"25122",225,146,0.660672043809353,79
"25123",225,147,1.04716380469617,78
"25124",225,148,0.837278495162022,77
"25125",225,149,1.17030794361457,76
"25126",225,150,1.79153108468854,75
"25127",225,151,3.33991507562741,74
"25128",225,152,1.74428020466855,73
"25129",225,153,3.9397794654187,72
"25130",225,154,4.10928130170618,71
"25131",225,155,3.89524108955937,70
"25132",225,156,1.9807913891899,69
"25133",225,157,2.46238510620229,68
"25134",225,158,1.37203759557839,67
"25135",225,159,3.14016624890946,66
"25136",225,160,3.86998825616423,65
"25137",225,161,2.78019330781556,64
"25138",225,162,1.81218856473389,63
"25139",225,163,0.791064987115217,62
"25140",225,164,3.58651786183939,61
"25141",225,165,3.21301551938391,60
"25142",225,166,3.33268443665154,59
"25143",225,167,1.23966495443829,58
"25144",225,168,1.7399596703246,57
"25145",225,169,1.62871352282494,56
"25146",225,170,1.84670715133839,55
"25147",225,171,1.73762666581378,54
"25148",225,172,0.946244873127704,53
"25149",225,173,1.51056320772232,52
"25150",225,174,1.38463685174978,51
"25151",225,175,1.37851461576514,50
"25152",225,176,1.72524014554396,49
"25153",225,177,3.12068033745027,48
"25154",225,178,1.98717261133219,47
"25155",225,179,2.34487695768491,46
"25156",225,180,2.36943145173869,45
"25157",225,181,2.48331555325475,44
"25158",225,182,3.76860378476851,43
"25159",225,183,3.55081726172852,42
"25160",225,184,0.946539299306318,41
"25161",225,185,2.65420318472051,40
"25162",225,186,2.9405979188295,39
"25163",225,187,1.59995969108147,38
"25164",225,188,1.93497347893397,37
"25165",225,189,0.805895528903901,36
"25166",225,190,1.7010092412231,35
"25167",225,191,2.16557602782014,34
"25168",225,192,3.04376875115219,33
"25169",225,193,2.95126759935537,32
"25170",225,194,2.28158135169143,31
"25171",225,195,2.27416504138267,30
"25172",225,196,1.68403742584796,29
"25173",225,197,1.14745300695889,28
"25174",225,198,1.70588727228636,27
"25175",225,199,1.61498303353823,26
"25176",225,200,3.38946265365475,25
"25177",225,201,3.21559534444682,24
"25178",225,202,3.60263488963297,23
"25179",225,203,5.48746104038957,22
"25180",225,204,5.40204201527115,21
"25181",225,205,4.39867518832672,20
"25182",225,206,3.08838254711603,19
"25183",225,207,2.32292650657589,18
"25184",225,208,3.35640253940869,17
"25185",225,209,3.08310238301157,16
"25186",225,210,4.23263210771329,15
"25187",225,211,3.80044519518466,14
"25188",225,212,3.77040441884117,13
"25189",225,213,2.93414683815465,12
"25190",225,214,2.76286632113795,11
"25191",225,215,2.07689897673534,10
"25192",225,216,0.710079423193003,9
"25193",225,217,1.20218129007077,8
"25194",225,218,0.927641735505265,7
"25195",225,219,1.52025680711873,6
"25196",225,220,2.1955131312539,5
"25197",225,221,3.24536924507709,4
"25198",225,222,2.89411332040526,3
"25199",225,223,2.76354193159304,2
"25200",225,224,3.37665627360033,1
"25201",226,1,5.52065183138385,225
"25202",226,2,5.96227671340952,224
"25203",226,3,10.6192946642904,223
"25204",226,4,9.66273675811257,222
"25205",226,5,10.0438642193333,221
"25206",226,6,10.6931643836375,220
"25207",226,7,10.228192349519,219
"25208",226,8,10.6796575636968,218
"25209",226,9,13.4193495593968,217
"25210",226,10,10.671145906426,216
"25211",226,11,9.88122179162396,215
"25212",226,12,10.7748802844928,214
"25213",226,13,11.7662340590278,213
"25214",226,14,10.8766168622866,212
"25215",226,15,9.66997545538322,211
"25216",226,16,9.62143706427825,210
"25217",226,17,10.2081994678979,209
"25218",226,18,8.24984443301889,208
"25219",226,19,6.48754046798101,207
"25220",226,20,8.78713628612443,206
"25221",226,21,12.4118222843277,205
"25222",226,22,13.1553740598918,204
"25223",226,23,12.2113616014024,203
"25224",226,24,12.0255109220973,202
"25225",226,25,9.48300890843146,201
"25226",226,26,8.70563581780715,200
"25227",226,27,9.47974679567559,199
"25228",226,28,8.58284394402549,198
"25229",226,29,9.44470751304038,197
"25230",226,30,9.22084897104829,196
"25231",226,31,9.68313619132445,195
"25232",226,32,9.21181348652523,194
"25233",226,33,7.3988587549177,193
"25234",226,34,11.2033205827526,192
"25235",226,35,9.82737631423864,191
"25236",226,36,8.32704252087017,190
"25237",226,37,8.63839096784955,189
"25238",226,38,8.53612278130747,188
"25239",226,39,11.2635417537407,187
"25240",226,40,11.1399988078532,186
"25241",226,41,11.0018579331835,185
"25242",226,42,10.8762839668577,184
"25243",226,43,9.04347264280492,183
"25244",226,44,8.25397894566401,182
"25245",226,45,9.5253904043921,181
"25246",226,46,10.8531574403758,180
"25247",226,47,8.50433230581797,179
"25248",226,48,5.67597101779256,178
"25249",226,49,4.56981868739727,177
"25250",226,50,12.0768783952005,176
"25251",226,51,8.92884494987075,175
"25252",226,52,8.58381613989931,174
"25253",226,53,9.75117042556362,173
"25254",226,54,11.0519127713375,172
"25255",226,55,7.1259003562525,171
"25256",226,56,7.18691673271086,170
"25257",226,57,8.42903414439732,169
"25258",226,58,7.04678628363579,168
"25259",226,59,5.25280487079251,167
"25260",226,60,8.38577606950539,166
"25261",226,61,8.98890489465944,165
"25262",226,62,10.9349595645001,164
"25263",226,63,8.19455433077324,163
"25264",226,64,4.93490811593562,162
"25265",226,65,7.03503449232668,161
"25266",226,66,10.1910816297472,160
"25267",226,67,9.71445448302671,159
"25268",226,68,6.31714986222662,158
"25269",226,69,10.2481717662378,157
"25270",226,70,6.9385905309128,156
"25271",226,71,6.82925615799646,155
"25272",226,72,6.91513873743444,154
"25273",226,73,8.46504152826953,153
"25274",226,74,7.02749803936214,152
"25275",226,75,5.10402190412236,151
"25276",226,76,5.41590165579267,150
"25277",226,77,3.80435084544987,149
"25278",226,78,7.64467998886668,148
"25279",226,79,7.81138646336755,147
"25280",226,80,5.21300789506804,146
"25281",226,81,4.60245198603797,145
"25282",226,82,5.38941694501156,144
"25283",226,83,6.63579368195318,143
"25284",226,84,8.81365328109674,142
"25285",226,85,9.53381642627179,141
"25286",226,86,9.32039556292353,140
"25287",226,87,10.1179847896162,139
"25288",226,88,9.3306228365264,138
"25289",226,89,7.60652841836077,137
"25290",226,90,7.26057043422751,136
"25291",226,91,7.40954206467713,135
"25292",226,92,6.91848299647048,134
"25293",226,93,7.15906733876091,133
"25294",226,94,6.19688683569274,132
"25295",226,95,7.34730271334326,131
"25296",226,96,7.06373309435963,130
"25297",226,97,5.61550438937672,129
"25298",226,98,5.5117604361213,128
"25299",226,99,6.59408293973079,127
"25300",226,100,4.76761420940569,126
"25301",226,101,3.05184987102712,125
"25302",226,102,3.53976238260784,124
"25303",226,103,4.05515598332137,123
"25304",226,104,6.19082149001726,122
"25305",226,105,4.2742559464752,121
"25306",226,106,5.54727821873537,120
"25307",226,107,6.49860933631864,119
"25308",226,108,4.77132254643451,118
"25309",226,109,4.2617114552026,117
"25310",226,110,2.68395839582902,116
"25311",226,111,7.12341848268015,115
"25312",226,112,6.0054156656863,114
"25313",226,113,3.67516184395714,113
"25314",226,114,1.73140257790094,112
"25315",226,115,1.64607490855487,111
"25316",226,116,2.48319181390251,110
"25317",226,117,2.16036633116117,109
"25318",226,118,2.87022093792007,108
"25319",226,119,4.90505752748753,107
"25320",226,120,5.12347193906413,106
"25321",226,121,5.01541421181502,105
"25322",226,122,2.72462408200082,104
"25323",226,123,3.12244870875242,103
"25324",226,124,5.82842590942243,102
"25325",226,125,6.6984607246844,101
"25326",226,126,4.27260452889355,100
"25327",226,127,4.65190553986763,99
"25328",226,128,5.04791994592896,98
"25329",226,129,3.90599751301698,97
"25330",226,130,5.40496955781909,96
"25331",226,131,4.27298437557636,95
"25332",226,132,2.69443887170003,94
"25333",226,133,3.17768021455193,93
"25334",226,134,4.0453236919301,92
"25335",226,135,2.80978075443096,91
"25336",226,136,2.75701069604834,90
"25337",226,137,2.37454942058827,89
"25338",226,138,2.35556366374773,88
"25339",226,139,3.58868080934446,87
"25340",226,140,3.62207732797223,86
"25341",226,141,3.54062474537827,85
"25342",226,142,2.31359263873116,84
"25343",226,143,0.801974546911561,83
"25344",226,144,1.06537252037241,82
"25345",226,145,1.86192281506114,81
"25346",226,146,1.77861937680077,80
"25347",226,147,1.55982530627531,79
"25348",226,148,0.901456277403858,78
"25349",226,149,0.27852754543033,77
"25350",226,150,2.90947841767995,76
"25351",226,151,4.45786240861882,75
"25352",226,152,2.86222753765996,74
"25353",226,153,4.69885824987302,73
"25354",226,154,4.17345908394802,72
"25355",226,155,4.25019749908233,71
"25356",226,156,2.33574779871286,70
"25357",226,157,2.81734151572525,69
"25358",226,158,2.4899849285698,68
"25359",226,159,4.25811358190087,67
"25360",226,160,4.98793558915565,66
"25361",226,161,3.89814064080698,65
"25362",226,162,2.93013589772531,64
"25363",226,163,1.5724782063835,63
"25364",226,164,3.65069564408122,62
"25365",226,165,3.27719330162575,61
"25366",226,166,3.6876408461745,60
"25367",226,167,1.59462136396125,59
"25368",226,168,2.01087906800448,58
"25369",226,169,2.67899738500667,57
"25370",226,170,2.96422803388352,56
"25371",226,171,1.86847989511456,55
"25372",226,172,1.22330717605912,54
"25373",226,173,2.62851054071373,53
"25374",226,174,2.21180555746007,52
"25375",226,175,2.22149809966551,51
"25376",226,176,2.75274444638692,50
"25377",226,177,3.9461892769055,49
"25378",226,178,2.79047059004369,48
"25379",226,179,3.46282429067632,47
"25380",226,180,3.19660015744898,46
"25381",226,181,3.28675568211501,45
"25382",226,182,4.88655111775992,44
"25383",226,183,4.66876459471994,43
"25384",226,184,1.77370800501661,42
"25385",226,185,3.77215051771192,41
"25386",226,186,4.05854525182091,40
"25387",226,187,2.53302559801812,39
"25388",226,188,3.05292081192539,38
"25389",226,189,1.25208748364431,37
"25390",226,190,2.81895657421451,36
"25391",226,191,3.28352336081156,35
"25392",226,192,3.87093745686248,34
"25393",226,193,4.06921493234679,33
"25394",226,194,3.39952868468284,32
"25395",226,195,2.71916307215212,31
"25396",226,196,2.03899383537092,30
"25397",226,197,1.99549274499255,29
"25398",226,198,2.53305597799665,28
"25399",226,199,2.61978187125521,27
"25400",226,200,4.50740998664616,26
"25401",226,201,4.33354267743824,25
"25402",226,202,4.4457224181267,24
"25403",226,203,6.60540837338098,23
"25404",226,204,6.51998934826257,22
"25405",226,205,5.51662252131813,21
"25406",226,206,3.8365670279979,20
"25407",226,207,3.4408738395673,19
"25408",226,208,4.4743498724001,18
"25409",226,209,4.20104971600299,17
"25410",226,210,5.3505794407047,16
"25411",226,211,4.91839252817607,15
"25412",226,212,4.88835175183259,14
"25413",226,213,4.05209417114607,13
"25414",226,214,3.88081365412936,12
"25415",226,215,3.19484630972675,11
"25416",226,216,1.45265695464471,10
"25417",226,217,2.32012862306218,9
"25418",226,218,1.41305544441308,8
"25419",226,219,2.32445699861472,7
"25420",226,220,3.31346046424531,6
"25421",226,221,4.36331657806851,5
"25422",226,222,4.01206065339667,4
"25423",226,223,3.88148926458445,3
"25424",226,224,4.49460360659174,2
"25425",226,225,1.11794733299141,1
"25426",227,1,5.74851233914948,226
"25427",227,2,5.2853885416575,225
"25428",227,3,9.94240649253834,224
"25429",227,4,8.63004208823205,223
"25430",227,5,9.01116954945276,222
"25431",227,6,9.66046971375699,221
"25432",227,7,9.19549767963846,220
"25433",227,8,10.0027693919448,219
"25434",227,9,12.7424613876448,218
"25435",227,10,9.99425773467397,217
"25436",227,11,8.84852712174344,216
"25437",227,12,10.0979921127408,215
"25438",227,13,11.0893458872758,214
"25439",227,14,9.84392219240608,213
"25440",227,15,8.6372807855027,212
"25441",227,16,8.58874239439774,211
"25442",227,17,9.17550479801739,210
"25443",227,18,8.63457851153224,209
"25444",227,19,5.85359805781543,208
"25445",227,20,7.75444161624391,207
"25446",227,21,11.7349341125757,206
"25447",227,22,12.1226793900113,205
"25448",227,23,11.5344734296504,204
"25449",227,24,10.9928162522168,203
"25450",227,25,8.45031423855094,202
"25451",227,26,9.44617639444899,201
"25452",227,27,8.44705212579508,200
"25453",227,28,8.63873111075546,199
"25454",227,29,8.41201284315987,198
"25455",227,30,8.32383709900913,197
"25456",227,31,8.65044152144394,196
"25457",227,32,9.59654756503858,195
"25458",227,33,7.57355460045679,194
"25459",227,34,10.5264324110006,193
"25460",227,35,8.79468164435813,192
"25461",227,36,8.71177659938352,191
"25462",227,37,7.60569629796904,190
"25463",227,38,7.85638356116787,189
"25464",227,39,10.5866535819887,188
"25465",227,40,10.1073041379727,187
"25466",227,41,10.3068139798909,186
"25467",227,42,9.84358929697722,185
"25468",227,43,8.0107779729244,184
"25469",227,44,7.577090773912,183
"25470",227,45,8.84850223264009,182
"25471",227,46,10.1762692686238,181
"25472",227,47,7.82744413406595,180
"25473",227,48,4.99908284604055,179
"25474",227,49,3.89293051564526,178
"25475",227,50,11.3999902234485,177
"25476",227,51,8.25195677811873,176
"25477",227,52,7.9069279681473,175
"25478",227,53,8.71847575568311,174
"25479",227,54,10.019218101457,173
"25480",227,55,6.44901218450048,172
"25481",227,56,6.51125213985128,171
"25482",227,57,7.39633947451681,170
"25483",227,58,6.01409161375528,169
"25484",227,59,5.99334544743436,168
"25485",227,60,7.54741068886517,167
"25486",227,61,8.31201672290742,166
"25487",227,62,10.2580713927481,165
"25488",227,63,7.16185966089273,164
"25489",227,64,5.29448538752948,163
"25490",227,65,7.77557506896853,162
"25491",227,66,9.51419345799523,161
"25492",227,67,8.6817598131462,160
"25493",227,68,6.4272600264401,159
"25494",227,69,9.57128359448579,158
"25495",227,70,6.26170235916078,157
"25496",227,71,6.10403927263068,156
"25497",227,72,6.23825056568243,155
"25498",227,73,7.43234685838901,154
"25499",227,74,5.99480336948162,153
"25500",227,75,4.93776899522681,152
"25501",227,76,4.399463953624,151
"25502",227,77,3.12746267369786,150
"25503",227,78,6.96779181711466,149
"25504",227,79,6.77869179348704,148
"25505",227,80,4.87640911463196,147
"25506",227,81,3.92556381428596,146
"25507",227,82,6.12995752165341,145
"25508",227,83,7.21946068784732,144
"25509",227,84,8.13676510934472,143
"25510",227,85,8.51717063491641,142
"25511",227,86,8.28770089304301,141
"25512",227,87,9.16982635183726,140
"25513",227,88,8.65373466477438,139
"25514",227,89,6.57383374848025,138
"25515",227,90,7.87139341410301,137
"25516",227,91,6.73265389292511,136
"25517",227,92,5.88578832658996,135
"25518",227,93,6.1263726688804,134
"25519",227,94,5.51999866394072,133
"25520",227,95,6.67041454159124,132
"25521",227,96,6.38684492260761,131
"25522",227,97,4.58280971949621,130
"25523",227,98,6.25230101276314,129
"25524",227,99,6.97881701824414,128
"25525",227,100,5.15234828791904,127
"25526",227,101,2.44048367666891,126
"25527",227,102,3.22704355945708,125
"25528",227,103,4.79569655996322,124
"25529",227,104,5.15812682013675,123
"25530",227,105,3.59736777472319,122
"25531",227,106,6.28781879537722,121
"25532",227,107,5.82172116456663,120
"25533",227,108,3.73862787655399,119
"25534",227,109,3.22901678532209,118
"25535",227,110,2.00707022407701,117
"25536",227,111,6.44653031092813,116
"25537",227,112,5.48288443346408,115
"25538",227,113,4.41570242059898,114
"25539",227,114,2.02649269514104,113
"25540",227,115,1.48177165833408,112
"25541",227,116,2.03601377180283,111
"25542",227,117,2.90090690780301,110
"25543",227,118,2.19333276616806,109
"25544",227,119,4.22816935573551,108
"25545",227,120,4.44658376731211,107
"25546",227,121,4.65501563667912,106
"25547",227,122,1.93283999471109,105
"25548",227,123,2.4455605370004,104
"25549",227,124,5.48768578504272,103
"25550",227,125,6.02157255293239,102
"25551",227,126,3.59571635714153,101
"25552",227,127,3.61921086998712,100
"25553",227,128,4.01522527604844,99
"25554",227,129,2.87330284313646,98
"25555",227,130,4.37227488793858,97
"25556",227,131,3.24028970569584,96
"25557",227,132,2.13795841757091,95
"25558",227,133,3.56241429306528,94
"25559",227,134,4.43005777044344,93
"25560",227,135,3.19451483294431,92
"25561",227,136,2.74397406714508,91
"25562",227,137,3.11508999723011,90
"25563",227,138,2.74029774226108,89
"25564",227,139,3.97341488785781,88
"25565",227,140,2.69022707230341,87
"25566",227,141,2.50793007549776,86
"25567",227,142,1.7851200399091,85
"25568",227,143,1.44167070934172,84
"25569",227,144,0.419248104970044,83
"25570",227,145,0.829228145180624,82
"25571",227,146,1.03807880015892,81
"25572",227,147,1.17509122776196,80
"25573",227,148,0.459871738812457,79
"25574",227,149,0.792901187265004,78
"25575",227,150,2.16893784103811,77
"25576",227,151,3.71732183197697,76
"25577",227,152,2.12168696101811,75
"25578",227,153,4.31412417135967,74
"25579",227,154,3.496570912196,73
"25580",227,155,3.21750282920181,72
"25581",227,156,1.32569054002235,71
"25582",227,157,1.9868909699928,70
"25583",227,158,1.74944435192796,69
"25584",227,159,3.51757300525903,68
"25585",227,160,4.2473950125138,67
"25586",227,161,3.15760006416513,66
"25587",227,162,2.18959532108346,65
"25588",227,163,1.31375879492323,64
"25589",227,164,2.97380747232921,63
"25590",227,165,2.60030512987374,62
"25591",227,166,2.65494617629399,61
"25592",227,167,0.561926694080738,60
"25593",227,168,1.29752504312766,59
"25594",227,169,1.93845680836483,58
"25595",227,170,2.22368745724167,57
"25596",227,171,1.29519203861683,56
"25597",227,172,1.26712100723393,55
"25598",227,173,1.88796996407188,54
"25599",227,174,1.82707147894673,53
"25600",227,175,1.82094924296209,52
"25601",227,176,2.02825274827021,51
"25602",227,177,3.20564870026365,50
"25603",227,178,2.04993001340185,49
"25604",227,179,2.72228371403448,48
"25605",227,180,2.81186607893563,47
"25606",227,181,2.54621510547316,46
"25607",227,182,4.14601054111808,45
"25608",227,183,3.92822401807809,44
"25609",227,184,1.38897392650326,43
"25610",227,185,3.03160994107007,42
"25611",227,186,3.31800467517906,41
"25612",227,187,2.21267008059165,40
"25613",227,188,2.31238023528354,39
"25614",227,189,1.48363378926146,38
"25615",227,190,2.07841599757266,37
"25616",227,191,2.54298278416971,36
"25617",227,192,3.48620337834913,35
"25618",227,193,3.32867435570494,34
"25619",227,194,2.65898810804099,33
"25620",227,195,2.33442899363877,32
"25621",227,196,1.29784912059684,31
"25622",227,197,1.2549521683507,30
"25623",227,198,2.1483218994833,29
"25624",227,199,2.05741766073518,28
"25625",227,200,3.76686941000432,27
"25626",227,201,3.59300210079639,26
"25627",227,202,4.04506951682991,25
"25628",227,203,5.86486779673913,24
"25629",227,204,5.77944877162072,23
"25630",227,205,4.77608194467629,22
"25631",227,206,3.70109293662621,21
"25632",227,207,2.70033326292546,20
"25633",227,208,3.73380929575826,19
"25634",227,209,3.46050913936114,18
"25635",227,210,4.61003886406286,17
"25636",227,211,4.17785195153423,16
"25637",227,212,4.14781117519074,15
"25638",227,213,3.31155359450422,14
"25639",227,214,3.14027307748751,13
"25640",227,215,2.4543057330849,12
"25641",227,216,1.32278981270318,11
"25642",227,217,1.57958804642033,10
"25643",227,218,1.60537999586282,9
"25644",227,219,2.13296719662891,8
"25645",227,220,2.57291988760346,7
"25646",227,221,3.62277600142666,6
"25647",227,222,3.27152007675483,5
"25648",227,223,3.14094868794261,4
"25649",227,224,3.75406302994989,3
"25650",227,225,0.677738260357555,2
"25651",227,226,1.03269466988052,1
"25652",228,1,7.53093532297285,227
"25653",228,2,6.14067537307141,226
"25654",228,3,9.2143822371411,225
"25655",228,4,8.77679556538556,224
"25656",228,5,8.99520047983428,223
"25657",228,6,9.64450064413851,222
"25658",228,7,9.17952861001998,221
"25659",228,8,9.27474513654756,220
"25660",228,9,12.0144371322476,219
"25661",228,10,9.6059910988801,218
"25662",228,11,10.2851344403521,217
"25663",228,12,9.65518275257804,216
"25664",228,13,10.3613216318786,215
"25665",228,14,9.8279531227876,214
"25666",228,15,8.62131171588422,213
"25667",228,16,8.57277332477926,212
"25668",228,17,9.15953572839891,211
"25669",228,18,10.4170014953556,210
"25670",228,19,7.63602104163879,209
"25671",228,20,7.73847254662543,208
"25672",228,21,11.0069098571784,207
"25673",228,22,12.1067103203928,206
"25674",228,23,10.8064491742531,205
"25675",228,24,10.9768471825983,204
"25676",228,25,8.95368045620078,203
"25677",228,26,10.5165441924936,202
"25678",228,27,9.89893401167631,201
"25679",228,28,10.4211540945788,200
"25680",228,29,9.38305511615785,199
"25681",228,30,10.1062600828325,198
"25682",228,31,8.97622744862793,197
"25683",228,32,11.3789705488619,196
"25684",228,33,8.6439223985014,195
"25685",228,34,9.79840815560335,194
"25686",228,35,8.87127430106409,193
"25687",228,36,10.4941995832069,192
"25688",228,37,7.58972722835056,191
"25689",228,38,9.63880654499124,190
"25690",228,39,9.85862932659143,189
"25691",228,40,10.0913350683542,188
"25692",228,41,9.95319419368455,187
"25693",228,42,9.82762022735874,186
"25694",228,43,7.99480890330592,185
"25695",228,44,6.84906651851476,184
"25696",228,45,8.12047797724285,183
"25697",228,46,9.44824501322659,182
"25698",228,47,7.09941987866871,181
"25699",228,48,4.43297798905327,180
"25700",228,49,3.16490626024801,179
"25701",228,50,10.6719659680512,178
"25702",228,51,7.8645224990717,177
"25703",228,52,7.53746611192115,176
"25704",228,53,8.70250668606463,175
"25705",228,54,10.0032490318385,174
"25706",228,55,7.32183249806533,173
"25707",228,56,7.58161993789588,172
"25708",228,57,7.38037040489833,171
"25709",228,58,7.36512908542482,170
"25710",228,59,7.06371324547897,169
"25711",228,60,7.33711233000639,168
"25712",228,61,7.58399246751018,167
"25713",228,62,9.80511503103529,166
"25714",228,63,7.57728954934997,165
"25715",228,64,6.36485318557409,164
"25716",228,65,8.84594286701314,163
"25717",228,66,8.78616920259799,162
"25718",228,67,8.66579074352772,161
"25719",228,68,7.91846219346058,160
"25720",228,69,8.84325933908855,159
"25721",228,70,6.57882945945104,158
"25722",228,71,5.99908864928947,157
"25723",228,72,5.51022631028519,156
"25724",228,73,7.41637778877053,155
"25725",228,74,7.01845953485432,154
"25726",228,75,6.72019197905018,153
"25727",228,76,4.69779246015771,152
"25728",228,77,2.53760963827712,151
"25729",228,78,6.23976756171742,150
"25730",228,79,6.76272272386856,149
"25731",228,80,5.94677691267657,148
"25732",228,81,4.09458538480524,147
"25733",228,82,7.25411637446296,146
"25734",228,83,8.28982848589193,145
"25735",228,84,7.55450732923896,144
"25736",228,85,8.48515268677279,143
"25737",228,86,8.27173182342453,142
"25738",228,87,9.0693210501172,141
"25739",228,88,8.16847245682457,140
"25740",228,89,7.47667830562735,139
"25741",228,90,9.42772749656423,138
"25742",228,91,7.45567319065897,137
"25743",228,92,6.88387034851857,136
"25744",228,93,6.11040359926192,135
"25745",228,94,4.79197440854348,134
"25746",228,95,6.79956780699338,133
"25747",228,96,5.65882066721037,132
"25748",228,97,4.89739519374176,131
"25749",228,98,7.56553490284853,130
"25750",228,99,8.76124000206751,129
"25751",228,100,6.93477127174241,128
"25752",228,101,3.51085147471352,127
"25753",228,102,4.29741135750169,126
"25754",228,103,5.86606435800783,125
"25755",228,104,5.14215775051827,124
"25756",228,105,4.37761321459957,123
"25757",228,106,7.35818659342182,122
"25758",228,107,5.09369690916939,121
"25759",228,108,3.72265880693551,120
"25760",228,109,4.38956588150668,119
"25761",228,110,1.76086713386134,118
"25762",228,111,5.71850605553089,117
"25763",228,112,6.99044761278976,116
"25764",228,113,5.63183669393507,115
"25765",228,114,3.80891567896441,114
"25766",228,115,3.26419464215744,113
"25767",228,116,3.10638156984744,112
"25768",228,117,3.97127470584762,111
"25769",228,118,3.11243394289513,110
"25770",228,119,3.50014510033827,109
"25771",228,120,3.75117749193192,108
"25772",228,121,6.43743862050249,107
"25773",228,122,3.71526297853446,106
"25774",228,123,3.31423950662162,105
"25775",228,124,6.55805358308733,104
"25776",228,125,5.29354829753514,103
"25777",228,126,3.23481378451573,102
"25778",228,127,3.60324180036864,101
"25779",228,128,4.71638100477215,100
"25780",228,129,2.99739994189707,99
"25781",228,130,4.3563058183201,98
"25782",228,131,3.95825283678816,97
"25783",228,132,3.92038140139428,96
"25784",228,133,5.34483727688865,95
"25785",228,134,6.21248075426681,94
"25786",228,135,4.97693781676767,93
"25787",228,136,4.52639705096845,92
"25788",228,137,4.18545779527472,91
"25789",228,138,4.52272072608444,90
"25790",228,139,5.75583787168117,89
"25791",228,140,4.47265005612678,88
"25792",228,141,3.141856194747,87
"25793",228,142,3.56754302373247,86
"25794",228,143,2.57672823330529,85
"25795",228,144,2.20167108879341,84
"25796",228,145,2.39876184764216,83
"25797",228,146,1.3011027386651,82
"25798",228,147,0.720480251335843,81
"25799",228,148,1.6924710690471,80
"25800",228,149,2.44568460776705,79
"25801",228,150,2.53280619375598,78
"25802",228,151,3.43130844174901,77
"25803",228,152,2.37910395009412,76
"25804",228,153,2.59904482051128,75
"25805",228,154,2.76854665679876,74
"25806",228,155,3.20153375958333,73
"25807",228,156,2.28432774839234,72
"25808",228,157,2.06001056592289,71
"25809",228,158,0.942401488272923,70
"25810",228,159,3.03546429011596,69
"25811",228,160,3.17702721446919,68
"25812",228,161,2.44579466529162,67
"25813",228,162,2.14447906752439,66
"25814",228,163,2.13105334374164,65
"25815",228,164,2.24578321693197,64
"25816",228,165,1.87228087447649,63
"25817",228,166,2.63897710667551,62
"25818",228,167,2.02500903290041,61
"25819",228,168,3.07994802695103,60
"25820",228,169,2.17316046461817,59
"25821",228,170,2.34105172386049,58
"25822",228,171,3.0776150224402,57
"25823",228,172,2.28623322975413,56
"25824",228,173,2.55437155942483,55
"25825",228,174,1.7253887319849,54
"25826",228,175,0.410589724979061,53
"25827",228,176,1.03153281556793,52
"25828",228,177,2.42697300747424,51
"25829",228,178,2.36913903294754,50
"25830",228,179,2.40265551906929,49
"25831",228,180,1.02944309511226,48
"25832",228,181,1.78960822327871,47
"25833",228,182,3.07564274307347,46
"25834",228,183,2.85785622003348,45
"25835",228,184,1.20150157794544,44
"25836",228,185,2.76240395321073,43
"25837",228,186,2.41011739731233,42
"25838",228,187,2.9406943359889,41
"25839",228,188,2.2224487240488,40
"25840",228,189,1.79092772027618,39
"25841",228,190,1.42263975523517,38
"25842",228,191,1.4726149861251,37
"25843",228,192,2.47692090348207,36
"25844",228,193,2.25830655766033,35
"25845",228,194,2.30574510833857,34
"25846",228,195,0.933430396475252,33
"25847",228,196,1.16401106898825,32
"25848",228,197,0.543389638256102,31
"25849",228,198,0.713260861892583,30
"25850",228,199,1.78930978337862,29
"25851",228,200,3.66573744583113,28
"25852",228,201,4.25379674671917,27
"25853",228,202,4.1530872060458,26
"25854",228,203,4.82252129992348,25
"25855",228,204,4.70908097357611,24
"25856",228,205,3.70571414663168,23
"25857",228,206,4.42911719202345,22
"25858",228,207,1.62996546488085,21
"25859",228,208,2.66344149771365,20
"25860",228,209,2.45737095079099,19
"25861",228,210,3.53967106601825,18
"25862",228,211,3.10748415348962,17
"25863",228,212,3.07744337714613,16
"25864",228,213,2.24118579645961,15
"25865",228,214,2.06990527944291,14
"25866",228,215,2.44841123369324,13
"25867",228,216,2.05081406810042,12
"25868",228,217,1.21513114785757,11
"25869",228,218,1.83149313291168,10
"25870",228,219,2.86099145202615,9
"25871",228,220,1.68743351561363,8
"25872",228,221,2.55240820338205,7
"25873",228,222,2.20115227871022,6
"25874",228,223,2.070580889898,5
"25875",228,224,2.68369523190529,4
"25876",228,225,1.34073464490742,3
"25877",228,226,2.16715706233672,2
"25878",228,227,1.78242298382337,1
"25879",229,1,7.15205254629077,228
"25880",229,2,7.73559656579389,227
"25881",229,3,10.7700951216181,226
"25882",229,4,8.39401111645264,225
"25883",229,5,9.26520831306528,224
"25884",229,6,8.78996850123168,223
"25885",229,7,8.9768098333389,222
"25886",229,8,10.8304580210245,221
"25887",229,9,13.5701500167246,220
"25888",229,10,10.8219463637537,219
"25889",229,11,9.46981060569075,218
"25890",229,12,11.2501039453005,217
"25891",229,13,11.9170345163556,216
"25892",229,14,8.97342097988077,215
"25893",229,15,8.13863494963102,214
"25894",229,16,8.88265624841387,213
"25895",229,17,9.61466490435822,212
"25896",229,18,9.68252030973173,211
"25897",229,19,8.5023179470906,210
"25898",229,20,8.24268475950034,209
"25899",229,21,12.5626227416554,208
"25900",229,22,11.9883717089233,207
"25901",229,23,12.3621620587301,206
"25902",229,24,10.5037165077855,205
"25903",229,25,8.13835662153945,204
"25904",229,26,12.1114653852161,203
"25905",229,27,9.08361017701498,202
"25906",229,28,9.6058302599175,201
"25907",229,29,8.61189821137606,200
"25908",229,30,9.29093624817117,199
"25909",229,31,9.29303884541941,198
"25910",229,32,10.5636467142006,197
"25911",229,33,10.2388435912239,196
"25912",229,34,11.3541210400803,195
"25913",229,35,8.05595046640276,194
"25914",229,36,10.1317818634234,193
"25915",229,37,6.73519508544372,192
"25916",229,38,8.82348271032992,191
"25917",229,39,11.4143422110684,190
"25918",229,40,10.4117785182145,189
"25919",229,41,11.1345026089707,188
"25920",229,42,8.97308808445191,187
"25921",229,43,8.69314231623441,186
"25922",229,44,8.40477940299173,185
"25923",229,45,9.67619086171981,184
"25924",229,46,11.0039578977036,183
"25925",229,47,8.65513276314568,182
"25926",229,48,5.82677147512028,181
"25927",229,49,4.72061914472498,180
"25928",229,50,12.2276788525282,179
"25929",229,51,9.07964540719846,178
"25930",229,52,9.13238730464363,177
"25931",229,53,9.23271625675047,176
"25932",229,54,9.14871688893166,175
"25933",229,55,8.91675369078781,174
"25934",229,56,9.17654113061836,173
"25935",229,57,7.64182057032581,172
"25936",229,58,6.54980525076349,171
"25937",229,59,8.65863443820144,170
"25938",229,60,8.3750993179449,169
"25939",229,61,9.13970535198715,168
"25940",229,62,11.0857600218279,167
"25941",229,63,8.31428503640885,166
"25942",229,64,7.95977437829656,165
"25943",229,65,10.4408640597356,164
"25944",229,66,10.341882087075,163
"25945",229,67,7.81125860062089,162
"25946",229,68,9.09254901720718,161
"25947",229,69,10.3989722235655,160
"25948",229,70,8.08637920490298,159
"25949",229,71,7.18943244074791,158
"25950",229,72,7.06593919476216,157
"25951",229,73,6.5618456458637,156
"25952",229,74,7.26028079098461,155
"25953",229,75,7.45123091313944,154
"25954",229,76,5.59691543481327,153
"25955",229,77,3.95515130277758,152
"25956",229,78,7.79548044619439,151
"25957",229,79,7.57430867666484,150
"25958",229,80,7.54169810539904,149
"25959",229,81,5.41433463924996,148
"25960",229,82,8.79524651242049,147
"25961",229,83,9.8847496786144,146
"25962",229,84,8.96445373842445,145
"25963",229,85,9.34485926399613,144
"25964",229,86,8.47411067097426,143
"25965",229,87,9.99751498091699,142
"25966",229,88,9.48142329385411,141
"25967",229,89,7.42142623657848,140
"25968",229,90,10.5366824048701,139
"25969",229,91,9.05059438338144,138
"25970",229,92,7.45959671587597,137
"25971",229,93,6.25849718022826,136
"25972",229,94,6.34768729302045,135
"25973",229,95,8.39448899971586,134
"25974",229,96,7.21453355168734,133
"25975",229,97,4.56704921986016,132
"25976",229,98,8.91759000353023,131
"25977",229,99,7.94591616740618,130
"25978",229,100,6.20008199693183,129
"25979",229,101,5.10577266743599,128
"25980",229,102,5.89233255022417,127
"25981",229,103,7.4609855507303,126
"25982",229,104,4.28762560761143,125
"25983",229,105,5.71361943675613,124
"25984",229,106,8.9531077861443,123
"25985",229,107,6.64940979364636,122
"25986",229,108,3.38574851597379,121
"25987",229,109,3.9463055126857,120
"25988",229,110,3.35578832658381,119
"25989",229,111,7.27421894000786,118
"25990",229,112,8.14817342423116,117
"25991",229,113,7.08099141136607,116
"25992",229,114,4.25534062792888,115
"25993",229,115,3.53265131418682,114
"25994",229,116,4.70130276256991,113
"25995",229,117,5.5661958985701,112
"25996",229,118,4.7073551356176,111
"25997",229,119,5.05585798481524,110
"25998",229,120,5.27427239639184,109
"25999",229,121,5.62211478584116,108
"26000",229,122,3.93484470283495,107
"26001",229,123,4.9091606993441,106
"26002",229,124,8.15297477580981,105
"26003",229,125,6.84926118201211,104
"26004",229,126,4.61948686521447,103
"26005",229,127,3.18525476003441,102
"26006",229,128,3.90105717011082,101
"26007",229,129,3.02309456647902,100
"26008",229,130,3.50177367541327,99
"26009",229,131,3.14292900212684,98
"26010",229,132,4.30157039032466,97
"26011",229,133,5.46742342903319,96
"26012",229,134,5.39715691960548,95
"26013",229,135,4.40382979543865,94
"26014",229,136,3.71107321630713,93
"26015",229,137,5.78037898799719,92
"26016",229,138,5.21149154412291,91
"26017",229,139,4.94051403701985,90
"26018",229,140,3.65732622146545,89
"26019",229,141,2.32653236008568,88
"26020",229,142,2.86513358401053,87
"26021",229,143,4.1069597001088,86
"26022",229,144,3.03610433753,85
"26023",229,145,1.85827180633018,84
"26024",229,146,1.62721019060816,83
"26025",229,147,2.31540144405832,82
"26026",229,148,3.12516072957954,81
"26027",229,149,3.45819017803209,80
"26028",229,150,0.977093309279008,79
"26029",229,151,1.87559555727205,78
"26030",229,152,2.47314814901507,77
"26031",229,153,4.15475770498824,76
"26032",229,154,4.32425954127573,75
"26033",229,155,2.3470016166765,74
"26034",229,156,1.46900391373101,73
"26035",229,157,1.24468673126156,72
"26036",229,158,0.915844638839124,71
"26037",229,159,1.47975140563899,70
"26038",229,160,1.74379131982163,69
"26039",229,161,0.890081780814647,68
"26040",229,162,0.879648854921904,67
"26041",229,163,1.83335136102543,66
"26042",229,164,3.80149610140894,65
"26043",229,165,3.42799375895346,64
"26044",229,166,2.41508525524652,63
"26045",229,167,2.84328935851851,62
"26046",229,168,2.2646241922897,61
"26047",229,169,1.35783662995685,60
"26048",229,170,1.52540805136444,59
"26049",229,171,2.5694308273652,58
"26050",229,172,2.1825223913498,57
"26051",229,173,1.74244746170015,56
"26052",229,174,2.57992087489173,55
"26053",229,175,1.21235276897237,54
"26054",229,176,1.89123939279127,53
"26055",229,177,1.5724408645674,52
"26056",229,178,1.55381519828622,51
"26057",229,179,0.862965501969111,50
"26058",229,180,2.27061323792089,49
"26059",229,181,2.01831035294746,48
"26060",229,182,1.99633567744013,47
"26061",229,183,1.26293502731101,46
"26062",229,184,1.86170443161197,45
"26063",229,185,1.25125514036997,44
"26064",229,186,0.854404512835365,43
"26065",229,187,1.54666674958684,42
"26066",229,188,1.07076700672074,41
"26067",229,189,2.35413500178677,40
"26068",229,190,0.586872993194417,39
"26069",229,191,0.952249850131708,38
"26070",229,192,3.33145304638891,37
"26071",229,193,2.13527821599403,36
"26072",229,194,0.814175715665458,35
"26073",229,195,2.48914328095222,34
"26074",229,196,1.36743987017024,33
"26075",229,197,1.41033682241638,32
"26076",229,198,1.56779300479942,31
"26077",229,199,2.1099631066285,30
"26078",229,200,2.11002456135416,29
"26079",229,201,2.6980838622422,28
"26080",229,202,4.63545183851893,27
"26081",229,203,3.26680841544651,26
"26082",229,204,3.11415978085364,25
"26083",229,205,2.77418128114579,24
"26084",229,206,2.87340430754648,23
"26085",229,207,1.5070411678079,22
"26086",229,208,2.10365996428804,21
"26087",229,209,1.80715816228956,20
"26088",229,210,2.73733557433193,19
"26089",229,211,2.15946021995683,18
"26090",229,212,2.0325539271991,17
"26091",229,213,0.985710089560438,16
"26092",229,214,2.09243532388137,15
"26093",229,215,0.892698349216268,14
"26094",229,216,1.95317261276422,13
"26095",229,217,1.08570094434675,12
"26096",229,218,2.47588120838813,11
"26097",229,219,2.80924316450728,10
"26098",229,220,1.39346941476245,9
"26099",229,221,1.15137411037811,8
"26100",229,222,2.07822798163727,7
"26101",229,223,1.56364293885711,6
"26102",229,224,1.53757759635482,5
"26103",229,225,2.28788223441752,4
"26104",229,226,3.40582956740893,3
"26105",229,227,2.66528899076708,2
"26106",229,228,1.59492119272247,1
"26107",230,1,7.26950010284532,229
"26108",230,2,5.96042094690975,228
"26109",230,3,10.059379355465,227
"26110",230,4,9.37788934297159,226
"26111",230,5,9.75901680419229,225
"26112",230,6,10.4083169684965,224
"26113",230,7,9.94334493437799,223
"26114",230,8,10.1197422548714,222
"26115",230,9,12.8594342505715,221
"26116",230,10,10.3698074232381,220
"26117",230,11,10.0236992202245,219
"26118",230,12,10.2149649756675,218
"26119",230,13,11.2063187502025,217
"26120",230,14,10.5917694471456,216
"26121",230,15,9.38512804024223,215
"26122",230,16,9.33658964913727,214
"26123",230,17,9.92335205275693,213
"26124",230,18,10.1555662752281,212
"26125",230,19,7.37458582151126,211
"26126",230,20,8.50228887098344,210
"26127",230,21,11.8519069755023,209
"26128",230,22,12.8705266447508,208
"26129",230,23,11.651446292577,207
"26130",230,24,11.7406635069563,206
"26131",230,25,9.19816149329047,205
"26132",230,26,10.3362897663319,204
"26133",230,27,9.63749879154878,203
"26134",230,28,10.1597188744513,202
"26135",230,29,9.1598600978994,201
"26136",230,30,9.84482486270497,200
"26137",230,31,9.39828877618347,199
"26138",230,32,11.1175353287344,198
"26139",230,33,8.46366797233973,197
"26140",230,34,10.6434052739272,196
"26141",230,35,9.54252889909766,195
"26142",230,36,10.2327643630794,194
"26143",230,37,8.35354355270857,193
"26144",230,38,9.37737132486371,192
"26145",230,39,10.7036264449153,191
"26146",230,40,10.8551513927122,190
"26147",230,41,10.7170105180426,189
"26148",230,42,10.5914365517168,188
"26149",230,43,8.75862522766394,187
"26150",230,44,7.69406363683863,186
"26151",230,45,8.96547509556672,185
"26152",230,46,10.2932421315505,184
"26153",230,47,7.94441699699259,183
"26154",230,48,5.19679431341128,182
"26155",230,49,4.00990337857189,181
"26156",230,50,11.5169630863751,180
"26157",230,51,8.62833882342971,179
"26158",230,52,8.02390083107393,178
"26159",230,53,9.46632301042264,177
"26160",230,54,10.7670653561965,176
"26161",230,55,7.14157807190367,175
"26162",230,56,7.40136551173422,174
"26163",230,57,8.14418672925634,173
"26164",230,58,7.10369386529729,172
"26165",230,59,6.8834588193173,171
"26166",230,60,8.1009286543644,170
"26167",230,61,8.42898958583406,169
"26168",230,62,10.5689313553933,168
"26169",230,63,7.90970691563226,167
"26170",230,64,6.18459875941242,166
"26171",230,65,8.66568844085147,165
"26172",230,66,9.63116632092186,164
"26173",230,67,9.42960706788573,163
"26174",230,68,7.65702697333306,162
"26175",230,69,9.68825645741243,161
"26176",230,70,6.38486587539208,160
"26177",230,71,6.54440874285548,159
"26178",230,72,6.35522342860906,158
"26179",230,73,8.18019411312854,157
"26180",230,74,6.7570243147268,156
"26181",230,75,6.45875675892265,155
"26182",230,76,5.13105424065169,154
"26183",230,77,3.30142596263513,153
"26184",230,78,7.08476468004129,152
"26185",230,79,7.52653904822657,151
"26186",230,80,5.7665224865149,150
"26187",230,81,4.23652782152448,149
"26188",230,82,7.02007089353635,148
"26189",230,83,8.10957405973026,147
"26190",230,84,8.31832365359697,146
"26191",230,85,9.24896901113081,145
"26192",230,86,9.03554814778254,144
"26193",230,87,9.83313737447521,143
"26194",230,88,8.93228878118258,142
"26195",230,89,7.32168100321978,141
"26196",230,90,9.1662922764367,140
"26197",230,91,7.2754187644973,139
"26198",230,92,6.63363558132949,138
"26199",230,93,6.87421992361993,137
"26200",230,94,5.63697152686736,136
"26201",230,95,6.78738740451788,135
"26202",230,96,6.50381778553424,134
"26203",230,97,5.33065697423574,133
"26204",230,98,7.304099682721,132
"26205",230,99,8.49980478193998,131
"26206",230,100,6.67333605161488,130
"26207",230,101,3.33059704855185,129
"26208",230,102,4.11715693134003,128
"26209",230,103,5.68580993184616,127
"26210",230,104,5.90597407487628,126
"26211",230,105,4.11617799447204,125
"26212",230,106,7.17793216726016,124
"26213",230,107,5.93869402749326,123
"26214",230,108,4.48647513129352,122
"26215",230,109,4.12813066137915,121
"26216",230,110,2.12404308700364,120
"26217",230,111,6.56350317385477,119
"26218",230,112,6.72901239266224,118
"26219",230,113,5.37040147380754,117
"26220",230,114,3.54748045883688,116
"26221",230,115,3.00275942202992,115
"26222",230,116,2.92612714368577,114
"26223",230,117,3.79102027968595,113
"26224",230,118,2.93217951673346,112
"26225",230,119,4.34514221866214,111
"26226",230,120,4.56355663023875,110
"26227",230,121,6.17600340037496,109
"26228",230,122,3.45382775840693,108
"26229",230,123,3.13398508045996,107
"26230",230,124,6.37779915692567,106
"26231",230,125,6.13854541585902,105
"26232",230,126,3.84175653812604,104
"26233",230,127,4.36705812472665,103
"26234",230,128,4.76307253078798,102
"26235",230,129,3.62115009787599,101
"26236",230,130,5.12012214267811,100
"26237",230,131,3.98813696043537,99
"26238",230,132,3.65894618126675,98
"26239",230,133,5.08340205676112,97
"26240",230,134,5.95104553413928,96
"26241",230,135,4.71550259664015,95
"26242",230,136,4.26496183084092,94
"26243",230,137,4.00520336911305,93
"26244",230,138,4.26128550595692,92
"26245",230,139,5.49440265155365,91
"26246",230,140,4.21121483599925,90
"26247",230,141,3.25577733023729,89
"26248",230,142,3.30610780360494,88
"26249",230,143,2.33178408122466,87
"26250",230,144,1.94023586866588,86
"26251",230,145,2.13732662751463,85
"26252",230,146,0.725124776869225,84
"26253",230,147,0.551426278112624,83
"26254",230,148,1.43103584891957,82
"26255",230,149,2.18424938763952,81
"26256",230,150,1.6878090754321,80
"26257",230,151,2.82720846009403,79
"26258",230,152,1.53410683177024,78
"26259",230,153,3.44404193883515,77
"26260",230,154,3.61354377512264,76
"26261",230,155,3.96535008394134,75
"26262",230,156,2.05090038357187,74
"26263",230,157,2.53249410058427,73
"26264",230,158,1.08350176463929,72
"26265",230,159,2.62745963337609,71
"26266",230,160,3.35728164063086,70
"26267",230,161,2.26748669228219,69
"26268",230,162,1.29948194920052,68
"26269",230,163,1.86961812361411,67
"26270",230,164,3.09078033525584,66
"26271",230,165,2.71727799280037,65
"26272",230,166,3.40279343103352,64
"26273",230,167,1.76357381277288,63
"26274",230,168,2.8185128068235,62
"26275",230,169,1.91172524449065,61
"26276",230,170,2.07929666589824,60
"26277",230,171,2.81617980231267,59
"26278",230,172,2.0247980096266,58
"26279",230,173,1.70937444110096,57
"26280",230,174,0.961572407626884,56
"26281",230,175,0.792519674693755,55
"26282",230,176,1.79534913992594,54
"26283",230,177,3.19078933183225,53
"26284",230,178,2.10770381282001,52
"26285",230,179,1.83217034215153,51
"26286",230,180,1.55989747176779,50
"26287",230,181,2.55342454763672,49
"26288",230,182,3.61468414470498,48
"26289",230,183,3.03811064619515,47
"26290",230,184,0.35650445962156,46
"26291",230,185,2.14149656918713,45
"26292",230,186,2.42789130329612,44
"26293",230,187,2.09569721766502,43
"26294",230,188,1.4222668634006,42
"26295",230,189,0.945930601952303,41
"26296",230,190,1.18830262568972,40
"26297",230,191,1.65286941228677,39
"26298",230,192,1.96521561465329,38
"26299",230,193,2.438560983822,37
"26300",230,194,1.76887473615805,36
"26301",230,195,1.77842751479913,35
"26302",230,196,1.75414642022993,34
"26303",230,197,1.21756200134087,33
"26304",230,198,0.627334135787464,32
"26305",230,199,0.989127922730425,31
"26306",230,200,2.87675603812137,30
"26307",230,201,3.40879962839529,29
"26308",230,202,3.30809008772192,28
"26309",230,203,4.97475442485619,27
"26310",230,204,4.88933539973778,26
"26311",230,205,3.88596857279334,25
"26312",230,206,3.58412007369957,24
"26313",230,207,1.81021989104252,23
"26314",230,208,2.84369592387532,22
"26315",230,209,2.5703957674782,21
"26316",230,210,3.71992549217992,20
"26317",230,211,3.28773857965128,19
"26318",230,212,3.2576978033078,18
"26319",230,213,2.42144022262128,17
"26320",230,214,2.25015970560457,16
"26321",230,215,1.60341411536936,15
"26322",230,216,1.20581694977655,14
"26323",230,217,0.891718798685456,13
"26324",230,218,0.986496014587804,12
"26325",230,219,2.01599433370227,11
"26326",230,220,1.68280651572052,10
"26327",230,221,2.73266262954372,9
"26328",230,222,2.38140670487188,8
"26329",230,223,2.63240185286827,7
"26330",230,224,3.15592606361967,6
"26331",230,225,1.0785531364989,5
"26332",230,226,1.90572184220919,4
"26333",230,227,1.52098776369584,3
"26334",230,228,0.844997118323875,2
"26335",230,229,1.77517561888414,1
"26336",231,1,5.62274179484511,230
"26337",231,2,6.56703989878819,229
"26338",231,3,11.224057849669,228
"26339",231,4,8.64604298948611,227
"26340",231,5,9.71917104111624,226
"26341",231,6,9.13054863367316,225
"26342",231,7,9.43077256138986,224
"26343",231,8,11.2844207490755,223
"26344",231,9,14.0241127447755,222
"26345",231,10,11.2759090918047,221
"26346",231,11,8.31860604165961,220
"26347",231,12,11.3796434698715,219
"26348",231,13,12.3709972444065,218
"26349",231,14,9.31400111232225,217
"26350",231,15,8.59259767768198,216
"26351",231,16,9.33661897646483,215
"26352",231,17,10.0686276324092,214
"26353",231,18,8.15320955828608,213
"26354",231,19,6.97300719564494,212
"26355",231,20,8.6966474875513,211
"26356",231,21,13.0165854697064,210
"26357",231,22,12.4423344369742,209
"26358",231,23,12.8161247867811,208
"26359",231,24,10.9576792358364,207
"26360",231,25,7.92039315846711,206
"26361",231,26,10.5821546337704,205
"26362",231,27,7.91713104571124,204
"26363",231,28,7.96313691286236,203
"26364",231,29,8.03964128856506,202
"26365",231,30,7.65823322108394,201
"26366",231,31,9.36603826842239,200
"26367",231,32,8.92095336714548,199
"26368",231,33,8.70953283977822,198
"26369",231,34,11.8080837681313,197
"26370",231,35,8.26476056427429,196
"26371",231,36,8.6024711119777,195
"26372",231,37,7.14059499954586,194
"26373",231,38,7.18078936327478,193
"26374",231,39,11.8683049391194,192
"26375",231,40,10.8657412462654,191
"26376",231,41,11.5884653370216,190
"26377",231,42,9.31366821689338,189
"26378",231,43,9.14710504428538,188
"26379",231,44,8.85874213104269,187
"26380",231,45,10.1301535897708,186
"26381",231,46,11.4579206257545,185
"26382",231,47,9.10909549119664,184
"26383",231,48,6.28073420317124,183
"26384",231,49,5.17458187277594,182
"26385",231,50,12.6816415805791,181
"26386",231,51,9.53360813524942,180
"26387",231,52,9.18857932527799,179
"26388",231,53,9.65493316320759,178
"26389",231,54,9.48929702137313,177
"26390",231,55,7.73066354163117,176
"26391",231,56,7.79167991808953,175
"26392",231,57,8.09578329837677,174
"26393",231,58,5.48417053367144,173
"26394",231,59,7.12932368675578,172
"26395",231,60,8.82906204599586,171
"26396",231,61,9.59366808003811,170
"26397",231,62,11.5397227498788,169
"26398",231,63,8.29764049813858,168
"26399",231,64,6.4304636268509,167
"26400",231,65,8.91155330828996,166
"26401",231,66,10.7958448151259,165
"26402",231,67,8.15183873306236,164
"26403",231,68,7.56323826576153,163
"26404",231,69,10.8529349516165,162
"26405",231,70,7.54335371629147,161
"26406",231,71,7.38569062976137,160
"26407",231,72,7.51990192281312,159
"26408",231,73,6.90242577830518,158
"26409",231,74,6.63540997579889,157
"26410",231,75,5.92192016169378,156
"26411",231,76,5.68111531075469,155
"26412",231,77,4.40911403082854,154
"26413",231,78,8.24944317424535,153
"26414",231,79,8.0282714047158,152
"26415",231,80,6.01238735395339,151
"26416",231,81,5.20721517141664,150
"26417",231,82,7.26593576097483,149
"26418",231,83,8.35543892716875,148
"26419",231,84,9.41841646647541,147
"26420",231,85,9.7988219920471,146
"26421",231,86,8.92807339902522,145
"26422",231,87,10.4514777089679,144
"26423",231,88,9.93538602190507,143
"26424",231,89,6.91736702961836,142
"26425",231,90,9.00737165342444,141
"26426",231,91,8.0143052500558,140
"26427",231,92,6.86030004413433,139
"26428",231,93,6.71245990827922,138
"26429",231,94,6.80165002107141,137
"26430",231,95,7.95206589872193,136
"26431",231,96,7.6684962797383,135
"26432",231,97,4.65124909580158,134
"26433",231,98,7.38827925208457,133
"26434",231,99,6.30322282035104,132
"26435",231,100,4.67077124548617,131
"26436",231,101,3.65661305640579,130
"26437",231,102,4.36302179877851,129
"26438",231,103,5.93167479928464,128
"26439",231,104,4.62820574005291,127
"26440",231,105,4.87901913185388,126
"26441",231,106,7.42379703469864,125
"26442",231,107,7.10337252169732,124
"26443",231,108,3.83971124402475,123
"26444",231,109,3.18454176668808,122
"26445",231,110,3.28872158120769,121
"26446",231,111,7.72818166805882,120
"26447",231,112,6.61886267278551,119
"26448",231,113,5.55168065992041,118
"26449",231,114,2.72602987648322,117
"26450",231,115,2.00334056274116,116
"26451",231,116,3.17199201112426,115
"26452",231,117,4.03688514712444,114
"26453",231,118,3.47498412329875,113
"26454",231,119,5.5098207128662,112
"26455",231,120,5.7282351244428,111
"26456",231,121,3.97942143878602,110
"26457",231,122,2.40553395138929,109
"26458",231,123,3.72721189413109,108
"26459",231,124,6.62366402436415,107
"26460",231,125,7.30322391006307,106
"26461",231,126,4.87736771427222,105
"26462",231,127,3.63921748808537,104
"26463",231,128,3.48530419596461,103
"26464",231,129,3.29778281790539,102
"26465",231,130,3.84235380785474,101
"26466",231,131,2.71036862561201,100
"26467",231,132,2.77225963887901,99
"26468",231,133,3.93811267758753,98
"26469",231,134,3.75446357255034,97
"26470",231,135,2.874519043993,96
"26471",231,136,2.06837986925198,95
"26472",231,137,4.25106823655154,94
"26473",231,138,3.68218079267726,93
"26474",231,139,3.29782068996471,92
"26475",231,140,2.05946157800788,91
"26476",231,141,1.97800899541392,90
"26477",231,142,1.33582283256487,89
"26478",231,143,2.57764894866314,88
"26479",231,144,1.50679358608434,87
"26480",231,145,0.68752345405562,86
"26481",231,146,1.47145718471971,85
"26482",231,147,1.85068542565506,84
"26483",231,148,1.59584997813388,83
"26484",231,149,1.92887942658643,82
"26485",231,150,1.03295960171668,81
"26486",231,151,2.58134359265555,80
"26487",231,152,2.74884840070409,79
"26488",231,153,4.98971836925277,78
"26489",231,154,4.77822226932669,77
"26490",231,155,2.68758174911797,76
"26491",231,156,0.773132048748505,75
"26492",231,157,1.2547257657609,74
"26493",231,158,1.87500680704562,73
"26494",231,159,2.3815947659376,72
"26495",231,160,3.38648466687677,71
"26496",231,161,2.05403171567404,70
"26497",231,162,1.457882349246,69
"26498",231,163,0.663111885347131,68
"26499",231,164,4.2554588294599,67
"26500",231,165,3.88195648700442,66
"26501",231,166,2.86904798329748,65
"26502",231,167,1.77899236988581,64
"26503",231,168,0.718718328203794,63
"26504",231,169,0.802478569043401,62
"26505",231,170,1.08770921792025,61
"26506",231,171,1.04012007591954,60
"26507",231,172,0.810465241969721,59
"26508",231,173,1.60916310711222,58
"26509",231,174,2.50266567683982,57
"26510",231,175,2.49654344085518,56
"26511",231,176,2.70384694616331,55
"26512",231,177,2.06967046094222,54
"26513",231,178,0.913951774080423,53
"26514",231,179,1.71571093769933,52
"26515",231,180,3.48746027682873,51
"26516",231,181,2.6068537343368,50
"26517",231,182,3.01003230179665,49
"26518",231,183,2.79224577875666,48
"26519",231,184,2.06456812439636,47
"26520",231,185,1.89563170174865,46
"26521",231,186,2.18202643585764,45
"26522",231,187,1.20608661714537,44
"26523",231,188,1.69381575872051,43
"26524",231,189,2.01355486934529,42
"26525",231,190,1.68646064533857,41
"26526",231,191,2.55573488894134,40
"26527",231,192,4.16179757624223,39
"26528",231,193,3.77797156304917,38
"26529",231,194,1.70053595613291,37
"26530",231,195,3.01002319153187,36
"26531",231,196,1.60851331685937,35
"26532",231,197,1.91462754346037,34
"26533",231,198,2.8239160973764,33
"26534",231,199,2.73301185862827,32
"26535",231,200,2.63089117068289,31
"26536",231,201,2.45702386147496,30
"26537",231,202,4.72066371472301,29
"26538",231,203,4.72888955741771,28
"26539",231,204,4.64347053229929,27
"26540",231,205,4.41687462820093,26
"26541",231,206,2.41944157949552,25
"26542",231,207,3.14973451486305,24
"26543",231,208,3.74635331134318,23
"26544",231,209,3.34341359162473,22
"26545",231,210,4.38002892138707,21
"26546",231,211,3.80215356701198,20
"26547",231,212,3.67524727425424,19
"26548",231,213,2.62840343661558,18
"26549",231,214,3.73512867093651,17
"26550",231,215,1.31832749376348,16
"26551",231,216,1.54567529779405,15
"26552",231,217,1.62420380790718,14
"26553",231,218,2.13530107594666,13
"26554",231,219,2.4686630320658,12
"26555",231,220,2.81207302751732,11
"26556",231,221,2.79406745743325,10
"26557",231,222,3.72092132869241,9
"26558",231,223,2.66794259748434,8
"26559",231,224,2.61808479062847,7
"26560",231,225,1.20765934044139,6
"26561",231,226,1.87651881596327,5
"26562",231,227,1.28165135713069,4
"26563",231,228,2.45801718171647,3
"26564",231,229,1.64269334705514,2
"26565",231,230,2.19658196158894,1
"26566",232,1,6.68391567525761,231
"26567",232,2,7.26745969476073,230
"26568",232,3,11.6297430377055,229
"26569",232,4,9.0517281775226,228
"26570",232,5,10.1248562291527,227
"26571",232,6,8.62997940243229,226
"26572",232,7,9.83645774942636,225
"26573",232,8,11.690105937112,224
"26574",232,9,14.429797932812,223
"26575",232,10,11.6815942798412,222
"26576",232,11,8.44152365517829,221
"26577",232,12,11.785328657908,220
"26578",232,13,12.776682432443,219
"26579",232,14,9.38778404755374,218
"26580",232,15,8.99828286571848,217
"26581",232,16,9.74230416450132,216
"26582",232,17,10.4743128204457,215
"26583",232,18,9.21438343869857,214
"26584",232,19,8.03418107605744,213
"26585",232,20,9.10233267558779,212
"26586",232,21,13.4222706577429,211
"26587",232,22,12.8480196250107,210
"26588",232,23,13.2218099748175,209
"26589",232,24,11.3633644238729,208
"26590",232,25,8.0786603035035,207
"26591",232,26,11.6433285141829,206
"26592",232,27,7.83956075103094,205
"26593",232,28,8.60792433066494,204
"26594",232,29,8.44532647660155,203
"26595",232,30,7.80316236225116,202
"26596",232,31,9.77172345645889,201
"26597",232,32,9.07587282828061,200
"26598",232,33,9.77070672019071,199
"26599",232,34,12.2137689561678,198
"26600",232,35,8.37212389201137,197
"26601",232,36,9.6636449923902,196
"26602",232,37,7.54628018758236,195
"26603",232,38,7.33570882440991,194
"26604",232,39,12.2739901271559,193
"26605",232,40,11.2714264343019,192
"26606",232,41,11.9941505250581,191
"26607",232,42,8.91930250432045,190
"26608",232,43,9.55279023232187,189
"26609",232,44,9.26442731907918,188
"26610",232,45,10.5358387778073,187
"26611",232,46,11.863605813791,186
"26612",232,47,9.51478067923313,185
"26613",232,48,6.68641939120773,184
"26614",232,49,5.58026706081244,183
"26615",232,50,13.0873267686156,182
"26616",232,51,9.93929332328591,181
"26617",232,52,9.59426451331448,180
"26618",232,53,10.0606183512441,179
"26619",232,54,8.98872779013226,178
"26620",232,55,8.44861681975465,177
"26621",232,56,8.7084042595852,176
"26622",232,57,8.50146848641327,175
"26623",232,58,5.60256903847521,174
"26624",232,59,8.19049756716828,173
"26625",232,60,9.23474723403235,172
"26626",232,61,9.99935326807461,171
"26627",232,62,11.9454079379153,170
"26628",232,63,8.70332568617508,169
"26629",232,64,7.4916375072634,168
"26630",232,65,9.97272718870245,167
"26631",232,66,11.2015300031624,166
"26632",232,67,8.07220791539072,165
"26633",232,68,8.62441214617403,164
"26634",232,69,11.258620139653,163
"26635",232,70,7.94903890432796,162
"26636",232,71,7.79137581779786,161
"26637",232,72,7.92558711084961,160
"26638",232,73,7.24615241099829,159
"26639",232,74,7.04109516383538,158
"26640",232,75,6.98309404210628,157
"26641",232,76,6.08680049879118,156
"26642",232,77,4.81479921886504,155
"26643",232,78,8.65512836228184,154
"26644",232,79,8.43395659275229,153
"26645",232,80,7.07356123436588,152
"26646",232,81,5.61290035945314,151
"26647",232,82,8.32710964138733,150
"26648",232,83,9.41661280758124,149
"26649",232,84,9.82410165451191,148
"26650",232,85,10.2045071800836,147
"26651",232,86,9.33375858706172,146
"26652",232,87,10.8571628970044,145
"26653",232,88,10.3410712099416,144
"26654",232,89,7.32305221765486,143
"26655",232,90,10.0685455338369,142
"26656",232,91,8.58245751234828,141
"26657",232,92,7.26598523217082,140
"26658",232,93,7.11814509631571,139
"26659",232,94,7.20733520910791,138
"26660",232,95,8.35775108675842,137
"26661",232,96,8.07418146777479,136
"26662",232,97,5.05693428383808,135
"26663",232,98,8.44945313249707,134
"26664",232,99,7.20247730235357,133
"26665",232,100,5.73194512589867,132
"26666",232,101,4.63763579640283,131
"26667",232,102,5.424195679191,130
"26668",232,103,6.99284867969714,129
"26669",232,104,4.28976399640872,128
"26670",232,105,5.28470431989037,127
"26671",232,106,8.48497091511114,126
"26672",232,107,7.50905770973381,125
"26673",232,108,4.24539643206124,124
"26674",232,109,3.59022695472457,123
"26675",232,110,3.69440676924419,122
"26676",232,111,8.13386685609532,121
"26677",232,112,7.680036553198,120
"26678",232,113,6.61285454033291,119
"26679",232,114,3.78720375689572,118
"26680",232,115,3.06451444315366,117
"26681",232,116,4.23316589153675,116
"26682",232,117,5.09805902753694,115
"26683",232,118,4.23921826458444,114
"26684",232,119,5.91550590090269,113
"26685",232,120,6.1339203124793,112
"26686",232,121,4.18342393683676,111
"26687",232,122,3.46670783180179,110
"26688",232,123,4.44102382831094,109
"26689",232,124,7.68483790477665,108
"26690",232,125,7.70890909809957,107
"26691",232,126,5.28305290230871,106
"26692",232,127,4.04490267612186,105
"26693",232,128,2.98473496472374,104
"26694",232,129,3.70346800594188,103
"26695",232,130,3.63321348260347,102
"26696",232,131,2.63052971875366,101
"26697",232,132,3.8334335192915,100
"26698",232,133,4.99928655800003,99
"26699",232,134,4.7022808685017,98
"26700",232,135,3.93569292440549,97
"26701",232,136,2.80605309777296,96
"26702",232,137,5.31224211696403,95
"26703",232,138,4.74335467308975,94
"26704",232,139,3.55017791277755,93
"26705",232,140,2.70397738931751,92
"26706",232,141,1.89837817774228,91
"26707",232,142,2.39699671297737,90
"26708",232,143,3.63882282907564,89
"26709",232,144,2.56796746649684,88
"26710",232,145,1.39013493529702,87
"26711",232,146,1.36135298126026,86
"26712",232,147,2.12178996035317,85
"26713",232,148,2.65702385854638,84
"26714",232,149,2.99005330699893,83
"26715",232,150,0.813451700445182,82
"26716",232,151,1.69865821214493,81
"26717",232,152,2.63313724781446,80
"26718",232,153,5.0144056210757,79
"26719",232,154,5.18390745736319,78
"26720",232,155,2.672770713107,77
"26721",232,156,1.16279436940821,76
"26722",232,157,1.2075048389196,75
"26723",232,158,1.72008734591048,74
"26724",232,159,2.16188153429014,73
"26725",232,160,3.23156520574164,72
"26726",232,161,1.8991122545389,71
"26727",232,162,1.30296288811087,70
"26728",232,163,1.36521448999227,69
"26729",232,164,4.66114401749639,68
"26730",232,165,4.28764167504092,67
"26731",232,166,3.27473317133398,66
"26732",232,167,2.37515248748535,65
"26733",232,168,1.77989220861629,64
"26734",232,169,0.30911751847494,63
"26735",232,170,0.138478579656128,62
"26736",232,171,2.10129395633204,61
"26737",232,172,1.71438552031664,60
"26738",232,173,1.90243656049954,59
"26739",232,174,2.73990997369112,58
"26740",232,175,2.34162397972005,57
"26741",232,176,2.75088730887872,56
"26742",232,177,1.41245176576801,55
"26743",232,178,0.360124833615798,54
"26744",232,179,1.56079147656419,53
"26745",232,180,3.3325408156936,52
"26746",232,181,2.87795826903492,51
"26747",232,182,1.94885842138415,50
"26748",232,183,2.00666001499534,49
"26749",232,184,2.02169353041136,48
"26750",232,185,0.834457821336153,47
"26751",232,186,1.6876614888992,46
"26752",232,187,1.70665584838623,45
"26753",232,188,1.53889629758538,44
"26754",232,189,2.51412410058616,43
"26755",232,190,1.53154118420344,42
"26756",232,191,2.40081542780621,41
"26757",232,192,4.0068781151071,40
"26758",232,193,3.62305210191404,39
"26759",232,194,1.54561649499777,38
"26760",232,195,3.34879119703968,37
"26761",232,196,2.01419850489587,36
"26762",232,197,2.14113246898508,35
"26763",232,198,2.66899663624127,34
"26764",232,199,2.57809239749314,33
"26765",232,200,2.24946662981218,32
"26766",232,201,2.08164018312393,31
"26767",232,202,4.79544093731832,30
"26768",232,203,4.41249288739437,29
"26769",232,204,4.27819891454707,28
"26770",232,205,4.2619551670658,27
"26771",232,206,2.01375639145902,26
"26772",232,207,2.99481505372791,25
"26773",232,208,3.59143385020804,24
"26774",232,209,3.1884941304896,23
"26775",232,210,4.22510946025193,22
"26776",232,211,3.64723410587684,21
"26777",232,212,3.5203278131191,20
"26778",232,213,2.47348397548044,19
"26779",232,214,3.58020920980138,18
"26780",232,215,1.06651650506576,17
"26781",232,216,2.04624452903492,16
"26782",232,217,1.46928434677204,15
"26783",232,218,2.63587030718752,14
"26784",232,219,2.96923226330667,13
"26785",232,220,2.65715356638218,12
"26786",232,221,2.63914799629812,11
"26787",232,222,3.56600186755728,10
"26788",232,223,2.51302313634921,9
"26789",232,224,2.10715074217812,8
"26790",232,225,1.81974536338436,7
"26791",232,226,2.93769269637577,6
"26792",232,227,2.19715211973392,5
"26793",232,228,2.41536080056442,4
"26794",232,229,1.48777388592001,3
"26795",232,230,2.0416625004538,2
"26796",232,231,1.0611738804125,1
"26797",233,1,6.93147902816219,232
"26798",233,2,6.21745138205935,231
"26799",233,3,10.8804518970581,230
"26800",233,4,10.5917562356312,229
"26801",233,5,10.9728836968519,228
"26802",233,6,11.6221838611562,227
"26803",233,7,11.1572118270377,226
"26804",233,8,10.9292398354538,225
"26805",233,9,13.6689318311538,224
"26806",233,10,11.5836743158978,223
"26807",233,11,10.8102412691426,222
"26808",233,12,11.0244625562498,221
"26809",233,13,12.0158163307848,220
"26810",233,14,11.8056363398053,219
"26811",233,15,10.5989949329019,218
"26812",233,16,10.5504565417969,217
"26813",233,17,11.1372189454166,216
"26814",233,18,9.81754520054495,215
"26815",233,19,7.41655994549969,214
"26816",233,20,9.7161557636431,213
"26817",233,21,12.6614045560847,212
"26818",233,22,14.0843935374105,211
"26819",233,23,12.5169718866814,210
"26820",233,24,12.954530399616,209
"26821",233,25,10.4120283859501,208
"26822",233,26,9.59389937957149,207
"26823",233,27,10.4087662731943,206
"26824",233,28,9.82169779976817,205
"26825",233,29,10.3737269905591,204
"26826",233,30,10.149868448567,203
"26827",233,31,10.6121556688431,202
"26828",233,32,10.7795142540513,201
"26829",233,33,7.72127758557929,200
"26830",233,34,11.4529028545096,199
"26831",233,35,10.7563957917573,198
"26832",233,36,9.89474328839623,197
"26833",233,37,9.56741044536822,196
"26834",233,38,9.46514225882614,195
"26835",233,39,11.5131240254976,194
"26836",233,40,12.0690182853719,193
"26837",233,41,11.9308774107022,192
"26838",233,42,11.8053034443764,191
"26839",233,43,9.97249212032359,190
"26840",233,44,8.50356121742097,189
"26841",233,45,9.77497267614906,188
"26842",233,46,11.1027397121328,187
"26843",233,47,8.75391457757492,186
"26844",233,48,6.41066120607094,185
"26845",233,49,4.81940095915423,184
"26846",233,50,12.3264606669574,183
"26847",233,51,9.84220571608937,182
"26848",233,52,8.83339841165627,181
"26849",233,53,10.6801899030823,180
"26850",233,54,11.9809322488562,179
"26851",233,55,7.37548262800946,178
"26852",233,56,7.43649900446781,177
"26853",233,57,9.35805362191599,176
"26854",233,58,7.97580576115447,175
"26855",233,59,6.14106843255685,174
"26856",233,60,9.31479554702406,173
"26857",233,61,9.23848716641639,172
"26858",233,62,11.782798248053,171
"26859",233,63,9.12357380829192,170
"26860",233,64,5.44220837265197,169
"26861",233,65,7.92329805409102,168
"26862",233,66,10.4406639015042,167
"26863",233,67,10.6434739605454,166
"26864",233,68,7.31900589864993,165
"26865",233,69,10.4977540379948,164
"26866",233,70,7.59873276805174,163
"26867",233,71,7.75827563551513,162
"26868",233,72,7.1647210091914,161
"26869",233,73,9.3940610057882,160
"26870",233,74,7.95651751688081,159
"26871",233,75,6.12073568423952,158
"26872",233,76,6.34492113331134,157
"26873",233,77,4.51529285529478,156
"26874",233,78,7.89426226062363,155
"26875",233,79,8.74040594088622,154
"26876",233,80,5.462590166825,153
"26877",233,81,5.45039471418414,152
"26878",233,82,6.65466007965231,151
"26879",233,83,7.49638104676938,150
"26880",233,84,9.53219054625663,149
"26881",233,85,10.4628359037905,148
"26882",233,86,10.2494150404422,147
"26883",233,87,11.0470042671349,146
"26884",233,88,10.1461556738422,145
"26885",233,89,8.53554789587944,144
"26886",233,90,8.82827120175357,143
"26887",233,91,7.65912433643408,142
"26888",233,92,7.84750247398915,141
"26889",233,93,8.08808681627958,140
"26890",233,94,6.44646910744969,139
"26891",233,95,7.59688498510021,138
"26892",233,96,7.31331536611658,137
"26893",233,97,6.5445238668954,136
"26894",233,98,6.96607860803787,135
"26895",233,99,8.16178370725685,134
"26896",233,100,6.33531497693175,133
"26897",233,101,3.30143214278407,132
"26898",233,102,3.78934465436479,131
"26899",233,103,4.94341954508571,130
"26900",233,104,7.11984096753593,129
"26901",233,105,5.10594170690953,128
"26902",233,106,6.43554178049971,127
"26903",233,107,6.7481916080756,126
"26904",233,108,5.70034202395318,125
"26905",233,109,5.19073093272127,124
"26906",233,110,3.11117079959267,123
"26907",233,111,7.3730007544371,122
"26908",233,112,6.93443514320497,121
"26909",233,113,5.03238039912441,120
"26910",233,114,3.20945938415375,119
"26911",233,115,2.66473834734679,118
"26912",233,116,2.73277408565946,117
"26913",233,117,3.04862989292551,116
"26914",233,118,3.11980320967703,115
"26915",233,119,5.3807026894583,114
"26916",233,120,5.72886070894958,113
"26917",233,121,5.9444336893337,112
"26918",233,122,3.6536435595195,111
"26919",233,123,3.37203098050937,110
"26920",233,124,6.07800818117939,109
"26921",233,125,6.94804299644136,108
"26922",233,126,5.05562343078569,107
"26923",233,127,5.58092501738631,106
"26924",233,128,5.97693942344763,105
"26925",233,129,4.83501699053565,104
"26926",233,130,6.33398903533777,103
"26927",233,131,5.20200385309503,102
"26928",233,132,3.6234583492187,101
"26929",233,133,4.74538098207799,100
"26930",233,134,5.61302445945615,99
"26931",233,135,4.37748152195702,98
"26932",233,136,3.92694075615779,97
"26933",233,137,3.26281298235261,96
"26934",233,138,3.92326443127379,95
"26935",233,139,5.15638157687052,94
"26936",233,140,4.55109680549091,93
"26937",233,141,4.46964422289695,92
"26938",233,142,3.24261211624983,91
"26939",233,143,1.97727193849463,90
"26940",233,144,1.99439199789108,89
"26941",233,145,2.79094229257981,88
"26942",233,146,1.63085147746364,87
"26943",233,147,1.57096388153198,86
"26944",233,148,1.6364585994623,85
"26945",233,149,1.84622831295639,84
"26946",233,150,2.17875275827871,83
"26947",233,151,3.56959884685448,82
"26948",233,152,1.97396397589562,81
"26949",233,153,4.25353951941749,80
"26950",233,154,4.42304135570497,79
"26951",233,155,5.179216976601,78
"26952",233,156,3.26476727623153,77
"26953",233,157,3.74636099324393,76
"26954",233,158,2.29736865729895,75
"26955",233,159,3.36985002013653,74
"26956",233,160,4.09967202739131,73
"26957",233,161,3.00987707904264,72
"26958",233,162,2.04187233596097,71
"26959",233,163,1.82852334213589,70
"26960",233,164,3.90027791583818,69
"26961",233,165,3.52677557338271,68
"26962",233,166,4.61666032369317,67
"26963",233,167,2.52364084147993,66
"26964",233,168,2.93989854552316,65
"26965",233,169,2.91268940986658,64
"26966",233,170,3.13068303838002,63
"26967",233,171,2.79749937263324,62
"26968",233,172,1.68677693494347,61
"26969",233,173,1.74024697894939,60
"26970",233,174,0.902915715906569,59
"26971",233,175,2.00638656735341,58
"26972",233,176,3.0092160325856,57
"26973",233,177,4.4046562244919,56
"26974",233,178,3.27114849837383,55
"26975",233,179,2.57456072891198,54
"26976",233,180,2.36939505235013,53
"26977",233,181,3.76729144029638,52
"26978",233,182,4.82855103736463,51
"26979",233,183,4.0725129760455,50
"26980",233,184,0.970510928312529,49
"26981",233,185,3.2431003818637,48
"26982",233,186,3.17028169005657,47
"26983",233,187,1.64476203625378,46
"26984",233,188,2.16465725016105,45
"26985",233,189,0.478080358137731,44
"26986",233,190,2.33464819768845,43
"26987",233,191,2.39525979904722,42
"26988",233,192,2.30323668933642,41
"26989",233,193,3.18095137058245,40
"26990",233,194,2.5112651229185,39
"26991",233,195,2.79827725199855,38
"26992",233,196,2.96801331288959,37
"26993",233,197,2.43142889400052,36
"26994",233,198,1.26442235512508,35
"26995",233,199,1.73151830949087,34
"26996",233,200,3.61914642488182,33
"26997",233,201,3.4452791156739,32
"26998",233,202,3.55745885636236,31
"26999",233,203,5.71714481161664,30
"27000",233,204,5.63172578649823,29
"27001",233,205,4.62835895955379,28
"27002",233,206,2.94830346623356,27
"27003",233,207,2.55261027780296,26
"27004",233,208,3.58608631063576,25
"27005",233,209,3.31278615423865,24
"27006",233,210,4.46231587894036,23
"27007",233,211,4.03012896641173,22
"27008",233,212,4.00008819006825,21
"27009",233,213,3.16383060938173,20
"27010",233,214,2.99255009236502,19
"27011",233,215,2.30658274796241,18
"27012",233,216,0.945959929688973,17
"27013",233,217,2.10558569134511,16
"27014",233,218,0.378687262428852,15
"27015",233,219,1.43619343685038,14
"27016",233,220,2.42519690248097,13
"27017",233,221,3.47505301630417,12
"27018",233,222,3.12379709163233,11
"27019",233,223,3.84626874552793,10
"27020",233,224,4.36979295627932,9
"27021",233,225,1.28397588704163,8
"27022",233,226,1.56770076752606,7
"27023",233,227,1.96171414739919,6
"27024",233,228,1.97768321701767,5
"27025",233,229,2.8322153599245,4
"27026",233,230,1.21386689265966,3
"27027",233,231,2.49163522748302,2
"27028",233,232,2.99220445872389,1
"27029",234,1,8.65021159254115,233
"27030",234,2,6.94235552142113,232
"27031",234,3,8.56540789296941,231
"27032",234,4,9.89607183495387,230
"27033",234,5,8.65783969276321,229
"27034",234,6,9.95605349363684,228
"27035",234,7,9.22801199764475,227
"27036",234,8,9.02987997995343,226
"27037",234,9,10.6256797181678,225
"27038",234,10,9.44231128492535,224
"27039",234,11,11.4044107099204,223
"27040",234,12,9.72306239513764,222
"27041",234,13,8.97817116722899,221
"27042",234,14,10.4025754341595,220
"27043",234,15,8.67052118329131,219
"27044",234,16,8.42029396376296,218
"27045",234,17,9.72977466923308,217
"27046",234,18,11.5362777649239,216
"27047",234,19,8.7552973112071,215
"27048",234,20,8.31991194039804,214
"27049",234,21,9.61815244309867,213
"27050",234,22,11.7693495333217,212
"27051",234,23,10.2019278825927,211
"27052",234,24,10.9317872916003,210
"27053",234,25,10.0729567257691,209
"27054",234,26,10.5844238350532,208
"27055",234,27,11.0182102812446,207
"27056",234,28,11.5404303641471,206
"27057",234,29,10.5023313857262,205
"27058",234,30,11.2255363524008,204
"27059",234,31,10.0955037181962,203
"27060",234,32,12.4982468184302,202
"27061",234,33,9.03543274869422,201
"27062",234,34,8.40965074152358,200
"27063",234,35,9.99055057063239,199
"27064",234,36,11.6134758527752,198
"27065",234,37,8.57454427896993,197
"27066",234,38,10.7580828145595,196
"27067",234,39,9.38307858984706,195
"27068",234,40,10.0872045636043,194
"27069",234,41,9.61583340661348,193
"27070",234,42,9.97920694407354,192
"27071",234,43,8.65469180541333,191
"27072",234,44,5.87302799512911,190
"27073",234,45,6.73172056316308,189
"27074",234,46,8.05948759914682,188
"27075",234,47,6.3598747159808,187
"27076",234,48,4.56622446830344,186
"27077",234,49,2.71121151234527,185
"27078",234,50,9.28320855397144,184
"27079",234,51,7.52716171200064,183
"27080",234,52,7.60534575448075,182
"27081",234,53,9.81432046898126,181
"27082",234,54,9.66588824476742,180
"27083",234,55,8.07260882911573,179
"27084",234,56,7.64949958045548,178
"27085",234,57,7.95621629516266,177
"27086",234,58,8.48440535499312,176
"27087",234,59,7.13159288803856,175
"27088",234,60,7.87373646610333,174
"27089",234,61,6.19523505343041,173
"27090",234,62,9.46775424396422,172
"27091",234,63,8.69656581891828,171
"27092",234,64,7.07986418765842,170
"27093",234,65,8.91382250957274,169
"27094",234,66,8.49061902226054,168
"27095",234,67,8.32842995645665,167
"27096",234,68,9.03773846302889,166
"27097",234,69,7.84136573425398,165
"27098",234,70,7.69810572901934,164
"27099",234,71,7.11836491885777,163
"27100",234,72,5.05300831736637,162
"27101",234,73,7.44147871822008,161
"27102",234,74,8.13773580442263,160
"27103",234,75,7.83946824861848,159
"27104",234,76,5.81706872972601,158
"27105",234,77,2.94269232047632,157
"27106",234,78,4.85101014763765,156
"27107",234,79,6.47578414390334,155
"27108",234,80,6.01465655523617,154
"27109",234,81,5.21386165437354,153
"27110",234,82,8.37339264403127,152
"27111",234,83,9.21511361114834,151
"27112",234,84,7.5532945895402,150
"27113",234,85,8.14779189970173,149
"27114",234,86,8.25590336662603,148
"27115",234,87,8.73196026304613,147
"27116",234,88,7.8311116697535,146
"27117",234,89,8.59595457519565,145
"27118",234,90,10.5470037661325,144
"27119",234,91,7.9928459715499,143
"27120",234,92,8.00314661808688,142
"27121",234,93,5.90750203113977,141
"27122",234,94,3.40321699446371,140
"27123",234,95,6.86744744955298,139
"27124",234,96,4.63727829338425,138
"27125",234,97,6.01667146331007,137
"27126",234,98,8.68481117241683,136
"27127",234,99,9.88051627163581,135
"27128",234,100,8.05404754131071,134
"27129",234,101,3.57873111727312,133
"27130",234,102,4.41395785860346,132
"27131",234,103,6.61369334010921,131
"27132",234,104,5.75161844551983,130
"27133",234,105,5.49688948416787,129
"27134",234,106,7.42606623598142,128
"27135",234,107,3.83379176460837,127
"27136",234,108,4.36012735724414,126
"27137",234,109,5.50884215107498,125
"27138",234,110,2.73458501732487,124
"27139",234,111,4.32974864145112,123
"27140",234,112,8.10972388235807,122
"27141",234,113,6.75111296350337,121
"27142",234,114,4.92819194853271,120
"27143",234,115,4.38347091172575,119
"27144",234,116,3.17426121240704,118
"27145",234,117,4.03915434840722,117
"27146",234,118,3.18031358545473,116
"27147",234,119,3.06565868536956,115
"27148",234,120,3.8620096193833,114
"27149",234,121,7.55671489007079,113
"27150",234,122,4.83453924810276,112
"27151",234,123,3.38211914918122,111
"27152",234,124,6.62593322564693,110
"27153",234,125,3.90479088345537,109
"27154",234,126,4.35409005408404,108
"27155",234,127,4.22390294830865,107
"27156",234,128,5.83565727434045,106
"27157",234,129,4.11667621146538,105
"27158",234,130,4.27666301620843,104
"27159",234,131,5.07752910635647,103
"27160",234,132,5.03965767096259,102
"27161",234,133,6.46411354645695,101
"27162",234,134,7.33175702383511,100
"27163",234,135,6.09621408633598,99
"27164",234,136,5.64567332053675,98
"27165",234,137,4.25333743783432,97
"27166",234,138,5.64199699565275,96
"27167",234,139,6.87511414124948,95
"27168",234,140,5.59192632569508,94
"27169",234,141,4.26113246431531,93
"27170",234,142,4.68681929330077,92
"27171",234,143,3.69600450287359,91
"27172",234,144,3.32094735836171,90
"27173",234,145,3.51803811721046,89
"27174",234,146,2.68986015274487,88
"27175",234,147,1.72660802562971,87
"27176",234,148,2.8117473386154,86
"27177",234,149,3.56496087733535,85
"27178",234,150,3.92156360783575,84
"27179",234,151,4.82006585582879,83
"27180",234,152,3.76786136417389,82
"27181",234,153,1.412424917968,81
"27182",234,154,1.99440666682004,80
"27183",234,155,2.86417297251226,79
"27184",234,156,3.40360401796064,78
"27185",234,157,3.17928683549119,77
"27186",234,158,2.33115890235269,76
"27187",234,159,4.42422170419573,75
"27188",234,160,4.43132540960004,74
"27189",234,161,3.83455207937139,73
"27190",234,162,3.53323648160417,72
"27191",234,163,3.43054046440024,71
"27192",234,164,1.18756690079433,70
"27193",234,165,1.17636382667195,69
"27194",234,166,2.32403067140323,68
"27195",234,167,3.14428530246871,67
"27196",234,168,4.19922429651933,66
"27197",234,169,3.49500069616925,65
"27198",234,170,3.72980913794026,64
"27199",234,171,4.19689129200851,63
"27200",234,172,3.40550949932243,62
"27201",234,173,3.9431289735046,61
"27202",234,174,3.04976855392577,60
"27203",234,175,1.73211752958437,59
"27204",234,176,1.05323090576547,58
"27205",234,177,2.67226435387454,57
"27206",234,178,3.48841530251585,56
"27207",234,179,3.79141293314906,55
"27208",234,180,0.673857060635854,54
"27209",234,181,1.45224743620765,53
"27210",234,182,3.00776310051387,52
"27211",234,183,2.78997657747388,51
"27212",234,184,2.59025899202521,50
"27213",234,185,4.1511613672905,49
"27214",234,186,3.7988748113921,48
"27215",234,187,4.32945175006867,47
"27216",234,188,3.61120613812857,46
"27217",234,189,3.17968513435595,45
"27218",234,190,2.81139716931494,44
"27219",234,191,2.86137240020487,43
"27220",234,192,2.81428169055314,42
"27221",234,193,3.3893594327026,41
"27222",234,194,3.69450252241835,40
"27223",234,195,0.567270259752897,39
"27224",234,196,2.28328733855655,38
"27225",234,197,1.66298574565911,37
"27226",234,198,1.87561724083013,36
"27227",234,199,3.17806719745839,35
"27228",234,200,5.0544948599109,34
"27229",234,201,5.64255416079894,33
"27230",234,202,5.54184462012557,32
"27231",234,203,6.21127871400325,31
"27232",234,204,5.04457898786328,30
"27233",234,205,4.72470870860191,29
"27234",234,206,5.81787460610322,28
"27235",234,207,2.51450080790216,27
"27236",234,208,2.59556185515405,26
"27237",234,209,3.84612836487077,25
"27238",234,210,4.44662076083834,24
"27239",234,211,3.03960451093002,23
"27240",234,212,3.1552234064739,22
"27241",234,213,3.26018035842985,21
"27242",234,214,2.28775147714977,20
"27243",234,215,3.83716864777301,19
"27244",234,216,3.43957148218019,18
"27245",234,217,2.60388856193734,17
"27246",234,218,3.22025054699145,16
"27247",234,219,4.24974886610592,15
"27248",234,220,3.0761909296934,14
"27249",234,221,3.83472769974186,13
"27250",234,222,2.13327263615062,12
"27251",234,223,2.0027012473384,11
"27252",234,224,2.61581558934569,10
"27253",234,225,2.72949205898719,9
"27254",234,226,3.28643333190502,8
"27255",234,227,2.90169925339167,7
"27256",234,228,1.38875741407977,6
"27257",234,229,2.94447029855674,5
"27258",234,230,2.23375453240365,4
"27259",234,231,3.57729345128477,3
"27260",234,232,3.80411821464419,2
"27261",234,233,3.04325211298598,1
"27262",235,1,6.84168415042543,234
"27263",235,2,7.42522816992855,233
"27264",235,3,8.84621609836565,232
"27265",235,4,8.0836427205873,231
"27266",235,5,7.34132928981286,230
"27267",235,6,7.79161550879926,229
"27268",235,7,7.63485686377553,228
"27269",235,8,9.98784625287177,227
"27270",235,9,11.6462709934721,226
"27271",235,10,9.26783019261082,225
"27272",235,11,9.2399727250828,224
"27273",235,12,10.9397355494352,223
"27274",235,13,10.1948443215265,222
"27275",235,14,8.23813744932192,221
"27276",235,15,6.79740805984997,220
"27277",235,16,7.33974053020943,219
"27278",235,17,8.79446748800425,218
"27279",235,18,9.37215191386639,217
"27280",235,19,8.19194955122526,216
"27281",235,20,7.43368779608481,215
"27282",235,21,10.6611446242799,214
"27283",235,22,10.0644926856708,213
"27284",235,23,10.4382830354777,212
"27285",235,24,9.06822025959934,211
"27286",235,25,7.9085187409315,210
"27287",235,26,11.8010969893507,209
"27288",235,27,8.85377229640703,208
"27289",235,28,9.37599237930955,207
"27290",235,29,8.33789340088858,206
"27291",235,30,9.06109836756322,205
"27292",235,31,8.98267044955407,204
"27293",235,32,10.3338088335927,203
"27294",235,33,9.92847519535853,202
"27295",235,34,9.43024201682791,201
"27296",235,35,7.82611258579481,200
"27297",235,36,9.82141346755802,199
"27298",235,37,6.41010629413235,198
"27299",235,38,8.59364482972197,197
"27300",235,39,10.5997517441446,196
"27301",235,40,9.01721165627637,195
"27302",235,41,9.21062358571825,194
"27303",235,42,7.81476895923596,193
"27304",235,43,7.96258886115369,192
"27305",235,44,6.50744262955983,191
"27306",235,45,7.7523118384674,190
"27307",235,46,9.08007887445114,189
"27308",235,47,6.73125373989326,188
"27309",235,48,4.5695815971823,187
"27310",235,49,3.62030283753472,186
"27311",235,50,10.3037998292758,185
"27312",235,51,7.15576638394604,184
"27313",235,52,8.82201890877828,183
"27314",235,53,8.92234786088513,182
"27315",235,54,7.30536838093663,181
"27316",235,55,8.60638529492247,180
"27317",235,56,8.86617273475302,179
"27318",235,57,6.82723010340201,178
"27319",235,58,6.31996737015554,177
"27320",235,59,8.3482660423361,176
"27321",235,60,7.52128709685369,175
"27322",235,61,7.21582632873473,174
"27323",235,62,9.16188099857544,173
"27324",235,63,8.00391664054351,172
"27325",235,64,7.64940598243122,171
"27326",235,65,10.1304956638703,170
"27327",235,66,9.70729217655808,169
"27328",235,67,5.96791009262586,168
"27329",235,68,8.78218062134184,167
"27330",235,69,8.4750932003131,166
"27331",235,70,7.77601080903764,165
"27332",235,71,6.87906404488257,164
"27333",235,72,6.10981695397272,163
"27334",235,73,5.2770407333825,162
"27335",235,74,6.94991239511927,161
"27336",235,75,7.1408625172741,160
"27337",235,76,5.28654703894793,159
"27338",235,77,2.96979762778865,158
"27339",235,78,5.87160142294197,157
"27340",235,79,5.89693373951148,156
"27341",235,80,7.2313297095337,155
"27342",235,81,5.10396624338462,154
"27343",235,82,8.48487811655515,153
"27344",235,83,9.57438128274906,152
"27345",235,84,7.57280464153755,151
"27346",235,85,7.42098024074371,150
"27347",235,86,7.06784585698762,149
"27348",235,87,8.07363595766457,148
"27349",235,88,7.55754427060169,147
"27350",235,89,7.11105784071314,146
"27351",235,90,10.2263140090048,145
"27352",235,91,8.7402259875161,144
"27353",235,92,7.14922832001062,143
"27354",235,93,4.66515925491798,142
"27355",235,94,4.42380826976803,141
"27356",235,95,8.08412060385052,140
"27357",235,96,5.49793686036658,139
"27358",235,97,4.25668082399482,138
"27359",235,98,8.60722160766488,137
"27360",235,99,7.71607828679823,136
"27361",235,100,5.88971360106649,135
"27362",235,101,4.79540427157065,134
"27363",235,102,5.58196415435882,133
"27364",235,103,7.15061715486496,132
"27365",235,104,3.58718046068225,131
"27366",235,105,5.40325104089079,130
"27367",235,106,8.64273939027896,129
"27368",235,107,5.0504649189059,128
"27369",235,108,2.63278070909428,127
"27370",235,109,3.63593711682036,126
"27371",235,110,3.04541993071847,125
"27372",235,111,5.35033991675544,124
"27373",235,112,7.83780502836582,123
"27374",235,113,6.77062301550072,122
"27375",235,114,3.94497223206354,121
"27376",235,115,3.22228291832147,120
"27377",235,116,4.39093436670457,119
"27378",235,117,5.25582750270475,118
"27379",235,118,4.39698673975226,117
"27380",235,119,3.15437986743971,116
"27381",235,120,3.99466816665508,115
"27382",235,121,5.39227690523321,114
"27383",235,122,3.62447630696961,113
"27384",235,123,4.59879230347876,112
"27385",235,124,7.84260637994447,111
"27386",235,125,4.9253821587597,110
"27387",235,126,4.30911846934913,109
"27388",235,127,2.41547955078628,108
"27389",235,128,3.67121928950287,107
"27390",235,129,2.71272617061368,106
"27391",235,130,2.11222503137085,105
"27392",235,131,2.91309112151889,104
"27393",235,132,3.99120199445932,103
"27394",235,133,5.15705503316785,102
"27395",235,134,5.16731903899753,101
"27396",235,135,4.09346139957331,100
"27397",235,136,3.48123533569917,99
"27398",235,137,5.47001059213185,98
"27399",235,138,4.90112314825757,97
"27400",235,139,4.7106761564119,96
"27401",235,140,3.4274883408575,95
"27402",235,141,2.09669447947773,94
"27403",235,142,2.55476518814518,93
"27404",235,143,3.79659130424346,92
"27405",235,144,2.72573594166466,91
"27406",235,145,1.88462157533972,90
"27407",235,146,3.04471239045589,89
"27408",235,147,3.10459998638755,88
"27409",235,148,3.03910526845723,87
"27410",235,149,3.48482424733914,86
"27411",235,150,2.90097233253143,85
"27412",235,151,3.79947458052446,84
"27413",235,152,4.3164966570101,83
"27414",235,153,3.57686290280558,82
"27415",235,154,2.40038051802331,81
"27416",235,155,0.514853561619915,80
"27417",235,156,1.62073256993167,79
"27418",235,157,1.57602210042028,78
"27419",235,158,2.37819521062058,77
"27420",235,159,3.40363042889141,76
"27421",235,160,3.49188891711324,75
"27422",235,161,2.81396080406707,74
"27423",235,162,2.72299736291693,73
"27424",235,163,2.84704052578364,72
"27425",235,164,2.40424005509187,71
"27426",235,165,2.19881173632255,70
"27427",235,166,0.709702462786103,69
"27428",235,167,2.53292096265317,68
"27429",235,168,2.03478631168175,67
"27430",235,169,2.47440942086493,66
"27431",235,170,2.70921786263594,65
"27432",235,171,2.25906243149986,64
"27433",235,172,2.99439388240623,63
"27434",235,173,3.58579596969517,62
"27435",235,174,4.42326938288676,61
"27436",235,175,2.66917730056612,60
"27437",235,176,1.66634783533393,59
"27438",235,177,1.62946211782649,58
"27439",235,178,2.42340210572408,57
"27440",235,179,2.77082165784474,56
"27441",235,180,2.64605649091446,55
"27442",235,181,1.19399826788961,54
"27443",235,182,1.79108994621633,53
"27444",235,183,1.57330342317635,52
"27445",235,184,3.705052939607,51
"27446",235,185,3.13057009198618,50
"27447",235,186,2.77828353608778,49
"27448",235,187,3.39001525758187,48
"27449",235,188,2.91411551471577,47
"27450",235,189,4.1974835097818,46
"27451",235,190,2.34091567023107,45
"27452",235,191,2.79559835812674,44
"27453",235,192,5.17480155438394,43
"27454",235,193,3.76013049319706,42
"27455",235,194,2.67391124711402,41
"27456",235,195,1.87728661592098,40
"27457",235,196,1.70755055502994,39
"27458",235,197,2.24413497391901,38
"27459",235,198,3.41114151279444,37
"27460",235,199,3.95331161462353,36
"27461",235,200,4.03390358460658,35
"27462",235,201,4.62196288549462,34
"27463",235,202,6.47880034651396,33
"27464",235,203,5.19068743869893,32
"27465",235,204,4.02398771255896,31
"27466",235,205,4.28697524527679,30
"27467",235,206,4.7972833307989,29
"27468",235,207,2.88537591298998,28
"27469",235,208,2.33349784489599,27
"27470",235,209,3.65050667028459,26
"27471",235,210,4.13808467131279,25
"27472",235,211,2.52935082302198,24
"27473",235,212,2.60413335868763,23
"27474",235,213,2.49850405369143,22
"27475",235,214,2.804080923749,21
"27476",235,215,2.81657737246869,20
"27477",235,216,3.72960393823056,19
"27478",235,217,2.56997817657442,18
"27479",235,218,4.31922971638316,17
"27480",235,219,4.65259167250231,16
"27481",235,220,3.23681792275748,15
"27482",235,221,2.92749300889868,14
"27483",235,222,2.30806586224523,13
"27484",235,223,1.25508713103716,12
"27485",235,224,1.39914243504815,11
"27486",235,225,3.3915879808779,10
"27487",235,226,3.74654439040086,9
"27488",235,227,2.71384972052034,8
"27489",235,228,2.69788065090186,7
"27490",235,229,1.92387902325242,6
"27491",235,230,3.46169697525987,5
"27492",235,231,2.37784175130338,4
"27493",235,232,2.78352693933987,3
"27494",235,233,4.67556386791953,2
"27495",235,234,2.3605198638308,1
"27496",236,1,7.30076665200595,235
"27497",236,2,5.59291058088593,234
"27498",236,3,9.03116240824467,233
"27499",236,4,8.74246674681777,232
"27500",236,5,9.12359420803847,231
"27501",236,6,9.77289437234271,230
"27502",236,7,9.30792233822418,229
"27503",236,8,8.96669780677251,228
"27504",236,9,11.7063898024725,227
"27505",236,10,9.73438482708429,226
"27506",236,11,10.0549657693852,225
"27507",236,12,9.06192052756854,224
"27508",236,13,10.0532743021035,223
"27509",236,14,9.9563468509918,222
"27510",236,15,8.74970544408842,221
"27511",236,16,8.70116705298345,220
"27512",236,17,9.28792945660311,219
"27513",236,18,10.1868328243887,218
"27514",236,19,7.4058523706719,217
"27515",236,20,7.86686627482963,216
"27516",236,21,10.6988625274034,215
"27517",236,22,12.235104048597,214
"27518",236,23,10.667682397868,213
"27519",236,24,11.1052409108025,212
"27520",236,25,8.72351178523388,211
"27521",236,26,9.84993446354746,210
"27522",236,27,9.66876534070941,209
"27523",236,28,10.1909854236119,208
"27524",236,29,9.15288644519095,207
"27525",236,30,9.8760914118656,206
"27526",236,31,8.76286618002965,205
"27527",236,32,11.148801877895,204
"27528",236,33,7.97731266955526,203
"27529",236,34,9.49036082582831,202
"27530",236,35,8.90710630294384,201
"27531",236,36,10.26403091224,200
"27532",236,37,7.71812095655475,199
"27533",236,38,9.40863787402434,198
"27534",236,39,9.55058199681638,197
"27535",236,40,10.2197287965584,196
"27536",236,41,10.0815879218887,195
"27537",236,42,9.95601395556294,194
"27538",236,43,8.12320263151012,193
"27539",236,44,6.54101918873971,192
"27540",236,45,7.8124306474678,191
"27541",236,46,9.14019768345154,190
"27542",236,47,6.82562923125606,189
"27543",236,48,4.56137171725747,188
"27544",236,49,2.85685893047296,187
"27545",236,50,10.3639186382762,186
"27546",236,51,7.9929162272759,185
"27547",236,52,6.87085638297501,184
"27548",236,53,8.83090041426882,183
"27549",236,54,10.1316427600427,182
"27550",236,55,6.72316388858053,181
"27551",236,56,6.91501020894974,180
"27552",236,57,7.50876413310252,179
"27553",236,58,7.13496041445792,178
"27554",236,59,6.39710351653282,177
"27555",236,60,7.46550605821059,176
"27556",236,61,7.27594513773513,175
"27557",236,62,9.93350875923948,174
"27558",236,63,7.34712087838307,173
"27559",236,64,5.73041924712322,172
"27560",236,65,8.17933313806699,171
"27561",236,66,8.47812187282294,170
"27562",236,67,8.79418447173191,169
"27563",236,68,7.68829352249369,168
"27564",236,69,8.5352120093135,167
"27565",236,70,6.34866078848414,166
"27566",236,71,5.90898614670166,165
"27567",236,72,5.20217898051014,164
"27568",236,73,7.54477151697473,163
"27569",236,74,6.78829086388743,162
"27570",236,75,6.49002330808328,161
"27571",236,76,4.49563164449787,160
"27572",236,77,2.66600336648131,159
"27573",236,78,5.93172023194237,158
"27574",236,79,6.89111645207275,157
"27575",236,80,5.28016718373043,156
"27576",236,81,3.86441671383834,155
"27577",236,82,7.02394770349607,154
"27578",236,83,7.86566867061314,153
"27579",236,84,7.68290105744315,152
"27580",236,85,8.61354641497699,151
"27581",236,86,8.40012555162873,150
"27582",236,87,9.19771477832139,149
"27583",236,88,8.29686618502876,148
"27584",236,89,7.24650963466045,147
"27585",236,90,9.19755882559733,146
"27586",236,91,6.78906346171282,145
"27587",236,92,6.65370167755168,144
"27588",236,93,6.23879732746611,143
"27589",236,94,4.48392707876843,142
"27590",236,95,6.13295807804724,141
"27591",236,96,5.35077333743532,140
"27592",236,97,4.69523437808192,139
"27593",236,98,7.33536623188163,138
"27594",236,99,8.53107133110061,137
"27595",236,100,6.70460260077551,136
"27596",236,101,2.84424174576738,135
"27597",236,102,3.63080162855555,134
"27598",236,103,5.26424839957401,133
"27599",236,104,5.27055147872246,132
"27600",236,105,4.14744454363267,131
"27601",236,106,6.69157686447568,130
"27602",236,107,4.78564957939434,129
"27603",236,108,3.85105253513971,128
"27604",236,109,4.15939721053978,127
"27605",236,110,1.38514007678967,126
"27606",236,111,5.41045872575584,125
"27607",236,112,6.76027894182286,124
"27608",236,113,5.40166802296817,123
"27609",236,114,3.57874700799751,122
"27610",236,115,3.03402597119055,121
"27611",236,116,2.4397718409013,120
"27612",236,117,3.30466497690148,119
"27613",236,118,2.44582421394898,118
"27614",236,119,3.53141320064482,117
"27615",236,120,3.87957122013611,116
"27616",236,121,6.20726994953559,115
"27617",236,122,3.48509430756756,114
"27618",236,123,2.64762977767548,113
"27619",236,124,5.89144385414119,112
"27620",236,125,4.98550096776009,111
"27621",236,126,3.20633394197222,110
"27622",236,127,3.73163552857283,109
"27623",236,128,4.48621233380525,108
"27624",236,129,2.98572750172218,107
"27625",236,130,4.48469954652429,106
"27626",236,131,3.72808416582126,105
"27627",236,132,3.69021273042738,104
"27628",236,133,5.11466860592175,103
"27629",236,134,5.98231208329991,102
"27630",236,135,4.74676914580077,101
"27631",236,136,4.29622838000155,100
"27632",236,137,3.51884806632858,99
"27633",236,138,4.29255205511754,98
"27634",236,139,5.52566920071428,97
"27635",236,140,4.24248138515988,96
"27636",236,141,2.9116875237801,95
"27637",236,142,3.33737435276557,94
"27638",236,143,2.34655956233839,93
"27639",236,144,1.97150241782651,92
"27640",236,145,2.16859317667526,91
"27641",236,146,1.60915006844015,90
"27642",236,147,0.601618169986301,89
"27643",236,148,1.4623023980802,88
"27644",236,149,2.21551593680015,87
"27645",236,150,2.84085352353103,86
"27646",236,151,3.73935577152406,85
"27647",236,152,2.68715127986917,84
"27648",236,153,2.7618698585032,83
"27649",236,154,2.46049932702371,82
"27650",236,155,3.32992748778753,81
"27651",236,156,2.05415907742544,80
"27652",236,157,1.89707150443045,79
"27653",236,158,1.34568628282949,78
"27654",236,159,3.34351161989101,77
"27655",236,160,3.84363694341534,76
"27656",236,161,2.75384199506667,75
"27657",236,162,2.45252639729944,74
"27658",236,163,2.34983038009552,73
"27659",236,164,1.93773588715692,72
"27660",236,165,1.56423354470144,71
"27661",236,166,2.7673708348797,70
"27662",236,167,1.79484036193351,69
"27663",236,168,2.84977935598413,68
"27664",236,169,2.41429061186453,67
"27665",236,170,2.64909905363554,66
"27666",236,171,2.8474463514733,65
"27667",236,172,2.30319259240622,64
"27668",236,173,2.86241888919988,63
"27669",236,174,1.96905846962104,62
"27670",236,175,1.0771994539252,61
"27671",236,176,1.60844580064661,60
"27672",236,177,2.80189063116519,59
"27673",236,178,2.36328329672368,58
"27674",236,179,2.71070284884434,57
"27675",236,180,1.25961176607916,56
"27676",236,181,2.1424570363747,55
"27677",236,182,3.74225247201961,54
"27678",236,183,3.52446594897963,53
"27679",236,184,1.50954890772049,52
"27680",236,185,3.07045128298578,51
"27681",236,186,2.9142466060806,50
"27682",236,187,3.24874166576395,49
"27683",236,188,2.53049605382385,48
"27684",236,189,2.09897505005123,47
"27685",236,190,1.73068708501022,46
"27686",236,191,2.13922471507125,45
"27687",236,192,2.34852717527788,44
"27688",236,193,2.92491628660648,43
"27689",236,194,2.61379243811362,42
"27690",236,195,1.10577937726718,41
"27691",236,196,1.11872382407612,40
"27692",236,197,0.85119409925224,39
"27693",236,198,0.806107609463856,38
"27694",236,199,2.09735711315367,37
"27695",236,200,3.97378477560618,36
"27696",236,201,4.56184407649422,35
"27697",236,202,4.46113453582085,34
"27698",236,203,5.46110972764067,33
"27699",236,204,5.37569070252226,32
"27700",236,205,4.37232387557782,31
"27701",236,206,4.7371645217985,30
"27702",236,207,2.29657519382699,29
"27703",236,208,3.3300512266598,28
"27704",236,209,3.05675107026268,27
"27705",236,210,4.20628079496439,26
"27706",236,211,3.77409388243576,25
"27707",236,212,3.74405310609228,24
"27708",236,213,2.90779552540576,23
"27709",236,214,2.73651500838905,22
"27710",236,215,2.75645856346829,21
"27711",236,216,2.35886139787547,20
"27712",236,217,1.52317847763262,19
"27713",236,218,2.13954046268673,18
"27714",236,219,3.1690387818012,17
"27715",236,220,2.169161818505,16
"27716",236,221,3.2190179323282,15
"27717",236,222,2.86776200765636,14
"27718",236,223,2.73719061884414,13
"27719",236,224,3.35030496085143,12
"27720",236,225,1.64878197468247,11
"27721",236,226,1.93698839136982,10
"27722",236,227,1.55225431285647,9
"27723",236,228,0.666609728946143,8
"27724",236,229,2.26153092166862,7
"27725",236,230,1.15304444809893,6
"27726",236,231,2.31772294230298,5
"27727",236,232,2.72340813033947,4
"27728",236,233,1.96254202868126,3
"27729",236,234,1.3494449405352,2
"27730",236,235,2.82627437910606,1
"27731",237,1,5.89987034120048,236
"27732",237,2,6.18903340616487,235
"27733",237,3,10.8460513570457,234
"27734",237,4,9.58256190046831,233
"27735",237,5,9.96368936168902,232
"27736",237,6,10.6129895259932,231
"27737",237,7,10.1480174918747,230
"27738",237,8,10.9064142564522,229
"27739",237,9,13.6461062521522,228
"27740",237,10,10.8979025991813,227
"27741",237,11,9.8010469339797,226
"27742",237,12,11.0016369772482,225
"27743",237,13,11.9929907517832,224
"27744",237,14,10.7964420046423,223
"27745",237,15,9.58980059773896,222
"27746",237,16,9.54126220663399,221
"27747",237,17,10.1280246102537,220
"27748",237,18,8.78593651358323,219
"27749",237,19,6.40736561033676,218
"27750",237,20,8.70696142848017,217
"27751",237,21,12.6385789770831,216
"27752",237,22,13.0751992022475,215
"27753",237,23,12.4381182941577,214
"27754",237,24,11.945336064453,213
"27755",237,25,9.4028340507872,212
"27756",237,26,9.5486594487711,211
"27757",237,27,9.39957193803133,210
"27758",237,28,8.79008911280645,209
"27759",237,29,9.36453265539613,208
"27760",237,30,9.14067411340403,207
"27761",237,31,9.60296133368019,206
"27762",237,32,9.74790556708957,205
"27763",237,33,7.6760376547789,204
"27764",237,34,11.430077275508,203
"27765",237,35,9.74720145659439,202
"27766",237,36,8.86313460143451,201
"27767",237,37,8.55821611020529,200
"27768",237,38,8.45594792366321,199
"27769",237,39,11.490298446496,198
"27770",237,40,11.059823950209,197
"27771",237,41,11.2104588443983,196
"27772",237,42,10.7961091092135,195
"27773",237,43,8.96329778516066,194
"27774",237,44,8.48073563841937,193
"27775",237,45,9.75214709714746,192
"27776",237,46,11.0799141331312,191
"27777",237,47,8.73108899857332,190
"27778",237,48,5.90272771054792,189
"27779",237,49,4.79657538015262,188
"27780",237,50,12.3036350879558,187
"27781",237,51,9.1556016426261,186
"27782",237,52,8.81057283265467,185
"27783",237,53,9.67099556791936,184
"27784",237,54,10.9717379136932,183
"27785",237,55,7.35265704900785,182
"27786",237,56,7.41367342546621,181
"27787",237,57,8.34885928675306,180
"27788",237,58,6.96661142599154,179
"27789",237,59,6.09582850175647,178
"27790",237,60,8.45105555337254,177
"27791",237,61,9.21566158741479,176
"27792",237,62,11.1617162572555,175
"27793",237,63,8.11437947312898,174
"27794",237,64,5.39696844185158,173
"27795",237,65,7.87805812329064,172
"27796",237,66,10.4178383225026,171
"27797",237,67,9.63427962538245,170
"27798",237,68,6.52974308076221,169
"27799",237,69,10.4749284589932,168
"27800",237,70,7.16534722366815,167
"27801",237,71,7.00768413713805,166
"27802",237,72,7.1418954301898,165
"27803",237,73,8.38486667062527,164
"27804",237,74,6.94732318171788,163
"27805",237,75,5.0891269972778,162
"27806",237,76,5.33572679814841,161
"27807",237,77,4.03110753820522,160
"27808",237,78,7.87143668162203,159
"27809",237,79,7.73121160572329,158
"27810",237,80,5.4397645878234,157
"27811",237,81,4.82920867879332,156
"27812",237,82,6.23244057597551,155
"27813",237,83,7.32194374216943,154
"27814",237,84,9.04040997385209,153
"27815",237,85,9.45364156862753,152
"27816",237,86,9.24022070527927,151
"27817",237,87,10.0734712163446,150
"27818",237,88,9.55737952928175,149
"27819",237,89,7.52635356071651,148
"27820",237,90,7.97387646842512,147
"27821",237,91,7.63629875743248,146
"27822",237,92,6.83830813882622,145
"27823",237,93,7.07889248111665,144
"27824",237,94,6.42364352844809,143
"27825",237,95,7.57405940609861,142
"27826",237,96,7.29048978711498,141
"27827",237,97,5.53532953173246,140
"27828",237,98,6.35478406708525,139
"27829",237,99,7.13017502029513,138
"27830",237,100,5.30370628997003,137
"27831",237,101,3.27860656378247,136
"27832",237,102,3.76651907536319,135
"27833",237,103,4.89817961428533,134
"27834",237,104,6.110646632373,133
"27835",237,105,4.50101263923056,132
"27836",237,106,6.39030184969932,131
"27837",237,107,6.725366029074,130
"27838",237,108,4.69114768879025,129
"27839",237,109,4.18153659755834,128
"27840",237,110,2.91071508858437,127
"27841",237,111,7.3501751754355,126
"27842",237,112,6.15122566481084,125
"27843",237,113,4.51818547492109,124
"27844",237,114,2.17785069719203,123
"27845",237,115,1.63312966038507,122
"27846",237,116,2.70994850665786,121
"27847",237,117,3.00338996212512,120
"27848",237,118,3.09697763067543,119
"27849",237,119,5.13181422024288,118
"27850",237,120,5.35022863181948,117
"27851",237,121,4.93523935417076,116
"27852",237,122,2.64444922435657,115
"27853",237,123,3.34920540150777,114
"27854",237,124,6.05518260217779,113
"27855",237,125,6.92521741743975,112
"27856",237,126,4.4993612216489,111
"27857",237,127,4.57173068222337,110
"27858",237,128,4.9677450882847,109
"27859",237,129,3.82582265537272,108
"27860",237,130,5.32479470017484,107
"27861",237,131,4.1928095179321,106
"27862",237,132,2.61426401405577,105
"27863",237,133,3.71377229511627,104
"27864",237,134,4.58141577249444,103
"27865",237,135,3.3458728349953,102
"27866",237,136,2.89533206919608,101
"27867",237,137,3.21757305155222,100
"27868",237,138,2.89165574431207,99
"27869",237,139,4.1247728899088,98
"27870",237,140,3.54190247032798,97
"27871",237,141,3.46044988773401,96
"27872",237,142,2.2334177810869,95
"27873",237,143,1.54415376366382,94
"27874",237,144,0.985197662728148,93
"27875",237,145,1.78174795741688,92
"27876",237,146,0.935595745836813,91
"27877",237,147,1.33809827969336,90
"27878",237,148,1.12821297015921,89
"27879",237,149,0.89538424158711,88
"27880",237,150,2.066454786716,87
"27881",237,151,3.61483877765487,86
"27882",237,152,2.01920390669601,85
"27883",237,153,4.23071394041588,84
"27884",237,154,4.40021577670337,83
"27885",237,155,4.17002264143807,82
"27886",237,156,2.2555729410686,81
"27887",237,157,2.73716665808099,80
"27888",237,158,1.64696129760585,79
"27889",237,159,3.41508995093692,78
"27890",237,160,4.1449119581917,77
"27891",237,161,3.05511700984302,76
"27892",237,162,2.08711226676136,75
"27893",237,163,0.81932900697296,74
"27894",237,164,3.87745233683658,73
"27895",237,165,3.5039499943811,72
"27896",237,166,3.60746598853024,71
"27897",237,167,1.51444650631699,70
"27898",237,168,1.93070421036022,69
"27899",237,169,1.90349507470365,68
"27900",237,170,2.12148870321709,67
"27901",237,171,1.78830503747031,66
"27902",237,172,0.671975650350371,65
"27903",237,173,1.78548690974978,64
"27904",237,174,1.67571347689573,63
"27905",237,175,1.66959124091109,62
"27906",237,176,2.00002169742266,61
"27907",237,177,3.39546188932897,60
"27908",237,178,2.26195416321089,59
"27909",237,179,2.61980065971237,58
"27910",237,180,2.66050807688464,57
"27911",237,181,2.75809710513345,56
"27912",237,182,4.04352748679597,55
"27913",237,183,3.82574096375598,54
"27914",237,184,1.23761592445227,53
"27915",237,185,2.92912688674797,52
"27916",237,186,3.21552162085696,51
"27917",237,187,1.69000196705416,50
"27918",237,188,2.20989718096144,49
"27919",237,189,0.715995403079971,48
"27920",237,190,1.97593294325056,47
"27921",237,191,2.4404997298476,46
"27922",237,192,3.33484537629814,45
"27923",237,193,3.22619130138284,44
"27924",237,194,2.55650505371889,43
"27925",237,195,2.56509951637986,42
"27926",237,196,1.95881897772666,41
"27927",237,197,1.42223455883759,40
"27928",237,198,1.99696389743231,39
"27929",237,199,1.90605965868418,38
"27930",237,200,3.66438635568221,37
"27931",237,201,3.49051904647428,36
"27932",237,202,3.89371151477892,35
"27933",237,203,5.76238474241703,34
"27934",237,204,5.67696571729861,33
"27935",237,205,4.67359889035418,32
"27936",237,206,2.99354339703395,31
"27937",237,207,2.59785020860335,30
"27938",237,208,3.63132624143615,29
"27939",237,209,3.35802608503903,28
"27940",237,210,4.50755580974075,27
"27941",237,211,4.07536889721212,26
"27942",237,212,4.04532812086863,25
"27943",237,213,3.20907054018211,24
"27944",237,214,3.03779002316541,23
"27945",237,215,2.3518226787628,22
"27946",237,216,0.609633323680754,21
"27947",237,217,1.47710499209823,20
"27948",237,218,0.876963363848736,19
"27949",237,219,1.48143336765077,18
"27950",237,220,2.47043683328136,17
"27951",237,221,3.52029294710456,16
"27952",237,222,3.16903702243272,15
"27953",237,223,3.0384656336205,14
"27954",237,224,3.65157997562779,13
"27955",237,225,0.291076625145949,12
"27956",237,226,0.843023630963952,11
"27957",237,227,0.952519812236256,10
"27958",237,228,1.63166911990461,9
"27959",237,229,2.56280593644498,8
"27960",237,230,1.36962976164485,7
"27961",237,231,1.48244089232009,6
"27962",237,232,2.09466906541182,5
"27963",237,233,1.03160868696172,4
"27964",237,234,3.02042653398438,3
"27965",237,235,3.6663695327566,2
"27966",237,236,1.93971644967966,1
"27967",238,1,6.55591613103346,237
"27968",238,2,8.01563675897344,236
"27969",238,3,12.6726547098543,235
"27970",238,4,10.0946398496714,234
"27971",238,5,11.1677679013015,233
"27972",238,6,9.28527814426368,232
"27973",238,7,10.8793694215751,231
"27974",238,8,12.7330176092607,230
"27975",238,9,15.4727096049608,229
"27976",238,10,12.7245059519899,228
"27977",238,11,9.32043541797505,227
"27978",238,12,12.8282403300568,226
"27979",238,13,13.8195941045918,225
"27980",238,14,10.4306957197025,224
"27981",238,15,10.0411945378672,223
"27982",238,16,10.7852158366501,222
"27983",238,17,11.5172244925944,221
"27984",238,18,9.08638389447442,220
"27985",238,19,8.16852491392453,219
"27986",238,20,10.1452443477366,218
"27987",238,21,14.4651823298916,217
"27988",238,22,13.8909312971595,216
"27989",238,23,14.2647216469663,215
"27990",238,24,12.4062760960217,214
"27991",238,25,9.12157197565226,213
"27992",238,26,11.5153289699588,212
"27993",238,27,8.70319794655509,211
"27994",238,28,8.4799247864408,210
"27995",238,29,9.48823814875031,209
"27996",238,30,7.66723007087582,208
"27997",238,31,10.8146351286076,207
"27998",238,32,8.41452769294045,206
"27999",238,33,9.64270717596656,205
"28000",238,34,13.2566806283165,204
"28001",238,35,9.41503556416013,203
"28002",238,36,9.53564544816605,202
"28003",238,37,8.58919185973112,201
"28004",238,38,6.982503881135,200
"28005",238,39,13.3169017993046,199
"28006",238,40,12.3143381064507,198
"28007",238,41,13.0370621972069,197
"28008",238,42,9.96221417646921,196
"28009",238,43,10.5957019044706,195
"28010",238,44,10.3073389912279,194
"28011",238,45,11.578750449956,193
"28012",238,46,12.9065174859398,192
"28013",238,47,10.5576923513819,191
"28014",238,48,7.72933106335649,190
"28015",238,49,6.6231787329612,189
"28016",238,50,14.1302384407644,188
"28017",238,51,10.9822049954347,187
"28018",238,52,10.6371761854632,186
"28019",238,53,11.1035300233928,185
"28020",238,54,9.76232003237953,184
"28021",238,55,9.17926040181643,183
"28022",238,56,9.24027677827478,182
"28023",238,57,9.54438015856202,181
"28024",238,58,6.56705064821106,180
"28025",238,59,8.06249802294413,179
"28026",238,60,10.2776589061811,178
"28027",238,61,11.0422649402234,177
"28028",238,62,12.9883196100641,176
"28029",238,63,9.74623735832384,175
"28030",238,64,7.36363796303925,174
"28031",238,65,9.8447276444783,173
"28032",238,66,12.2444416753112,172
"28033",238,67,9.11511958753948,171
"28034",238,68,8.49641260194987,170
"28035",238,69,12.3015318118017,169
"28036",238,70,8.99195057647672,168
"28037",238,71,8.83428748994661,167
"28038",238,72,8.96849878299837,166
"28039",238,73,8.28906408314705,165
"28040",238,74,8.08400683598414,164
"28041",238,75,6.85509449788213,163
"28042",238,76,7.12971217093994,162
"28043",238,77,5.8577108910138,161
"28044",238,78,9.6980400344306,160
"28045",238,79,9.47686826490105,159
"28046",238,80,7.26636794063197,158
"28047",238,81,6.6558120316019,157
"28048",238,82,8.19911009716318,156
"28049",238,83,9.28861326335709,155
"28050",238,84,10.8670133266607,154
"28051",238,85,11.2474188522323,153
"28052",238,86,10.3766702592105,152
"28053",238,87,11.9000745691532,151
"28054",238,88,11.3839828820903,150
"28055",238,89,8.36596388980361,149
"28056",238,90,9.94054598961278,148
"28057",238,91,9.46290211024105,147
"28058",238,92,8.30889690431958,146
"28059",238,93,8.16105676846447,145
"28060",238,94,8.25024688125666,144
"28061",238,95,9.40066275890718,143
"28062",238,96,9.11709313992355,142
"28063",238,97,6.09984595598683,141
"28064",238,98,8.32145358827291,140
"28065",238,99,7.07447775812942,139
"28066",238,100,5.60394558167452,138
"28067",238,101,5.10520991659104,137
"28068",238,102,5.59312242817176,136
"28069",238,103,6.86484913547299,135
"28070",238,104,5.33267566855748,134
"28071",238,105,6.32761599203913,133
"28072",238,106,8.35697137088699,132
"28073",238,107,8.55196938188257,131
"28074",238,108,5.28830810421,130
"28075",238,109,4.63313862687333,129
"28076",238,110,4.73731844139295,128
"28077",238,111,9.17677852824407,127
"28078",238,112,7.97782901761941,126
"28079",238,113,6.48485499610875,125
"28080",238,114,3.65920421267157,124
"28081",238,115,2.9365148989295,123
"28082",238,116,4.53655185946643,122
"28083",238,117,4.97005948331278,121
"28084",238,118,4.923580983484,120
"28085",238,119,6.95841757305145,119
"28086",238,120,7.17683198462805,118
"28087",238,121,4.05542439261261,117
"28088",238,122,3.75889334679302,116
"28089",238,123,5.17580875431634,115
"28090",238,124,7.88178595498636,114
"28091",238,125,8.75182077024833,113
"28092",238,126,6.32596457445747,112
"28093",238,127,5.08781434827062,111
"28094",238,128,3.49430104575649,110
"28095",238,129,4.74637967809064,109
"28096",238,130,4.67612515475223,108
"28097",238,131,3.67344139090241,107
"28098",238,132,3.89031540112212,106
"28099",238,133,4.87128701377588,105
"28100",238,134,4.57428132427754,104
"28101",238,135,3.80769338018134,103
"28102",238,136,2.67805355354881,102
"28103",238,137,5.18424257273988,101
"28104",238,138,4.6153551288656,100
"28105",238,139,3.4221783685534,99
"28106",238,140,3.13622907268784,98
"28107",238,141,2.94128984989104,97
"28108",238,142,2.42587073950092,96
"28109",238,143,3.51082328485149,95
"28110",238,144,2.71449330960071,94
"28111",238,145,2.13612031424087,93
"28112",238,146,2.15716973404808,92
"28113",238,147,3.16470163250193,91
"28114",238,148,2.95481632296778,90
"28115",238,149,2.86205376277478,89
"28116",238,150,1.32913716389797,88
"28117",238,151,2.36000334748508,87
"28118",238,152,3.25527407490911,86
"28119",238,153,6.05731729322446,85
"28120",238,154,6.22681912951194,84
"28121",238,155,3.71568238525576,83
"28122",238,156,2.20570604155696,82
"28123",238,157,2.25041651106835,81
"28124",238,158,2.51587098444026,80
"28125",238,159,2.8232266696303,79
"28126",238,160,3.89291034108179,78
"28127",238,161,2.56045738987906,77
"28128",238,162,1.96430802345102,76
"28129",238,163,1.41648942239271,75
"28130",238,164,5.70405568964515,74
"28131",238,165,5.33055334718968,73
"28132",238,166,4.31764484348273,72
"28133",238,167,3.22758923007106,71
"28134",238,168,1.99364766119462,70
"28135",238,169,1.3520291906237,69
"28136",238,170,1.1172207488527,68
"28137",238,171,2.17498324053127,67
"28138",238,172,1.58638597609249,66
"28139",238,173,2.11558878131725,65
"28140",238,174,3.00909135104485,64
"28141",238,175,3.11491235720858,63
"28142",238,176,3.79379898102748,62
"28143",238,177,2.19697649366214,61
"28144",238,178,1.40303650576456,60
"28145",238,179,2.22213661190435,59
"28146",238,180,4.1731728261571,58
"28147",238,181,3.92086994118367,57
"28148",238,182,2.83090352602739,56
"28149",238,183,2.6680051503355,55
"28150",238,184,2.57099379860138,54
"28151",238,185,0.962457365560304,53
"28152",238,186,2.34900662423936,52
"28153",238,187,1.43800034994426,51
"28154",238,188,2.20024143292553,50
"28155",238,189,2.04937327722908,49
"28156",238,190,2.19288631954359,48
"28157",238,191,3.06216056314636,47
"28158",238,192,4.66822325044725,46
"28159",238,193,4.28439723725419,45
"28160",238,194,2.20696163033793,44
"28161",238,195,4.39170286918843,43
"28162",238,196,3.05711017704462,42
"28163",238,197,3.18404414113384,41
"28164",238,198,3.33034177158142,40
"28165",238,199,3.2394375328333,39
"28166",238,200,2.91081176515233,38
"28167",238,201,2.30039935337181,37
"28168",238,202,5.22708938892803,36
"28169",238,203,5.07383802273453,35
"28170",238,204,4.93954404988722,34
"28171",238,205,4.92330030240595,33
"28172",238,206,1.20494099514507,32
"28173",238,207,3.65616018906807,31
"28174",238,208,4.2527789855482,30
"28175",238,209,3.84983926582975,29
"28176",238,210,4.88645459559209,28
"28177",238,211,4.308579241217,27
"28178",238,212,4.18167294845926,26
"28179",238,213,3.1348291108206,25
"28180",238,214,4.24155434514153,24
"28181",238,215,1.72786164040591,23
"28182",238,216,1.58710065510801,22
"28183",238,217,2.24314132485561,21
"28184",238,218,2.21034123799785,20
"28185",238,219,2.57171104942405,19
"28186",238,220,3.31849870172234,18
"28187",238,221,3.30049313163828,17
"28188",238,222,4.22734700289744,16
"28189",238,223,3.46620252709332,15
"28190",238,224,2.97074000166634,14
"28191",238,225,2.11753782780576,13
"28192",238,226,2.80969315215162,12
"28193",238,227,2.73024821731594,11
"28194",238,228,3.45827247271318,10
"28195",238,229,2.14911902126016,9
"28196",238,230,2.70300763579396,8
"28197",238,231,1.44859686018525,7
"28198",238,232,1.04291167214876,6
"28199",238,233,2.48263837769114,5
"28200",238,234,4.84702988679295,4
"28201",238,235,3.82643861148863,3
"28202",238,236,3.76631980248823,2
"28203",238,237,1.96666952118767,1
"28204",239,1,7.92723442858756,238
"28205",239,2,7.69501450174439,237
"28206",239,3,12.3580150167432,236
"28207",239,4,12.0693193553163,235
"28208",239,5,12.450446816537,234
"28209",239,6,13.0997469808412,233
"28210",239,7,12.6347749467227,232
"28211",239,8,11.9373017276208,231
"28212",239,9,12.202137003463,230
"28213",239,10,13.0612374355828,229
"28214",239,11,12.2878043888277,228
"28215",239,12,11.0487047847927,227
"28216",239,13,12.1344009943531,226
"28217",239,14,13.2831994594903,225
"28218",239,15,12.0765580525869,224
"28219",239,16,12.028019661482,223
"28220",239,17,12.6147820651016,222
"28221",239,18,10.2194345686386,221
"28222",239,19,8.89412306518473,220
"28223",239,20,11.1937188833281,219
"28224",239,21,11.4211148081295,218
"28225",239,22,15.5619566570955,217
"28226",239,23,13.9945350063665,216
"28227",239,24,14.432093519301,215
"28228",239,25,11.8895915056352,214
"28229",239,26,8.82279000217185,213
"28230",239,27,11.8863293928793,212
"28231",239,28,10.9894265412292,211
"28232",239,29,11.8512901102441,210
"28233",239,30,11.627431568252,209
"28234",239,31,12.0897187885282,208
"28235",239,32,11.4561710360671,207
"28236",239,33,8.72142674509566,206
"28237",239,34,12.1761946946617,205
"28238",239,35,12.2339589114424,204
"28239",239,36,10.2966326564899,203
"28240",239,37,11.0449735650533,202
"28241",239,38,10.9427053785112,201
"28242",239,39,10.0463291978069,200
"28243",239,40,13.5465814050569,199
"28244",239,41,13.4084405303873,198
"28245",239,42,13.2828665640615,197
"28246",239,43,11.4500552400086,196
"28247",239,44,9.66563511890288,195
"28248",239,45,7.95268348410986,194
"28249",239,46,11.4717076896118,193
"28250",239,47,10.1524818397546,192
"28251",239,48,7.88822432575598,191
"28252",239,49,5.8763377990501,190
"28253",239,50,10.5041714749182,189
"28254",239,51,11.3197688357744,188
"28255",239,52,8.77391075369606,187
"28256",239,53,12.1577530227673,186
"28257",239,54,13.4584953685412,185
"28258",239,55,8.80773432728805,184
"28259",239,56,6.37056198382861,183
"28260",239,57,10.835616741601,182
"28261",239,58,9.45336888083951,181
"28262",239,59,5.4782694768406,180
"28263",239,60,10.7923586667091,179
"28264",239,61,9.1793376533846,178
"28265",239,62,13.260361367738,177
"28266",239,63,10.601136927977,176
"28267",239,64,6.58097675800511,175
"28268",239,65,5.8662755362587,174
"28269",239,66,9.50964670729913,173
"28270",239,67,12.1210370802304,172
"28271",239,68,8.72373245943034,171
"28272",239,69,11.6339728580278,170
"28273",239,70,9.07629588773678,169
"28274",239,71,9.23583875520018,168
"28275",239,72,8.07394053767038,167
"28276",239,73,10.8716241254732,166
"28277",239,74,9.43408063656585,165
"28278",239,75,7.51060450132607,164
"28279",239,76,7.82248425299638,163
"28280",239,77,5.99285597497983,162
"28281",239,78,6.26575612370961,161
"28282",239,79,10.2179690605713,160
"28283",239,80,5.8989530296502,159
"28284",239,81,6.92795783386918,158
"28285",239,82,7.19685764271916,157
"28286",239,83,8.49213644719474,156
"28287",239,84,11.0097536659417,155
"28288",239,85,11.9403990234755,154
"28289",239,86,11.7269781601272,153
"28290",239,87,12.5245673868199,152
"28291",239,88,11.6237187935273,151
"28292",239,89,10.0131110155645,150
"28293",239,90,9.23016056984723,149
"28294",239,91,8.87777248555322,148
"28295",239,92,9.32506559367419,147
"28296",239,93,9.56564993596463,146
"28297",239,94,4.6241799154105,145
"28298",239,95,5.77459579306102,144
"28299",239,96,8.41868496421958,143
"28300",239,97,8.02208698658044,142
"28301",239,98,7.5528494021863,141
"28302",239,99,8.5636730753505,140
"28303",239,100,6.73720434502541,139
"28304",239,101,2.80943111024381,138
"28305",239,102,4.58736652369476,137
"28306",239,103,5.71142825360912,136
"28307",239,104,8.59740408722097,135
"28308",239,105,6.58350482659457,134
"28309",239,106,4.44300089939965,133
"28310",239,107,6.80185244538983,132
"28311",239,108,7.17790514363822,131
"28312",239,109,6.66829405240631,130
"28313",239,110,4.58873391927771,129
"28314",239,111,6.8606069815991,128
"28315",239,112,8.41199826289001,127
"28316",239,113,5.43426976721807,126
"28317",239,114,4.13798517510465,125
"28318",239,115,4.05265750575858,124
"28319",239,116,2.18807446658448,123
"28320",239,117,1.99629782249935,122
"28321",239,118,2.72055793211346,121
"28322",239,119,6.85826580914334,120
"28323",239,120,7.20642382863462,119
"28324",239,121,7.42199680901874,118
"28325",239,122,5.13120667920454,117
"28326",239,123,2.40680912623859,116
"28327",239,124,5.46838473585039,115
"28328",239,125,7.21249817989444,114
"28329",239,126,6.53318655047073,113
"28330",239,127,7.05848813707135,112
"28331",239,128,7.45450254313267,111
"28332",239,129,6.31258011022069,110
"28333",239,130,7.81155215502281,109
"28334",239,131,6.67956697278007,108
"28335",239,132,5.10102146890374,107
"28336",239,133,5.14727035017165,106
"28337",239,134,6.01491382754981,105
"28338",239,135,4.77937089005067,104
"28339",239,136,5.16359329325205,103
"28340",239,137,3.08325058220827,102
"28341",239,138,4.32515379936744,101
"28342",239,139,5.83279633229219,100
"28343",239,140,6.02865992517595,99
"28344",239,141,5.94720734258199,98
"28345",239,142,4.72017523593487,97
"28346",239,143,2.91699818238398,96
"28347",239,144,3.47195511757612,95
"28348",239,145,4.26850541226485,94
"28349",239,146,3.788318758667,93
"28350",239,147,3.10012750521685,92
"28351",239,148,3.11402171914734,91
"28352",239,149,2.66830274026543,90
"28353",239,150,4.91917779954619,89
"28354",239,151,6.46756179048506,88
"28355",239,152,4.8719269195262,87
"28356",239,153,4.89677710533802,86
"28357",239,154,5.78701379059382,85
"28358",239,155,6.65678009628604,84
"28359",239,156,4.74233039591657,83
"28360",239,157,5.22392411292897,82
"28361",239,158,4.49968431043604,81
"28362",239,159,6.26781296376711,80
"28363",239,160,6.99763497102189,79
"28364",239,161,5.90784002267321,78
"28365",239,162,4.93983527959155,77
"28366",239,163,3.58217758824974,76
"28367",239,164,3.905714084132,75
"28368",239,165,4.47035582881744,74
"28369",239,166,6.09422344337822,73
"28370",239,167,4.00120396116497,72
"28371",239,168,4.4174616652082,71
"28372",239,169,4.68869676687291,70
"28373",239,170,4.97392741574976,69
"28374",239,171,4.27506249231828,68
"28375",239,172,3.23300655792536,67
"28376",239,173,4.63820992257997,66
"28377",239,174,3.80087865953715,65
"28378",239,175,4.23119748153175,64
"28379",239,176,4.76244382825316,63
"28380",239,177,5.95588865877173,62
"28381",239,178,4.80016997190993,61
"28382",239,179,5.47252367254256,60
"28383",239,180,4.18697465820843,59
"28384",239,181,5.29645506398125,58
"28385",239,182,6.89625049962616,57
"28386",239,183,6.67846397658617,56
"28387",239,184,3.62148798847288,55
"28388",239,185,5.78184989957816,54
"28389",239,186,6.06824463368715,53
"28390",239,187,4.54272497988435,52
"28391",239,188,5.06262019379163,51
"28392",239,189,3.19686303925653,50
"28393",239,190,4.82865595608075,49
"28394",239,191,5.2932227426778,48
"28395",239,192,4.32766723830004,47
"28396",239,193,6.07891431421303,46
"28397",239,194,5.40922806654908,45
"28398",239,195,4.27584037168359,44
"28399",239,196,4.44557643257463,43
"28400",239,197,4.00519212685879,42
"28401",239,198,3.9601056370704,41
"28402",239,199,4.62948125312145,40
"28403",239,200,6.5171093685124,39
"28404",239,201,6.34324205930447,38
"28405",239,202,6.45542179999294,37
"28406",239,203,8.61510775524722,36
"28407",239,204,8.5296887301288,35
"28408",239,205,7.52632190318437,34
"28409",239,206,5.84626640986414,33
"28410",239,207,5.45057322143354,32
"28411",239,208,6.48404925426634,31
"28412",239,209,6.21074909786922,30
"28413",239,210,7.36027882257094,29
"28414",239,211,6.92809191004231,28
"28415",239,212,6.89805113369882,27
"28416",239,213,6.0617935530123,26
"28417",239,214,5.8905130359956,25
"28418",239,215,5.20454569159299,24
"28419",239,216,3.46235633651094,23
"28420",239,217,4.32982800492842,22
"28421",239,218,3.27665020605943,21
"28422",239,219,4.33415638048096,20
"28423",239,220,5.32315984611155,19
"28424",239,221,6.37301595993475,18
"28425",239,222,6.02176003526291,17
"28426",239,223,5.89118864645069,16
"28427",239,224,6.50430298845798,15
"28428",239,225,3.12764671485765,14
"28429",239,226,2.40658259720371,13
"28430",239,227,3.43927726708423,12
"28431",239,228,3.82060775655269,11
"28432",239,229,5.41552894927517,10
"28433",239,230,3.64035333039103,9
"28434",239,231,3.96919834716806,8
"28435",239,232,4.94739207824201,7
"28436",239,233,2.89796294363058,6
"28437",239,234,3.88848739911229,5
"28438",239,235,6.15312698760457,4
"28439",239,236,3.32685260849851,3
"28440",239,237,2.85272301283019,2
"28441",239,238,4.81939253401786,1
"28442",240,1,8.56869754990892,239
"28443",240,2,6.8608414787889,238
"28444",240,3,9.71775887302197,237
"28445",240,4,9.81455779232163,236
"28446",240,5,9.81019067281577,235
"28447",240,6,10.45949083712,234
"28448",240,7,9.99451880300148,233
"28449",240,8,9.29704558389955,232
"28450",240,9,11.0520855592286,231
"28451",240,10,10.4209812918616,230
"28452",240,11,11.3228966672881,229
"28453",240,12,8.91643557026049,228
"28454",240,13,9.49414485063184,227
"28455",240,14,10.6429433157691,226
"28456",240,15,9.43630190886571,225
"28457",240,16,9.38776351776075,224
"28458",240,17,9.97452592138041,223
"28459",240,18,11.4547637222917,222
"28460",240,19,8.67378326857486,221
"28461",240,20,8.55346273960693,220
"28462",240,21,10.0445582841595,219
"28463",240,22,12.9217005133743,218
"28464",240,23,11.3542788626453,217
"28465",240,24,11.7918373755798,216
"28466",240,25,9.99144268313685,215
"28467",240,26,10.0581191558249,214
"28468",240,27,10.9366962386124,213
"28469",240,28,11.4589163215149,212
"28470",240,29,10.4208173430939,211
"28471",240,30,11.1440223097686,210
"28472",240,31,10.013989675564,209
"28473",240,32,12.416732775798,208
"28474",240,33,8.95391870606198,207
"28475",240,34,9.53593855094052,206
"28476",240,35,9.90903652800016,205
"28477",240,36,11.531961810143,204
"28478",240,37,8.4930302363377,203
"28479",240,38,10.6765687719273,202
"28480",240,39,8.89627775357246,201
"28481",240,40,10.9063252613357,200
"28482",240,41,10.768184386666,199
"28483",240,42,10.6426104203402,198
"28484",240,43,8.80979909628741,197
"28485",240,44,7.02537897518167,196
"28486",240,45,7.15812640422387,195
"28487",240,46,8.83145154589057,194
"28488",240,47,7.51222569603336,193
"28489",240,48,5.24796818203476,192
"28490",240,49,3.23608165532889,191
"28491",240,50,9.70961439503224,190
"28492",240,51,8.67951269205319,189
"28493",240,52,6.79788657285675,188
"28494",240,53,9.73280642634903,187
"28495",240,54,10.81823922482,186
"28496",240,55,7.99109478648349,185
"28497",240,56,6.84204039883149,184
"28498",240,57,8.19536059787982,183
"28499",240,58,8.40289131236089,182
"28500",240,59,6.71359863049367,181
"28501",240,60,8.15210252298789,180
"28502",240,61,6.62164089449121,179
"28503",240,62,10.6201052240168,178
"28504",240,63,8.61505177628604,177
"28505",240,64,6.99835014502619,176
"28506",240,65,8.10636332794874,175
"28507",240,66,7.82381762957901,174
"28508",240,67,9.48078093650921,173
"28509",240,68,8.95622442039665,172
"28510",240,69,8.99371671430654,171
"28511",240,70,7.61659168638711,170
"28512",240,71,7.03685087622553,169
"28513",240,72,5.43368439394916,168
"28514",240,73,8.23136798175203,167
"28515",240,74,8.05622176179039,166
"28516",240,75,7.75795420598624,165
"28517",240,76,5.73555468709378,164
"28518",240,77,3.35259983125861,163
"28519",240,78,5.27741598869845,162
"28520",240,79,7.57771291685005,161
"28521",240,80,5.62015036464135,160
"28522",240,81,5.13234761174131,159
"28523",240,82,8.29187860139903,158
"28524",240,83,9.13359956851611,157
"28525",240,84,8.36949752222045,156
"28526",240,85,9.30014287975428,155
"28527",240,86,9.08672201640602,154
"28528",240,87,9.88431124309869,153
"28529",240,88,8.98346264980606,152
"28530",240,89,8.51444053256341,151
"28531",240,90,10.4654897235003,150
"28532",240,91,7.91133192891767,149
"28533",240,92,7.92163257545464,148
"28534",240,93,6.92539379224341,147
"28535",240,94,3.82962283552451,146
"28536",240,95,6.05998826792899,145
"28537",240,96,5.77842882049837,144
"28538",240,97,5.93515742067783,143
"28539",240,98,8.6032971297846,142
"28540",240,99,9.79900222900357,141
"28541",240,100,7.97253349867847,140
"28542",240,101,2.77127193564912,139
"28543",240,102,4.33244381597123,138
"28544",240,103,6.53217929747698,137
"28545",240,104,5.95714794349976,136
"28546",240,105,5.41537544153564,135
"28547",240,106,6.61860705435743,134
"28548",240,107,4.16159630166861,133
"28549",240,108,4.53764899991701,132
"28550",240,109,5.42732810844275,131
"28551",240,110,2.65307097469264,130
"28552",240,111,4.75615448251192,129
"28553",240,112,8.02820983972583,128
"28554",240,113,6.66959892087114,127
"28555",240,114,4.84667790590048,126
"28556",240,115,4.30195686909351,125
"28557",240,116,2.36680203078304,124
"28558",240,117,3.23169516678322,123
"28559",240,118,2.37285440383073,122
"28560",240,119,4.21800966542212,121
"28561",240,120,4.56616768491341,120
"28562",240,121,7.47520084743856,119
"28563",240,122,4.75302520547053,118
"28564",240,123,2.57465996755723,117
"28565",240,124,5.81847404402293,116
"28566",240,125,4.57224203617322,115
"28567",240,126,4.2725760114518,114
"28568",240,127,4.41823199335013,113
"28569",240,128,5.75414323170822,112
"28570",240,129,4.03516216883314,111
"28571",240,130,5.17129601130159,110
"28572",240,131,4.99601506372423,109
"28573",240,132,4.95814362833035,108
"28574",240,133,6.38259950382472,107
"28575",240,134,7.25024298120288,106
"28576",240,135,6.01470004370374,105
"28577",240,136,5.56415927790452,104
"28578",240,137,4.15611266160536,103
"28579",240,138,5.56048295302051,102
"28580",240,139,6.79360009861724,101
"28581",240,140,5.51041228306285,100
"28582",240,141,4.17961842168307,99
"28583",240,142,4.60530525066854,98
"28584",240,143,3.61449046024136,97
"28585",240,144,3.23943331572948,96
"28586",240,145,3.43652407457823,95
"28587",240,146,2.26345431168407,94
"28588",240,147,1.64509398299748,93
"28589",240,148,2.73023329598316,92
"28590",240,149,3.48344683470311,91
"28591",240,150,3.49515776677495,90
"28592",240,151,4.39366001476799,89
"28593",240,152,3.34145552311309,88
"28594",240,153,1.95850317474179,87
"28595",240,154,3.1467576468726,86
"28596",240,155,4.01652395256482,85
"28597",240,156,3.32208997532841,84
"28598",240,157,3.09777279285896,83
"28599",240,158,1.9047530612919,82
"28600",240,159,3.99781586313493,81
"28601",240,160,4.00491956853924,80
"28602",240,161,3.40814623831059,79
"28603",240,162,3.10683064054337,78
"28604",240,163,3.16881557067771,77
"28605",240,164,1.28343164391299,76
"28606",240,165,1.83009968509622,75
"28607",240,166,3.453967299657,74
"28608",240,167,3.06277125983648,73
"28609",240,168,4.1177102538871,72
"28610",240,169,3.21092269155424,71
"28611",240,170,3.37849411296184,70
"28612",240,171,4.11537724937627,69
"28613",240,172,3.3239954566902,68
"28614",240,173,3.51672313244381,67
"28615",240,174,2.62336271286497,66
"28616",240,175,1.30571168852357,65
"28617",240,176,1.84652300854942,64
"28618",240,177,3.24196320045573,63
"28619",240,178,3.40690125988361,62
"28620",240,179,3.36500709208826,61
"28621",240,180,1.10594644072014,60
"28622",240,181,2.6045984162602,59
"28623",240,182,3.81522228213787,58
"28624",240,183,3.59743575909788,57
"28625",240,184,2.16385315096441,56
"28626",240,185,3.7247555262297,55
"28627",240,186,3.37246897033131,54
"28628",240,187,3.90304590900787,53
"28629",240,188,3.18480029706777,52
"28630",240,189,2.75327929329515,51
"28631",240,190,2.38499132825414,50
"28632",240,191,2.43496655914408,49
"28633",240,192,2.24255156372263,48
"28634",240,193,2.99788609672473,47
"28635",240,194,3.26809668135755,46
"28636",240,195,1.63558422796238,45
"28637",240,196,2.20177329592432,44
"28638",240,197,1.58115186519217,43
"28639",240,198,1.44921139976933,42
"28640",240,199,2.7516613563976,41
"28641",240,200,4.6280890188501,40
"28642",240,201,5.21614831973814,39
"28643",240,202,5.11543877906477,38
"28644",240,203,5.78487287294245,37
"28645",240,204,5.44866051264051,36
"28646",240,205,4.44529368569608,35
"28647",240,206,5.39146876504242,34
"28648",240,207,2.36954500394525,33
"28649",240,208,3.40302103677805,32
"28650",240,209,3.41972252380997,31
"28651",240,210,4.27925060508265,30
"28652",240,211,3.84706369255402,29
"28653",240,212,3.81702291621053,28
"28654",240,213,2.98076533552401,27
"28655",240,214,2.80948481850731,26
"28656",240,215,3.41076280671221,25
"28657",240,216,3.0131656411194,24
"28658",240,217,2.17748272087654,23
"28659",240,218,2.79384470593065,22
"28660",240,219,3.82334302504512,21
"28661",240,220,2.6497850886326,20
"28662",240,221,3.40832185868106,19
"28663",240,222,2.94073181777462,18
"28664",240,223,2.8101604289624,17
"28665",240,224,3.42327477096968,16
"28666",240,225,2.3777505835625,15
"28667",240,226,3.20491928927278,14
"28668",240,227,2.82018521075944,13
"28669",240,228,1.03776222693607,12
"28670",240,229,2.51806445749594,11
"28671",240,230,1.80734869134285,10
"28672",240,231,3.49577940865254,9
"28673",240,232,3.3777123735834,8
"28674",240,233,2.61684627192519,7
"28675",240,234,1.15235098005256,6
"28676",240,235,3.51287084388335,5
"28677",240,236,1.26793089790297,4
"28678",240,237,2.66882720870844,3
"28679",240,238,4.42062404573215,2
"28680",240,239,3.08102821748829,1
"28681",241,1,6.03871693672241,240
"28682",241,2,6.62226095622552,239
"28683",241,3,9.37662717529152,238
"28684",241,4,7.28067550688427,237
"28685",241,5,7.87174036673873,236
"28686",241,6,7.81678868976589,235
"28687",241,7,7.58334188701235,234
"28688",241,8,9.43699007469798,233
"28689",241,9,12.176682070398,232
"28690",241,10,9.42847841742715,231
"28691",241,11,8.77676313098314,230
"28692",241,12,10.1367683357322,229
"28693",241,13,10.523566570029,228
"28694",241,14,8.00024116841498,227
"28695",241,15,6.7935997615116,226
"28696",241,16,7.48918830208732,225
"28697",241,17,8.22119695803167,224
"28698",241,18,8.90863018598667,223
"28699",241,19,7.38898233752223,222
"28700",241,20,6.84921681317379,221
"28701",241,21,11.1691547953289,220
"28702",241,22,10.5949037625967,219
"28703",241,23,10.9686941124035,218
"28704",241,24,9.14913522822567,217
"28705",241,25,7.44530914683185,216
"28706",241,26,10.9981297756477,215
"28707",241,27,8.39056270230737,214
"28708",241,28,8.9127827852099,213
"28709",241,29,7.87468380678892,212
"28710",241,30,8.59788877346356,211
"28711",241,31,8.17970323585105,210
"28712",241,32,9.87059923949301,209
"28713",241,33,9.12550798165551,208
"28714",241,34,9.96065309375378,207
"28715",241,35,7.36290299169516,206
"28716",241,36,9.01844625385499,205
"28717",241,37,5.9468967000327,204
"28718",241,38,8.13043523562231,203
"28719",241,39,10.0208742647418,202
"28720",241,40,9.01831057188791,201
"28721",241,41,9.74103466264412,200
"28722",241,42,7.99990827298612,199
"28723",241,43,7.29967436990787,198
"28724",241,44,7.01131145666518,197
"28725",241,45,8.28272291539326,196
"28726",241,46,9.61048995137701,195
"28727",241,47,7.26166481681913,194
"28728",241,48,4.43330352879373,193
"28729",241,49,3.32715119839843,192
"28730",241,50,10.8342109062016,191
"28731",241,51,7.68617746087191,190
"28732",241,52,8.01905169507526,189
"28733",241,53,8.1193806471821,188
"28734",241,54,8.17553707746587,187
"28735",241,55,7.80341808121944,186
"28736",241,56,8.06320552104999,185
"28737",241,57,6.24835262399926,184
"28738",241,58,5.85675777605588,183
"28739",241,59,7.54529882863308,182
"28740",241,60,6.98163137161835,181
"28741",241,61,7.7462374056606,180
"28742",241,62,9.69229207550131,179
"28743",241,63,7.20094942684049,178
"28744",241,64,6.8464387687282,177
"28745",241,65,9.32752845016725,176
"28746",241,66,8.94841414074841,175
"28747",241,67,6.83807878915509,174
"28748",241,68,7.97921340763882,173
"28749",241,69,9.00550427723897,172
"28750",241,70,6.97304359533462,171
"28751",241,71,6.07609683117955,170
"28752",241,72,5.67247124843561,169
"28753",241,73,5.58866583439791,168
"28754",241,74,6.14694518141625,167
"28755",241,75,6.33789530357107,166
"28756",241,76,4.4835798252449,165
"28757",241,77,2.56168335645103,164
"28758",241,78,6.40201249986784,163
"28759",241,79,6.18084073033829,162
"28760",241,80,6.42836249583068,161
"28761",241,81,4.30099902968159,160
"28762",241,82,7.68191090285213,159
"28763",241,83,8.77141406904604,158
"28764",241,84,7.5709857920979,157
"28765",241,85,7.95139131766959,156
"28766",241,86,7.08064272464771,155
"28767",241,87,8.60404703459044,154
"28768",241,88,8.08795534752756,153
"28769",241,89,6.30809062701012,152
"28770",241,90,9.42334679530173,151
"28771",241,91,7.93725877381308,150
"28772",241,92,6.3462611063076,149
"28773",241,93,4.86502923390171,148
"28774",241,94,4.9542193466939,147
"28775",241,95,7.2811533901475,146
"28776",241,96,5.82106560536079,145
"28777",241,97,3.4537136102918,144
"28778",241,98,7.80425439396186,143
"28779",241,99,7.25286869269857,142
"28780",241,100,5.42639996237347,141
"28781",241,101,3.99243705786763,140
"28782",241,102,4.7789969406558,139
"28783",241,103,6.34764994116194,138
"28784",241,104,3.31444579614564,137
"28785",241,105,4.60028382718777,136
"28786",241,106,7.83977217657594,135
"28787",241,107,5.25594184731981,134
"28788",241,108,1.99228056964724,133
"28789",241,109,2.88119457213775,132
"28790",241,110,2.24245271701545,131
"28791",241,111,5.88075099368131,130
"28792",241,112,7.0348378146628,129
"28793",241,113,5.9676558017977,128
"28794",241,114,3.14200501836051,127
"28795",241,115,2.41931570461845,126
"28796",241,116,3.58796715300155,125
"28797",241,117,4.45286028900173,124
"28798",241,118,3.59401952604924,123
"28799",241,119,3.66239003848869,122
"28800",241,120,3.88080445006529,121
"28801",241,121,4.92906731113356,120
"28802",241,122,2.82150909326658,119
"28803",241,123,3.79582508977573,118
"28804",241,124,7.03963916624144,117
"28805",241,125,5.45579323568556,116
"28806",241,126,3.50615125564611,115
"28807",241,127,1.79178681370786,114
"28808",241,128,3.20800969540322,113
"28809",241,129,1.90975895691066,112
"28810",241,130,2.52859386394748,111
"28811",241,131,2.44988152741923,110
"28812",241,132,3.1882347807563,109
"28813",241,133,4.35408781946482,108
"28814",241,134,4.70410944489788,107
"28815",241,135,3.46856650739874,106
"28816",241,136,3.01802574159952,105
"28817",241,137,4.66704337842883,104
"28818",241,138,4.09815593455455,103
"28819",241,139,4.24746656231224,102
"28820",241,140,2.96427874675785,101
"28821",241,141,1.63348488537807,100
"28822",241,142,2.05917171436354,99
"28823",241,143,2.99362409054043,98
"28824",241,144,1.92276872796164,97
"28825",241,145,1.15990722032189,96
"28826",241,146,2.17454369392666,95
"28827",241,147,2.23443128985831,94
"28828",241,148,2.16893657192799,93
"28829",241,149,2.61465555080991,92
"28830",241,150,2.37056125560556,91
"28831",241,151,3.26906350359859,90
"28832",241,152,3.44632796048086,89
"28833",241,153,4.04007249690523,88
"28834",241,154,2.93079159494918,87
"28835",241,155,1.37382180521071,86
"28836",241,156,1.0903214930058,85
"28837",241,157,1.04561102349441,84
"28838",241,158,1.50802651409135,83
"28839",241,159,2.87321935196554,82
"28840",241,160,2.88032305736985,81
"28841",241,161,2.2835497271412,80
"28842",241,162,1.98223412937397,79
"28843",241,163,1.9768718292544,78
"28844",241,164,2.40802815508239,77
"28845",241,165,2.03452581262691,76
"28846",241,166,1.02161730891997,75
"28847",241,167,1.72995374895015,74
"28848",241,168,1.57157671758209,73
"28849",241,169,1.94399834393906,72
"28850",241,170,2.17880678571007,71
"28851",241,171,1.56924371307127,70
"28852",241,172,2.12422518587699,69
"28853",241,173,2.71562727316594,68
"28854",241,174,3.55310068635752,67
"28855",241,175,1.79900860403688,66
"28856",241,176,1.75420107381577,65
"28857",241,177,1.65369531906493,64
"28858",241,178,1.89299102879821,63
"28859",241,179,2.24041058091887,62
"28860",241,180,2.53781440448119,61
"28861",241,181,1.65720786198927,60
"28862",241,182,2.59405715991936,59
"28863",241,183,2.37627063687937,58
"28864",241,184,2.83488424307776,57
"28865",241,185,2.60015901506031,56
"28866",241,186,2.24787245916191,55
"28867",241,187,2.77844939783848,54
"28868",241,188,2.06020378589838,53
"28869",241,189,3.32731481325256,52
"28870",241,190,1.47074697370184,51
"28871",241,191,1.9254296615975,50
"28872",241,192,4.3046328578547,49
"28873",241,193,2.88996179666782,48
"28874",241,194,2.14350017018815,47
"28875",241,195,2.06037731918434,46
"28876",241,196,0.837381858500702,45
"28877",241,197,1.37396627738977,44
"28878",241,198,2.54097281626521,43
"28879",241,199,3.08314291809429,42
"28880",241,200,3.50349250768071,41
"28881",241,201,4.09155180856875,40
"28882",241,202,5.60863164998472,39
"28883",241,203,4.66027636177306,38
"28884",241,204,4.227495390422,37
"28885",241,205,3.4672287558534,36
"28886",241,206,4.26687225387303,35
"28887",241,207,2.20008864251551,34
"28888",241,208,2.79670743899564,33
"28889",241,209,2.78033797375535,32
"28890",241,210,3.43038304903953,31
"28891",241,211,2.85250769466444,30
"28892",241,212,2.7256014019067,29
"28893",241,213,1.7596002133055,28
"28894",241,214,2.78548279858898,27
"28895",241,215,2.28616629554282,26
"28896",241,216,2.85943524170132,25
"28897",241,217,1.69980948004518,24
"28898",241,218,3.44906101985393,23
"28899",241,219,3.78242297597307,22
"28900",241,220,2.36664922622824,21
"28901",241,221,2.28372534751167,20
"28902",241,222,2.77127545634488,19
"28903",241,223,1.71829672513681,18
"28904",241,224,2.20210964875117,17
"28905",241,225,2.52141928434866,16
"28906",241,226,2.87637569387162,15
"28907",241,227,1.8436810239911,14
"28908",241,228,1.82771195437262,13
"28909",241,229,1.39346794632655,12
"28910",241,230,2.59152827873064,11
"28911",241,231,1.84743067437751,10
"28912",241,232,2.253115862414,9
"28913",241,233,3.80539517139029,8
"28914",241,234,2.62764757893724,7
"28915",241,235,0.870168696529237,6
"28916",241,236,1.95610568257682,5
"28917",241,237,2.79620083622736,4
"28918",241,238,3.29602753456276,3
"28919",241,239,5.28295829107533,2
"28920",241,240,2.64270214735412,1
"28921",242,1,6.29804325954469,241
"28922",242,2,6.88158727904781,240
"28923",242,3,9.55191648627073,239
"28924",242,4,7.54000182970656,238
"28925",242,5,8.04702967771794,237
"28926",242,6,7.08644784902787,236
"28927",242,7,7.75863119799156,235
"28928",242,8,9.61227938567719,234
"28929",242,9,12.3519713813772,233
"28930",242,10,9.60376772840636,232
"28931",242,11,8.1304593020882,231
"28932",242,12,10.3960946585544,230
"28933",242,13,10.6988558810082,229
"28934",242,14,7.30995749611894,228
"28935",242,15,6.92045631428368,227
"28936",242,16,7.66447761306653,226
"28937",242,17,8.39648626901088,225
"28938",242,18,8.82851102298565,224
"28939",242,19,7.64830866034452,223
"28940",242,20,7.024506124153,222
"28941",242,21,11.3444441063081,221
"28942",242,22,10.7701930735759,220
"28943",242,23,11.1439834233828,219
"28944",242,24,9.28553787243814,218
"28945",242,25,6.9235466961838,217
"28946",242,26,11.25745609847,216
"28947",242,27,7.74425887341243,215
"28948",242,28,8.26647895631495,214
"28949",242,29,7.75788892462998,213
"28950",242,30,7.95158494456862,212
"28951",242,31,8.43902955867333,211
"28952",242,32,9.22429541059807,210
"28953",242,33,9.3848343044778,209
"28954",242,34,10.135942404733,208
"28955",242,35,6.79023672374778,207
"28956",242,36,9.27777257667728,206
"28957",242,37,5.73737207404541,205
"28958",242,38,7.48413140672737,204
"28959",242,39,10.1961635757211,203
"28960",242,40,9.19359988286712,202
"28961",242,41,9.91632397362332,201
"28962",242,42,7.26956743224809,200
"28963",242,43,7.47496368088707,199
"28964",242,44,7.18660076764438,198
"28965",242,45,8.45801222637247,197
"28966",242,46,9.78577926235622,196
"28967",242,47,7.43695412779834,195
"28968",242,48,4.60859283977293,194
"28969",242,49,3.50244050937764,193
"28970",242,50,11.0095002171808,192
"28971",242,51,7.86146677185112,191
"28972",242,52,8.27837801789754,190
"28973",242,53,8.37870697000439,189
"28974",242,54,7.44519623672784,188
"28975",242,55,8.06274440404173,187
"28976",242,56,8.32253184387228,186
"28977",242,57,6.42364193497847,185
"28978",242,58,5.21669662276229,184
"28979",242,59,7.80462515145536,183
"28980",242,60,7.15692068259755,182
"28981",242,61,7.92152671663981,181
"28982",242,62,9.86758138648051,180
"28983",242,63,7.46027574966277,179
"28984",242,64,7.10576509155048,178
"28985",242,65,9.58685477298953,177
"28986",242,66,9.16365128567734,176
"28987",242,67,6.10773794841707,175
"28988",242,68,8.23853973046111,174
"28989",242,69,9.18079358821818,173
"28990",242,70,7.2323699181569,172
"28991",242,71,6.33542315400183,171
"28992",242,72,5.84776055941481,170
"28993",242,73,5.1683258595635,169
"28994",242,74,6.40627150423853,168
"28995",242,75,6.59722162639336,167
"28996",242,76,4.74290614806719,166
"28997",242,77,2.73697266743024,165
"28998",242,78,6.57730181084704,164
"28999",242,79,6.35613004131749,163
"29000",242,80,6.68768881865296,162
"29001",242,81,4.56032535250388,161
"29002",242,82,7.94123722567441,160
"29003",242,83,9.03074039186832,159
"29004",242,84,7.74627510307711,158
"29005",242,85,8.12668062864879,157
"29006",242,86,7.25593203562692,156
"29007",242,87,8.77933634556965,155
"29008",242,88,8.26324465850677,154
"29009",242,89,6.5674169498324,153
"29010",242,90,9.68267311812402,152
"29011",242,91,8.19658509663536,151
"29012",242,92,6.60558742912988,150
"29013",242,93,5.04031854488092,149
"29014",242,94,5.12950865767311,148
"29015",242,95,7.54047971296978,147
"29016",242,96,5.99635491633999,146
"29017",242,97,3.71303993311408,145
"29018",242,98,8.06358071678415,144
"29019",242,99,6.81660488664065,143
"29020",242,100,5.34607271018575,142
"29021",242,101,4.25176338068991,141
"29022",242,102,5.03832326347809,140
"29023",242,103,6.60697626398422,139
"29024",242,104,2.58410495540762,138
"29025",242,105,4.85961015001005,137
"29026",242,106,8.09909849939822,136
"29027",242,107,5.43123115829901,135
"29028",242,108,2.16756988062645,134
"29029",242,109,3.09229622593962,133
"29030",242,110,2.50177903983773,132
"29031",242,111,6.05604030466052,131
"29032",242,112,7.29416413748508,130
"29033",242,113,6.22698212461999,129
"29034",242,114,3.4013313411828,128
"29035",242,115,2.67864202744074,127
"29036",242,116,3.84729347582384,126
"29037",242,117,4.71218661182402,125
"29038",242,118,3.85334584887152,124
"29039",242,119,3.83767934946789,123
"29040",242,120,4.0560937610445,122
"29041",242,121,4.28276348223861,121
"29042",242,122,3.08083541608887,120
"29043",242,123,4.05515141259802,119
"29044",242,124,7.29896548906373,118
"29045",242,125,5.63108254666477,117
"29046",242,126,3.76547757846839,116
"29047",242,127,1.96707612468706,115
"29048",242,128,2.56170586650827,114
"29049",242,129,2.16908527973294,113
"29050",242,130,1.79825302320945,112
"29051",242,131,1.80357769852429,111
"29052",242,132,3.44756110357859,110
"29053",242,133,4.61341414228711,109
"29054",242,134,4.31640845278878,108
"29055",242,135,3.54982050869257,107
"29056",242,136,2.42018068206004,106
"29057",242,137,4.92636970125112,105
"29058",242,138,4.35748225737683,104
"29059",242,139,3.6011627334173,103
"29060",242,140,2.3181049736046,102
"29061",242,141,0.987181056483127,101
"29062",242,142,2.01112429726445,100
"29063",242,143,3.25295041336272,99
"29064",242,144,2.54134401423723,98
"29065",242,145,1.7447937195485,97
"29066",242,146,2.90488453466468,96
"29067",242,147,2.96477213059633,95
"29068",242,148,2.89927741266601,94
"29069",242,149,3.34499639154793,93
"29070",242,150,2.3569832538496,92
"29071",242,151,3.09377419261939,91
"29072",242,152,4.17666880121888,90
"29073",242,153,4.68637632580018,89
"29074",242,154,3.10608090592839,88
"29075",242,155,0.643480964472684,87
"29076",242,156,1.27096873589679,86
"29077",242,157,0.870321712515202,85
"29078",242,158,2.23836735482937,84
"29079",242,159,3.005095691721,83
"29080",242,160,3.35206106132203,82
"29081",242,161,2.51262972823931,81
"29082",242,162,2.58316950712572,80
"29083",242,163,2.70721266999242,79
"29084",242,164,2.83030334953182,78
"29085",242,165,2.20981512360612,77
"29086",242,166,1.19690661989918,76
"29087",242,167,2.01209517064839,75
"29088",242,168,1.59583746660516,74
"29089",242,169,1.76870903295986,73
"29090",242,170,2.00351747473086,72
"29091",242,171,1.73823663949508,71
"29092",242,172,2.85456602661501,70
"29093",242,173,3.44596811390396,69
"29094",242,174,4.28344152709554,68
"29095",242,175,2.5293494447749,67
"29096",242,176,2.40050490271072,66
"29097",242,177,1.39436899624265,65
"29098",242,178,1.717701717819,64
"29099",242,179,2.56648615417293,63
"29100",242,180,3.18411823337614,62
"29101",242,181,2.30351169088421,61
"29102",242,182,2.33473083709707,60
"29103",242,183,2.11694431405709,59
"29104",242,184,3.56522508381579,58
"29105",242,185,2.42486970408111,57
"29106",242,186,2.1050970836064,56
"29107",242,187,3.25018740179066,55
"29108",242,188,2.77428765892456,54
"29109",242,189,4.05765565399058,53
"29110",242,190,2.20108781443986,52
"29111",242,191,2.65577050233552,51
"29112",242,192,5.03497369859272,50
"29113",242,193,3.62030263740585,49
"29114",242,194,2.51769636786927,48
"29115",242,195,2.70668114807928,47
"29116",242,196,1.56772269923872,46
"29117",242,197,2.10430711812779,45
"29118",242,198,3.27131365700323,44
"29119",242,199,3.81348375883232,43
"29120",242,200,3.47365753821291,42
"29121",242,201,3.91626249758954,41
"29122",242,202,6.33897249072275,40
"29123",242,203,4.69546926315264,39
"29124",242,204,4.12977633222961,38
"29125",242,205,4.14714738948557,37
"29126",242,206,4.09158294289382,36
"29127",242,207,2.84639247141045,35
"29128",242,208,3.44301126789059,34
"29129",242,209,3.51067881449337,33
"29130",242,210,4.07668687793448,32
"29131",242,211,3.49881152355938,31
"29132",242,212,3.37190523080165,30
"29133",242,213,2.35867619790022,29
"29134",242,214,3.43178662748392,28
"29135",242,215,2.38594487824801,27
"29136",242,216,3.58977608243934,26
"29137",242,217,2.4301503207832,25
"29138",242,218,4.17940186059195,24
"29139",242,219,4.51276381671109,23
"29140",242,220,3.09699006696627,22
"29141",242,221,2.78766515310747,21
"29142",242,222,3.41757928523982,20
"29143",242,223,2.36460055403175,19
"29144",242,224,1.95872815986067,18
"29145",242,225,3.25176012508668,17
"29146",242,226,3.60671653460964,16
"29147",242,227,2.57402186472913,15
"29148",242,228,2.55805279511065,14
"29149",242,229,1.70352065220381,13
"29150",242,230,3.32186911946866,12
"29151",242,231,2.04410078464529,11
"29152",242,232,2.0778265514348,10
"29153",242,233,4.53573601212831,9
"29154",242,234,3.27395140783218,8
"29155",242,235,1.1095134229946,7
"29156",242,236,2.68644652331484,6
"29157",242,237,3.52654167696538,5
"29158",242,238,3.12073822358356,4
"29159",242,239,6.01329913181336,3
"29160",242,240,3.37304298809214,2
"29161",242,241,0.730340840738023,1
"29162",243,1,6.79840523979094,242
"29163",243,2,7.38194925929405,241
"29164",243,3,10.7189810577533,240
"29165",243,4,8.14096619757039,239
"29166",243,5,9.21409424920052,238
"29167",243,6,7.33160449216271,237
"29168",243,7,8.92569576947415,236
"29169",243,8,10.7793439571598,235
"29170",243,9,13.5190359528598,234
"29171",243,10,10.7708322998889,233
"29172",243,11,8.55601321971162,232
"29173",243,12,10.8964566388007,231
"29174",243,13,11.8659204524908,230
"29175",243,14,8.47702206760153,229
"29176",243,15,8.08752088576627,228
"29177",243,16,8.83154218454911,227
"29178",243,17,9.56355084049347,226
"29179",243,18,9.3288730032319,225
"29180",243,19,8.14867064059076,224
"29181",243,20,8.19157069563559,223
"29182",243,21,12.5115086777907,222
"29183",243,22,11.9372576450585,221
"29184",243,23,12.3110479948653,220
"29185",243,24,10.4526024439207,219
"29186",243,25,7.42390867643004,218
"29187",243,26,11.7578180787162,217
"29188",243,27,7.95405031556426,216
"29189",243,28,8.72241389519827,215
"29190",243,29,8.25825090487623,214
"29191",243,30,7.36794012113362,213
"29192",243,31,8.93939153891958,212
"29193",243,32,8.64065058716307,211
"29194",243,33,9.88519628472404,210
"29195",243,34,11.3030069762156,209
"29196",243,35,7.46136191205916,208
"29197",243,36,9.77813455692352,207
"29198",243,37,6.63551820763015,206
"29199",243,38,6.90048658329236,205
"29200",243,39,11.3632281472036,204
"29201",243,40,10.3606644543497,203
"29202",243,41,11.0833885451059,202
"29203",243,42,8.00854052436824,201
"29204",243,43,8.64202825236966,200
"29205",243,44,8.35366533912697,199
"29206",243,45,9.62507679785506,198
"29207",243,46,10.9528438338388,197
"29208",243,47,8.60401869928092,196
"29209",243,48,5.77565741125552,195
"29210",243,49,4.66950508086023,194
"29211",243,50,12.1765647886634,193
"29212",243,51,9.0285313433337,192
"29213",243,52,8.77873999814379,191
"29214",243,53,9.14985637129187,190
"29215",243,54,7.80864638027857,189
"29216",243,55,8.56310638428797,188
"29217",243,56,8.82289382411852,187
"29218",243,57,7.59070650646106,186
"29219",243,58,5.71705860300853,185
"29220",243,59,8.30498713170161,184
"29221",243,60,8.32398525408014,183
"29222",243,61,9.08859128812239,182
"29223",243,62,11.0346459579631,181
"29224",243,63,7.96063772990902,180
"29225",243,64,7.60612707179673,179
"29226",243,65,10.0872167532358,178
"29227",243,66,10.2907680232102,177
"29228",243,67,7.16144593543851,176
"29229",243,68,8.73890171070735,175
"29230",243,69,10.3478581597008,174
"29231",243,70,7.73273189840315,173
"29232",243,71,6.88061383784565,172
"29233",243,72,7.0148251308974,171
"29234",243,73,6.33539043104608,170
"29235",243,74,6.90663348448478,169
"29236",243,75,7.0975836066396,168
"29237",243,76,5.24326812831343,167
"29238",243,77,3.90403723891283,166
"29239",243,78,7.74436638232963,165
"29240",243,79,7.52319461280008,164
"29241",243,80,7.18805079889921,163
"29242",243,81,5.06068733275013,162
"29243",243,82,8.44159920592066,161
"29244",243,83,9.53110237211457,160
"29245",243,84,8.9133396745597,159
"29246",243,85,9.29374520013138,158
"29247",243,86,8.42299660710951,157
"29248",243,87,9.94640091705223,156
"29249",243,88,9.43030922998935,155
"29250",243,89,7.06777893007865,154
"29251",243,90,10.1830350983703,153
"29252",243,91,8.69694707688161,152
"29253",243,92,7.10594940937613,151
"29254",243,93,6.2073831163635,150
"29255",243,94,6.2965732291557,149
"29256",243,95,8.04084169321603,148
"29257",243,96,7.16341948782258,147
"29258",243,97,4.21340191336033,146
"29259",243,98,8.56394269703039,145
"29260",243,99,7.3169668668869,144
"29261",243,100,5.84643469043199,143
"29262",243,101,4.75212536093616,142
"29263",243,102,5.53868524372433,141
"29264",243,103,7.10733824423047,140
"29265",243,104,3.37900201645651,139
"29266",243,105,5.3599721302563,138
"29267",243,106,8.59946047964447,137
"29268",243,107,6.5982957297816,136
"29269",243,108,3.33463445210903,135
"29270",243,109,3.59265820618586,134
"29271",243,110,3.00214102008398,133
"29272",243,111,7.2231048761431,132
"29273",243,112,7.79452611773133,131
"29274",243,113,6.72734410486623,130
"29275",243,114,3.90169332142904,129
"29276",243,115,3.17900400768698,128
"29277",243,116,4.34765545607008,127
"29278",243,117,5.21254859207026,126
"29279",243,118,4.35370782911777,125
"29280",243,119,5.00474392095048,124
"29281",243,120,5.22315833252708,123
"29282",243,121,4.29791350137008,122
"29283",243,122,3.58119739633511,121
"29284",243,123,4.55551339284426,120
"29285",243,124,7.79932746930997,119
"29286",243,125,6.79814711814736,118
"29287",243,126,4.3722909223565,117
"29288",243,127,3.13414069616965,116
"29289",243,128,1.97806104307327,115
"29290",243,129,2.79270602598967,114
"29291",243,130,2.72245150265126,113
"29292",243,131,2.19037500512267,112
"29293",243,132,3.94792308382483,111
"29294",243,133,5.11377612253335,110
"29295",243,134,4.81677043303502,109
"29296",243,135,4.05018248893882,108
"29297",243,136,2.92054266230628,107
"29298",243,137,5.42673168149736,106
"29299",243,138,4.85784423762308,105
"29300",243,139,3.66466747731087,104
"29301",243,140,2.81846695385084,103
"29302",243,141,1.37418645226823,102
"29303",243,142,2.51148627751069,101
"29304",243,143,3.75331239360896,100
"29305",243,144,2.68245703103017,99
"29306",243,145,1.66173595174716,98
"29307",243,146,2.82182676686334,97
"29308",243,147,2.88171436279499,96
"29309",243,148,2.81621964486467,95
"29310",243,149,3.26193862374659,94
"29311",243,150,2.27392548604826,93
"29312",243,151,2.65490992668955,92
"29313",243,152,4.09361103341754,91
"29314",243,153,5.27002114923518,90
"29315",243,154,4.27314547741097,89
"29316",243,155,1.76200873315479,88
"29317",243,156,1.18791096809545,87
"29318",243,157,0.70631725108305,86
"29319",243,158,2.15530958702803,85
"29320",243,159,2.92203792391966,84
"29321",243,160,3.66678744685919,83
"29322",243,161,2.42957196043797,82
"29323",243,162,2.50011173932438,81
"29324",243,163,2.62415490219108,80
"29325",243,164,3.75038203754418,79
"29326",243,165,3.37687969508871,78
"29327",243,166,2.36397119138177,77
"29328",243,167,2.48964205201868,76
"29329",243,168,1.89438177314962,75
"29330",243,169,1.5399888344604,74
"29331",243,170,1.32199520594696,73
"29332",243,171,2.21578352086537,72
"29333",243,172,2.77150825881367,71
"29334",243,173,3.36291034610262,70
"29335",243,174,4.2003837592942,69
"29336",243,175,2.7768462208376,68
"29337",243,176,2.98414972614572,67
"29338",243,177,1.18533187739264,66
"29339",243,178,1.18152974595315,65
"29340",243,179,2.48342838637159,64
"29341",243,180,3.76776305681114,63
"29342",243,181,2.88715651431921,62
"29343",243,182,2.33572593773959,61
"29344",243,183,2.44188225611289,60
"29345",243,184,3.48216731601445,59
"29346",243,185,1.25780513259852,58
"29347",243,186,2.12288373001675,57
"29348",243,187,3.16712963398932,56
"29349",243,188,2.69122989112322,55
"29350",243,189,3.97459788618924,54
"29351",243,190,2.11803004663852,53
"29352",243,191,2.83603766892375,52
"29353",243,192,4.95191593079138,51
"29354",243,193,4.05827434303158,50
"29355",243,194,2.43463860006793,49
"29356",243,195,3.29032597151429,48
"29357",243,196,1.57430889271063,47
"29358",243,197,2.19493032344278,46
"29359",243,198,3.18825588920189,45
"29360",243,199,3.73042599103098,44
"29361",243,200,3.39059977041157,43
"29362",243,201,3.54211396872701,42
"29363",243,202,6.25591472292141,41
"29364",243,203,4.84771512851192,40
"29365",243,204,4.71342115566462,39
"29366",243,205,4.69717740818334,38
"29367",243,206,3.11895170524489,37
"29368",243,207,3.43003729484546,36
"29369",243,208,4.02665609132559,35
"29370",243,209,3.62371637160714,34
"29371",243,210,4.66033170136948,33
"29372",243,211,4.08245634699439,32
"29373",243,212,3.95555005423665,31
"29374",243,213,2.90870621659799,30
"29375",243,214,4.01543145091892,29
"29376",243,215,2.30288711044667,28
"29377",243,216,3.506718314638,27
"29378",243,217,2.34709255298186,26
"29379",243,218,4.09634409279061,25
"29380",243,219,4.42970604890975,24
"29381",243,220,3.09237580749973,23
"29382",243,221,3.07437023741567,22
"29383",243,222,4.00122410867483,21
"29384",243,223,2.94824537746676,20
"29385",243,224,2.54237298329567,19
"29386",243,225,3.16870235728534,18
"29387",243,226,3.5236587668083,17
"29388",243,227,2.49096409692779,16
"29389",243,228,2.73831996169888,15
"29390",243,229,1.92299612703755,14
"29391",243,230,3.23881135166732,13
"29392",243,231,1.96104301684395,12
"29393",243,232,1.46047378560308,11
"29394",243,233,4.45267824432697,10
"29395",243,234,3.85759623126718,9
"29396",243,235,1.87276495938766,8
"29397",243,236,2.6033887555135,7
"29398",243,237,3.44348390916404,6
"29399",243,238,1.97003986663584,5
"29400",243,239,5.93024136401202,4
"29401",243,240,3.77608218863495,3
"29402",243,241,1.34235388246179,2
"29403",243,242,1.16706457148259,1
"29404",244,1,5.82826344037194,243
"29405",244,2,6.41180745987505,242
"29406",244,3,10.3034835364986,241
"29407",244,4,7.7254686763157,240
"29408",244,5,8.79859672794583,239
"29409",244,6,8.27469005757006,238
"29410",244,7,8.51019824821945,237
"29411",244,8,10.3638464359051,236
"29412",244,9,13.1035384316051,235
"29413",244,10,10.3553347786343,234
"29414",244,11,8.09735464122974,233
"29415",244,12,10.4590691567011,232
"29416",244,13,11.4504229312361,231
"29417",244,14,8.45814253621915,230
"29418",244,15,7.67202336451157,229
"29419",244,16,8.41604466329442,228
"29420",244,17,9.14805331923877,227
"29421",244,18,8.3587312038129,226
"29422",244,19,7.17852884117176,225
"29423",244,20,7.77607317438089,224
"29424",244,21,12.096011156536,223
"29425",244,22,11.5217601238038,222
"29426",244,23,11.8955504736106,221
"29427",244,24,10.037104922666,220
"29428",244,25,7.064534582364,219
"29429",244,26,10.7876762792972,218
"29430",244,27,7.71115421255397,217
"29431",244,28,8.23337429545649,216
"29432",244,29,7.28810910545723,215
"29433",244,30,7.91848028371016,214
"29434",244,31,8.44546395525198,213
"29435",244,32,9.19119074973961,212
"29436",244,33,8.91505448530504,211
"29437",244,34,10.8875094549609,210
"29438",244,35,7.40890198817119,209
"29439",244,36,8.80799275750453,208
"29440",244,37,6.22002068637546,207
"29441",244,38,7.45102674586891,206
"29442",244,39,10.9477306259489,205
"29443",244,40,9.94516693309501,204
"29444",244,41,10.6678910238512,203
"29445",244,42,8.45780964079029,202
"29446",244,43,8.22653073111497,201
"29447",244,44,7.93816781787228,200
"29448",244,45,9.20957927660037,199
"29449",244,46,10.5373463125841,198
"29450",244,47,8.18852117802623,197
"29451",244,48,5.36015989000083,196
"29452",244,49,4.25400755960553,195
"29453",244,50,11.7610672674087,194
"29454",244,51,8.61303382207901,193
"29455",244,52,8.26800501210758,192
"29456",244,53,8.73435885003718,191
"29457",244,54,8.63343844527003,190
"29458",244,55,7.59296458486897,189
"29459",244,56,7.85275202469952,188
"29460",244,57,7.17520898520636,187
"29461",244,58,5.17734928630248,186
"29462",244,59,7.33484533228261,185
"29463",244,60,7.90848773282545,184
"29464",244,61,8.6730937668677,183
"29465",244,62,10.6191484367084,182
"29466",244,63,7.37706618496817,181
"29467",244,64,6.63598527237773,180
"29468",244,65,9.11707495381678,179
"29469",244,66,9.87527050195551,178
"29470",244,67,7.29598015695926,177
"29471",244,68,7.76875991128835,176
"29472",244,69,9.93236063844607,175
"29473",244,70,6.76259009898415,174
"29474",244,71,6.46511631659096,173
"29475",244,72,6.59932760964271,172
"29476",244,73,6.04656720220208,171
"29477",244,74,5.93649168506578,170
"29478",244,75,6.1274418072206,169
"29479",244,76,4.76054099758428,168
"29480",244,77,3.48853971765813,167
"29481",244,78,7.32886886107494,166
"29482",244,79,7.10769709154539,165
"29483",244,80,6.21790899948021,164
"29484",244,81,4.28664085824624,163
"29485",244,82,7.47145740650166,162
"29486",244,83,8.56096057269557,161
"29487",244,84,8.497842153305,160
"29488",244,85,8.87824767887669,159
"29489",244,86,8.00749908585481,158
"29490",244,87,9.53090339579754,157
"29491",244,88,9.01481170873466,156
"29492",244,89,6.09763713065965,155
"29493",244,90,9.21289329895126,154
"29494",244,91,7.72680527746261,153
"29495",244,92,6.13580760995713,152
"29496",244,93,5.79188559510881,151
"29497",244,94,5.881075707901,150
"29498",244,95,7.07069989379703,149
"29499",244,96,6.74792196656789,148
"29500",244,97,3.73067478263117,147
"29501",244,98,7.59380089761139,146
"29502",244,99,6.57346020294517,145
"29503",244,100,4.87629289101299,144
"29504",244,101,3.78198356151716,143
"29505",244,102,4.56854344430533,142
"29506",244,103,6.13719644481147,141
"29507",244,104,3.77234716394981,140
"29508",244,105,4.3898303308373,139
"29509",244,106,7.62931868022546,138
"29510",244,107,6.18279820852691,137
"29511",244,108,2.91913693085434,136
"29512",244,109,2.62251640676687,135
"29513",244,110,2.36814726803728,134
"29514",244,111,6.80760735488841,133
"29515",244,112,6.82438431831233,132
"29516",244,113,5.75720230544723,131
"29517",244,114,2.93155152201004,130
"29518",244,115,2.20886220826798,129
"29519",244,116,3.37751365665108,128
"29520",244,117,4.24240679265126,127
"29521",244,118,3.38356602969877,126
"29522",244,119,4.58924639969579,125
"29523",244,120,4.80766081127239,124
"29524",244,121,4.24965882138016,123
"29525",244,122,2.61105559691611,122
"29526",244,123,3.58537159342526,121
"29527",244,124,6.82918566989097,120
"29528",244,125,6.38264959689267,119
"29529",244,126,3.95679340110181,118
"29530",244,127,2.71864317491496,117
"29531",244,128,2.62944561986151,116
"29532",244,129,2.37720850473498,115
"29533",244,130,2.98649523175164,114
"29534",244,131,1.85451004950891,113
"29535",244,132,2.97778128440583,112
"29536",244,133,4.14363432311435,111
"29537",244,134,4.02470095514448,110
"29538",244,135,3.08004068951982,109
"29539",244,136,2.33861725184612,108
"29540",244,137,4.45658988207836,107
"29541",244,138,3.88770243820408,106
"29542",244,139,3.56805807255884,105
"29543",244,140,2.28487025700444,104
"29544",244,141,1.12215041931082,103
"29545",244,142,1.54134447809169,102
"29546",244,143,2.78317059418996,101
"29547",244,144,1.71231523161117,100
"29548",244,145,0.556551511006312,99
"29549",244,146,1.71664232612249,98
"29550",244,147,1.77652992205414,97
"29551",244,148,1.8013716236607,96
"29552",244,149,2.15675418300574,95
"29553",244,150,1.44370489439846,94
"29554",244,151,2.37582194712872,93
"29555",244,152,2.98842659267669,92
"29556",244,153,4.71948098665864,91
"29557",244,154,3.85764795615628,90
"29558",244,155,1.83172317301487,89
"29559",244,156,0.163465131798696,88
"29560",244,157,0.645391085144555,87
"29561",244,158,1.60476942445149,86
"29562",244,159,2.17607312041078,85
"29563",244,160,3.11624728428264,84
"29564",244,161,1.81610017931688,83
"29565",244,162,1.39492729858353,82
"29566",244,163,1.51897046145023,81
"29567",244,164,3.33488451628949,80
"29568",244,165,2.96138217383401,79
"29569",244,166,1.94847367012707,78
"29570",244,167,1.51950025259968,77
"29571",244,168,0.924239973730617,76
"29572",244,169,1.01714198273196,75
"29573",244,170,1.25195042450297,74
"29574",244,171,1.24564172144637,73
"29575",244,172,1.66632381807282,72
"29576",244,173,2.25772590536177,71
"29577",244,174,3.09519931855335,70
"29578",244,175,2.22630605826105,69
"29579",244,176,2.43360956356918,68
"29580",244,177,1.8641488154154,67
"29581",244,178,0.966134667591105,66
"29582",244,179,1.4454735551052,65
"29583",244,180,3.2172228942346,64
"29584",244,181,2.33661635174267,63
"29585",244,182,2.80451065626983,62
"29586",244,183,2.58672413322984,61
"29587",244,184,2.37698287527359,60
"29588",244,185,1.69011005622183,59
"29589",244,186,1.97650479033081,58
"29590",244,187,2.06194519324846,57
"29591",244,188,1.58604545038237,56
"29592",244,189,2.86941344544839,55
"29593",244,190,1.41622326274444,54
"29594",244,191,2.28549750634721,53
"29595",244,192,3.8915601936481,52
"29596",244,193,3.50773418045504,51
"29597",244,194,1.43029857353877,50
"29598",244,195,2.73978580893774,49
"29599",244,196,1.02376873013409,48
"29600",244,197,1.64439016086623,47
"29601",244,198,2.55367871478227,46
"29602",244,199,2.62524155029013,45
"29603",244,200,2.57663614647361,44
"29604",244,201,3.16469544736165,43
"29605",244,202,5.15073028218056,42
"29606",244,203,4.52336791189088,41
"29607",244,204,4.43794888677247,40
"29608",244,205,4.1466372456068,39
"29609",244,206,3.34001589266593,38
"29610",244,207,2.87949713226891,37
"29611",244,208,3.47611592874905,36
"29612",244,209,3.0731762090306,35
"29613",244,210,4.10979153879294,34
"29614",244,211,3.53191618441784,33
"29615",244,212,3.40500989166011,32
"29616",244,213,2.35816605402145,31
"29617",244,214,3.46489128834238,30
"29618",244,215,1.35930993433572,29
"29619",244,216,2.40153387389715,28
"29620",244,217,1.35396642531305,27
"29621",244,218,2.99115965204976,26
"29622",244,219,3.3245216081689,25
"29623",244,220,2.54183564492319,24
"29624",244,221,2.52383007483912,23
"29625",244,222,3.45068394609828,22
"29626",244,223,2.39770521489021,21
"29627",244,224,2.41256314510164,20
"29628",244,225,2.06351791654449,19
"29629",244,226,2.41847432606745,18
"29630",244,227,1.38577965618694,17
"29631",244,228,2.18777979912234,16
"29632",244,229,1.37245596446101,15
"29633",244,230,2.13362691092647,14
"29634",244,231,0.920574313170409,13
"29635",244,232,1.3262595012069,12
"29636",244,233,3.34749380358612,11
"29637",244,234,3.30705606869064,10
"29638",244,235,1.45726743813297,9
"29639",244,236,1.95761112815544,8
"29640",244,237,2.33829946842319,7
"29641",244,238,2.36917117335566,6
"29642",244,239,4.82505692327117,5
"29643",244,240,3.2255420260584,4
"29644",244,241,0.926856361207101,3
"29645",244,242,1.18824220854219,2
"29646",244,243,1.10518444074085,1
"29647",245,1,5.08179345588963,244
"29648",245,2,6.08210727044683,243
"29649",245,3,10.7391252213277,242
"29650",245,4,8.16111036114475,241
"29651",245,5,9.23423841277488,240
"29652",245,6,8.66176892845029,239
"29653",245,7,8.94583993304851,238
"29654",245,8,10.7994881207341,237
"29655",245,9,13.5391801164342,236
"29656",245,10,10.7909764634633,235
"29657",245,11,7.84982633643674,234
"29658",245,12,10.8947108415302,233
"29659",245,13,11.8860646160652,232
"29660",245,14,8.84522140709938,231
"29661",245,15,8.10766504934062,230
"29662",245,16,8.85168634812347,229
"29663",245,17,9.58369500406783,228
"29664",245,18,7.6122612193306,227
"29665",245,19,6.43205885668946,226
"29666",245,20,8.21171485920994,225
"29667",245,21,12.531652841365,224
"29668",245,22,11.9574018086329,223
"29669",245,23,12.3311921584397,222
"29670",245,24,10.4727466074951,221
"29671",245,25,7.45161345324423,220
"29672",245,26,10.0412062948149,219
"29673",245,27,7.44835134048837,218
"29674",245,28,7.43834149702537,217
"29675",245,29,7.5547086602237,216
"29676",245,30,7.18945351586106,215
"29677",245,31,8.88110564008103,214
"29678",245,32,8.39615795130849,213
"29679",245,33,8.16858450082274,212
"29680",245,34,11.3231511397899,211
"29681",245,35,7.79598085905142,210
"29682",245,36,8.06152277302222,209
"29683",245,37,6.6556623712045,208
"29684",245,38,6.65599394743778,207
"29685",245,39,11.383372310778,206
"29686",245,40,10.3808086179241,205
"29687",245,41,11.1035327086803,204
"29688",245,42,8.84488851167051,203
"29689",245,43,8.66217241594402,202
"29690",245,44,8.37380950270133,201
"29691",245,45,9.64522096142942,200
"29692",245,46,10.9729879974132,199
"29693",245,47,8.62416286285528,198
"29694",245,48,5.79580157482988,197
"29695",245,49,4.68964924443459,196
"29696",245,50,12.1967089522378,195
"29697",245,51,9.04867550690806,194
"29698",245,52,8.70364669693663,193
"29699",245,53,9.17000053486623,192
"29700",245,54,9.02051731615026,191
"29701",245,55,7.24573091328981,190
"29702",245,56,7.30674728974817,189
"29703",245,57,7.61085067003541,188
"29704",245,58,5.01539082844857,187
"29705",245,59,6.58837534780031,186
"29706",245,60,8.3441294176545,185
"29707",245,61,9.10873545169675,184
"29708",245,62,11.0547901215375,183
"29709",245,63,7.81270786979722,182
"29710",245,64,5.88951528789542,181
"29711",245,65,8.37060496933448,180
"29712",245,66,10.3109121867846,179
"29713",245,67,7.68305902783949,178
"29714",245,68,7.02228992680605,177
"29715",245,69,10.3680023232751,176
"29716",245,70,7.05842108795011,175
"29717",245,71,6.90075800142001,174
"29718",245,72,7.03496929447176,173
"29719",245,73,6.43364607308231,172
"29720",245,74,6.15047734745753,171
"29721",245,75,5.3809718227383,170
"29722",245,76,5.19618268241333,169
"29723",245,77,3.92418140248718,168
"29724",245,78,7.76451054590399,167
"29725",245,79,7.54333877637444,166
"29726",245,80,5.47143901499791,165
"29727",245,81,4.72228254307529,164
"29728",245,82,6.72498742201935,163
"29729",245,83,7.81449058821327,162
"29730",245,84,8.93348383813405,161
"29731",245,85,9.31388936370574,160
"29732",245,86,8.44314077068386,159
"29733",245,87,9.96654508062659,158
"29734",245,88,9.45045339356371,157
"29735",245,89,6.43243440127701,156
"29736",245,90,8.46642331446896,155
"29737",245,91,7.52937262171444,154
"29738",245,92,6.37536741579297,153
"29739",245,93,6.22752727993786,152
"29740",245,94,6.31671739273005,151
"29741",245,95,7.46713327038057,150
"29742",245,96,7.18356365139694,149
"29743",245,97,4.16631646746023,148
"29744",245,98,6.84733091312909,147
"29745",245,99,5.77842740451405,146
"29746",245,100,4.12982290653069,145
"29747",245,101,3.17168042806443,144
"29748",245,102,3.82207345982303,143
"29749",245,103,5.39072646032916,142
"29750",245,104,4.15942603483004,141
"29751",245,105,4.39408650351252,140
"29752",245,106,6.88284869574316,139
"29753",245,107,6.61843989335596,138
"29754",245,108,3.35477861568339,137
"29755",245,109,2.69960913834672,136
"29756",245,110,2.80378895286634,135
"29757",245,111,7.24324903971746,134
"29758",245,112,6.07791433383003,133
"29759",245,113,5.01073232096493,132
"29760",245,114,2.18508153752774,131
"29761",245,115,1.46239222378568,130
"29762",245,116,2.63104367216878,129
"29763",245,117,3.49593680816896,128
"29764",245,118,2.99005149495739,127
"29765",245,119,5.02488808452484,126
"29766",245,120,5.24330249610144,125
"29767",245,121,3.45462602294903,124
"29768",245,122,1.86458561243381,123
"29769",245,123,3.24227926578973,122
"29770",245,124,6.08271568540867,121
"29771",245,125,6.81829128172172,120
"29772",245,126,4.39243508593086,119
"29773",245,127,3.15428485974401,118
"29774",245,128,3.01652449074174,117
"29775",245,129,2.81285018956403,116
"29776",245,130,3.37357410263187,115
"29777",245,131,2.24158892038914,114
"29778",245,132,2.23131129992353,113
"29779",245,133,3.39716433863205,112
"29780",245,134,3.22966815671335,111
"29781",245,135,2.33357070503752,110
"29782",245,136,1.54358445341499,109
"29783",245,137,3.71011989759606,108
"29784",245,138,3.14123245372178,107
"29785",245,139,2.77302527412772,106
"29786",245,140,1.59068187278501,105
"29787",245,141,1.50922929019105,104
"29788",245,142,0.794874493609389,103
"29789",245,143,2.03670060970766,102
"29790",245,144,0.966022934814814,101
"29791",245,145,0.584050749911298,100
"29792",245,146,1.99625260055671,99
"29793",245,147,2.37548084149205,98
"29794",245,148,1.32395633324359,97
"29795",245,149,1.76967531212551,96
"29796",245,150,1.57390794067216,95
"29797",245,151,3.12229193161103,94
"29798",245,152,3.27364381654108,93
"29799",245,153,5.51451378508976,92
"29800",245,154,4.29328964098533,91
"29801",245,155,2.2188020438951,90
"29802",245,156,0.7306606396564,89
"29803",245,157,1.39186106962686,88
"29804",245,158,2.39980222288261,87
"29805",245,159,2.92254310489308,86
"29806",245,160,3.91128008271377,85
"29807",245,161,2.57882713151103,84
"29808",245,162,1.98267776508299,83
"29809",245,163,1.13189159057,82
"29810",245,164,3.77052620111854,81
"29811",245,165,3.39702385866306,80
"29812",245,166,2.38411535495612,79
"29813",245,167,1.29405974154445,78
"29814",245,168,0.177769989248314,77
"29815",245,169,1.34342690799888,76
"29816",245,170,1.62865755687573,75
"29817",245,171,0.499171736964063,74
"29818",245,172,1.27924494719259,73
"29819",245,173,2.13395852294922,72
"29820",245,174,3.02746109267682,71
"29821",245,175,3.02133885669218,70
"29822",245,176,3.2286423620003,69
"29823",245,177,2.6106187998977,68
"29824",245,178,1.4549001130359,67
"29825",245,179,2.24050635353632,66
"29826",245,180,4.01225569266572,65
"29827",245,181,3.13164915017379,64
"29828",245,182,3.55098064075213,63
"29829",245,183,3.33319411771214,62
"29830",245,184,2.58936354023335,61
"29831",245,185,2.43658004070413,60
"29832",245,186,2.72297477481312,59
"29833",245,187,1.67486632236823,58
"29834",245,188,2.21861117455751,57
"29835",245,189,2.48233457456816,56
"29836",245,190,2.21125606117556,55
"29837",245,191,3.08053030477833,54
"29838",245,192,4.68659299207923,53
"29839",245,193,4.30276697888617,52
"29840",245,194,2.2253313719699,51
"29841",245,195,3.53481860736886,50
"29842",245,196,1.81880152856521,49
"29843",245,197,2.43942295929736,48
"29844",245,198,3.3487115132134,47
"29845",245,199,3.25780727446527,46
"29846",245,200,3.17183950963837,45
"29847",245,201,2.99797220043044,44
"29848",245,202,5.24545913056,43
"29849",245,203,5.26983789637319,42
"29850",245,204,5.18441887125477,41
"29851",245,205,4.94167004403792,40
"29852",245,206,2.90437420783688,39
"29853",245,207,3.67452993070004,38
"29854",245,208,4.27114872718017,37
"29855",245,209,3.86820900746172,36
"29856",245,210,4.90482433722406,35
"29857",245,211,4.32694898284897,34
"29858",245,212,4.20004269009123,33
"29859",245,213,3.15319885245257,32
"29860",245,214,4.2599240867735,31
"29861",245,215,1.85927583271896,30
"29862",245,216,2.01445500301692,29
"29863",245,217,2.14899922374417,28
"29864",245,218,2.60408078116953,27
"29865",245,219,2.93744273728867,26
"29866",245,220,3.33686844335431,25
"29867",245,221,3.31886287327025,24
"29868",245,222,4.24571674452941,23
"29869",245,223,3.19273801332134,22
"29870",245,224,3.15903312958395,21
"29871",245,225,1.67643904566426,20
"29872",245,226,2.03139545518722,19
"29873",245,227,1.20038961373009,18
"29874",245,228,2.98281259755346,17
"29875",245,229,2.16748876289213,16
"29876",245,230,2.72137737742593,15
"29877",245,231,0.54094833895548,14
"29878",245,232,1.60212221936798,13
"29879",245,233,2.96041493270589,12
"29880",245,234,4.10208886712176,11
"29881",245,235,1.93765088228418,10
"29882",245,236,2.75264392658656,9
"29883",245,237,1.95122059754296,8
"29884",245,238,1.93352948852661,7
"29885",245,239,4.43797805239094,6
"29886",245,240,4.02057482448953,5
"29887",245,241,1.47444128818453,4
"29888",245,242,1.57532107942242,3
"29889",245,243,1.7166117839013,2
"29890",245,244,0.795032798431123,1
"29891",246,1,5.7132720035859,245
"29892",246,2,5.92640173616116,244
"29893",246,3,10.583419687042,243
"29894",246,4,8.65643785863466,242
"29895",246,5,9.07853287848921,241
"29896",246,6,9.68686548415959,240
"29897",246,7,9.22189345004106,239
"29898",246,8,10.6437825864485,238
"29899",246,9,13.3834745821485,237
"29900",246,10,10.6352709291776,236
"29901",246,11,8.87492289214604,235
"29902",246,12,10.7390053072445,234
"29903",246,13,11.7303590817795,233
"29904",246,14,9.87031796280868,232
"29905",246,15,8.6636765559053,231
"29906",246,16,8.6959808138378,230
"29907",246,17,9.42798946978215,229
"29908",246,18,8.59933817596865,228
"29909",246,19,6.41640604486098,227
"29910",246,20,8.05600932492427,226
"29911",246,21,12.3759473070793,225
"29912",246,22,12.1490751604139,224
"29913",246,23,12.175486624154,223
"29914",246,24,11.0192120226194,222
"29915",246,25,8.47671000895354,221
"29916",246,26,10.0255534829865,220
"29917",246,27,8.47344789619768,219
"29918",246,28,8.60349077519188,218
"29919",246,29,8.43840861356247,217
"29920",246,30,8.28859676344554,216
"29921",246,31,8.72540010579536,215
"29922",246,32,9.56130722947499,214
"29923",246,33,8.15293168899426,213
"29924",246,34,11.1674456055043,212
"29925",246,35,8.82107741476073,211
"29926",246,36,8.67653626381993,210
"29927",246,37,7.63209206837163,209
"29928",246,38,7.82114322560429,208
"29929",246,39,11.2276667764923,207
"29930",246,40,10.2251030836384,206
"29931",246,41,10.9478271743946,205
"29932",246,42,9.86998506737982,204
"29933",246,43,8.50646688165834,203
"29934",246,44,8.21810396841565,202
"29935",246,45,9.48951542714374,201
"29936",246,46,10.8172824631275,200
"29937",246,47,8.46845732856961,199
"29938",246,48,5.6400960405442,198
"29939",246,49,4.53394371014891,197
"29940",246,50,12.0410034179521,196
"29941",246,51,8.89296997262239,195
"29942",246,52,8.54794116265095,194
"29943",246,53,9.01429500058055,193
"29944",246,54,10.0456138718596,192
"29945",246,55,7.09002537900414,191
"29946",246,56,7.1510417554625,190
"29947",246,57,7.45514513574974,189
"29948",246,58,6.04048738415788,188
"29949",246,59,6.57272253597183,187
"29950",246,60,8.18842388336882,186
"29951",246,61,8.95302991741108,185
"29952",246,62,10.8990845872518,184
"29953",246,63,7.65700233551155,183
"29954",246,64,5.87386247606695,182
"29955",246,65,8.354952157506,181
"29956",246,66,10.1552066524989,180
"29957",246,67,8.7081555835488,179
"29958",246,68,7.00663711497757,178
"29959",246,69,10.2122967889894,177
"29960",246,70,6.90271555366443,176
"29961",246,71,6.74505246713433,175
"29962",246,72,6.87926376018608,174
"29963",246,73,7.45874262879161,173
"29964",246,74,6.02119913988422,172
"29965",246,75,5.36531901090982,171
"29966",246,76,5.04047714812765,170
"29967",246,77,3.76847586820151,169
"29968",246,78,7.60880501161831,168
"29969",246,79,7.38763324208876,167
"29970",246,80,5.45578620316943,166
"29971",246,81,4.56657700878961,165
"29972",246,82,6.70933461019088,164
"29973",246,83,7.79883777638479,163
"29974",246,84,8.77777830384838,162
"29975",246,85,9.15818382942006,161
"29976",246,86,8.31409666344561,160
"29977",246,87,9.81083954634092,159
"29978",246,88,9.29474785927804,158
"29979",246,89,6.60022951888285,157
"29980",246,90,8.45077050264048,156
"29981",246,91,7.37366708742877,155
"29982",246,92,6.21966188150729,154
"29983",246,93,6.152768439283,153
"29984",246,94,6.16101185844438,152
"29985",246,95,7.3114277360949,151
"29986",246,96,7.02785811711126,150
"29987",246,97,4.60920548989881,149
"29988",246,98,6.83167810130061,148
"29989",246,99,6.94357668268055,147
"29990",246,100,5.11710795235545,146
"29991",246,101,3.01986076520638,145
"29992",246,102,3.80642064799455,144
"29993",246,103,5.37507364850069,143
"29994",246,104,5.18452259053935,142
"29995",246,105,4.23838096922684,141
"29996",246,106,6.86719588391469,140
"29997",246,107,6.46273435907028,139
"29998",246,108,3.76502364695659,138
"29999",246,109,3.25541255572469,137
"30000",246,110,2.64808341858066,136
"30001",246,111,7.08754350543179,135
"30002",246,112,6.06226152200155,134
"30003",246,113,4.99507950913645,133
"30004",246,114,2.16942872569926,132
"30005",246,115,1.4467394119572,131
"30006",246,116,2.6153908603403,130
"30007",246,117,3.48028399634048,129
"30008",246,118,2.83434596067171,128
"30009",246,119,4.86918255023916,127
"30010",246,120,5.08759696181577,126
"30011",246,121,4.61977530111554,125
"30012",246,122,1.89759965914751,124
"30013",246,123,3.08657373150406,123
"30014",246,124,6.06706287358019,122
"30015",246,125,6.66258574743604,121
"30016",246,126,4.23672955164518,120
"30017",246,127,3.64560664038972,119
"30018",246,128,4.04162104645104,118
"30019",246,129,2.89969861353906,117
"30020",246,130,4.39867065834118,116
"30021",246,131,3.26668547609844,115
"30022",246,132,2.21565848809505,114
"30023",246,133,3.52717395750169,113
"30024",246,134,4.39481743487986,112
"30025",246,135,3.15927449738072,111
"30026",246,136,2.7087337315815,110
"30027",246,137,3.69446708576758,109
"30028",246,138,3.1255796418933,108
"30029",246,139,3.93817455229422,107
"30030",246,140,2.65498673673982,106
"30031",246,141,2.53432584590036,105
"30032",246,142,1.74987970434551,104
"30033",246,143,2.02104779787918,103
"30034",246,144,0.950192435300387,102
"30035",246,145,0.855623915583224,101
"30036",246,146,0.8311033223902,100
"30037",246,147,1.21033156332554,99
"30038",246,148,1.03924882734992,98
"30039",246,149,1.37227827580247,97
"30040",246,150,1.58956075250064,96
"30041",246,151,3.1379447434395,95
"30042",246,152,2.10849453837457,94
"30043",246,153,4.34936450692325,93
"30044",246,154,4.13758410669966,92
"30045",246,155,3.24389859960441,91
"30046",246,156,1.32944889923494,90
"30047",246,157,1.81104261624734,89
"30048",246,158,1.2346529447161,88
"30049",246,159,2.93819591672156,87
"30050",246,160,3.66801792397633,86
"30051",246,161,2.57822297562766,85
"30052",246,162,1.61021823254599,84
"30053",246,163,0.672745600419573,83
"30054",246,164,3.61482066683286,82
"30055",246,165,3.24131832437739,81
"30056",246,166,2.68134194669659,80
"30057",246,167,1.13835420725878,79
"30058",246,168,1.26228470756407,78
"30059",246,169,1.35907971982736,77
"30060",246,170,1.64431036870421,76
"30061",246,171,1.25995170305325,75
"30062",246,172,0.626107812730272,74
"30063",246,173,1.30859287553442,73
"30064",246,174,1.86231181451031,72
"30065",246,175,1.85618957852567,71
"30066",246,176,2.06349308383379,70
"30067",246,177,2.62627161172618,69
"30068",246,178,1.47055292486438,68
"30069",246,179,2.14290662549701,67
"30070",246,180,2.84710641449922,66
"30071",246,181,1.96683801693569,65
"30072",246,182,3.56663345258061,64
"30073",246,183,3.34884692954062,63
"30074",246,184,1.42421426206685,62
"30075",246,185,2.45223285253261,61
"30076",246,186,2.73862758664159,60
"30077",246,187,1.571656886088,59
"30078",246,188,1.73300314674607,58
"30079",246,189,1.45723801885886,57
"30080",246,190,1.4990389090352,56
"30081",246,191,1.96360569563224,55
"30082",246,192,3.52144371391272,54
"30083",246,193,3.13761770071966,53
"30084",246,194,2.07961101950353,52
"30085",246,195,2.36966932920236,51
"30086",246,196,1.032694935893,50
"30087",246,197,1.27427368113085,49
"30088",246,198,2.18356223504689,48
"30089",246,199,2.09265799629876,47
"30090",246,200,3.18749232146685,46
"30091",246,201,3.01362501225892,45
"30092",246,202,4.0803098523935,44
"30093",246,203,5.28549070820166,43
"30094",246,204,5.20007168308325,42
"30095",246,205,4.19670485613882,41
"30096",246,206,3.06007974212255,40
"30097",246,207,2.50938065253353,39
"30098",246,208,3.15443220722079,38
"30099",246,209,2.88113205082367,37
"30100",246,210,4.03066177552539,36
"30101",246,211,3.59847486299676,35
"30102",246,212,3.56843408665327,34
"30103",246,213,2.73217650596675,33
"30104",246,214,3.094774808607,32
"30105",246,215,1.87492864454744,31
"30106",246,216,0.989358447307615,30
"30107",246,217,1.00021095788286,29
"30108",246,218,1.57898422546022,28
"30109",246,219,1.91234618157937,27
"30110",246,220,2.1717191651878,26
"30111",246,221,3.04339891288919,25
"30112",246,222,3.0805674663629,24
"30113",246,223,2.56157159940514,23
"30114",246,224,3.17468594141242,22
"30115",246,225,0.651342489954955,21
"30116",246,226,1.31991766517931,20
"30117",246,227,0.641013194503654,19
"30118",246,228,1.81766331938695,18
"30119",246,229,2.08591190222961,17
"30120",246,230,1.55622809925943,16
"30121",246,231,0.640638162627034,15
"30122",246,232,1.61777503119645,14
"30123",246,233,1.93531837699659,13
"30124",246,234,2.93693958895526,12
"30125",246,235,2.74024549092294,11
"30126",246,236,1.67708477967595,10
"30127",246,237,0.926124041833656,9
"30128",246,238,2.08923502281229,8
"30129",246,239,3.41288149668163,7
"30130",246,240,2.85542554632302,6
"30131",246,241,1.8700767943937,5
"30132",246,242,2.60041763513173,4
"30133",246,243,2.51735986733039,3
"30134",246,244,1.41217542658954,2
"30135",246,245,1.1651492781665,1
"30136",247,1,6.38980372629253,246
"30137",247,2,6.39474731156629,245
"30138",247,3,11.0517652624471,244
"30139",247,4,9.67471113222187,243
"30140",247,5,10.0558385934426,242
"30141",247,6,10.7051387577468,241
"30142",247,7,10.2401667236283,240
"30143",247,8,11.1121281618536,239
"30144",247,9,13.8518201575536,238
"30145",247,10,11.1036165045828,237
"30146",247,11,9.89319616573326,236
"30147",247,12,11.2073508826496,235
"30148",247,13,12.1987046571846,234
"30149",247,14,10.8885912363959,233
"30150",247,15,9.68194982949252,232
"30151",247,16,9.63341143838756,231
"30152",247,17,10.2201738420072,230
"30153",247,18,9.27586989867529,229
"30154",247,19,6.54763546651738,228
"30155",247,20,8.79911066023373,227
"30156",247,21,12.8442928824845,226
"30157",247,22,13.1673484340011,225
"30158",247,23,12.6438321995592,224
"30159",247,24,12.0374852962066,223
"30160",247,25,9.49498328254076,222
"30161",247,26,10.152157507511,221
"30162",247,27,9.4917211697849,220
"30163",247,28,9.28002249789851,219
"30164",247,29,9.45668188714969,218
"30165",247,30,9.23282334515759,217
"30166",247,31,9.69511056543376,216
"30167",247,32,10.2378389521816,215
"30168",247,33,8.27953571351881,214
"30169",247,34,11.6357911809094,213
"30170",247,35,9.83935068834795,212
"30171",247,36,9.35306798652656,211
"30172",247,37,8.65036534195885,210
"30173",247,38,8.54809715541677,209
"30174",247,39,11.6960123518975,208
"30175",247,40,11.1519731819625,207
"30176",247,41,11.4161727497997,206
"30177",247,42,10.888258340967,205
"30178",247,43,9.05544701691422,204
"30179",247,44,8.68644954382079,203
"30180",247,45,9.95786100254887,202
"30181",247,46,11.2856280385326,201
"30182",247,47,8.93680290397474,200
"30183",247,48,6.10844161594934,199
"30184",247,49,5.00228928555404,198
"30185",247,50,12.5093489933572,197
"30186",247,51,9.36131554802752,196
"30187",247,52,9.01628673805608,195
"30188",247,53,9.76314479967293,194
"30189",247,54,11.0638871454468,193
"30190",247,55,7.55837095440927,192
"30191",247,56,7.61938733086763,191
"30192",247,57,8.44100851850662,190
"30193",247,58,7.0587606577451,189
"30194",247,59,6.69932656049638,188
"30195",247,60,8.65676945877396,187
"30196",247,61,9.42137549281621,186
"30197",247,62,11.3674301626569,185
"30198",247,63,8.20652870488255,184
"30199",247,64,6.0004665005915,183
"30200",247,65,8.48155618203055,182
"30201",247,66,10.623552227904,181
"30202",247,67,9.72642885713602,180
"30203",247,68,7.13324113950212,179
"30204",247,69,10.6806423643946,178
"30205",247,70,7.37106112906957,177
"30206",247,71,7.21339804253946,176
"30207",247,72,7.34760933559122,175
"30208",247,73,8.47701590237883,174
"30209",247,74,7.03947241347144,173
"30210",247,75,5.57906038236986,172
"30211",247,76,5.50882272353279,171
"30212",247,77,4.23682144360664,170
"30213",247,78,8.07715058702345,169
"30214",247,79,7.8559788174939,168
"30215",247,80,5.64547849322482,167
"30216",247,81,5.03492258419474,166
"30217",247,82,6.83593863471543,165
"30218",247,83,7.92544180090934,164
"30219",247,84,9.24612387925351,163
"30220",247,85,9.62652940482519,162
"30221",247,86,9.33236993703283,161
"30222",247,87,10.279185121746,160
"30223",247,88,9.76309343468317,159
"30224",247,89,7.61850279247007,158
"30225",247,90,8.57737452716503,157
"30226",247,91,7.8420126628339,156
"30227",247,92,6.93045737057978,155
"30228",247,93,7.17104171287022,154
"30229",247,94,6.62935743384951,153
"30230",247,95,7.77977331150003,152
"30231",247,96,7.4962036925164,151
"30232",247,97,5.62747876348603,150
"30233",247,98,6.95828212582516,149
"30234",247,99,7.62010840538719,148
"30235",247,100,5.79363967506209,147
"30236",247,101,3.48432046918389,146
"30237",247,102,3.97223298076461,145
"30238",247,103,5.50167767302524,144
"30239",247,104,6.20279586412656,143
"30240",247,105,4.70672654463198,142
"30241",247,106,6.99379990843924,141
"30242",247,107,6.93107993447542,140
"30243",247,108,4.78329692054381,139
"30244",247,109,4.2736858293119,138
"30245",247,110,3.11642899398579,137
"30246",247,111,7.55588908083692,136
"30247",247,112,6.35693957021226,135
"30248",247,113,5.121683533661,134
"30249",247,114,2.66778408228409,133
"30250",247,115,2.12306304547713,132
"30251",247,116,2.91566241205928,131
"30252",247,117,3.60688802086503,130
"30253",247,118,3.30269153607685,129
"30254",247,119,5.3375281256443,128
"30255",247,120,5.5559425372209,127
"30256",247,121,5.29630702382217,126
"30257",247,122,2.73659845611013,125
"30258",247,123,3.55491930690919,124
"30259",247,124,6.26089650757921,123
"30260",247,125,7.13093132284117,122
"30261",247,126,4.70507512705032,121
"30262",247,127,4.66387991397694,120
"30263",247,128,5.05989432003826,119
"30264",247,129,3.91797188712628,118
"30265",247,130,5.4169439319284,117
"30266",247,131,4.28495874968566,116
"30267",247,132,2.77924980471397,115
"30268",247,133,4.20370568020833,114
"30269",247,134,5.07134915758649,113
"30270",247,135,3.83580622008736,112
"30271",247,136,3.38526545428813,111
"30272",247,137,3.82107111029213,110
"30273",247,138,3.38158912940413,109
"30274",247,139,4.61470627500086,108
"30275",247,140,3.63405170208154,107
"30276",247,141,3.55259911948758,106
"30277",247,142,2.42641142705215,105
"30278",247,143,2.14765182240373,104
"30279",247,144,1.09360386219355,103
"30280",247,145,1.87389718917044,102
"30281",247,146,0.713806374054267,101
"30282",247,147,1.54381218509478,100
"30283",247,148,1.33392687556063,99
"30284",247,149,1.49888230032702,98
"30285",247,150,1.46295672797609,97
"30286",247,151,3.01134071891495,96
"30287",247,152,1.43196281566794,95
"30288",247,153,4.4364278458173,94
"30289",247,154,4.60592968210479,93
"30290",247,155,4.26217187319163,92
"30291",247,156,2.34772217282216,91
"30292",247,157,2.82931588983456,90
"30293",247,158,1.38032355388958,89
"30294",247,159,2.81159189219701,88
"30295",247,160,3.54141389945178,87
"30296",247,161,2.45161895110311,86
"30297",247,162,1.48361420802144,85
"30298",247,163,0.989921747061325,84
"30299",247,164,4.083166242238,83
"30300",247,165,3.70966389978252,82
"30301",247,166,3.69961522028381,81
"30302",247,167,1.60669978266391,80
"30303",247,168,2.02285344211379,79
"30304",247,169,1.99564430645721,78
"30305",247,170,2.21363793497065,77
"30306",247,171,1.93648342575988,76
"30307",247,172,1.14510163307381,75
"30308",247,173,1.18198885100987,74
"30309",247,174,1.18578009180368,73
"30310",247,175,1.49402290980143,72
"30311",247,176,2.17290953362033,71
"30312",247,177,3.48761112108253,70
"30313",247,178,2.35410339496446,69
"30314",247,179,2.01630260097246,68
"30315",247,180,2.55228337874995,67
"30316",247,181,2.85024633688701,66
"30317",247,182,3.91150593395526,65
"30318",247,183,3.22224290501607,64
"30319",247,184,0.74768253936021,63
"30320",247,185,2.32605527845433,62
"30321",247,186,2.61202356211704,61
"30322",247,187,1.10331131068287,60
"30323",247,188,1.60639912222152,59
"30324",247,189,0.438964745271637,58
"30325",247,190,1.41760309427909,57
"30326",247,191,1.83700167110769,56
"30327",247,192,2.84491199120608,55
"30328",247,193,2.62269324264292,54
"30329",247,194,1.95300699497898,53
"30330",247,195,2.77081342178128,52
"30331",247,196,2.05096820948022,51
"30332",247,197,1.56315469372669,50
"30333",247,198,1.50703051234025,49
"30334",247,199,1.41612627359213,48
"30335",247,200,3.0608882969423,47
"30336",247,201,2.88702098773437,46
"30337",247,202,3.40377812968686,45
"30338",247,203,5.15888668367711,44
"30339",247,204,5.0734676585587,43
"30340",247,205,4.07010083161427,42
"30341",247,206,2.59173416671742,41
"30342",247,207,1.99435214986344,40
"30343",247,208,3.02782818269624,39
"30344",247,209,2.75452802629912,38
"30345",247,210,3.90405775100084,37
"30346",247,211,3.47187083847221,36
"30347",247,212,3.44183006212872,35
"30348",247,213,2.6055724814422,34
"30349",247,214,2.4342919644255,33
"30350",247,215,1.74832462002288,32
"30351",247,216,0.236210604133158,31
"30352",247,217,1.18854058793574,30
"30353",247,218,0.560710951873001,29
"30354",247,219,1.02360842672012,28
"30355",247,220,1.86693877454144,27
"30356",247,221,2.91679488836464,26
"30357",247,222,2.56553896369281,25
"30358",247,223,2.92922364211856,24
"30359",247,224,3.45274785286996,23
"30360",247,225,0.496648380398608,22
"30361",247,226,1.44652168970387,21
"30362",247,227,1.10935876990879,20
"30363",247,228,1.83738302530603,19
"30364",247,229,1.95930787770506,18
"30365",247,230,0.992385906982154,17
"30366",247,231,1.57459012407366,16
"30367",247,232,2.07515935531452,15
"30368",247,233,0.917045103409368,14
"30369",247,234,3.2261404393858,13
"30370",247,235,3.75851876451016,12
"30371",247,236,2.14543035508108,11
"30372",247,237,0.603498058739913,10
"30373",247,238,1.82331125924117,9
"30374",247,239,3.4562210715701,8
"30375",247,240,2.799734598325,7
"30376",247,241,2.88835006798092,6
"30377",247,242,3.61869090871895,5
"30378",247,243,3.53563314091761,4
"30379",247,244,2.43044870017676,3
"30380",247,245,2.04336982929653,2
"30381",247,246,1.01827327358722,1
"30382",248,1,5.43897293234623,247
"30383",248,2,5.93178826348439,246
"30384",248,3,10.5888062143652,245
"30385",248,4,9.3737755271433,244
"30386",248,5,9.754902988364,243
"30387",248,6,10.4042031526682,242
"30388",248,7,9.93923111854971,241
"30389",248,8,10.6491691137717,240
"30390",248,9,13.3888611094717,239
"30391",248,10,10.6406574565009,238
"30392",248,11,9.59226056065468,237
"30393",248,12,10.7443918345677,236
"30394",248,13,11.7357456091027,235
"30395",248,14,10.5876556313173,234
"30396",248,15,9.38101422441394,233
"30397",248,16,9.33247583330898,232
"30398",248,17,9.91923823692864,231
"30399",248,18,8.32503910472898,230
"30400",248,19,6.19857923701174,229
"30401",248,20,8.49817505515515,228
"30402",248,21,12.3813338344026,227
"30403",248,22,12.8664128289225,226
"30404",248,23,12.1808731514773,225
"30405",248,24,11.736549691128,224
"30406",248,25,9.19404767746218,223
"30407",248,26,9.03930327056139,222
"30408",248,27,9.19078556470632,221
"30409",248,28,8.32919170395221,220
"30410",248,29,9.15574628207111,219
"30411",248,30,8.93188774007901,218
"30412",248,31,9.39417496035518,217
"30413",248,32,9.28700815823532,216
"30414",248,33,7.36837030499257,215
"30415",248,34,11.1728321328275,214
"30416",248,35,9.53841508326937,213
"30417",248,36,8.40223719258026,212
"30418",248,37,8.34942973688028,211
"30419",248,38,8.24716155033819,210
"30420",248,39,11.2330533038156,209
"30421",248,40,10.851037576884,208
"30422",248,41,10.9532137017178,207
"30423",248,42,10.5873227358885,206
"30424",248,43,8.75451141183564,205
"30425",248,44,8.22349049573889,204
"30426",248,45,9.49490195446698,203
"30427",248,46,10.8226689904507,202
"30428",248,47,8.47384385589284,201
"30429",248,48,5.64548256786744,200
"30430",248,49,4.53933023747215,199
"30431",248,50,12.0463899452753,198
"30432",248,51,8.89835649994562,197
"30433",248,52,8.55332768997419,196
"30434",248,53,9.46220919459435,195
"30435",248,54,10.7629515403682,194
"30436",248,55,7.09541190632738,193
"30437",248,56,7.15642828278573,192
"30438",248,57,8.14007291342805,191
"30439",248,58,6.75782505266652,190
"30440",248,59,5.58647232354676,189
"30441",248,60,8.19381041069206,188
"30442",248,61,8.95841644473431,187
"30443",248,62,10.904471114575,186
"30444",248,63,7.90559309980397,185
"30445",248,64,4.90441966601049,184
"30446",248,65,7.36870194508093,183
"30447",248,66,10.1605931798221,182
"30448",248,67,9.42549325205744,181
"30449",248,68,6.22207573097588,180
"30450",248,69,10.2176833163127,179
"30451",248,70,6.90810208098767,178
"30452",248,71,6.75043899445757,177
"30453",248,72,6.88465028750932,176
"30454",248,73,8.17608029730026,175
"30455",248,74,6.73853680839287,174
"30456",248,75,4.81506067315308,173
"30457",248,76,5.1269404248234,172
"30458",248,77,3.77386239552474,171
"30459",248,78,7.61419153894155,170
"30460",248,79,7.52242523239828,169
"30461",248,80,5.18251944514292,168
"30462",248,81,4.57196353611285,167
"30463",248,82,5.72308439776581,166
"30464",248,83,6.81258756395972,165
"30465",248,84,8.78316483117161,164
"30466",248,85,9.24485519530251,163
"30467",248,86,9.03143433195425,162
"30468",248,87,9.82902355864692,161
"30469",248,88,9.30013438660128,160
"30470",248,89,7.3175671873915,159
"30471",248,90,7.46452029021541,158
"30472",248,91,7.379053614752,157
"30473",248,92,6.6295217655012,156
"30474",248,93,6.87010610779164,155
"30475",248,94,6.16639838576761,154
"30476",248,95,7.31681426341813,153
"30477",248,96,7.0332446444345,152
"30478",248,97,5.32654315840745,151
"30479",248,98,5.84542788887554,150
"30480",248,99,6.66927761144088,149
"30481",248,100,4.84280888111579,148
"30482",248,101,3.02136142110199,147
"30483",248,102,3.50927393268271,146
"30484",248,103,4.38882343607562,145
"30485",248,104,5.90186025904799,144
"30486",248,105,4.24376749655008,143
"30487",248,106,5.88094567148961,142
"30488",248,107,6.46812088639352,141
"30489",248,108,4.48236131546524,140
"30490",248,109,3.97275022423333,139
"30491",248,110,2.6534699459039,138
"30492",248,111,7.09293003275502,137
"30493",248,112,5.89398052213036,136
"30494",248,113,4.00882929671138,135
"30495",248,114,1.71695328833779,134
"30496",248,115,1.35711367758559,133
"30497",248,116,2.45270336397738,132
"30498",248,117,2.49403378391541,131
"30499",248,118,2.83973248799495,130
"30500",248,119,4.8745690775624,129
"30501",248,120,5.092983489139,128
"30502",248,121,4.72645298084575,127
"30503",248,122,2.43566285103155,126
"30504",248,123,3.09196025882729,125
"30505",248,124,5.79793745949731,124
"30506",248,125,6.66797227475928,123
"30507",248,126,4.24211607896842,122
"30508",248,127,4.36294430889836,121
"30509",248,128,4.75895871495969,120
"30510",248,129,3.6170362820477,119
"30511",248,130,5.11600832684982,118
"30512",248,131,3.98402314460708,117
"30513",248,132,2.40547764073076,116
"30514",248,133,3.25287488626203,115
"30515",248,134,4.12051836364019,114
"30516",248,135,2.88497542614105,113
"30517",248,136,2.46804946507906,112
"30518",248,137,2.70821687334251,111
"30519",248,138,2.43075833545782,110
"30520",248,139,3.66387548105455,109
"30521",248,140,3.33311609700296,108
"30522",248,141,3.251663514409,107
"30523",248,142,2.02463140776188,106
"30524",248,143,1.03479758545411,105
"30525",248,144,0.776411289403134,104
"30526",248,145,1.57296158409187,103
"30527",248,146,1.44495192404652,102
"30528",248,147,1.48463063456521,101
"30529",248,148,0.870967827478733,100
"30530",248,149,0.3860280633774,99
"30531",248,150,2.57581096492571,98
"30532",248,151,4.12419495586458,97
"30533",248,152,2.52856008490572,96
"30534",248,153,4.62366357816292,95
"30535",248,154,4.14297063402289,94
"30536",248,155,3.96123626811305,93
"30537",248,156,2.04678656774358,92
"30538",248,157,2.52838028475598,91
"30539",248,158,2.15631747581556,90
"30540",248,159,3.92444612914663,89
"30541",248,160,4.6542681364014,88
"30542",248,161,3.56447318805273,87
"30543",248,162,2.59646844497106,86
"30544",248,163,1.23881075362926,85
"30545",248,164,3.6202071941561,84
"30546",248,165,3.24670485170063,83
"30547",248,166,3.39867961520523,82
"30548",248,167,1.30566013299198,81
"30549",248,168,1.72191783703521,80
"30550",248,169,2.34532993225243,79
"30551",248,170,2.63056058112928,78
"30552",248,171,1.57951866414529,77
"30553",248,172,0.889639723304882,76
"30554",248,173,2.29484308795949,75
"30555",248,174,2.13661088574998,74
"30556",248,175,2.13048864976534,73
"30557",248,176,2.41907699363268,72
"30558",248,177,3.61252182415125,71
"30559",248,178,2.45680313728945,70
"30560",248,179,3.12915683792208,69
"30561",248,180,3.12140548573888,68
"30562",248,181,2.95308822936076,67
"30563",248,182,4.55288366500568,66
"30564",248,183,4.33509714196569,65
"30565",248,184,1.69851333330651,64
"30566",248,185,3.43848306495768,63
"30567",248,186,3.72487779906667,62
"30568",248,187,2.19935814526387,61
"30569",248,188,2.71925335917114,60
"30570",248,189,1.17689281193422,59
"30571",248,190,2.48528912146027,58
"30572",248,191,2.94985590805731,57
"30573",248,192,3.79574278515239,56
"30574",248,193,3.73554747959254,55
"30575",248,194,3.0658612319286,54
"30576",248,195,2.64396840044203,53
"30577",248,196,1.75003260440164,52
"30578",248,197,1.66182529223831,51
"30579",248,198,2.45786130628656,50
"30580",248,199,2.36695706753843,49
"30581",248,200,4.17374253389192,48
"30582",248,201,3.99987522468399,47
"30583",248,202,4.35460892363316,46
"30584",248,203,6.27174092062674,45
"30585",248,204,6.18632189550832,44
"30586",248,205,5.18295506856389,43
"30587",248,206,3.50289957524366,42
"30588",248,207,3.10720638681306,41
"30589",248,208,4.14068241964586,40
"30590",248,209,3.86738226324874,39
"30591",248,210,5.01691198795046,38
"30592",248,211,4.58472507542183,37
"30593",248,212,4.55468429907834,36
"30594",248,213,3.71842671839182,35
"30595",248,214,3.54714620137512,34
"30596",248,215,2.86117885697251,33
"30597",248,216,1.11898950189046,32
"30598",248,217,1.98646117030794,31
"30599",248,218,1.33786077270298,30
"30600",248,219,1.99078954586048,29
"30601",248,220,2.97979301149107,28
"30602",248,221,4.02964912531426,27
"30603",248,222,3.67839320064243,26
"30604",248,223,3.54782181183021,25
"30605",248,224,4.1609361538375,24
"30606",248,225,0.78427988023717,23
"30607",248,226,0.333667452754243,22
"30608",248,227,0.743733438911242,21
"30609",248,228,2.09196239062662,20
"30610",248,229,3.07216211465469,19
"30611",248,230,1.83052717049909,18
"30612",248,231,1.54285136320903,17
"30613",248,232,2.60402524362153,16
"30614",248,233,1.49250609581596,15
"30615",248,234,3.21123866019492,14
"30616",248,235,3.45758315943158,13
"30617",248,236,1.86179371965972,12
"30618",248,237,0.509356178209709,11
"30619",248,238,2.47602569939737,10
"30620",248,239,2.69554382817299,9
"30621",248,240,3.12972461756269,8
"30622",248,241,2.58741446290235,7
"30623",248,242,3.31775530364037,6
"30624",248,243,3.23469753583903,5
"30625",248,244,2.12951309509818,4
"30626",248,245,1.74243422421795,3
"30627",248,246,0.986250212425072,2
"30628",248,247,1.11285423694962,1
"30629",249,1,5.62517842706093,248
"30630",249,2,5.39295850021776,247
"30631",249,3,10.0559590152166,246
"30632",249,4,9.76726335378965,245
"30633",249,5,10.1483908150104,244
"30634",249,6,10.7976909793146,243
"30635",249,7,10.3327189451961,242
"30636",249,8,9.63524572609413,241
"30637",249,9,10.3684637500759,240
"30638",249,10,10.7591814340562,239
"30639",249,11,9.98574838730104,238
"30640",249,12,8.74664878326605,237
"30641",249,13,9.83234499282642,236
"30642",249,14,10.9811434579637,235
"30643",249,15,9.7745020510603,234
"30644",249,16,9.72596365995533,233
"30645",249,17,10.312726063575,232
"30646",249,18,7.76050499636426,231
"30647",249,19,6.5920670636581,230
"30648",249,20,8.89166288180151,229
"30649",249,21,9.36093647500673,228
"30650",249,22,13.2599006555689,227
"30651",249,23,11.6924790048398,226
"30652",249,24,12.1300375177744,225
"30653",249,25,9.58753550410854,224
"30654",249,26,6.35265997695906,223
"30655",249,27,9.58427339135267,222
"30656",249,28,8.68737053970258,221
"30657",249,29,9.54923410871747,220
"30658",249,30,9.32537556672537,219
"30659",249,31,9.78766278700153,218
"30660",249,32,9.15411503454044,217
"30661",249,33,6.41937074356903,216
"30662",249,34,9.8741386931351,215
"30663",249,35,9.93190290991573,214
"30664",249,36,7.49765571949371,213
"30665",249,37,8.74291756352663,212
"30666",249,38,8.64064937698455,211
"30667",249,39,8.21265594441972,210
"30668",249,40,11.2445254035303,209
"30669",249,41,11.1063845288606,208
"30670",249,42,10.9808105625348,207
"30671",249,43,9.147999238482,206
"30672",249,44,7.36357911737625,205
"30673",249,45,6.47450459507114,204
"30674",249,46,9.16965168808516,203
"30675",249,47,7.85042583822794,202
"30676",249,48,5.58616832422935,201
"30677",249,49,3.57428179752347,200
"30678",249,50,9.02599258587951,199
"30679",249,51,9.01771283424778,198
"30680",249,52,6.47185475216943,197
"30681",249,53,9.8556970212407,196
"30682",249,54,11.1564393670146,195
"30683",249,55,6.50567832576141,194
"30684",249,56,4.13603092338989,193
"30685",249,57,8.5335607400744,192
"30686",249,58,7.15131287931288,191
"30687",249,59,2.82172519047703,190
"30688",249,60,8.49030266518247,189
"30689",249,61,6.87728165185797,188
"30690",249,62,10.9583053662114,187
"30691",249,63,8.29908092645032,186
"30692",249,64,4.27892075647847,185
"30693",249,65,3.06729859926254,184
"30694",249,66,7.2075907057725,183
"30695",249,67,9.81898107870379,182
"30696",249,68,6.4216764579037,181
"30697",249,69,9.33191685650113,180
"30698",249,70,6.77423988621015,179
"30699",249,71,6.93378275367354,178
"30700",249,72,5.77188453614375,177
"30701",249,73,8.56956812394661,176
"30702",249,74,7.13202463503922,175
"30703",249,75,5.20854849979944,174
"30704",249,76,5.52042825146975,173
"30705",249,77,4.11046275012944,172
"30706",249,78,4.59379417954571,171
"30707",249,79,7.91591305904463,170
"30708",249,80,3.59689702812357,169
"30709",249,81,4.62590183234255,168
"30710",249,82,4.89480164119253,167
"30711",249,83,6.19008044566811,166
"30712",249,84,8.70769766441503,165
"30713",249,85,9.63834302194887,164
"30714",249,86,9.42492215860061,163
"30715",249,87,10.2225113852933,162
"30716",249,88,9.32166279200064,161
"30717",249,89,7.71105501403785,160
"30718",249,90,6.43118363285106,159
"30719",249,91,6.57571648402658,158
"30720",249,92,7.02300959214756,157
"30721",249,93,7.26359393443799,156
"30722",249,94,4.13142139511219,155
"30723",249,95,4.29641690402229,154
"30724",249,96,6.11662896269295,153
"30725",249,97,5.72003098505381,152
"30726",249,98,5.25079340065966,151
"30727",249,99,5.89185422171433,150
"30728",249,100,4.33430392928708,149
"30729",249,101,2.28485610634743,148
"30730",249,102,2.28531052216813,147
"30731",249,103,3.40937225208249,146
"30732",249,104,6.29534808569434,145
"30733",249,105,4.28144882506794,144
"30734",249,106,1.64402396240348,143
"30735",249,107,4.4997964438632,142
"30736",249,108,4.87584914211159,141
"30737",249,109,4.36623805087968,140
"30738",249,110,4.03484044719962,139
"30739",249,111,4.55855098007247,138
"30740",249,112,6.10994226136338,137
"30741",249,113,2.6352928302219,136
"30742",249,114,3.13528814585455,135
"30743",249,115,3.85797745959661,134
"30744",249,116,2.68932601121351,133
"30745",249,117,1.82443287521333,132
"30746",249,118,2.68327363816582,131
"30747",249,119,4.55620980761671,130
"30748",249,120,4.90436782710799,129
"30749",249,121,5.11994080749211,128
"30750",249,122,3.45578407094848,127
"30751",249,123,2.48146807443933,126
"30752",249,124,3.16632873432376,125
"30753",249,125,4.91044217836781,124
"30754",249,126,4.2311305489441,123
"30755",249,127,4.75643213554471,122
"30756",249,128,5.28510816793616,121
"30757",249,129,4.3675342073044,120
"30758",249,130,5.77677397070187,119
"30759",249,131,4.84660646216092,118
"30760",249,132,3.08905838345876,117
"30761",249,133,2.66593987202041,116
"30762",249,134,3.21593689055364,115
"30763",249,135,2.98679897834478,114
"30764",249,136,4.11643880497731,113
"30765",249,137,1.61024978578623,112
"30766",249,138,2.17913722966052,111
"30767",249,139,3.53074033076556,110
"30768",249,140,4.21851451343275,109
"30769",249,141,5.66279501501537,108
"30770",249,142,4.5254951897729,107
"30771",249,143,3.28366907367463,106
"30772",249,144,4.35452443625343,105
"30773",249,145,5.53235696745324,104
"30774",249,146,5.76341858317526,103
"30775",249,147,5.07522732972511,102
"30776",249,148,4.26546804420389,101
"30777",249,149,3.93243859575134,100
"30778",249,150,6.89427762405445,99
"30779",249,151,8.44266161499332,98
"30780",249,152,6.84702674403446,97
"30781",249,153,6.87187692984628,96
"30782",249,154,6.04127945175262,95
"30783",249,155,7.17981615121251,94
"30784",249,156,6.05103032303869,93
"30785",249,157,6.71223075300915,92
"30786",249,158,6.4747841349443,91
"30787",249,159,8.24291278827537,90
"30788",249,160,8.97273479553015,89
"30789",249,161,7.88293984718148,88
"30790",249,162,6.91493510409981,87
"30791",249,163,5.557277412758,86
"30792",249,164,4.67602032282622,85
"30793",249,165,4.88144864159554,84
"30794",249,166,6.37055791513198,83
"30795",249,167,4.54733941526492,82
"30796",249,168,5.14259969413398,81
"30797",249,169,6.66379659138117,80
"30798",249,170,6.94902724025802,79
"30799",249,171,4.82119794641823,78
"30800",249,172,5.20810638243362,77
"30801",249,173,6.61330974708823,76
"30802",249,174,5.77597848404541,75
"30803",249,175,6.20629730604001,74
"30804",249,176,6.73754365276142,73
"30805",249,177,7.93098848327999,72
"30806",249,178,6.77526979641819,71
"30807",249,179,7.44762349705082,70
"30808",249,180,6.1620744827167,69
"30809",249,181,7.27155488848951,68
"30810",249,182,8.87135032413442,67
"30811",249,183,8.65356380109444,66
"30812",249,184,5.59658781298114,65
"30813",249,185,7.75694972408642,64
"30814",249,186,8.04334445819541,63
"30815",249,187,6.51782480439262,62
"30816",249,188,7.03772001829989,61
"30817",249,189,5.17196286376479,60
"30818",249,190,6.80375578058901,59
"30819",249,191,7.26832256718606,58
"30820",249,192,6.3027670628083,57
"30821",249,193,8.05401413872129,56
"30822",249,194,7.38432789105734,55
"30823",249,195,6.23487722938199,54
"30824",249,196,6.02318890361318,53
"30825",249,197,5.98029195136705,52
"30826",249,198,5.93520546157866,51
"30827",249,199,6.60458107762971,50
"30828",249,200,8.49220919302066,49
"30829",249,201,8.31834188381274,48
"30830",249,202,8.4305216245012,47
"30831",249,203,10.5902075797555,46
"30832",249,204,10.5047885546371,45
"30833",249,205,9.50142172769263,44
"30834",249,206,7.8213662343724,43
"30835",249,207,7.4256730459418,42
"30836",249,208,8.4591490787746,41
"30837",249,209,8.18584892237748,40
"30838",249,210,9.3353786470792,39
"30839",249,211,8.90319173455057,38
"30840",249,212,8.87315095820708,37
"30841",249,213,8.03689337752057,36
"30842",249,214,7.86561286050386,35
"30843",249,215,7.17964551610125,34
"30844",249,216,5.43745616101921,33
"30845",249,217,6.30492782943668,32
"30846",249,218,5.25175003056769,31
"30847",249,219,6.30925620498922,30
"30848",249,220,7.29825967061981,29
"30849",249,221,8.34811578444301,28
"30850",249,222,7.99685985977117,27
"30851",249,223,7.86628847095895,26
"30852",249,224,8.47940281296624,25
"30853",249,225,5.10274653936591,24
"30854",249,226,3.9847992063745,23
"30855",249,227,4.72533978301635,22
"30856",249,228,5.79570758106095,21
"30857",249,229,7.39062877378343,20
"30858",249,230,5.61545315489929,19
"30859",249,231,5.86131802233777,18
"30860",249,232,6.92249190275027,17
"30861",249,233,4.87306276813884,16
"30862",249,234,5.86358722362055,15
"30863",249,235,7.08026037791809,14
"30864",249,236,5.12909785211481,13
"30865",249,237,4.82782283733845,12
"30866",249,238,6.79449235852612,11
"30867",249,239,2.79897693699617,10
"30868",249,240,5.05612804199656,9
"30869",249,241,6.27729316421506,8
"30870",249,242,6.53661948703735,7
"30871",249,243,7.03698146728359,6
"30872",249,244,6.06683966786459,5
"30873",249,245,5.32036968338229,4
"30874",249,246,5.30471687155381,3
"30875",249,247,5.43132089607836,2
"30876",249,248,4.31846665912874,1
"30877",250,1,4.78192123154499,249
"30878",250,2,6.84110139532496,248
"30879",250,3,11.4981193462058,247
"30880",250,4,8.92010448602288,246
"30881",250,5,9.99323253765301,245
"30882",250,6,8.30467149817107,244
"30883",250,7,9.70483405792663,243
"30884",250,8,11.5584822456123,242
"30885",250,9,14.2981742413123,241
"30886",250,10,11.5499705883414,240
"30887",250,11,8.14590005432657,239
"30888",250,12,11.6537049664083,238
"30889",250,13,12.6450587409433,237
"30890",250,14,9.25616035605401,236
"30891",250,15,8.86665917421875,235
"30892",250,16,9.6106804730016,234
"30893",250,17,10.342689128946,233
"30894",250,18,6.56164939190654,232
"30895",250,19,6.99398955027605,231
"30896",250,20,8.97070898408807,230
"30897",250,21,13.2906469662431,229
"30898",250,22,12.716395933511,228
"30899",250,23,13.0901862833178,227
"30900",250,24,11.2317407323732,226
"30901",250,25,7.94703661200378,225
"30902",250,26,8.97939401445243,224
"30903",250,27,7.52866258290661,223
"30904",250,28,6.877903227988,222
"30905",250,29,8.31370278510182,221
"30906",250,30,6.83235608558185,220
"30907",250,31,9.64009976495916,219
"30908",250,32,6.66109555339692,218
"30909",250,33,8.27768343683314,217
"30910",250,34,12.0821452646681,216
"30911",250,35,8.24050020051165,215
"30912",250,36,6.26579173787081,214
"30913",250,37,7.41465649608263,213
"30914",250,38,6.14762989584103,212
"30915",250,39,12.1423664356561,211
"30916",250,40,11.1398027428022,210
"30917",250,41,11.8625268335584,209
"30918",250,42,8.78767881282073,208
"30919",250,43,9.42116654082215,207
"30920",250,44,9.13280362757946,206
"30921",250,45,10.4042150863075,205
"30922",250,46,11.7319821222913,204
"30923",250,47,9.38315698773341,203
"30924",250,48,6.55479569970801,202
"30925",250,49,5.44864336931271,201
"30926",250,50,12.9557030771159,200
"30927",250,51,9.80766963178619,199
"30928",250,52,9.46264082181476,198
"30929",250,53,9.92899465974436,197
"30930",250,54,8.66341988587105,196
"30931",250,55,8.00472503816794,195
"30932",250,56,8.0657414146263,194
"30933",250,57,8.36984479491354,193
"30934",250,58,5.39251528456257,192
"30935",250,59,5.34014880628701,191
"30936",250,60,9.10312354253263,190
"30937",250,61,9.86772957657488,189
"30938",250,62,11.8137842464156,188
"30939",250,63,8.57170199467535,187
"30940",250,64,5.81373279785106,186
"30941",250,65,6.57487393418307,185
"30942",250,66,11.0699063116627,184
"30943",250,67,7.940584223891,183
"30944",250,68,7.13138886281645,182
"30945",250,69,11.1269964481532,181
"30946",250,70,7.81741521282824,180
"30947",250,71,7.65975212629813,179
"30948",250,72,7.79396341934989,178
"30949",250,73,7.11452871949857,177
"30950",250,74,6.90947147233566,176
"30951",250,75,5.47521301505485,175
"30952",250,76,5.95517680729146,174
"30953",250,77,4.68317552736531,173
"30954",250,78,8.52350467078212,172
"30955",250,79,8.30233290125257,171
"30956",250,80,6.09183257698349,170
"30957",250,81,5.48127666795341,169
"30958",250,82,5.97155736031621,168
"30959",250,83,7.51461836386863,167
"30960",250,84,9.69247796301218,166
"30961",250,85,10.0728834885839,165
"30962",250,86,9.20213489556199,164
"30963",250,87,10.7255392055047,163
"30964",250,88,10.2094475184418,162
"30965",250,89,7.19142852615513,161
"30966",250,90,6.67069227931755,160
"30967",250,91,8.28836674659257,159
"30968",250,92,7.1343615406711,158
"30969",250,93,6.98652140481599,157
"30970",250,94,7.07571151760818,156
"30971",250,95,8.2261273952587,155
"30972",250,96,7.94255777627507,154
"30973",250,97,4.92531059233835,153
"30974",250,98,6.13847408250751,152
"30975",250,99,4.33685397419971,151
"30976",250,100,3.13524023564265,150
"30977",250,101,4.67653638348545,149
"30978",250,102,4.41858706452328,148
"30979",250,103,4.91156631343803,147
"30980",250,104,4.15814030490899,146
"30981",250,105,5.15308062839065,145
"30982",250,106,5.47368791506991,144
"30983",250,107,7.37743401823409,143
"30984",250,108,4.11377274056152,142
"30985",250,109,3.45860326322485,141
"30986",250,110,4.27932644010564,140
"30987",250,111,8.00224316459559,139
"30988",250,112,6.80329365397093,138
"30989",250,113,3.60716504379995,137
"30990",250,114,2.0857195088978,136
"30991",250,115,2.63044054570477,135
"30992",250,116,5.13370487488625,134
"30993",250,117,3.89685231763908,133
"30994",250,118,4.98219816032715,132
"30995",250,119,5.78388220940297,131
"30996",250,120,6.00229662097957,130
"30997",250,121,2.86968857602568,129
"30998",250,122,2.58435798314454,128
"30999",250,123,5.34636917330787,127
"31000",250,124,6.70725059133788,126
"31001",250,125,7.57728540659985,125
"31002",250,126,5.15142921080899,124
"31003",250,127,3.91327898462214,123
"31004",250,128,2.65942706046253,122
"31005",250,129,3.57184431444216,121
"31006",250,130,3.50158979110375,120
"31007",250,131,2.49890602725393,119
"31008",250,132,2.71578003747364,118
"31009",250,133,2.3241516053311,117
"31010",250,134,1.30442761398231,116
"31011",250,135,1.21013576463072,115
"31012",250,136,1.36823813689376,114
"31013",250,137,2.97884871517569,113
"31014",250,138,1.97857575914758,112
"31015",250,139,1.32884282406124,111
"31016",250,140,1.96169370903936,110
"31017",250,141,2.75277899311521,109
"31018",250,142,2.32709216412974,108
"31019",250,143,3.31790695455692,107
"31020",250,144,3.6929640990688,106
"31021",250,145,3.49587334022005,105
"31022",250,146,4.90807519086546,104
"31023",250,147,5.2873034318008,103
"31024",250,148,4.20216411881511,102
"31025",250,149,3.44895058009516,101
"31026",250,150,4.25932949583869,100
"31027",250,151,5.2901956794258,99
"31028",250,152,6.18546640684983,98
"31029",250,153,8.42633637539851,97
"31030",250,154,6.57698626146153,96
"31031",250,155,4.33461991097302,95
"31032",250,156,3.61030743946987,94
"31033",250,157,3.83462462193932,93
"31034",250,158,5.31162481319136,92
"31035",250,159,5.75341900157102,91
"31036",250,160,6.82310267302252,90
"31037",250,161,5.49064972181978,89
"31038",250,162,4.89450035539174,88
"31039",250,163,3.76358184412057,87
"31040",250,164,6.57026339913015,86
"31041",250,165,5.83754763075856,85
"31042",250,166,4.68988078602729,84
"31043",250,167,3.8696261549618,83
"31044",250,168,2.81468716091118,82
"31045",250,169,3.72147472324404,81
"31046",250,170,3.55390330183644,80
"31047",250,171,2.81702016542201,79
"31048",250,172,3.60840195810808,78
"31049",250,173,5.04578111325797,77
"31050",250,174,5.93928368298557,76
"31051",250,175,5.93316144700093,75
"31052",250,176,6.14046495230905,74
"31053",250,177,4.40634983504911,73
"31054",250,178,3.52549615491467,72
"31055",250,179,5.15232894384507,71
"31056",250,180,6.92407828297447,70
"31057",250,181,6.04347174048254,69
"31058",250,182,5.49204116390292,68
"31059",250,183,5.59819748227622,67
"31060",250,184,5.5011861305421,66
"31061",250,185,4.23231107585554,65
"31062",250,186,5.27919895618008,64
"31063",250,187,4.36819268188499,63
"31064",250,188,5.13043376486626,62
"31065",250,189,4.97956560916981,61
"31066",250,190,5.12307865148431,60
"31067",250,191,5.99235289508708,59
"31068",250,192,7.59841558238797,58
"31069",250,193,7.21458956919491,57
"31070",250,194,5.13715396227865,56
"31071",250,195,6.44664119767762,55
"31072",250,196,4.73062411887396,54
"31073",250,197,5.35124554960611,53
"31074",250,198,6.26053410352215,52
"31075",250,199,6.16962986477402,51
"31076",250,200,5.84100409709305,50
"31077",250,201,5.23059168531253,49
"31078",250,202,8.15728172086875,48
"31079",250,203,8.00403035467525,47
"31080",250,204,7.86973638182795,46
"31081",250,205,7.85349263434667,45
"31082",250,206,4.29672758614152,44
"31083",250,207,6.58635252100879,43
"31084",250,208,7.18297131748892,42
"31085",250,209,6.78003159777047,41
"31086",250,210,7.81664692753281,40
"31087",250,211,7.23877157315772,39
"31088",250,212,7.11186528039998,38
"31089",250,213,6.06502144276132,37
"31090",250,214,7.17174667708226,36
"31091",250,215,4.65805397234663,35
"31092",250,216,4.51729298704873,34
"31093",250,217,5.06082181405292,33
"31094",250,218,5.14053356993857,32
"31095",250,219,5.50190338136478,31
"31096",250,220,6.24869103366306,30
"31097",250,221,6.230685463579,29
"31098",250,222,7.15753933483816,28
"31099",250,223,6.10456060363009,27
"31100",250,224,5.698688209459,26
"31101",250,225,4.55464683123578,25
"31102",250,226,3.72747812552549,24
"31103",250,227,4.11221220403884,23
"31104",250,228,5.89463518786221,22
"31105",250,229,5.07931135320088,21
"31106",250,230,5.63319996773468,20
"31107",250,231,3.43661800614574,19
"31108",250,232,3.59153746728088,18
"31109",250,233,5.29517889305155,17
"31110",250,234,7.01391145743051,16
"31111",250,235,4.84947347259293,15
"31112",250,236,5.66446651689531,14
"31113",250,237,4.26357020608983,13
"31114",250,238,3.26985371029523,12
"31115",250,239,5.69706826114521,11
"31116",250,240,6.93239741479828,10
"31117",250,241,4.38626387849328,9
"31118",250,242,3.73996004959833,8
"31119",250,243,3.51234281905271,7
"31120",250,244,3.70685538873987,6
"31121",250,245,2.91182259030875,5
"31122",250,246,4.07697186847526,4
"31123",250,247,4.75350359118189,3
"31124",250,248,3.80267279723559,2
"31125",250,249,3.92971049123641,1
"31126",251,1,4.72609368557339,250
"31127",251,2,5.94506173570859,249
"31128",251,3,10.6020796865894,248
"31129",251,4,8.86817861230212,247
"31130",251,5,9.24930607352282,246
"31131",251,6,9.89860623782705,245
"31132",251,7,9.43363420370853,244
"31133",251,8,10.6624425859959,243
"31134",251,9,13.4021345816959,242
"31135",251,10,10.6539309287251,241
"31136",251,11,9.0866636458135,240
"31137",251,12,10.7576653067919,239
"31138",251,13,11.7490190813269,238
"31139",251,14,10.0820587164761,237
"31140",251,15,8.87541730957276,236
"31141",251,16,8.8268789184678,235
"31142",251,17,9.44664946932958,234
"31143",251,18,6.86142025487673,233
"31144",251,19,6.09794989065968,232
"31145",251,20,8.0746693244717,231
"31146",251,21,12.3946073066268,230
"31147",251,22,12.3608159140813,229
"31148",251,23,12.1941466237015,228
"31149",251,24,11.2309527762868,227
"31150",251,25,8.688450762621,226
"31151",251,26,8.08335435483606,225
"31152",251,27,8.68518864986514,224
"31153",251,28,7.78828579821504,223
"31154",251,29,8.65014936722993,222
"31155",251,30,8.42629082523783,221
"31156",251,31,8.888578045514,220
"31157",251,32,8.2550302930529,219
"31158",251,33,7.38164377721677,218
"31159",251,34,11.1861056050517,217
"31160",251,35,9.03281816842819,216
"31161",251,36,6.03101861482278,215
"31162",251,37,7.8438328220391,214
"31163",251,38,7.74156463549701,213
"31164",251,39,11.2463267760398,212
"31165",251,40,10.3454406620428,211
"31166",251,41,10.966487173942,210
"31167",251,42,10.0817258210473,209
"31168",251,43,8.52512688120578,208
"31169",251,44,8.23676396796309,207
"31170",251,45,9.50817542669117,206
"31171",251,46,10.8359424626749,205
"31172",251,47,8.48711732811704,204
"31173",251,48,5.65875604009164,203
"31174",251,49,4.55260370969634,202
"31175",251,50,12.0596634174995,201
"31176",251,51,8.91162997216982,200
"31177",251,52,8.56660116219838,199
"31178",251,53,9.03295500012799,198
"31179",251,54,10.257354625527,197
"31180",251,55,7.10868537855157,196
"31181",251,56,7.16970175500993,195
"31182",251,57,7.63447599858687,194
"31183",251,58,6.25222813782534,193
"31184",251,59,4.44410914667064,192
"31185",251,60,8.20708388291626,191
"31186",251,61,8.97168991695851,190
"31187",251,62,10.9177445867992,189
"31188",251,63,7.67566233505898,188
"31189",251,64,4.91769313823469,187
"31190",251,65,5.37654305852573,186
"31191",251,66,10.1738666520463,185
"31192",251,67,8.91989633721626,184
"31193",251,68,6.23534920320008,183
"31194",251,69,10.2309567885369,182
"31195",251,70,6.92137555321187,181
"31196",251,71,6.76371246668177,180
"31197",251,72,6.89792375973352,179
"31198",251,73,7.67048338245908,178
"31199",251,74,6.23293989355169,177
"31200",251,75,4.57917335543848,176
"31201",251,76,5.05913714767509,175
"31202",251,77,3.78713586774894,174
"31203",251,78,7.62746501116575,173
"31204",251,79,7.4062932416362,172
"31205",251,80,5.19579291736712,171
"31206",251,81,4.58523700833704,170
"31207",251,82,5.07551770069984,169
"31208",251,83,6.61857870425226,168
"31209",251,84,8.79643830339581,167
"31210",251,85,9.1768438289675,166
"31211",251,86,8.52583741711307,165
"31212",251,87,9.82949954588835,164
"31213",251,88,9.31340785882547,163
"31214",251,89,6.81197027255032,162
"31215",251,90,5.75784521733256,161
"31216",251,91,7.3923270869762,160
"31217",251,92,6.23832188105473,159
"31218",251,93,6.36450919295046,158
"31219",251,94,6.17967185799181,157
"31220",251,95,7.33008773564233,156
"31221",251,96,7.0465181166587,155
"31222",251,97,4.82094624356627,154
"31223",251,98,5.24243442289114,153
"31224",251,99,4.9927694802268,152
"31225",251,100,3.43521918779955,151
"31226",251,101,3.38489285987044,150
"31227",251,102,3.52254740490691,149
"31228",251,103,4.01552665382166,148
"31229",251,104,5.39626334420681,147
"31230",251,105,4.25704096877428,146
"31231",251,106,4.57764825545354,145
"31232",251,107,6.48139435861772,144
"31233",251,108,3.97676440062406,143
"31234",251,109,3.46715330939215,142
"31235",251,110,2.98768291649063,141
"31236",251,111,7.10620350497922,140
"31237",251,112,5.90725399435456,139
"31238",251,113,2.71112538418358,138
"31239",251,114,0.936844432090487,137
"31240",251,115,1.53166968702307,136
"31241",251,116,3.84206135127124,135
"31242",251,117,2.60520879402407,134
"31243",251,118,3.69055463671214,133
"31244",251,119,4.8878425497866,132
"31245",251,120,5.1062569613632,131
"31246",251,121,4.22085606600457,130
"31247",251,122,1.93006593619037,129
"31248",251,123,4.05472564969286,128
"31249",251,124,5.81121093172151,127
"31250",251,125,6.68124574698347,126
"31251",251,126,4.25538955119262,125
"31252",251,127,3.85734739405718,124
"31253",251,128,4.25336180011851,123
"31254",251,129,3.11143936720652,122
"31255",251,130,4.61041141200864,121
"31256",251,131,3.4784262297659,120
"31257",251,132,1.89988072588958,119
"31258",251,133,1.76685513053288,118
"31259",251,134,1.83894374715595,117
"31260",251,135,1.34853346330606,116
"31261",251,136,1.96245255023788,115
"31262",251,137,2.08280905555932,114
"31263",251,138,1.08253609953121,113
"31264",251,139,2.63165558927802,112
"31265",251,140,2.82751918216178,111
"31266",251,141,3.33648724244183,110
"31267",251,142,2.19918741719936,109
"31268",251,143,2.02626343094191,108
"31269",251,144,2.40132057545379,107
"31270",251,145,3.2060491948797,106
"31271",251,146,3.61643166725045,105
"31272",251,147,3.99565990818579,104
"31273",251,148,2.9105205952001,103
"31274",251,149,2.15730705648015,102
"31275",251,150,4.56796985148091,101
"31276",251,151,6.11635384241978,100
"31277",251,152,4.89382288323482,99
"31278",251,153,7.1346928517835,98
"31279",251,154,5.28534273784652,97
"31280",251,155,4.85350837863897,96
"31281",251,156,3.72472255046515,95
"31282",251,157,4.38592298043561,94
"31283",251,158,4.14847636237076,93
"31284",251,159,5.91660501570183,92
"31285",251,160,6.6464270229566,91
"31286",251,161,5.55663207460793,90
"31287",251,162,4.58862733152626,89
"31288",251,163,3.23096964018446,88
"31289",251,164,5.27861987551514,87
"31290",251,165,4.54590410714355,86
"31291",251,166,4.04425014255844,85
"31292",251,167,2.57798263134679,84
"31293",251,168,2.81629192156044,83
"31294",251,169,4.33748881880763,82
"31295",251,170,4.62271946768448,81
"31296",251,171,2.49489017384469,80
"31297",251,172,2.88179860986008,79
"31298",251,173,4.28700197451469,78
"31299",251,174,4.64764015937056,77
"31300",251,175,4.64151792338592,76
"31301",251,176,4.84882142869404,75
"31302",251,177,5.60468071070645,74
"31303",251,178,4.44896202384465,73
"31304",251,179,5.12131572447728,72
"31305",251,180,5.63243475935946,71
"31306",251,181,4.94524711591596,70
"31307",251,182,6.54504255156088,69
"31308",251,183,6.32725602852089,68
"31309",251,184,4.20954260692709,67
"31310",251,185,5.43064195151288,66
"31311",251,186,5.71703668562187,65
"31312",251,187,4.19151703181907,64
"31313",251,188,4.71141224572635,63
"31314",251,189,3.6879220855548,62
"31315",251,190,4.47744800801547,61
"31316",251,191,4.94201479461251,60
"31317",251,192,6.30677205877296,59
"31318",251,193,5.92294604557991,58
"31319",251,194,5.0580201184838,57
"31320",251,195,5.1549976740626,56
"31321",251,196,3.69688113103964,55
"31322",251,197,4.0596020259911,54
"31323",251,198,4.96889057990713,53
"31324",251,199,4.87798634115901,52
"31325",251,200,6.16590142044712,51
"31326",251,201,5.99203411123919,50
"31327",251,202,6.86563819725374,49
"31328",251,203,8.26389980718194,48
"31329",251,204,8.17848078206352,47
"31330",251,205,7.17511395511909,46
"31331",251,206,5.49505846179886,45
"31332",251,207,5.29470899739378,44
"31333",251,208,6.13284130620106,43
"31334",251,209,5.85954114980394,42
"31335",251,210,7.00907087450566,41
"31336",251,211,6.57688396197703,40
"31337",251,212,6.54684318563354,39
"31338",251,213,5.71058560494702,38
"31339",251,214,5.88010315346724,37
"31340",251,215,4.85333774352771,36
"31341",251,216,3.22564946343372,35
"31342",251,217,3.97862005686314,34
"31343",251,218,3.84889004632356,33
"31344",251,219,4.21025985774977,32
"31345",251,220,4.97195189804627,31
"31346",251,221,6.02180801186947,30
"31347",251,222,5.86589581122315,29
"31348",251,223,5.53998069838541,28
"31349",251,224,6.1530950403927,27
"31350",251,225,3.26300330762077,26
"31351",251,226,2.43583460191048,25
"31352",251,227,2.82056868042383,24
"31353",251,228,4.6029916642472,23
"31354",251,229,5.06432100120989,22
"31355",251,230,4.34155644411967,21
"31356",251,231,3.53501024976423,20
"31357",251,232,4.59618413017673,19
"31358",251,233,4.00353536943654,18
"31359",251,234,5.7222679338155,17
"31360",251,235,4.75395260534455,16
"31361",251,236,4.3728229932803,15
"31362",251,237,2.97192668247482,14
"31363",251,238,4.46818458595258,13
"31364",251,239,4.4054247375302,12
"31365",251,240,5.64075389118327,11
"31366",251,241,3.95098539164152,10
"31367",251,242,4.21031171446381,9
"31368",251,243,4.71067369471005,8
"31369",251,244,3.74053189529105,7
"31370",251,245,2.99406191080875,6
"31371",251,246,2.97840909898027,5
"31372",251,247,3.46186006756688,4
"31373",251,248,2.51102927362058,3
"31374",251,249,3.03367083162004,2
"31375",251,250,1.59393473965598,1
"31376",252,1,4.91413820209484,251
"31377",252,2,6.97331836587481,250
"31378",252,3,11.6303363167556,249
"31379",252,4,9.05232145657272,248
"31380",252,5,10.1254495082029,247
"31381",252,6,9.14850666720758,246
"31382",252,7,9.83705102847648,245
"31383",252,8,11.6906992161621,244
"31384",252,9,14.4303912118621,243
"31385",252,10,11.6821875588913,242
"31386",252,11,8.33656407519403,241
"31387",252,12,11.7859219369581,240
"31388",252,13,12.7772757114931,239
"31389",252,14,9.38837732660386,238
"31390",252,15,8.99887614476859,237
"31391",252,16,9.74289744355144,236
"31392",252,17,10.4749060994958,235
"31393",252,18,6.69386636245638,234
"31394",252,19,7.12620652082589,233
"31395",252,20,9.10292595463791,232
"31396",252,21,13.422863936793,231
"31397",252,22,12.8486129040608,230
"31398",252,23,13.2224032538677,229
"31399",252,24,11.3639577029231,228
"31400",252,25,8.07925358255362,227
"31401",252,26,9.11161098500228,226
"31402",252,27,7.93508907924567,225
"31403",252,28,7.03818622759557,224
"31404",252,29,8.44591975565167,223
"31405",252,30,7.67619125461836,222
"31406",252,31,9.772316735509,221
"31407",252,32,7.50493072243343,220
"31408",252,33,8.40990040738299,219
"31409",252,34,12.2143622352179,218
"31410",252,35,8.37271717106149,217
"31411",252,36,6.65571324745816,216
"31412",252,37,7.54687346663248,215
"31413",252,38,6.99146506487754,214
"31414",252,39,12.274583406206,213
"31415",252,40,11.272019713352,212
"31416",252,41,11.9947438041082,211
"31417",252,42,9.33162625042781,210
"31418",252,43,9.55338351137199,209
"31419",252,44,9.2650205981293,208
"31420",252,45,10.5364320568574,207
"31421",252,46,11.8641990928411,206
"31422",252,47,9.51537395828325,205
"31423",252,48,6.68701267025785,204
"31424",252,49,5.58086033986256,203
"31425",252,50,13.0879200476658,202
"31426",252,51,9.93988660233603,201
"31427",252,52,9.5948577923646,200
"31428",252,53,10.0612116302942,199
"31429",252,54,9.50725505490756,198
"31430",252,55,8.13694200871779,197
"31431",252,56,8.19795838517614,196
"31432",252,57,8.50206176546339,195
"31433",252,58,5.52473225511242,194
"31434",252,59,5.47236577683686,193
"31435",252,60,9.23534051308247,192
"31436",252,61,9.99994654712473,191
"31437",252,62,11.9460012169654,190
"31438",252,63,8.7039189652252,189
"31439",252,64,5.9459497684009,188
"31440",252,65,6.96479544377042,187
"31441",252,66,11.2021232822125,186
"31442",252,67,8.16979676659679,185
"31443",252,68,7.2636058333663,184
"31444",252,69,11.2592134187031,183
"31445",252,70,7.94963218337808,182
"31446",252,71,7.79196909684798,181
"31447",252,72,7.92618038989973,180
"31448",252,73,7.24674569004841,179
"31449",252,74,7.0416884428855,178
"31450",252,75,5.60742998560469,177
"31451",252,76,6.0873937778413,176
"31452",252,77,4.81539249791516,175
"31453",252,78,8.65572164133196,174
"31454",252,79,8.43454987180241,173
"31455",252,80,6.22404954753333,172
"31456",252,81,5.61349363850326,171
"31457",252,82,6.10377433086605,170
"31458",252,83,7.64683533441847,169
"31459",252,84,9.82469493356203,168
"31460",252,85,10.2051004591337,167
"31461",252,86,9.33435186611183,166
"31462",252,87,10.8577561760546,165
"31463",252,88,10.3416644889917,164
"31464",252,89,7.32364549670498,163
"31465",252,90,7.0606137889049,162
"31466",252,91,8.42058371714242,161
"31467",252,92,7.26657851122094,160
"31468",252,93,7.11873837536583,159
"31469",252,94,7.20792848815803,158
"31470",252,95,8.35834436580854,157
"31471",252,96,8.07477474682491,156
"31472",252,97,5.0575275628882,155
"31473",252,98,6.27069105305735,154
"31474",252,99,4.46907094474955,153
"31475",252,100,3.26745720619249,152
"31476",252,101,4.06289152349241,151
"31477",252,102,4.55080403507312,150
"31478",252,103,5.04378328398788,149
"31479",252,104,4.64616377358734,148
"31480",252,105,5.28529759894049,147
"31481",252,106,5.60590488561975,146
"31482",252,107,7.50965098878393,145
"31483",252,108,4.24598971111136,144
"31484",252,109,3.59082023377469,143
"31485",252,110,3.69500004829431,142
"31486",252,111,8.13446013514544,141
"31487",252,112,6.93551062452077,140
"31488",252,113,3.73938201434979,139
"31489",252,114,1.95019667425848,138
"31490",252,115,1.68690072797731,137
"31491",252,116,4.03216516681223,136
"31492",252,117,2.93049740103567,135
"31493",252,118,3.88126259038536,134
"31494",252,119,5.91609917995281,133
"31495",252,120,6.13451359152941,132
"31496",252,121,3.4707564953851,131
"31497",252,122,2.71657495369438,130
"31498",252,123,4.24482946523385,129
"31499",252,124,6.83946756188772,128
"31500",252,125,7.70950237714969,127
"31501",252,126,5.28364618135883,126
"31502",252,127,4.04549595517198,125
"31503",252,128,3.50326222949904,124
"31504",252,129,3.704061284992,123
"31505",252,130,3.86031184138917,122
"31506",252,131,2.72832665914643,121
"31507",252,132,2.84799700802349,120
"31508",252,133,2.45636857588095,119
"31509",252,134,1.69434912356966,118
"31510",252,135,1.34235273518056,117
"31511",252,136,1.27717276127908,116
"31512",252,137,3.11106568572554,115
"31513",252,138,2.11079272969742,114
"31514",252,139,1.88155601865855,113
"31515",252,140,2.0939106795892,112
"31516",252,141,1.99596702894835,111
"31517",252,142,1.38355234640229,110
"31518",252,143,2.2163672464829,109
"31519",252,144,2.59142439099478,108
"31520",252,145,2.39433363214603,107
"31521",252,146,3.80653548279144,106
"31522",252,147,4.18576372372678,105
"31523",252,148,3.1006244107411,104
"31524",252,149,2.34741087202115,103
"31525",252,150,3.15778978776467,102
"31526",252,151,4.52810145717509,101
"31527",252,152,5.08392669877581,100
"31528",252,153,7.32479666732449,99
"31529",252,154,5.47544655338751,98
"31530",252,155,3.26525599339428,97
"31531",252,156,2.50876773139585,96
"31532",252,157,2.79767059519092,95
"31533",252,158,4.21008510511734,94
"31534",252,159,4.651879293497,93
"31535",252,160,5.7215629649485,92
"31536",252,161,4.38911001374576,91
"31537",252,162,3.79296064731772,90
"31538",252,163,2.66204213604655,89
"31539",252,164,5.46872369105614,88
"31540",252,165,4.73600792268454,87
"31541",252,166,3.58834107795327,86
"31542",252,167,2.76808644688778,85
"31543",252,168,1.71314745283717,84
"31544",252,169,2.74923643356294,83
"31545",252,170,3.03446708243979,82
"31546",252,171,1.71548045734799,81
"31547",252,172,2.50686225003406,80
"31548",252,173,3.94424140518395,79
"31549",252,174,4.83774397491155,78
"31550",252,175,4.83162173892691,77
"31551",252,176,5.03892524423503,76
"31552",252,177,4.01642832546176,75
"31553",252,178,2.86070963859996,74
"31554",252,179,4.05078923577105,73
"31555",252,180,5.82253857490045,72
"31556",252,181,4.94193203240853,71
"31557",252,182,4.95679016631619,70
"31558",252,183,4.7390036432762,69
"31559",252,184,4.39964642246808,68
"31560",252,185,3.84238956626819,67
"31561",252,186,4.17765924810606,66
"31562",252,187,3.26665297381097,65
"31563",252,188,4.02889405679224,64
"31564",252,189,3.87802590109579,63
"31565",252,190,4.0215389434103,62
"31566",252,191,4.89081318701307,61
"31567",252,192,6.49687587431396,60
"31568",252,193,6.1130498611209,59
"31569",252,194,4.03561425420463,58
"31570",252,195,5.3451014896036,57
"31571",252,196,3.62908441079995,56
"31572",252,197,4.24970584153209,55
"31573",252,198,5.15899439544813,54
"31574",252,199,5.0680901567,53
"31575",252,200,4.73946438901904,52
"31576",252,201,4.4037817259945,51
"31577",252,202,7.05574201279474,50
"31578",252,203,6.90249064660123,49
"31579",252,204,6.76819667375393,48
"31580",252,205,6.75195292627266,47
"31581",252,206,3.90680607655417,46
"31582",252,207,5.48481281293477,45
"31583",252,208,6.0814316094149,44
"31584",252,209,5.67849188969646,43
"31585",252,210,6.71510721945879,42
"31586",252,211,6.1372318650837,41
"31587",252,212,6.01032557232596,40
"31588",252,213,4.9634817346873,39
"31589",252,214,6.07020696900824,38
"31590",252,215,3.55651426427262,37
"31591",252,216,3.41575327897472,36
"31592",252,217,3.9592821059789,35
"31593",252,218,4.03899386186455,34
"31594",252,219,4.40036367329076,33
"31595",252,220,5.14715132558904,32
"31596",252,221,5.12914575550498,31
"31597",252,222,6.05599962676414,30
"31598",252,223,5.00302089555607,29
"31599",252,224,4.59714850138498,28
"31600",252,225,3.45310712316177,27
"31601",252,226,2.62593841745148,26
"31602",252,227,3.01067249596483,25
"31603",252,228,4.79309547978819,24
"31604",252,229,3.97777164512687,23
"31605",252,230,4.53166025966066,22
"31606",252,231,2.33507829807173,21
"31607",252,232,3.00793174493204,20
"31608",252,233,4.19363918497754,19
"31609",252,234,5.9123717493565,18
"31610",252,235,3.74793376451892,17
"31611",252,236,4.56292680882129,16
"31612",252,237,3.16203049801582,15
"31613",252,238,2.87993220070789,14
"31614",252,239,4.59552855307119,13
"31615",252,240,5.83085770672426,12
"31616",252,241,3.28472417041926,11
"31617",252,242,2.63842034152432,10
"31618",252,243,3.12242130946536,9
"31619",252,244,2.60531568066586,8
"31620",252,245,1.81028288223473,7
"31621",252,246,2.97543216040124,6
"31622",252,247,3.65196388310788,5
"31623",252,248,2.70113308916157,4
"31624",252,249,4.06192746178625,3
"31625",252,250,1.10153970807402,2
"31626",252,251,1.58825238524469,1
"31627",253,1,4.78065170338841,252
"31628",253,2,6.1395279171167,251
"31629",253,3,10.7965458679975,250
"31630",253,4,8.21853100781461,249
"31631",253,5,9.29165905944475,248
"31632",253,6,9.07499607324865,247
"31633",253,7,9.00326057971837,246
"31634",253,8,10.856908767404,245
"31635",253,9,13.596600763104,244
"31636",253,10,10.8483971101332,243
"31637",253,11,8.2630534812351,242
"31638",253,12,10.9521314882,241
"31639",253,13,11.943485262735,240
"31640",253,14,9.25844855189774,239
"31641",253,15,8.16508569601049,238
"31642",253,16,8.90910699479334,237
"31643",253,17,9.64111565073769,236
"31644",253,18,7.48885364342942,235
"31645",253,19,6.29241607206778,234
"31646",253,20,8.26913550587981,233
"31647",253,21,12.5890734880349,232
"31648",253,22,12.0148224553027,231
"31649",253,23,12.3886128051096,230
"31650",253,24,10.5301672541649,229
"31651",253,25,7.8648405980426,228
"31652",253,26,9.74006454231371,227
"31653",253,27,7.86157848528673,226
"31654",253,28,7.49300624265264,225
"31655",253,29,7.82653920265153,224
"31656",253,30,7.60268066065943,223
"31657",253,31,8.9385262867509,222
"31658",253,32,8.45082269693576,221
"31659",253,33,7.86744274832151,220
"31660",253,34,11.3805717864598,219
"31661",253,35,8.20920800384979,218
"31662",253,36,7.76038102052099,217
"31663",253,37,7.02022265746069,216
"31664",253,38,6.91795447091861,215
"31665",253,39,11.4407929574479,214
"31666",253,40,10.4382292645939,213
"31667",253,41,11.1609533553501,212
"31668",253,42,9.25811565646888,211
"31669",253,43,8.71959306261388,210
"31670",253,44,8.43123014937119,209
"31671",253,45,9.70264160809928,208
"31672",253,46,11.030408644083,207
"31673",253,47,8.68158350952515,206
"31674",253,48,5.85322222149974,205
"31675",253,49,4.74706989110445,204
"31676",253,50,12.2541295989076,203
"31677",253,51,9.10609615357792,202
"31678",253,52,8.76106734360649,201
"31679",253,53,9.22742118153609,200
"31680",253,54,9.43374446094863,199
"31681",253,55,7.30315155995968,198
"31682",253,56,7.36416793641803,197
"31683",253,57,7.66827131670528,196
"31684",253,58,5.42861797324694,195
"31685",253,59,6.28723359529908,194
"31686",253,60,8.40155006432436,193
"31687",253,61,9.16615609836662,192
"31688",253,62,11.1122107682073,191
"31689",253,63,7.87012851646709,190
"31690",253,64,5.5883735353942,189
"31691",253,65,8.06946321683325,188
"31692",253,66,10.3683328334544,187
"31693",253,67,8.09628617263786,186
"31694",253,68,6.72114817430482,185
"31695",253,69,10.425422969945,184
"31696",253,70,7.11584173461998,183
"31697",253,71,6.95817864808987,182
"31698",253,72,7.09238994114162,181
"31699",253,73,6.84687321788067,180
"31700",253,74,6.20789799412739,179
"31701",253,75,5.07983007023707,178
"31702",253,76,5.25360332908319,177
"31703",253,77,3.98160204915705,176
"31704",253,78,7.82193119257385,175
"31705",253,79,7.6007594230443,174
"31706",253,80,5.39025909877522,173
"31707",253,81,4.77970318974515,172
"31708",253,82,6.42384566951812,171
"31709",253,83,7.51334883571204,170
"31710",253,84,8.99090448480392,169
"31711",253,85,9.3713100103756,168
"31712",253,86,8.50056141735373,167
"31713",253,87,10.0239657272965,166
"31714",253,88,9.50787404023358,165
"31715",253,89,6.48985504794687,164
"31716",253,90,8.16528156196773,163
"31717",253,91,7.58679326838431,162
"31718",253,92,6.43278806246283,161
"31719",253,93,6.28494792660772,160
"31720",253,94,6.37413803939992,159
"31721",253,95,7.52455391705043,158
"31722",253,96,7.2409842980668,157
"31723",253,97,4.22373711413009,156
"31724",253,98,6.54618916062786,155
"31725",253,99,5.83309215014132,154
"31726",253,100,4.00662341981622,153
"31727",253,101,3.2291010747343,152
"31728",253,102,3.71701358631501,151
"31729",253,103,5.08958470782794,150
"31730",253,104,4.5726531796284,149
"31731",253,105,4.45150715018238,148
"31732",253,106,6.58170694324193,147
"31733",253,107,6.67586054002582,146
"31734",253,108,3.41219926235326,145
"31735",253,109,2.75702978501658,144
"31736",253,110,2.8612095995362,143
"31737",253,111,7.30066968638733,142
"31738",253,112,6.10172017576266,141
"31739",253,113,4.7095905684637,140
"31740",253,114,1.88393978502651,139
"31741",253,115,1.16125047128445,138
"31742",253,116,2.66044301760969,137
"31743",253,117,3.19479505566773,136
"31744",253,118,3.04747214162725,135
"31745",253,119,5.0823087311947,134
"31746",253,120,5.30072314277131,133
"31747",253,121,3.5092907685763,132
"31748",253,122,1.88278450493627,131
"31749",253,123,3.2996999124596,130
"31750",253,124,6.00567711312961,129
"31751",253,125,6.87571192839158,128
"31752",253,126,4.44985573260072,127
"31753",253,127,3.21170550641387,126
"31754",253,128,3.4297516355401,125
"31755",253,129,2.87027083623389,124
"31756",253,130,3.78680124743024,123
"31757",253,131,2.6548160651875,122
"31758",253,132,2.01420655926538,121
"31759",253,133,3.09602258613082,120
"31760",253,134,3.28433290234062,119
"31761",253,135,2.04878996484149,118
"31762",253,136,1.59824919904226,117
"31763",253,137,3.40897814509483,116
"31764",253,138,2.84009070122055,115
"31765",253,139,2.82769001975499,114
"31766",253,140,2.00390901758338,113
"31767",253,141,1.92245643498942,112
"31768",253,142,0.695424328342298,111
"31769",253,143,1.73555885720643,110
"31770",253,144,0.83838446774396,109
"31771",253,145,0.529386004284027,108
"31772",253,146,1.94158785492943,107
"31773",253,147,2.32081609586478,106
"31774",253,148,1.23567678287909,105
"31775",253,149,1.35644816732714,104
"31776",253,150,1.87504969317339,103
"31777",253,151,3.42343368411226,102
"31778",253,152,3.21897907091381,101
"31779",253,153,5.45984903946249,100
"31780",253,154,4.3507102876552,99
"31781",253,155,2.63202918869347,98
"31782",253,156,1.03180239215763,97
"31783",253,157,1.69300282212809,96
"31784",253,158,2.34513747725534,95
"31785",253,159,3.22368485739431,94
"31786",253,160,3.95350686464908,93
"31787",253,161,2.86371191630041,92
"31788",253,162,1.92801301945572,91
"31789",253,163,0.797094508184545,90
"31790",253,164,3.8279468477884,89
"31791",253,165,3.45444450533293,88
"31792",253,166,2.44153600162599,87
"31793",253,167,1.35148038821432,86
"31794",253,168,0.392710757615626,85
"31795",253,169,1.64456866050011,84
"31796",253,170,1.92979930937696,83
"31797",253,171,0.298874398674526,82
"31798",253,172,0.866017802394228,81
"31799",253,173,2.07929377732195,80
"31800",253,174,2.97279634704955,79
"31801",253,175,2.96667411106491,78
"31802",253,176,3.17397761637303,77
"31803",253,177,2.91176055239893,76
"31804",253,178,1.75604186553713,75
"31805",253,179,2.42839556616976,74
"31806",253,180,3.95759094703845,73
"31807",253,181,3.07698440454652,72
"31808",253,182,3.85212239325336,71
"31809",253,183,3.63433587021337,70
"31810",253,184,2.53469879460608,69
"31811",253,185,2.73772179320536,68
"31812",253,186,3.02411652731435,67
"31813",253,187,1.49859687351155,66
"31814",253,188,2.16394642893023,65
"31815",253,189,2.0691074297698,64
"31816",253,190,2.15659131554829,63
"31817",253,191,3.02586555915106,62
"31818",253,192,4.63192824645195,61
"31819",253,193,4.24810223325889,60
"31820",253,194,2.36509996017628,59
"31821",253,195,3.48015386174159,58
"31822",253,196,1.76413678293794,57
"31823",253,197,2.38475821367009,56
"31824",253,198,3.29404676758612,55
"31825",253,199,3.203142528838,54
"31826",253,200,3.4729812621396,53
"31827",253,201,3.29911395293167,52
"31828",253,202,5.19079438493273,51
"31829",253,203,5.57097964887442,50
"31830",253,204,5.485560623756,49
"31831",253,205,4.88700529841065,48
"31832",253,206,2.84695356116701,47
"31833",253,207,3.61986518507277,46
"31834",253,208,4.2164839815529,45
"31835",253,209,3.81354426183445,44
"31836",253,210,4.85015959159679,43
"31837",253,211,4.2722842372217,42
"31838",253,212,4.14537794446396,41
"31839",253,213,3.0985341068253,40
"31840",253,214,4.20525934114623,39
"31841",253,215,2.16041758522019,38
"31842",253,216,1.60122785821856,37
"31843",253,217,2.0943344781169,36
"31844",253,218,2.19085363637116,35
"31845",253,219,2.53541604542875,34
"31846",253,220,3.28220369772704,33
"31847",253,221,3.32888785356194,32
"31848",253,222,4.19105199890214,31
"31849",253,223,3.13807326769407,30
"31850",253,224,3.46017488208518,29
"31851",253,225,1.58815949529976,28
"31852",253,226,1.61816831038886,27
"31853",253,227,1.14572486810282,26
"31854",253,228,2.92814785192619,25
"31855",253,229,2.37140084290237,24
"31856",253,230,2.66671263179866,23
"31857",253,231,0.842090091456709,22
"31858",253,232,1.90326397186921,21
"31859",253,233,2.54718778790753,20
"31860",253,234,4.04742412149449,19
"31861",253,235,2.128376080012,18
"31862",253,236,2.69797918095929,17
"31863",253,237,1.5379934527446,16
"31864",253,238,1.87610884185675,15
"31865",253,239,4.02475090759257,14
"31866",253,240,3.96591007886226,13
"31867",253,241,1.41991869270601,12
"31868",253,242,1.98854822422078,11
"31869",253,243,2.01775353640253,10
"31870",253,244,1.04761173698353,9
"31871",253,245,0.413227144798363,8
"31872",253,246,1.11048453253923,7
"31873",253,247,1.78701625524587,6
"31874",253,248,1.32920707941958,5
"31875",253,249,5.01922793088106,4
"31876",253,250,2.96648733593602,3
"31877",253,251,2.69292015830752,2
"31878",253,252,1.864947627862,1
"31879",254,1,5.57350007762603,253
"31880",254,2,6.39453941555863,252
"31881",254,3,11.0515573664395,251
"31882",254,4,8.47354250625655,250
"31883",254,5,9.54667055788668,249
"31884",254,6,8.3271737586307,248
"31885",254,7,9.2582720781603,247
"31886",254,8,11.1119202658459,246
"31887",254,9,13.851612261546,245
"31888",254,10,11.1034086085751,244
"31889",254,11,7.69933807456024,243
"31890",254,12,11.207142986642,242
"31891",254,13,12.198496761177,241
"31892",254,14,8.80959837628768,240
"31893",254,15,8.42009719445242,239
"31894",254,16,9.16411849323527,238
"31895",254,17,9.89612714917962,237
"31896",254,18,8.103967841067,236
"31897",254,19,6.92376547842586,235
"31898",254,20,8.52414700432174,234
"31899",254,21,12.8440849864768,233
"31900",254,22,12.2698339537447,232
"31901",254,23,12.6436243035515,231
"31902",254,24,10.7851787526069,230
"31903",254,25,7.50047463223745,229
"31904",254,26,10.5329129165513,228
"31905",254,27,7.11375617066879,227
"31906",254,28,7.49750873303337,226
"31907",254,29,7.8671408053355,225
"31908",254,30,6.96812679208405,224
"31909",254,31,9.19353778519283,223
"31910",254,32,8.2408372581135,222
"31911",254,33,8.66029112255914,221
"31912",254,34,11.6355832849017,220
"31913",254,35,7.79393822074532,219
"31914",254,36,8.55322939475862,218
"31915",254,37,6.96809451631631,217
"31916",254,38,6.5006732542428,216
"31917",254,39,11.6958044558898,215
"31918",254,40,10.6932407630359,214
"31919",254,41,11.4159648537921,213
"31920",254,42,8.51029334185093,212
"31921",254,43,8.97460456105582,211
"31922",254,44,8.68624164781313,210
"31923",254,45,9.95765310654122,209
"31924",254,46,11.285420142525,208
"31925",254,47,8.93659500796708,207
"31926",254,48,6.10823371994168,206
"31927",254,49,5.00208138954638,205
"31928",254,50,12.5091410973496,204
"31929",254,51,9.36110765201986,203
"31930",254,52,9.01607884204843,202
"31931",254,53,9.48243267997803,201
"31932",254,54,8.68592214633068,200
"31933",254,55,7.55816305840161,199
"31934",254,56,7.61917943485997,198
"31935",254,57,7.92328281514721,197
"31936",254,58,4.94595330479624,196
"31937",254,59,7.0800819695367,195
"31938",254,60,8.6565615627663,194
"31939",254,61,9.42116759680855,193
"31940",254,62,11.3672222666493,192
"31941",254,63,8.12514001490903,191
"31942",254,64,6.38122190963182,190
"31943",254,65,8.86231159107088,189
"31944",254,66,10.6233443318964,188
"31945",254,67,7.49402224412467,187
"31946",254,68,7.51399654854245,186
"31947",254,69,10.6804344683869,185
"31948",254,70,7.37085323306191,184
"31949",254,71,7.21319014653181,183
"31950",254,72,7.34740143958356,182
"31951",254,73,6.66796673973224,181
"31952",254,74,6.46290949256933,180
"31953",254,75,5.8726784444747,179
"31954",254,76,5.50861482752513,178
"31955",254,77,4.23661354759898,177
"31956",254,78,8.07694269101579,176
"31957",254,79,7.85577092148624,175
"31958",254,80,5.96314563673431,174
"31959",254,81,5.03471468818709,173
"31960",254,82,7.21669404375575,172
"31961",254,83,8.30619720994967,171
"31962",254,84,9.24591598324585,170
"31963",254,85,9.62632150881754,169
"31964",254,86,8.75557291579566,168
"31965",254,87,10.2789772257384,167
"31966",254,88,9.76288553867551,166
"31967",254,89,6.74486654638881,165
"31968",254,90,8.95812993620536,164
"31969",254,91,7.84180476682624,163
"31970",254,92,6.68779956090477,162
"31971",254,93,6.53995942504966,161
"31972",254,94,6.62914953784185,160
"31973",254,95,7.77956541549237,159
"31974",254,96,7.49599579650874,158
"31975",254,97,4.47874861257202,157
"31976",254,98,7.33903753486549,156
"31977",254,99,6.09206170472199,155
"31978",254,100,4.62152952826709,154
"31979",254,101,3.52722019877126,153
"31980",254,102,4.31378008155943,152
"31981",254,103,5.88243308206556,151
"31982",254,104,3.82483086501045,150
"31983",254,105,4.70651864862432,149
"31984",254,106,7.37455531747956,148
"31985",254,107,6.93087203846776,147
"31986",254,108,3.66721076079519,146
"31987",254,109,3.01204128345852,145
"31988",254,110,3.11622109797813,144
"31989",254,111,7.55568118482926,143
"31990",254,112,6.56962095556643,142
"31991",254,113,5.50243894270133,141
"31992",254,114,2.67678815926414,140
"31993",254,115,1.95409884552208,139
"31994",254,116,3.12275029390518,138
"31995",254,117,3.98764342990536,137
"31996",254,118,3.30248364006919,136
"31997",254,119,5.33732022963664,135
"31998",254,120,5.55573464121324,134
"31999",254,121,3.29930532975405,133
"32000",254,122,2.35629223417021,132
"32001",254,123,3.55471141090153,131
"32002",254,124,6.57442230714507,130
"32003",254,125,7.13072342683352,129
"32004",254,126,4.70486723104266,128
"32005",254,127,3.46671700485581,127
"32006",254,128,2.68192932092215,126
"32007",254,129,3.12528233467583,125
"32008",254,130,3.05502781133742,124
"32009",254,131,2.0523440474876,123
"32010",254,132,2.72301792165993,122
"32011",254,133,3.88887096036845,121
"32012",254,134,3.59186527087012,120
"32013",254,135,2.82527732677391,119
"32014",254,136,1.69563750014138,118
"32015",254,137,4.20182651933246,117
"32016",254,138,3.63293907545818,116
"32017",254,139,2.61770458093273,115
"32018",254,140,1.59356179168594,114
"32019",254,141,1.32019250647623,113
"32020",254,142,1.28658111534579,112
"32021",254,143,2.52840723144406,111
"32022",254,144,1.45755186886526,110
"32023",254,145,0.739371443106284,109
"32024",254,146,2.15157329375169,108
"32025",254,147,2.53080153468703,107
"32026",254,148,1.65855150306318,106
"32027",254,149,2.10427048194509,105
"32028",254,150,1.50282759872492,104
"32029",254,151,2.63058530987463,103
"32030",254,152,3.42896450973606,102
"32031",254,153,5.66983447828474,101
"32032",254,154,4.60572178609713,100
"32033",254,155,2.09458504184095,99
"32034",254,156,0.853805542356105,98
"32035",254,157,1.07812272482556,97
"32036",254,158,2.55512291607759,96
"32037",254,159,2.99691710445726,95
"32038",254,160,4.06660077590875,94
"32039",254,161,2.73414782470601,93
"32040",254,162,2.13799845827798,92
"32041",254,163,1.46648676038959,91
"32042",254,164,4.08295834623034,90
"32043",254,165,3.70945600377486,89
"32044",254,166,2.69654750006792,88
"32045",254,167,1.60649188665625,87
"32046",254,168,0.669476610984714,86
"32047",254,169,0.96497282613027,85
"32048",254,170,1.13695093513933,84
"32049",254,171,0.990878358700463,83
"32050",254,172,1.61384011701218,82
"32051",254,173,2.2892792161442,81
"32052",254,174,3.1827817858718,80
"32053",254,175,3.17665954988716,79
"32054",254,176,3.38396305519529,78
"32055",254,177,2.1189121781613,77
"32056",254,178,0.963193491299503,76
"32057",254,179,2.3958270467313,75
"32058",254,180,4.16757638586071,74
"32059",254,181,3.28696984336878,73
"32060",254,182,3.05927401901573,72
"32061",254,183,2.84169558516246,71
"32062",254,184,2.74468423342834,70
"32063",254,185,1.94487341896773,69
"32064",254,186,2.52269705906631,68
"32065",254,187,2.00946149218782,67
"32066",254,188,2.37393186775249,66
"32067",254,189,2.81692974438775,65
"32068",254,190,2.36657675437055,64
"32069",254,191,3.23585099797332,63
"32070",254,192,4.84191368527421,62
"32071",254,193,4.45808767208115,61
"32072",254,194,2.38065206516488,60
"32073",254,195,3.69013930056385,59
"32074",254,196,1.9741222217602,58
"32075",254,197,2.59474365249234,57
"32076",254,198,3.50403220640838,56
"32077",254,199,3.41312796766025,55
"32078",254,200,3.08450219997929,54
"32079",254,201,2.50626557869404,53
"32080",254,202,5.40077982375499,52
"32081",254,203,5.24752845756148,51
"32082",254,204,5.11323448471418,50
"32083",254,205,5.09699073723291,49
"32084",254,206,2.59194206272508,48
"32085",254,207,3.82985062389502,47
"32086",254,208,4.42646942037516,46
"32087",254,209,4.02352970065671,45
"32088",254,210,5.06014503041904,44
"32089",254,211,4.48226967604395,43
"32090",254,212,4.35536338328621,42
"32091",254,213,3.30851954564756,41
"32092",254,214,4.41524477996849,40
"32093",254,215,1.90155207523287,39
"32094",254,216,2.34905017283651,38
"32095",254,217,2.30431991693915,37
"32096",254,218,2.93867595098911,36
"32097",254,219,3.27203790710826,35
"32098",254,220,3.49218913654929,34
"32099",254,221,3.47418356646523,33
"32100",254,222,4.40103743772439,32
"32101",254,223,3.34805870651632,31
"32102",254,224,2.94218631234523,30
"32103",254,225,2.01103421548385,29
"32104",254,226,2.36599062500681,28
"32105",254,227,1.35571030692508,27
"32106",254,228,3.13813329074844,26
"32107",254,229,2.32280945608712,25
"32108",254,230,2.87669807062092,24
"32109",254,231,0.803374875042456,23
"32110",254,232,1.11041559763158,22
"32111",254,233,3.29501010252548,21
"32112",254,234,4.25740956031675,20
"32113",254,235,2.20534126807382,19
"32114",254,236,2.90796461978155,18
"32115",254,237,2.28581576736255,17
"32116",254,238,1.62109734341481,16
"32117",254,239,4.77257322221052,15
"32118",254,240,4.17589551768451,14
"32119",254,241,1.67493019114795,13
"32120",254,242,1.49964088016875,12
"32121",254,243,1.2249051621649,11
"32122",254,244,0.950353491626108,10
"32123",254,245,0.4917066217364,9
"32124",254,246,1.35969172552889,8
"32125",254,247,2.37796499911611,7
"32126",254,248,2.07702939403753,6
"32127",254,249,5.81207630511869,5
"32128",254,250,2.75650189711376,4
"32129",254,251,3.48576853254515,3
"32130",254,252,1.89751614730046,2
"32131",254,253,0.792848374237629,1
"32132",255,1,5.93239290913662,254
"32133",255,2,6.51593692863973,253
"32134",255,3,11.1203409871459,252
"32135",255,4,8.54232612696293,251
"32136",255,5,9.61545417859307,250
"32137",255,6,7.73296442155525,249
"32138",255,7,9.32705569886669,248
"32139",255,8,11.1807038865523,247
"32140",255,9,13.9203958822524,246
"32141",255,10,11.1721922292815,245
"32142",255,11,7.76812169526663,244
"32143",255,12,11.2759266073483,243
"32144",255,13,12.2672803818833,242
"32145",255,14,8.87838199699407,241
"32146",255,15,8.48888081515881,240
"32147",255,16,9.23290211394166,239
"32148",255,17,9.96491076988601,238
"32149",255,18,8.46286067257758,237
"32150",255,19,7.28265830993644,236
"32151",255,20,8.59293062502813,235
"32152",255,21,12.9128686071832,234
"32153",255,22,12.338617574451,233
"32154",255,23,12.7124079242579,232
"32155",255,24,10.8539623733133,231
"32156",255,25,7.56925825294384,230
"32157",255,26,10.8918057480619,229
"32158",255,27,7.15088422384667,228
"32159",255,28,7.85640156454395,227
"32160",255,29,7.93592442604188,226
"32161",255,30,6.64706219486614,225
"32162",255,31,9.26232140589922,224
"32163",255,32,7.91977266089559,223
"32164",255,33,9.01918395406972,222
"32165",255,34,11.7043669056081,221
"32166",255,35,7.8627218414517,220
"32167",255,36,8.91212222626921,219
"32168",255,37,7.03687813702269,218
"32169",255,38,6.17960865702489,217
"32170",255,39,11.7645880765962,216
"32171",255,40,10.7620243837422,215
"32172",255,41,11.4847484744985,214
"32173",255,42,8.40990045376078,213
"32174",255,43,9.0433881817622,212
"32175",255,44,8.75502526851951,211
"32176",255,45,10.0264367272476,210
"32177",255,46,11.3542037632313,209
"32178",255,47,9.00537862867347,208
"32179",255,48,6.17701734064806,207
"32180",255,49,5.07086501025277,206
"32181",255,50,12.577924718056,205
"32182",255,51,9.42989127272625,204
"32183",255,52,9.08486246275481,203
"32184",255,53,9.55121630068441,202
"32185",255,54,8.21000630967111,201
"32186",255,55,7.69709405363365,200
"32187",255,56,7.9568814934642,199
"32188",255,57,7.9920664358536,198
"32189",255,58,5.01473692550263,197
"32190",255,59,7.43897480104729,196
"32191",255,60,8.72534518347268,195
"32192",255,61,9.48995121751494,194
"32193",255,62,11.4360058873556,193
"32194",255,63,8.19392363561541,192
"32195",255,64,6.74011474114241,191
"32196",255,65,9.22120442258146,190
"32197",255,66,10.6921279526027,189
"32198",255,67,7.56280586483106,188
"32199",255,68,7.87288938005303,187
"32200",255,69,10.7492180890933,186
"32201",255,70,7.4396368537683,185
"32202",255,71,7.28197376723819,184
"32203",255,72,7.41618506028994,183
"32204",255,73,6.73675036043863,182
"32205",255,74,6.53169311327571,181
"32206",255,75,6.23157127598529,180
"32207",255,76,5.57739844823152,179
"32208",255,77,4.30539716830537,178
"32209",255,78,8.14572631172218,177
"32210",255,79,7.92455454219263,176
"32211",255,80,6.32203846824489,175
"32212",255,81,5.10349830889347,174
"32213",255,82,7.57558687526634,173
"32214",255,83,8.66509004146025,172
"32215",255,84,9.31469960395224,171
"32216",255,85,9.69510512952392,170
"32217",255,86,8.82435653650205,169
"32218",255,87,10.3477608464448,168
"32219",255,88,9.8316691593819,167
"32220",255,89,6.81365016709519,166
"32221",255,90,9.31702276771594,165
"32222",255,91,7.91058838753263,164
"32223",255,92,6.75658318161115,163
"32224",255,93,6.60874304575605,162
"32225",255,94,6.69793315854824,161
"32226",255,95,7.84834903619876,160
"32227",255,96,7.56477941721512,159
"32228",255,97,4.54753223327841,158
"32229",255,98,7.69793036637607,157
"32230",255,99,6.45095453623258,156
"32231",255,100,4.98042235977767,155
"32232",255,101,3.88611303028184,154
"32233",255,102,4.67267291307001,153
"32234",255,103,6.24132591357615,152
"32235",255,104,3.78036194584905,151
"32236",255,105,4.7753022693307,150
"32237",255,106,7.73344814899015,149
"32238",255,107,6.99965565917414,148
"32239",255,108,3.73599438150158,147
"32240",255,109,3.0808249041649,146
"32241",255,110,3.18500471868452,145
"32242",255,111,7.62446480553565,144
"32243",255,112,6.92851378707701,143
"32244",255,113,5.86133177421191,142
"32245",255,114,3.03568099077472,141
"32246",255,115,2.31299167703266,140
"32247",255,116,3.48164312541576,139
"32248",255,117,4.34653626141594,138
"32249",255,118,3.48769549846345,137
"32250",255,119,5.40610385034303,136
"32251",255,120,5.62451826191963,135
"32252",255,121,3.43190117071576,134
"32253",255,122,2.71518506568079,133
"32254",255,123,3.68950106218994,132
"32255",255,124,6.93331513865565,131
"32256",255,125,7.1995070475399,130
"32257",255,126,4.77365085174905,129
"32258",255,127,3.53550062556219,128
"32259",255,128,2.07075551290004,127
"32260",255,129,3.19406595538221,126
"32261",255,130,3.12381143204381,125
"32262",255,131,2.12112766819399,124
"32263",255,132,3.08191075317051,123
"32264",255,133,4.24776379187903,122
"32265",255,134,3.9507581023807,121
"32266",255,135,3.1841701582845,120
"32267",255,136,2.05453033165197,119
"32268",255,137,4.56071935084304,118
"32269",255,138,3.99183190696876,117
"32270",255,139,2.79865514665656,116
"32271",255,140,1.95245462319652,115
"32272",255,141,1.38897612718262,114
"32273",255,142,1.64547394685637,113
"32274",255,143,2.88730006295464,112
"32275",255,144,1.91179191265651,111
"32276",255,145,1.11524161796778,110
"32277",255,146,2.4726378909696,109
"32278",255,147,2.85186613190495,108
"32279",255,148,2.26972531108529,107
"32280",255,149,2.7154442899672,106
"32281",255,150,1.82389219594284,105
"32282",255,151,2.85475837952995,104
"32283",255,152,3.75002910695398,103
"32284",255,153,5.99089907550266,102
"32285",255,154,4.67450540680352,101
"32286",255,155,2.16336866254733,100
"32287",255,156,1.17487013957402,99
"32288",255,157,1.39918732204347,98
"32289",255,158,2.87618751329551,97
"32290",255,159,3.31798170167517,96
"32291",255,160,4.38766537312666,95
"32292",255,161,3.05521242192393,94
"32293",255,162,2.45906305549589,93
"32294",255,163,2.0776605684117,92
"32295",255,164,4.15174196693672,91
"32296",255,165,3.77823962448125,90
"32297",255,166,2.76533112077431,89
"32298",255,167,1.67527550736264,88
"32299",255,168,1.0283694424953,87
"32300",255,169,1.28603742334818,86
"32301",255,170,1.11846600194059,85
"32302",255,171,1.34977119021105,84
"32303",255,172,2.22501392503429,83
"32304",255,173,2.81641601232323,82
"32305",255,174,3.65388942551482,81
"32306",255,175,3.49772414710508,80
"32307",255,176,3.7050276524132,79
"32308",255,177,1.90620980366012,78
"32309",255,178,1.09005885501881,77
"32310",255,179,2.71689164394922,76
"32311",255,180,4.48864098307862,75
"32312",255,181,3.60803444058669,74
"32313",255,182,3.05660386400707,73
"32314",255,183,3.16276018238037,72
"32315",255,184,3.06574883064625,71
"32316",255,185,1.58598058745715,70
"32317",255,186,2.84376165628423,69
"32318",255,187,2.62063530020993,68
"32319",255,188,2.6949964649704,67
"32320",255,189,3.42810355240986,66
"32321",255,190,2.68764135158846,65
"32322",255,191,3.55691559519123,64
"32323",255,192,5.16297828249212,63
"32324",255,193,4.77915226929906,62
"32325",255,194,2.7017166623828,61
"32326",255,195,4.01120389778176,60
"32327",255,196,2.29518681897811,59
"32328",255,197,2.91580824971026,58
"32329",255,198,3.82509680362629,57
"32330",255,199,3.73419256487816,56
"32331",255,200,3.4055667971972,55
"32332",255,201,2.99561963494763,54
"32333",255,202,5.7218444209729,53
"32334",255,203,5.56859305477939,52
"32335",255,204,5.43429908193209,51
"32336",255,205,5.41805533445082,50
"32337",255,206,2.5724573714655,49
"32338",255,207,4.15091522111294,48
"32339",255,208,4.74753401759307,47
"32340",255,209,4.34459429787462,46
"32341",255,210,5.38120962763696,45
"32342",255,211,4.80333427326187,44
"32343",255,212,4.67642798050413,43
"32344",255,213,3.62958414286547,42
"32345",255,214,4.7363093771864,41
"32346",255,215,2.22261667245078,40
"32347",255,216,2.96022398085862,39
"32348",255,217,2.62538451415707,38
"32349",255,218,3.54984975901122,37
"32350",255,219,3.88321171513037,36
"32351",255,220,3.81325373376721,35
"32352",255,221,3.79524816368315,34
"32353",255,222,4.7221020349423,33
"32354",255,223,3.66912330373424,32
"32355",255,224,3.26325090956315,31
"32356",255,225,2.62220802350596,30
"32357",255,226,2.97716443302892,29
"32358",255,227,1.9444697631484,28
"32359",255,228,3.45919788796636,27
"32360",255,229,2.64387405330503,26
"32361",255,230,3.19776266783883,25
"32362",255,231,1.41454868306457,24
"32363",255,232,1.15610016738502,23
"32364",255,233,3.90618391054759,22
"32365",255,234,4.57847415753466,21
"32366",255,235,2.41403617269708,20
"32367",255,236,3.22902921699946,19
"32368",255,237,2.89698957538466,18
"32369",255,238,1.55231372270842,17
"32370",255,239,5.38374703023263,16
"32371",255,240,4.49696011490243,15
"32372",255,241,1.95082657859742,14
"32373",255,242,1.56842450087513,13
"32374",255,243,0.866012330654319,12
"32375",255,244,1.27141808884402,11
"32376",255,245,0.945768977841695,10
"32377",255,246,1.970865533551,9
"32378",255,247,2.98913880713822,8
"32379",255,248,2.68820320205964,7
"32380",255,249,6.17096913662927,6
"32381",255,250,2.64633048839839,5
"32382",255,251,3.84466136405573,4
"32383",255,252,2.25640897881104,3
"32384",255,253,1.35899612264006,2
"32385",255,254,0.61117380802211,1
"32386",256,1,5.13316690800037,255
"32387",256,2,5.93739884356435,254
"32388",256,3,10.5944167944452,253
"32389",256,4,8.01640193426227,252
"32390",256,5,9.0895299858924,251
"32391",256,6,8.56583140470334,250
"32392",256,7,8.80113150616603,249
"32393",256,8,10.6547796938517,248
"32394",256,9,13.3944716895517,247
"32395",256,10,10.6462680365808,246
"32396",256,11,7.75388881268979,245
"32397",256,12,10.7500024146477,244
"32398",256,13,11.7413561891827,243
"32399",256,14,8.74928388335243,242
"32400",256,15,7.96295662245814,241
"32401",256,16,8.70697792124099,240
"32402",256,17,9.43898657718535,239
"32403",256,18,7.66363467144133,238
"32404",256,19,6.4834323088002,237
"32405",256,20,8.06700643232746,236
"32406",256,21,12.3869444144825,235
"32407",256,22,11.8126933817504,234
"32408",256,23,12.1864837315572,233
"32409",256,24,10.3280381806126,232
"32410",256,25,7.35567592949729,231
"32411",256,26,10.0925797469257,230
"32412",256,27,7.35241381674142,229
"32413",256,28,7.53848585227164,228
"32414",256,29,7.41000023334122,227
"32415",256,30,7.22359184052531,226
"32416",256,31,8.73639721319855,225
"32417",256,32,8.49630230655475,224
"32418",256,33,8.21995795293347,223
"32419",256,34,11.1784427129074,222
"32420",256,35,7.70004333530448,221
"32421",256,36,8.11289622513296,220
"32422",256,37,6.51105798891538,219
"32423",256,38,6.75613830268405,218
"32424",256,39,11.2386638838955,217
"32425",256,40,10.2361001910416,216
"32426",256,41,10.9588242817978,215
"32427",256,42,8.74895098792357,214
"32428",256,43,8.51746398906154,213
"32429",256,44,8.22910107581885,212
"32430",256,45,9.50051253454694,211
"32431",256,46,10.8282795705307,210
"32432",256,47,8.4794544359728,209
"32433",256,48,5.6510931479474,208
"32434",256,49,4.54494081755211,207
"32435",256,50,12.0520005253553,206
"32436",256,51,8.90396708002558,205
"32437",256,52,8.55893827005415,204
"32438",256,53,9.02529210798375,203
"32439",256,54,8.92457979240332,202
"32440",256,55,7.10102248640734,201
"32441",256,56,7.16203886286569,200
"32442",256,57,7.46614224315293,199
"32443",256,58,4.91945330470163,198
"32444",256,59,6.63974879991104,197
"32445",256,60,8.19942099077202,196
"32446",256,61,8.96402702481427,195
"32447",256,62,10.910081694655,194
"32448",256,63,7.66799944291474,193
"32449",256,64,5.94088874000616,192
"32450",256,65,8.42197842144521,191
"32451",256,66,10.1662037599021,190
"32452",256,67,7.58712150409254,189
"32453",256,68,7.07366337891679,188
"32454",256,69,10.2232938963926,187
"32455",256,70,6.91371266106763,186
"32456",256,71,6.75604957453753,185
"32457",256,72,6.89026086758928,184
"32458",256,73,6.33770854933536,183
"32459",256,74,6.00576892057505,182
"32460",256,75,5.43234527484904,181
"32461",256,76,5.05147425553085,180
"32462",256,77,3.77947297560471,179
"32463",256,78,7.61980211902151,178
"32464",256,79,7.39863034949196,177
"32465",256,80,5.52281246710864,176
"32466",256,81,4.57757411619281,175
"32467",256,82,6.77636087413009,174
"32468",256,83,7.865864040324,173
"32469",256,84,8.78877541125157,172
"32470",256,85,9.16918093682326,171
"32471",256,86,8.29843234380139,170
"32472",256,87,9.82183665374411,169
"32473",256,88,9.30574496668124,168
"32474",256,89,6.28772597439453,167
"32475",256,90,8.5177967665797,166
"32476",256,91,7.38466419483196,165
"32477",256,92,6.23065898891049,164
"32478",256,93,6.08281885305538,163
"32479",256,94,6.17200896584758,162
"32480",256,95,7.32242484349809,161
"32481",256,96,7.03885522451446,160
"32482",256,97,4.02160804057775,159
"32483",256,98,6.89870436523983,158
"32484",256,99,5.87857175976032,157
"32485",256,100,4.18119635864143,156
"32486",256,101,3.08688702914559,155
"32487",256,102,3.87344691193376,154
"32488",256,103,5.4420999124399,153
"32489",256,104,4.06348851108309,152
"32490",256,105,4.24937807663004,151
"32491",256,106,6.9342221478539,150
"32492",256,107,6.47373146647348,149
"32493",256,108,3.21007018880091,148
"32494",256,109,2.55490071146424,147
"32495",256,110,2.65908052598386,146
"32496",256,111,7.09854061283498,145
"32497",256,112,6.12928778594076,144
"32498",256,113,5.06210577307567,143
"32499",256,114,2.23645498963848,142
"32500",256,115,1.51376567589642,141
"32501",256,116,2.68241712427951,140
"32502",256,117,3.5473102602797,139
"32503",256,118,2.84534306807491,138
"32504",256,119,4.88017965764236,137
"32505",256,120,5.09859406921896,136
"32506",256,121,3.5547703781953,135
"32507",256,122,1.91595906454455,134
"32508",256,123,3.09757083890725,133
"32509",256,124,6.13408913751941,132
"32510",256,125,6.67358285483924,131
"32511",256,126,4.24772665904838,130
"32512",256,127,3.00957643286153,129
"32513",256,128,2.92058696699479,128
"32514",256,129,2.66814176268155,127
"32515",256,130,3.27763657888493,126
"32516",256,131,2.14565139664219,125
"32517",256,132,2.28268475203427,124
"32518",256,133,3.44853779074279,123
"32519",256,134,3.32981251195962,122
"32520",256,135,2.38494415714825,121
"32521",256,136,1.64372880866126,120
"32522",256,137,3.76149334970679,119
"32523",256,138,3.19260590583251,118
"32524",256,139,2.87316962937399,117
"32525",256,140,1.58998181381959,116
"32526",256,141,1.41329176644411,115
"32527",256,142,0.846247945720126,114
"32528",256,143,2.0880740618184,113
"32529",256,144,1.06196045856176,112
"32530",256,145,0.483906394665029,111
"32531",256,146,1.89610824531044,110
"32532",256,147,2.27533648624578,109
"32533",256,148,1.41989385699054,108
"32534",256,149,1.86561283587245,107
"32535",256,150,1.52253448856142,106
"32536",256,151,3.07091847950029,105
"32537",256,152,3.17349946129481,104
"32538",256,153,5.41436942984349,103
"32539",256,154,4.14858121410285,102
"32540",256,155,2.12286452014816,101
"32541",256,156,0.679287187545664,100
"32542",256,157,1.34048761751612,99
"32543",256,158,2.29965786763634,98
"32544",256,159,2.87116965278235,97
"32545",256,160,3.8111357274675,96
"32546",256,161,2.51119671168845,95
"32547",256,162,1.88253340983672,94
"32548",256,163,1.22782911431695,93
"32549",256,164,3.62581777423606,92
"32550",256,165,3.25231543178059,91
"32551",256,166,2.23940692807365,90
"32552",256,167,1.14935131466197,89
"32553",256,168,0.229143441359051,88
"32554",256,169,1.29205345588814,87
"32555",256,170,1.57728410476499,86
"32556",256,171,0.550545189074799,85
"32557",256,172,1.37518247093954,84
"32558",256,173,2.03381416770295,83
"32559",256,174,2.92731673743055,82
"32560",256,175,2.92119450144591,81
"32561",256,176,3.12849800675403,80
"32562",256,177,2.55924534778697,79
"32563",256,178,1.40352666092517,78
"32564",256,179,2.14036199829005,77
"32565",256,180,3.91211133741945,76
"32566",256,181,3.03150479492752,75
"32567",256,182,3.49960718864139,74
"32568",256,183,3.28182066560141,73
"32569",256,184,2.48921918498708,72
"32570",256,185,2.38520658859339,71
"32571",256,186,2.67160132270238,70
"32572",256,187,1.77080384611518,69
"32573",256,188,2.11846681931124,68
"32574",256,189,2.57827209831511,67
"32575",256,190,2.11111170592929,66
"32576",256,191,2.98038594953207,65
"32577",256,192,4.58644863683296,64
"32578",256,193,4.2026226236399,63
"32579",256,194,2.12518701672363,62
"32580",256,195,3.4346742521226,61
"32581",256,196,1.71865717331894,60
"32582",256,197,2.33927860405109,59
"32583",256,198,3.24856715796713,58
"32584",256,199,3.157662919219,57
"32585",256,200,3.12046605752763,56
"32586",256,201,2.94659874831971,55
"32587",256,202,5.14531477531373,54
"32588",256,203,5.21846444426245,53
"32589",256,204,5.13304541914404,52
"32590",256,205,4.84152568879165,51
"32591",256,206,3.04908263471936,50
"32592",256,207,3.57438557545377,49
"32593",256,208,4.1710043719339,48
"32594",256,209,3.76806465221546,47
"32595",256,210,4.80467998197779,46
"32596",256,211,4.2268046276027,45
"32597",256,212,4.09989833484496,44
"32598",256,213,3.0530544972063,43
"32599",256,214,4.15977973152724,42
"32600",256,215,1.80790238060822,41
"32601",256,216,2.11039252676387,40
"32602",256,217,2.0488548684979,39
"32603",256,218,2.70001830491647,38
"32604",256,219,3.03338026103562,37
"32605",256,220,3.23672408810804,36
"32606",256,221,3.21871851802398,35
"32607",256,222,4.14557238928314,34
"32608",256,223,3.09259365807507,33
"32609",256,224,3.10765967747321,32
"32610",256,225,1.77237656941121,31
"32611",256,226,2.12733297893417,30
"32612",256,227,1.10024525848382,29
"32613",256,228,2.88266824230719,28
"32614",256,229,2.06734440764586,27
"32615",256,230,2.62123302217966,26
"32616",256,231,0.629641055223838,25
"32617",256,232,1.55074876725724,24
"32618",256,233,3.05635245645284,23
"32619",256,234,4.00194451187549,22
"32620",256,235,1.83750652703791,21
"32621",256,236,2.65249957134029,20
"32622",256,237,2.04715812128991,19
"32623",256,238,2.07823791540909,18
"32624",256,239,4.53391557613788,17
"32625",256,240,3.92043046924326,16
"32626",256,241,1.37429693293826,15
"32627",256,242,1.47938355567547,14
"32628",256,243,1.66523833179057,13
"32629",256,244,0.695096532371566,12
"32630",256,245,0.144708426882479,11
"32631",256,246,1.12103407945625,10
"32632",256,247,2.13930735304347,9
"32633",256,248,1.8383717479649,8
"32634",256,249,5.37174313549303,7
"32635",256,250,3.01196694555502,6
"32636",256,251,3.04543536291949,5
"32637",256,252,1.910427237481,4
"32638",256,253,0.50916466854531,3
"32639",256,254,0.457140571994279,2
"32640",256,255,0.849831454094748,1
"32641",257,1,5.49833476023578,256
"32642",257,2,5.91699050723105,255
"32643",257,3,10.5740084581119,254
"32644",257,4,8.17817568089497,253
"32645",257,5,9.0691216495591,252
"32646",257,6,9.20860330641991,251
"32647",257,7,8.78072316983272,250
"32648",257,8,10.6343713575183,249
"32649",257,9,13.3740633532184,248
"32650",257,10,10.6258597002475,247
"32651",257,11,8.39666071440636,246
"32652",257,12,10.7295940783144,245
"32653",257,13,11.7209478528494,244
"32654",257,14,9.392055785069,243
"32655",257,15,8.18541437816561,242
"32656",257,16,8.68656958490769,241
"32657",257,17,9.41857824085204,240
"32658",257,18,8.38440093261854,239
"32659",257,19,6.67031975032045,238
"32660",257,20,8.04659809599416,237
"32661",257,21,12.3665360781492,236
"32662",257,22,11.7922850454171,235
"32663",257,23,12.1660753952239,234
"32664",257,24,10.5409498448797,233
"32665",257,25,7.99844783121385,232
"32666",257,26,10.2794671884459,231
"32667",257,27,7.99518571845799,230
"32668",257,28,8.38855353184176,229
"32669",257,29,7.96014643582278,228
"32670",257,30,8.07365952009543,227
"32671",257,31,8.71598887686525,226
"32672",257,32,9.34636998612488,225
"32673",257,33,8.40684539445373,224
"32674",257,34,11.1580343765741,223
"32675",257,35,8.34281523702104,222
"32676",257,36,8.46159902046982,221
"32677",257,37,7.15382989063195,220
"32678",257,38,7.60620598225417,219
"32679",257,39,11.2182555475622,218
"32680",257,40,10.2156918547083,217
"32681",257,41,10.9384159454645,216
"32682",257,42,9.39172288964013,215
"32683",257,43,8.49705565272823,214
"32684",257,44,8.20869273948554,213
"32685",257,45,9.48010419821363,212
"32686",257,46,10.8078712341974,211
"32687",257,47,8.4590460996395,210
"32688",257,48,5.63068481161409,209
"32689",257,49,4.5245324812188,208
"32690",257,50,12.031592189022,207
"32691",257,51,8.88355874369228,206
"32692",257,52,8.53852993372084,205
"32693",257,53,9.00488377165044,204
"32694",257,54,9.56735169411988,203
"32695",257,55,7.08475549401766,202
"32696",257,56,7.34454293384821,201
"32697",257,57,7.44573390681963,200
"32698",257,58,5.56222520641819,199
"32699",257,59,6.82663624143129,198
"32700",257,60,8.17901265443871,197
"32701",257,61,8.94361868848097,196
"32702",257,62,10.8896733583217,195
"32703",257,63,7.64759110658144,194
"32704",257,64,6.12777618152641,193
"32705",257,65,8.60886586296546,192
"32706",257,66,10.1457954235688,191
"32707",257,67,8.22989340580911,190
"32708",257,68,7.26055082043703,189
"32709",257,69,10.2028855600593,188
"32710",257,70,6.89330432473433,187
"32711",257,71,6.73564123820422,186
"32712",257,72,6.86985253125597,185
"32713",257,73,6.98048045105193,184
"32714",257,74,5.98536058424174,183
"32715",257,75,5.61923271636929,182
"32716",257,76,5.03106591919754,181
"32717",257,77,3.7590646392714,180
"32718",257,78,7.5993937826882,179
"32719",257,79,7.37822201315865,178
"32720",257,80,5.70969990862889,177
"32721",257,81,4.5571657798595,176
"32722",257,82,6.96324831565034,175
"32723",257,83,8.05275148184425,174
"32724",257,84,8.76836707491827,173
"32725",257,85,9.14877260048995,172
"32726",257,86,8.27802400746808,171
"32727",257,87,9.80142831741081,170
"32728",257,88,9.28533663034793,169
"32729",257,89,6.26731763806122,168
"32730",257,90,8.70468420809994,167
"32731",257,91,7.36425585849866,166
"32732",257,92,6.21025065257718,165
"32733",257,93,6.06241051672208,164
"32734",257,94,6.15160062951427,163
"32735",257,95,7.30201650716479,162
"32736",257,96,7.01844688818116,161
"32737",257,97,4.13094331215912,160
"32738",257,98,7.08559180676008,159
"32739",257,99,6.72863943933044,158
"32740",257,100,4.90217070900534,157
"32741",257,101,3.27377447066584,156
"32742",257,102,4.06033435345401,155
"32743",257,103,5.62898735396015,154
"32744",257,104,4.70626041279966,153
"32745",257,105,4.22896974029673,152
"32746",257,106,7.12110958937415,151
"32747",257,107,6.45332313014017,150
"32748",257,108,3.28676146921691,149
"32749",257,109,2.777150377985,148
"32750",257,110,2.63867218965055,147
"32751",257,111,7.07813227650168,146
"32752",257,112,6.31617522746101,145
"32753",257,113,5.24899321459592,144
"32754",257,114,2.42334243115873,143
"32755",257,115,1.70065311741667,142
"32756",257,116,2.86930456579976,141
"32757",257,117,3.73419770179994,140
"32758",257,118,2.87535693884745,139
"32759",257,119,4.85977132130905,138
"32760",257,120,5.07818573288566,137
"32761",257,121,4.40483805776542,136
"32762",257,122,2.1028465060648,135
"32763",257,123,3.07716250257395,134
"32764",257,124,6.32097657903966,133
"32765",257,125,6.65317451850593,132
"32766",257,126,4.22731832271508,131
"32767",257,127,3.16734446265003,130
"32768",257,128,3.56335886871136,129
"32769",257,129,2.64773342634824,128
"32770",257,130,3.92040848060149,127
"32771",257,131,2.78842329835876,126
"32772",257,132,2.46957219355451,125
"32773",257,133,3.63542523226304,124
"32774",257,134,4.17988019152974,123
"32775",257,135,2.94433725403061,122
"32776",257,136,2.49379648823138,121
"32777",257,137,3.94838079122704,120
"32778",257,138,3.37949334735276,119
"32779",257,139,3.72323730894411,118
"32780",257,140,2.44004949338971,117
"32781",257,141,2.05606366816067,116
"32782",257,142,1.5349424609954,115
"32783",257,143,2.27496150333865,114
"32784",257,144,1.20410614075985,113
"32785",257,145,0.377361737843538,112
"32786",257,146,1.04604056574031,111
"32787",257,147,1.42526880667566,110
"32788",257,148,1.29316253280939,109
"32789",257,149,1.62619198126194,108
"32790",257,150,1.33564704704117,107
"32791",257,151,2.88403103798004,106
"32792",257,152,2.32343178172469,105
"32793",257,153,4.56430175027337,104
"32794",257,154,4.12817287776955,103
"32795",257,155,2.76563642186473,102
"32796",257,156,0.851186721495255,101
"32797",257,157,1.33278043850765,100
"32798",257,158,1.44959018806622,99
"32799",257,159,2.6842822112621,98
"32800",257,160,3.41410421851687,97
"32801",257,161,2.3243092701682,96
"32802",257,162,1.35630452708653,95
"32803",257,163,0.682156829349682,94
"32804",257,164,3.60540943790275,93
"32805",257,165,3.23190709544728,92
"32806",257,166,2.21899859174034,91
"32807",257,167,1.12894297832867,90
"32808",257,168,1.04734746421396,89
"32809",257,169,1.10516601436789,88
"32810",257,170,1.39039666324474,87
"32811",257,171,1.04501445970314,86
"32812",257,172,0.732410569222971,85
"32813",257,173,1.32381265651192,84
"32814",257,174,2.1612860697035,83
"32815",257,175,2.07112682187578,82
"32816",257,176,2.27843032718391,81
"32817",257,177,2.37235790626672,80
"32818",257,178,1.21663921940492,79
"32819",257,179,1.88899292003754,78
"32820",257,180,3.06204365784933,77
"32821",257,181,2.1814371153574,76
"32822",257,182,3.31271974712114,75
"32823",257,183,3.09493322408116,74
"32824",257,184,1.63915150541696,73
"32825",257,185,2.19831914707314,72
"32826",257,186,2.48471388118213,71
"32827",257,187,1.58106811501811,70
"32828",257,188,1.47908944128661,69
"32829",257,189,1.93550019659854,68
"32830",257,190,1.26104402635917,67
"32831",257,191,2.13031826996194,66
"32832",257,192,3.73638095726283,65
"32833",257,193,3.35255494406977,64
"32834",257,194,1.82569731404406,63
"32835",257,195,2.58460657255247,62
"32836",257,196,0.95846392530223,61
"32837",257,197,1.48921092448097,60
"32838",257,198,2.398499478397,59
"32839",257,199,2.30759523964887,58
"32840",257,200,2.93357861600738,57
"32841",257,201,2.89417052574838,56
"32842",257,202,4.29524709574361,55
"32843",257,203,5.0315770027422,54
"32844",257,204,4.94615797762379,53
"32845",257,205,3.99145800922153,52
"32846",257,206,3.06949097105266,51
"32847",257,207,2.72431789588365,50
"32848",257,208,3.32093669236378,49
"32849",257,209,2.91799697264533,48
"32850",257,210,3.95461230240767,47
"32851",257,211,3.37673694803258,46
"32852",257,212,3.31452038119381,45
"32853",257,213,2.47826280050729,44
"32854",257,214,3.30971205195711,43
"32855",257,215,1.62101493908797,42
"32856",257,216,1.4676206250473,41
"32857",257,217,1.19878718892778,40
"32858",257,218,2.05724640319991,39
"32859",257,219,2.39060835931905,38
"32860",257,220,2.38665640853792,37
"32861",257,221,2.78948520742973,36
"32862",257,222,3.29550470971301,35
"32863",257,223,2.30765789394568,34
"32864",257,224,2.92077223595296,33
"32865",257,225,1.12960466769464,32
"32866",257,226,1.57383137063878,31
"32867",257,227,0.833290793996931,30
"32868",257,228,2.03260056273707,29
"32869",257,229,1.83199819677015,28
"32870",257,230,1.77116534260954,27
"32871",257,231,0.650049391557143,26
"32872",257,232,1.36386132573699,25
"32873",257,233,2.41358055473627,24
"32874",257,234,3.15187683230537,23
"32875",257,235,2.26198331318326,22
"32876",257,236,1.80243189177017,21
"32877",257,237,1.40438621957334,20
"32878",257,238,2.0986462517424,19
"32879",257,239,3.89114367442131,18
"32880",257,240,3.07036278967314,17
"32881",257,241,1.39181461665402,16
"32882",257,242,2.12215545739204,15
"32883",257,243,2.0390976895907,14
"32884",257,244,0.93391324884985,13
"32885",257,245,0.950212034816392,12
"32886",257,246,0.478262177739686,11
"32887",257,247,1.49653545132691,10
"32888",257,248,1.24016391788454,9
"32889",257,249,5.55863057701328,8
"32890",257,250,3.86203462512514,7
"32891",257,251,3.23232280443974,6
"32892",257,252,2.76049491705113,5
"32893",257,253,0.895547289189121,4
"32894",257,254,1.10553272801138,3
"32895",257,255,1.49260335581132,2
"32896",257,256,0.850067679570123,1
"32897",258,1,5.46648219990835,257
"32898",258,2,3.93449878717352,256
"32899",258,3,8.59749930217231,255
"32900",258,4,8.30880364074541,254
"32901",258,5,8.68993110196612,253
"32902",258,6,9.33923126627035,252
"32903",258,7,8.87425923215182,251
"32904",258,8,8.17678601304989,250
"32905",258,9,10.8035376026622,249
"32906",258,10,9.30072172101193,248
"32907",258,11,8.5272886742568,247
"32908",258,12,8.15906832775819,246
"32909",258,13,9.1504221022932,245
"32910",258,14,9.52268374491944,244
"32911",258,15,8.31604233801606,243
"32912",258,16,8.26750394691109,242
"32913",258,17,8.85426635053075,241
"32914",258,18,8.3525483722911,240
"32915",258,19,5.57156791857429,239
"32916",258,20,7.43320316875727,238
"32917",258,21,9.79601032759305,237
"32918",258,22,11.8014409425246,236
"32919",258,23,10.2340192917956,235
"32920",258,24,10.6715778047301,234
"32921",258,25,8.1290757910643,233
"32922",258,26,7.54646091771186,232
"32923",258,27,8.12581367830843,231
"32924",258,28,8.35670097151432,230
"32925",258,29,8.09077439567322,229
"32926",258,30,8.04180695976799,228
"32927",258,31,8.32920307395729,227
"32928",258,32,9.31451742579744,226
"32929",258,33,5.85170335606141,225
"32930",258,34,8.58750862601796,224
"32931",258,35,8.47344319687149,223
"32932",258,36,8.42974646014238,222
"32933",258,37,7.28445785048239,221
"32934",258,38,7.57435342192673,220
"32935",258,39,8.64772979700603,219
"32936",258,40,9.78606569048607,218
"32937",258,41,9.64792481581638,217
"32938",258,42,9.52235084949058,216
"32939",258,43,7.68953952543776,215
"32940",258,44,5.90511940433201,214
"32941",258,45,6.90957844765745,213
"32942",258,46,8.2373454836412,212
"32943",258,47,6.3919661251837,211
"32944",258,48,4.12770861118511,210
"32945",258,49,2.11582208447923,209
"32946",258,50,9.46106643846582,208
"32947",258,51,7.55925312120354,207
"32948",258,52,5.96800418316466,206
"32949",258,53,8.39723730819646,205
"32950",258,54,9.69797965397033,204
"32951",258,55,5.04721861271717,203
"32952",258,56,4.61153666311415,202
"32953",258,57,7.07510102703016,201
"32954",258,58,5.69285316626863,200
"32955",258,59,4.09362997069723,199
"32956",258,60,7.03184295213823,198
"32957",258,61,6.37309293792479,197
"32958",258,62,9.49984565316712,196
"32959",258,63,6.84062121340608,195
"32960",258,64,3.89613479502562,194
"32961",258,65,5.8758595922314,193
"32962",258,66,7.57526967301259,192
"32963",258,67,8.36052136565955,191
"32964",258,68,5.85400907039608,190
"32965",258,69,7.87345714345689,189
"32966",258,70,5.31578017316591,188
"32967",258,71,5.4753230406293,187
"32968",258,72,4.3134248230995,186
"32969",258,73,7.11110841090237,185
"32970",258,74,5.67356492199498,184
"32971",258,75,4.65573885598567,183
"32972",258,76,4.06196853842551,182
"32973",258,77,2.23234026040895,181
"32974",258,78,5.02886803213203,180
"32975",258,79,6.45745334600039,179
"32976",258,80,2.97669363789483,178
"32977",258,81,3.1674421192983,177
"32978",258,82,5.18966325139846,176
"32979",258,83,6.03138421851553,175
"32980",258,84,7.24923795137079,174
"32981",258,85,8.17988330890463,173
"32982",258,86,7.96646244555637,172
"32983",258,87,8.76405167224903,171
"32984",258,88,7.8632030789564,170
"32985",258,89,6.25259530099361,169
"32986",258,90,7.36327437349972,168
"32987",258,91,5.11725677098234,167
"32988",258,92,5.56454987910331,166
"32989",258,93,5.80513422139375,165
"32990",258,94,3.58107487895809,164
"32991",258,95,4.73149075660861,163
"32992",258,96,4.65816924964871,162
"32993",258,97,4.26157127200956,161
"32994",258,98,5.50108177978402,160
"32995",258,99,6.696786879003,159
"32996",258,100,4.8703181486779,158
"32997",258,101,0.951084604327066,157
"32998",258,102,1.32732808271995,156
"32999",258,103,3.4299639474764,155
"33000",258,104,4.8368883726501,154
"33001",258,105,2.82298911202369,153
"33002",258,106,4.38810331864009,152
"33003",258,107,3.88279737958399,151
"33004",258,108,3.41738942906735,150
"33005",258,109,2.90777833783544,149
"33006",258,110,1.2092161409204,148
"33007",258,111,4.5076065259455,147
"33008",258,112,4.92599448972526,146
"33009",258,113,3.56738357087056,145
"33010",258,114,1.7444625558999,144
"33011",258,115,1.93995288122263,143
"33012",258,116,1.57244124798639,142
"33013",258,117,1.76421789207153,141
"33014",258,118,1.15201609552945,140
"33015",258,119,3.09775009457246,139
"33016",258,120,3.44590811406375,138
"33017",258,121,4.37298549743798,137
"33018",258,122,1.65080985546995,136
"33019",258,123,1.51618710851017,135
"33020",258,124,3.5879703083056,134
"33021",258,125,4.08264876794975,133
"33022",258,126,2.77267083589986,132
"33023",258,127,3.29797242250047,131
"33024",258,128,3.6939868285618,130
"33025",258,129,2.55206439564982,129
"33026",258,130,4.05103644045193,128
"33027",258,131,2.9190512582092,127
"33028",258,132,1.85592827832978,126
"33029",258,133,3.28038415382414,125
"33030",258,134,4.1480276312023,124
"33031",258,135,2.91248469370317,123
"33032",258,136,2.46194392790394,122
"33033",258,137,1.21537452049298,121
"33034",258,138,2.45826760301994,120
"33035",258,139,3.69138474861667,119
"33036",258,140,2.40819693306227,118
"33037",258,141,2.83717070873615,117
"33038",258,142,2.24330126279765,116
"33039",258,143,1.81383740982309,115
"33040",258,144,1.95467869269787,114
"33041",258,145,2.70673266117403,113
"33042",258,146,2.93779427689605,112
"33043",258,147,2.24960302344589,111
"33044",258,148,1.71435567933079,110
"33045",258,149,2.58025874848011,109
"33046",258,150,4.06865331777523,108
"33047",258,151,5.6170373087141,107
"33048",258,152,4.02140243775524,106
"33049",258,153,4.59615431060081,105
"33050",258,154,3.21565514547341,104
"33051",258,155,4.3541918449333,103
"33052",258,156,3.22540601675947,102
"33053",258,157,3.88660644672993,101
"33054",258,158,3.64915982866509,100
"33055",258,159,5.41728848199616,99
"33056",258,160,6.14711048925093,98
"33057",258,161,5.05731554090226,97
"33058",258,162,4.08931079782059,96
"33059",258,163,3.25268257990586,95
"33060",258,164,2.74008133433245,94
"33061",258,165,2.05582433531632,93
"33062",258,166,3.54493360885277,92
"33063",258,167,1.7217151089857,91
"33064",258,168,2.67552434110396,90
"33065",258,169,3.83817228510196,89
"33066",258,170,4.1234029339788,88
"33067",258,171,2.4941887617673,87
"33068",258,172,3.20604479221656,86
"33069",258,173,3.78768544080901,85
"33070",258,174,2.95035417776619,84
"33071",258,175,3.3806729997608,83
"33072",258,176,3.91191934648221,82
"33073",258,177,5.10536417700078,81
"33074",258,178,3.94964549013898,80
"33075",258,179,4.6219991907716,79
"33076",258,180,3.33645017643748,78
"33077",258,181,4.44593058221029,77
"33078",258,182,6.0457260178552,76
"33079",258,183,5.82793949481522,75
"33080",258,184,2.77096350670192,74
"33081",258,185,4.9313254178072,73
"33082",258,186,5.21772015191619,72
"33083",258,187,4.15159386557429,71
"33084",258,188,4.21209571202067,70
"33085",258,189,3.00182724986157,69
"33086",258,190,3.97813147430979,68
"33087",258,191,4.44269826090684,67
"33088",258,192,3.76823351759027,66
"33089",258,193,5.22838983244207,65
"33090",258,194,4.55870358477812,64
"33091",258,195,3.40925292310278,63
"33092",258,196,3.19756459733397,62
"33093",258,197,3.15466764508783,61
"33094",258,198,3.10958115529945,60
"33095",258,199,3.7789567713505,59
"33096",258,200,5.66658488674144,58
"33097",258,201,5.49271757753352,57
"33098",258,202,5.60489731822198,56
"33099",258,203,7.76458327347626,55
"33100",258,204,7.67916424835785,54
"33101",258,205,6.67579742141342,53
"33102",258,206,5.64001672160884,52
"33103",258,207,4.60004873966259,51
"33104",258,208,5.63352477249539,50
"33105",258,209,5.36022461609827,49
"33106",258,210,6.50975434079999,48
"33107",258,211,6.07756742827135,47
"33108",258,212,6.04752665192787,46
"33109",258,213,5.21126907124135,45
"33110",258,214,5.03998855422464,44
"33111",258,215,4.35402120982203,43
"33112",258,216,3.26171359768582,42
"33113",258,217,3.47930352315746,41
"33114",258,218,3.04239266249707,40
"33115",258,219,4.07189098161154,39
"33116",258,220,4.47263536434059,38
"33117",258,221,5.52249147816379,37
"33118",258,222,5.17123555349196,36
"33119",258,223,5.04066416467974,35
"33120",258,224,5.65377850668702,34
"33121",258,225,2.55163417449282,33
"33122",258,226,2.61581195673465,32
"33123",258,227,1.93892378498264,31
"33124",258,228,2.97008327478174,30
"33125",258,229,4.56500446750421,29
"33126",258,230,2.78982884862007,28
"33127",258,231,3.22057514211332,27
"33128",258,232,4.09686759647105,26
"33129",258,233,2.86539422849161,25
"33130",258,234,3.18372939263281,24
"33131",258,235,4.25463607163887,23
"33132",258,236,2.30347354583559,22
"33133",258,237,2.84256864949,21
"33134",258,238,4.66917200229858,20
"33135",258,239,3.76051571457087,19
"33136",258,240,3.10221535000058,18
"33137",258,241,3.45166885793585,17
"33138",258,242,3.71099518075813,16
"33139",258,243,4.21135716100438,15
"33140",258,244,3.24121536158538,14
"33141",258,245,2.73564251377197,13
"33142",258,246,2.57993697948629,12
"33143",258,247,3.04828255489142,11
"33144",258,248,2.58532350680953,10
"33145",258,249,2.82562430627922,9
"33146",258,250,3.8301820647977,8
"33147",258,251,2.59859697903372,7
"33148",258,252,3.62685360919994,6
"33149",258,253,2.79306316044183,5
"33150",258,254,3.04807465888377,4
"33151",258,255,3.34534483035006,3
"33152",258,256,2.59093408688949,2
"33153",258,257,2.73300627073406,1
"33154",259,1,3.23550919314521,258
"33155",259,2,3.72184955130567,257
"33156",259,3,6.95803693555324,256
"33157",259,4,4.48136943555792,255
"33158",259,5,5.45315012700045,254
"33159",259,6,5.51155503448875,253
"33160",259,7,5.16475164727407,252
"33161",259,8,7.0183998349597,251
"33162",259,9,9.75809183065973,250
"33163",259,10,7.00988817768887,249
"33164",259,11,5.98970831052443,248
"33165",259,12,7.2363569308123,247
"33166",259,13,8.10497633029073,246
"33167",259,14,5.69500751313784,245
"33168",259,15,4.48836610623446,244
"33169",259,16,5.07059806234904,243
"33170",259,17,5.80260671829339,242
"33171",259,18,6.12157536552796,241
"33172",259,19,4.48857093260238,240
"33173",259,20,4.43062657343551,239
"33174",259,21,8.75056455559058,238
"33175",259,22,8.17631352285843,237
"33176",259,23,8.55010387266526,236
"33177",259,24,6.84390157294853,235
"33178",259,25,4.65825432637314,234
"33179",259,26,8.09771837072786,233
"33180",259,27,5.60350788184866,232
"33181",259,28,6.12572796475119,231
"33182",259,29,5.08762898633021,230
"33183",259,30,5.81083395300486,229
"33184",259,31,5.2792918309312,228
"33185",259,32,7.0835444190343,227
"33186",259,33,6.22509657673566,226
"33187",259,34,7.54206285401549,225
"33188",259,35,4.64576696508989,224
"33189",259,36,6.19877345337924,223
"33190",259,37,3.45678161870079,222
"33191",259,38,5.3433804151636,221
"33192",259,39,7.60228402500357,220
"33193",259,40,6.59972033214963,219
"33194",259,41,7.32244442290583,218
"33195",259,42,5.69467461770898,217
"33196",259,43,4.88108413016958,216
"33197",259,44,4.59272121692689,215
"33198",259,45,5.86413267565498,214
"33199",259,46,7.19189971163873,213
"33200",259,47,4.84307457708085,212
"33201",259,48,2.01471328905544,211
"33202",259,49,2.70349088705068,210
"33203",259,50,8.41562066646335,209
"33204",259,51,5.26758722113363,208
"33205",259,52,5.11864029015541,207
"33206",259,53,5.38891224909179,206
"33207",259,54,5.87030342218873,205
"33208",259,55,4.90300667629959,204
"33209",259,56,5.16279411613014,203
"33210",259,57,3.82976238426098,202
"33211",259,58,3.06970295559718,201
"33212",259,59,4.64488742371323,200
"33213",259,60,4.56304113188006,199
"33214",259,61,5.32764716592232,198
"33215",259,62,7.27370183576303,197
"33216",259,63,4.30053802192064,196
"33217",259,64,3.94602736380834,195
"33218",259,65,6.4271170452474,194
"33219",259,66,6.52982390101012,193
"33220",259,67,4.53284513387795,192
"33221",259,68,5.07880200271897,191
"33222",259,69,6.58691403750069,190
"33223",259,70,4.07263219041477,189
"33224",259,71,3.17568542625969,188
"33225",259,72,3.25388100869732,187
"33226",259,73,3.28343217912077,186
"33227",259,74,3.24653377649639,185
"33228",259,75,3.43748389865122,184
"33229",259,76,1.58316842032505,183
"33230",259,77,2.47201007891962,182
"33231",259,78,4.16288682293886,181
"33232",259,79,3.76225049060001,180
"33233",259,80,3.52795109091083,179
"33234",259,81,1.40058762476174,178
"33235",259,82,4.78149949793227,177
"33236",259,83,5.87100266412619,176
"33237",259,84,5.15239555235962,175
"33238",259,85,5.5328010779313,174
"33239",259,86,4.66205248490943,173
"33240",259,87,6.18545679485216,172
"33241",259,88,5.66936510778928,171
"33242",259,89,3.40767922209027,170
"33243",259,90,6.52293539038188,169
"33244",259,91,5.03684736889322,168
"33245",259,92,3.44584970138775,167
"33246",259,93,2.44643899416343,166
"33247",259,94,5.43030366122667,165
"33248",259,95,4.38074198522764,164
"33249",259,96,3.40247536562251,163
"33250",259,97,0.601969063914121,162
"33251",259,98,4.90384298904201,161
"33252",259,99,4.46581387223986,160
"33253",259,100,2.63934514191477,159
"33254",259,101,4.77876083610866,158
"33255",259,102,3.00082542265771,157
"33256",259,103,3.44723853624208,156
"33257",259,104,1.05423820048818,155
"33258",259,105,1.69987242226791,154
"33259",259,106,4.93936077165608,153
"33260",259,107,2.83735160758152,152
"33261",259,108,1.0705979095286,151
"33262",259,109,1.08147914742772,150
"33263",259,110,2.99945802707476,149
"33264",259,111,3.46216075394303,148
"33265",259,112,4.13442640974295,147
"33266",259,113,3.06724439687785,146
"33267",259,114,3.45020677124782,145
"33268",259,115,3.53553444059389,144
"33269",259,116,5.40011747976799,143
"33270",259,117,5.59189412385313,142
"33271",259,118,4.86763401423901,141
"33272",259,119,2.5227246871427,140
"33273",259,120,1.55269278001265,139
"33274",259,121,2.14201249067485,138
"33275",259,122,2.45698526714793,137
"33276",259,123,5.18138282011388,136
"33277",259,124,4.13922776132159,135
"33278",259,125,3.03720299594728,134
"33279",259,126,1.06061234531191,133
"33280",259,127,1.2878990678366,132
"33281",259,128,2.46287068680526,131
"33282",259,129,1.29802618793057,130
"33283",259,130,2.39989221140666,129
"33284",259,131,2.04117638339863,128
"33285",259,132,2.48717047744873,127
"33286",259,133,2.62019607280543,126
"33287",259,134,3.30849135557489,125
"33288",259,135,3.32994664602184,124
"33289",259,136,3.39512661992333,123
"33290",259,137,4.5049413641442,122
"33291",259,138,3.53195658488287,121
"33292",259,139,3.21123958659132,120
"33293",259,140,2.5783887016132,119
"33294",259,141,2.77332792441,118
"33295",259,142,3.28874703480012,117
"33296",259,143,4.67119376396849,116
"33297",259,144,4.11623682877635,115
"33298",259,145,3.57849746006017,114
"33299",259,146,4.4797773492038,113
"33300",259,147,4.53966494513545,112
"33301",259,148,4.47417022720513,111
"33302",259,149,4.91988920608704,110
"33303",259,150,4.78915149534384,109
"33304",259,151,5.68765374333688,108
"33305",259,152,5.751561615758,107
"33306",259,153,6.82712731736394,106
"33307",259,154,4.97777720342696,105
"33308",259,155,3.8029343919173,104
"33309",259,156,3.50891173274408,103
"33310",259,157,3.46420126323269,102
"33311",259,158,3.81326016936848,101
"33312",259,159,5.29180959170382,100
"33313",259,160,5.59585303623494,99
"33314",259,161,4.70213996687948,98
"33315",259,162,4.40082436911226,97
"33316",259,163,4.29812835190833,96
"33317",259,164,4.97105434109559,95
"33318",259,165,4.23833857272399,94
"33319",259,166,3.09067172799272,93
"33320",259,167,3.5869879851875,92
"33321",259,168,3.72097011310643,91
"33322",259,169,4.36258858367735,90
"33323",259,170,4.59739702544835,89
"33324",259,171,3.53963453376977,88
"33325",259,172,4.42945884115413,87
"33326",259,173,5.02086092844308,86
"33327",259,174,5.85833434163466,85
"33328",259,175,4.33395238896636,84
"33329",259,176,4.54125589427448,83
"33330",259,177,4.55410672398478,82
"33331",259,178,4.31158126853649,81
"33332",259,179,4.65900082065715,80
"33333",259,180,5.3248692249399,79
"33334",259,181,4.44426268244797,78
"33335",259,182,5.49446856483921,77
"33336",259,183,5.27668204179922,76
"33337",259,184,5.1401178983549,75
"33338",259,185,5.01874925479859,74
"33339",259,186,4.6664626989002,73
"33340",259,187,5.19703963757676,72
"33341",259,188,4.47879402563666,71
"33342",259,189,5.6325484685297,70
"33343",259,190,3.77598062897898,69
"33344",259,191,4.39314383705252,68
"33345",259,192,6.60986651313184,67
"33346",259,193,5.61538051116035,66
"33347",259,194,4.56209040992644,65
"33348",259,195,4.84743213964305,64
"33349",259,196,3.14261551377784,63
"33350",259,197,3.75203649157154,62
"33351",259,198,4.84620647154235,61
"33352",259,199,5.38837657337143,60
"33353",259,200,5.92208274741899,59
"33354",259,201,6.51014204830703,58
"33355",259,202,7.91386530526186,57
"33356",259,203,7.21332582046027,56
"33357",259,204,7.12790679534185,55
"33358",259,205,6.2542835763121,54
"33359",259,206,6.68546249361131,53
"33360",259,207,4.98714346297422,52
"33361",259,208,5.58376225945435,51
"33362",259,209,5.18082253973591,50
"33363",259,210,6.21743786949824,49
"33364",259,211,5.63956251512315,48
"33365",259,212,5.51265622236541,47
"33366",259,213,4.66001161822535,46
"33367",259,214,5.57253761904769,45
"33368",259,215,4.7047565352811,44
"33369",259,216,5.16466889697846,43
"33370",259,217,4.00504313532232,42
"33371",259,218,5.75429467513106,41
"33372",259,219,6.08765663125021,40
"33373",259,220,4.67188288150538,39
"33374",259,221,4.97123402514779,38
"33375",259,222,5.55833027680359,37
"33376",259,223,4.50535154559552,36
"33377",259,224,5.10252105367103,35
"33378",259,225,4.8266529396258,34
"33379",259,226,5.18160934914876,33
"33380",259,227,4.14891467926824,32
"33381",259,228,4.29542612982764,31
"33382",259,229,4.01374701448822,30
"33383",259,230,4.89676193400777,29
"33384",259,231,4.26602091411579,28
"33385",259,232,4.67170610215229,27
"33386",259,233,6.11062882666743,26
"33387",259,234,5.41470239939594,25
"33388",259,235,3.70337861862288,24
"33389",259,236,4.26133933785396,23
"33390",259,237,5.1014344915045,22
"33391",259,238,5.71461777430104,21
"33392",259,239,7.58819194635247,20
"33393",259,240,5.33318835676371,19
"33394",259,241,2.90041140491985,18
"33395",259,242,3.15973772774214,17
"33396",259,243,3.76094412220008,16
"33397",259,244,3.34544660094538,15
"33398",259,245,3.78108828577443,14
"33399",259,246,4.17531044967084,13
"33400",259,247,5.19358372325806,12
"33401",259,248,4.89264811817948,11
"33402",259,249,5.28613594482584,10
"33403",259,250,4.54008241065256,9
"33404",259,251,4.3870512033383,8
"33405",259,252,4.67229938120241,7
"33406",259,253,3.8385089324443,6
"33407",259,254,4.09352043088623,5
"33408",259,255,4.16230405159262,4
"33409",259,256,3.63637985889196,3
"33410",259,257,3.69704827193116,2
"33411",259,258,3.8276762317816,1
"33412",260,1,3.00979952787263,259
"33413",260,2,3.13218167105034,258
"33414",260,3,7.78919962193118,257
"33415",260,4,5.97536628879827,256
"33416",260,5,6.35649375001898,255
"33417",260,6,7.00579391432321,254
"33418",260,7,6.54082188020468,253
"33419",260,8,7.84956252133764,252
"33420",260,9,10.5892545170377,251
"33421",260,10,7.84105086406681,250
"33422",260,11,6.19385132230966,249
"33423",260,12,7.94478524213367,248
"33424",260,13,8.93613901666867,247
"33425",260,14,7.1892463929723,246
"33426",260,15,5.98260498606892,245
"33427",260,16,5.93406659496396,244
"33428",260,17,6.63376940467133,243
"33429",260,18,5.89586570025538,242
"33430",260,19,3.59978507387328,241
"33431",260,20,5.26178925981345,240
"33432",260,21,9.58172724196852,239
"33433",260,22,9.46800359057748,238
"33434",260,23,9.3812665590432,237
"33435",260,24,8.33814045278299,236
"33436",260,25,5.79563843911716,235
"33437",260,26,7.20893251199876,234
"33438",260,27,5.79237632636129,233
"33439",260,28,5.9000182994786,232
"33440",260,29,5.75733704372609,231
"33441",260,30,5.58512428773227,230
"33442",260,31,5.99576572201016,229
"33443",260,32,6.85783475376172,228
"33444",260,33,5.33631071800656,227
"33445",260,34,8.37322554039343,226
"33446",260,35,6.14000584492435,225
"33447",260,36,5.97306378810666,224
"33448",260,37,4.95102049853525,223
"33449",260,38,5.11767074989102,222
"33450",260,39,8.43344671138151,221
"33451",260,40,7.45262833853893,220
"33452",260,41,8.15360710928378,219
"33453",260,42,7.18891349754344,218
"33454",260,43,5.71224681654753,217
"33455",260,44,5.42388390330484,216
"33456",260,45,6.69529536203292,215
"33457",260,46,8.02306239801667,214
"33458",260,47,5.67423726345879,213
"33459",260,48,2.84587597543339,212
"33460",260,49,2.92920055232326,211
"33461",260,50,9.24678335284129,210
"33462",260,51,6.09874990751157,209
"33463",260,52,5.75372109754013,208
"33464",260,53,6.22007493546974,207
"33465",260,54,7.36454230202319,206
"33466",260,55,4.29580531389332,205
"33467",260,56,4.35682169035168,204
"33468",260,57,4.74166367508302,203
"33469",260,58,3.3594158143215,202
"33470",260,59,3.75610156498412,201
"33471",260,60,5.39420381825801,200
"33472",260,61,6.15880985230026,199
"33473",260,62,8.10486452214097,198
"33474",260,63,4.86278227040073,197
"33475",260,64,3.05724150507924,196
"33476",260,65,5.53833118651829,195
"33477",260,66,7.36098658738807,194
"33478",260,67,6.02708401371241,193
"33479",260,68,4.19001614398987,192
"33480",260,69,7.41807672387863,191
"33481",260,70,4.10849548855362,190
"33482",260,71,3.95083240202351,189
"33483",260,72,4.08504369507527,188
"33484",260,73,4.77767105895523,187
"33485",260,74,3.34012757004784,186
"33486",260,75,2.54869803992212,185
"33487",260,76,2.24625708301684,184
"33488",260,77,2.69771974419221,183
"33489",260,78,4.8145849465075,182
"33490",260,79,4.59341317697795,181
"33491",260,80,2.63916523218172,180
"33492",260,81,1.77235694367879,179
"33493",260,82,3.89271363920317,178
"33494",260,83,4.98221680539708,177
"33495",260,84,5.98355823873756,176
"33496",260,85,6.36396376430924,175
"33497",260,86,5.63302509360923,174
"33498",260,87,7.0166194812301,173
"33499",260,88,6.50052779416722,172
"33500",260,89,3.91915794904647,171
"33501",260,90,5.63414953165278,170
"33502",260,91,4.57944702231795,169
"33503",260,92,3.42544181639648,168
"33504",260,93,3.47169686944661,167
"33505",260,94,5.65601332649925,166
"33506",260,95,4.51720767098408,165
"33507",260,96,4.23363805200045,164
"33508",260,97,1.92813392006243,163
"33509",260,98,4.01505713031291,162
"33510",260,99,4.24010420696728,161
"33511",260,100,2.41363547664218,160
"33512",260,101,3.30303699072347,159
"33513",260,102,1.50658654282325,158
"33514",260,103,2.55845267751298,157
"33515",260,104,2.50345102070296,156
"33516",260,105,1.44416090411603,155
"33517",260,106,4.05057491292698,154
"33518",260,107,3.66851429395947,153
"33519",260,108,1.9593837682577,152
"33520",260,109,0.95622736053162,151
"33521",260,110,2.90582704734366,150
"33522",260,111,4.29332344032097,149
"33523",260,112,3.24564055101384,148
"33524",260,113,2.17845853814875,147
"33525",260,114,1.95596789141336,146
"33526",260,115,2.15423596684715,145
"33527",260,116,3.90587859993353,144
"33528",260,117,4.09765524401867,143
"33529",260,118,3.60869876756517,142
"33530",260,119,2.74843435241529,141
"33531",260,120,2.29337689670495,140
"33532",260,121,1.91630282540227,139
"33533",260,122,1.12456174113008,138
"33534",260,123,3.97286978054589,137
"33535",260,124,3.25044190259249,136
"33536",260,125,3.86836568232522,135
"33537",260,126,1.44250948653437,134
"33538",260,127,2.1766849265657,133
"33539",260,128,2.79701226737006,132
"33540",260,129,1.8794383067383,131
"33541",260,130,3.28867807013576,130
"33542",260,131,2.35851056159481,129
"33543",260,132,0.993139686800979,128
"33544",260,133,1.38476811894352,127
"33545",260,134,2.47732866919694,126
"33546",260,135,2.4987839596439,125
"33547",260,136,2.56396393354539,124
"33548",260,137,3.01070248430974,123
"33549",260,138,2.03771770504841,122
"33550",260,139,2.38007690021338,121
"33551",260,140,1.74722601523526,120
"33552",260,141,3.17469911444926,119
"33553",260,142,2.45758434842218,118
"33554",260,143,3.17695488413403,117
"33555",260,144,2.62199794894189,116
"33556",260,145,3.04426106688714,115
"33557",260,146,3.53457579810347,114
"33558",260,147,3.91380403903882,113
"33559",260,148,2.97993134737067,112
"33560",260,149,3.42565032625258,111
"33561",260,150,4.40618172348834,110
"33562",260,151,5.95456571442721,109
"33563",260,152,4.81196701408784,108
"33564",260,153,7.05283698263653,107
"33565",260,154,5.20348686869955,106
"33566",260,155,4.69172025064641,105
"33567",260,156,3.56293442247258,104
"33568",260,157,4.22413485244304,103
"33569",260,158,3.9866882343782,102
"33570",260,159,5.75481688770927,101
"33571",260,160,6.48463889496404,100
"33572",260,161,5.39484394661537,99
"33573",260,162,4.4268392035337,98
"33574",260,163,3.46696566553039,97
"33575",260,164,5.19676400636817,96
"33576",260,165,4.46404823799657,95
"33577",260,166,3.88246201456587,94
"33578",260,167,2.49612676219981,93
"33579",260,168,2.88980742672848,92
"33580",260,169,4.17570069081506,91
"33581",260,170,4.46093133969191,90
"33582",260,171,2.70847184739183,89
"33583",260,172,3.42032787784109,88
"33584",260,173,4.12521384652212,87
"33585",260,174,4.56578429022358,86
"33586",260,175,4.55966205423894,85
"33587",260,176,4.76696555954707,84
"33588",260,177,5.44289258271389,83
"33589",260,178,4.28717389585209,82
"33590",260,179,4.95952759648471,81
"33591",260,180,5.55057889021249,80
"33592",260,181,4.7834589879234,79
"33593",260,182,6.38325442356831,78
"33594",260,183,6.16546790052833,77
"33595",260,184,4.12768673778012,76
"33596",260,185,5.26885382352031,75
"33597",260,186,5.5552485576293,74
"33598",260,187,4.36587695119882,73
"33599",260,188,4.54962411773378,72
"33600",260,189,4.13830958869524,71
"33601",260,190,4.3156598800229,70
"33602",260,191,4.78022666661995,69
"33603",260,192,6.22491618962599,68
"33604",260,193,5.84109017643293,67
"33605",260,194,4.89623199049123,66
"33606",260,195,5.07314180491563,65
"33607",260,196,3.53509300304708,64
"33608",260,197,3.97774615684412,63
"33609",260,198,4.88703471076016,62
"33610",260,199,4.79613047201203,61
"33611",260,200,6.00411329245455,60
"33612",260,201,5.83024598324663,59
"33613",260,202,6.78378232810677,58
"33614",260,203,8.10211167918937,57
"33615",260,204,8.01669265407096,56
"33616",260,205,7.01332582712652,55
"33617",260,206,5.85429980723337,54
"33618",260,207,5.2128531282468,53
"33619",260,208,5.9710531782085,52
"33620",260,209,5.69775302181138,51
"33621",260,210,6.84728274651309,50
"33622",260,211,6.41509583398446,49
"33623",260,212,6.38505505764098,48
"33624",260,213,5.54879747695446,47
"33625",260,214,5.79824728432027,46
"33626",260,215,4.69154961553514,45
"33627",260,216,3.670430017144,44
"33628",260,217,3.81683192887057,43
"33629",260,218,4.2600557952966,42
"33630",260,219,4.59341775141575,41
"33631",260,220,4.87519164090108,40
"33632",260,221,5.8600198838769,39
"33633",260,222,5.78403994207617,38
"33634",260,223,5.37819257039284,37
"33635",260,224,5.99130691240013,36
"33636",260,225,3.33241405979134,35
"33637",260,226,3.6873704693143,34
"33638",260,227,2.73871281127686,33
"33639",260,228,4.52113579510023,32
"33640",260,229,4.90253287321732,31
"33641",260,230,4.2597005749727,30
"33642",260,231,3.43485822773785,29
"33643",260,232,4.43439600218416,28
"33644",260,233,4.61638994683297,27
"33645",260,234,5.64041206466853,26
"33646",260,235,4.59216447735198,25
"33647",260,236,4.29096712413333,24
"33648",260,237,3.60719561167004,23
"33649",260,238,4.8834550879231,22
"33650",260,239,6.09395306651801,21
"33651",260,240,5.55889802203629,20
"33652",260,241,3.78919726364896,19
"33653",260,242,4.04852358647124,18
"33654",260,243,4.54888556671749,17
"33655",260,244,3.57874376729849,16
"33656",260,245,2.94992559939649,15
"33657",260,246,2.81662097098771,14
"33658",260,247,3.6993448434236,13
"33659",260,248,3.39840923834502,12
"33660",260,249,3.79189706499138,11
"33661",260,250,3.70891972427462,10
"33662",260,251,2.89281232350385,9
"33663",260,252,3.84113669482446,8
"33664",260,253,3.00734624606636,7
"33665",260,254,3.32398040455258,6
"33666",260,255,3.68287323606317,5
"33667",260,256,2.88364723492692,4
"33668",260,257,3.07053467644717,3
"33669",260,258,2.45668267203572,2
"33670",260,259,1.49423887983446,1
"33671",261,1,3.23477743190926,260
"33672",261,2,3.34915836882273,259
"33673",261,3,7.99156060260382,258
"33674",261,4,5.88661049726138,257
"33675",261,5,6.48667379405103,256
"33676",261,6,6.91703812278632,255
"33677",261,7,6.45206608866779,254
"33678",261,8,8.05192350201028,253
"33679",261,9,10.7916154977103,252
"33680",261,10,8.04341184473945,251
"33681",261,11,6.10509553077277,250
"33682",261,12,8.14714622280631,249
"33683",261,13,9.13849999734131,248
"33684",261,14,7.10049060143541,247
"33685",261,15,5.89384919453203,246
"33686",261,16,6.10412172939962,245
"33687",261,17,6.83613038534398,244
"33688",261,18,6.12084360429201,243
"33689",261,19,4.11587975011944,242
"33690",261,20,5.46415024048609,241
"33691",261,21,9.78408822264116,240
"33692",261,22,9.37924779904059,239
"33693",261,23,9.58362753971585,238
"33694",261,24,8.2493846612461,237
"33695",261,25,5.70688264758027,236
"33696",261,26,7.72502718824492,235
"33697",261,27,5.70362053482441,234
"33698",261,28,6.12499620351524,233
"33699",261,29,5.6685812521892,232
"33700",261,30,5.8101021917689,231
"33701",261,31,6.13354102135718,230
"33702",261,32,7.08281265779835,229
"33703",261,33,5.85240539425272,228
"33704",261,34,8.57558652106608,227
"33705",261,35,6.05125005338746,226
"33706",261,36,6.19804169214329,225
"33707",261,37,4.86226470699836,224
"33708",261,38,5.34264865392765,223
"33709",261,39,8.63580769205415,222
"33710",261,40,7.63324399920021,221
"33711",261,41,8.35596808995642,220
"33712",261,42,7.10015770600655,219
"33713",261,43,5.91460779722017,218
"33714",261,44,5.62624488397748,217
"33715",261,45,6.89765634270557,216
"33716",261,46,8.22542337868931,215
"33717",261,47,5.87659824413143,214
"33718",261,48,3.04823695610603,213
"33719",261,49,2.70422264828663,212
"33720",261,50,9.44914433351393,211
"33721",261,51,6.30111088818421,210
"33722",261,52,5.95608207821278,209
"33723",261,53,6.42243591614238,208
"33724",261,54,7.2757865104863,207
"33725",261,55,4.53031549381665,206
"33726",261,56,4.7901029336472,205
"33727",261,57,4.86328605131156,204
"33728",261,58,3.27066002278461,203
"33729",261,59,4.27219624123029,202
"33730",261,60,5.59656479893065,201
"33731",261,61,6.3611708329729,200
"33732",261,62,8.30722550281361,199
"33733",261,63,5.06514325107337,198
"33734",261,64,3.57333618132541,197
"33735",261,65,6.05442586276446,196
"33736",261,66,7.56334756806071,195
"33737",261,67,5.93832822217553,194
"33738",261,68,4.70611082023603,193
"33739",261,69,7.62043770455127,192
"33740",261,70,4.31085646922626,191
"33741",261,71,4.15319338269616,190
"33742",261,72,4.28740467574791,189
"33743",261,73,4.68891526741834,188
"33744",261,74,3.40291272873368,187
"33745",261,75,3.06479271616828,186
"33746",261,76,2.44861806368948,185
"33747",261,77,2.47274184015558,184
"33748",261,78,5.01694592718014,183
"33749",261,79,4.79577415765059,182
"33750",261,80,3.15525990842789,181
"33751",261,81,1.97471792435144,180
"33752",261,82,4.40880831544934,179
"33753",261,83,5.49831148164325,178
"33754",261,84,6.1859192194102,177
"33755",261,85,6.56632474498189,176
"33756",261,86,5.69557615196001,175
"33757",261,87,7.21898046190274,174
"33758",261,88,6.70288877483986,173
"33759",261,89,3.83040215750958,172
"33760",261,90,6.15024420789894,171
"33761",261,91,4.78180800299059,170
"33762",261,92,3.62780279706912,169
"33763",261,93,3.47996266121401,168
"33764",261,94,5.43103542246262,167
"33765",261,95,4.71956865165672,166
"33766",261,96,4.43599903267309,165
"33767",261,97,1.83937812852554,164
"33768",261,98,4.53115180655907,163
"33769",261,99,4.46508211100391,162
"33770",261,100,2.63861338067881,161
"33771",261,101,3.37327774781109,160
"33772",261,102,1.59534233436014,159
"33773",261,103,3.07454735375915,158
"33774",261,104,2.41469522916608,157
"33775",261,105,1.64652188478867,156
"33776",261,106,4.56666958917314,155
"33777",261,107,3.87087527463211,154
"33778",261,108,1.44328909201154,153
"33779",261,109,0.485585194351415,152
"33780",261,110,2.68084914330702,151
"33781",261,111,4.49568442099361,150
"33782",261,112,3.76173522726001,149
"33783",261,113,2.69455321439491,148
"33784",261,114,2.04472368295025,147
"33785",261,115,2.13005135229632,146
"33786",261,116,3.99463439147042,145
"33787",261,117,4.18641103555555,144
"33788",261,118,3.46215092594144,143
"33789",261,119,2.52345644837866,142
"33790",261,120,2.49573787737759,141
"33791",261,121,2.1412807294389,140
"33792",261,122,1.05150217885036,139
"33793",261,123,3.77589973181631,138
"33794",261,124,3.76653657883865,137
"33795",261,125,4.07072666299787,136
"33796",261,126,1.64487046720701,135
"33797",261,127,1.66059025031953,134
"33798",261,128,2.28091759112389,133
"33799",261,129,1.36334363049213,132
"33800",261,130,2.7725833938896,131
"33801",261,131,1.84241588534865,130
"33802",261,132,1.08168738915116,129
"33803",261,133,1.21471298450785,128
"33804",261,134,2.2749676885243,127
"33805",261,135,2.29642297897126,126
"33806",261,136,2.36160295287274,125
"33807",261,137,3.09945827584663,124
"33808",261,138,2.1264734965853,123
"33809",261,139,2.17771591954074,122
"33810",261,140,1.54486503456262,121
"33811",261,141,2.6586044382031,120
"33812",261,142,2.25522336774954,119
"33813",261,143,3.26571067567092,118
"33814",261,144,2.71075374047878,117
"33815",261,145,2.54497379300959,116
"33816",261,146,3.30959789406684,115
"33817",261,147,3.68882613500218,114
"33818",261,148,3.06868713890756,113
"33819",261,149,3.51440611778947,112
"33820",261,150,3.89008704724218,111
"33821",261,151,5.43847103818105,110
"33822",261,152,4.58698911005121,109
"33823",261,153,6.82785907859989,108
"33824",261,154,4.97850896466291,107
"33825",261,155,4.17562557440024,106
"33826",261,156,3.04683974622642,105
"33827",261,157,3.70804017619688,104
"33828",261,158,3.71314751639274,103
"33829",261,159,5.2387222114631,102
"33830",261,160,5.96854421871787,101
"33831",261,161,4.8787492703692,100
"33832",261,162,3.91074452728753,99
"33833",261,163,3.26460468485775,98
"33834",261,164,4.97178610233154,97
"33835",261,165,4.23907033395994,96
"33836",261,166,3.36636733831971,95
"33837",261,167,2.27114885816318,94
"33838",261,168,2.68744644605584,93
"33839",261,169,3.6596060145689,92
"33840",261,170,3.94483666344575,91
"33841",261,171,2.50611086671919,90
"33842",261,172,3.21796689716845,89
"33843",261,173,3.77719319396211,88
"33844",261,174,4.45285125333709,87
"33845",261,175,4.33468415020231,86
"33846",261,176,4.54198765551043,85
"33847",261,177,4.92679790646772,84
"33848",261,178,3.77107921960592,83
"33849",261,179,4.44343292023855,82
"33850",261,180,5.32560098617585,81
"33851",261,181,4.44499444368392,80
"33852",261,182,5.86715974732215,79
"33853",261,183,5.64937322428216,78
"33854",261,184,3.90270883374348,77
"33855",261,185,4.75275914727415,76
"33856",261,186,5.03915388138314,75
"33857",261,187,4.16351597052617,74
"33858",261,188,4.03352944148761,73
"33859",261,189,4.22706538023213,72
"33860",261,190,3.79956520377674,71
"33861",261,191,4.39387559828847,70
"33862",261,192,5.99993828558936,69
"33863",261,193,5.6161122723963,68
"33864",261,194,4.38013731424507,67
"33865",261,195,4.848163900879,66
"33866",261,196,3.13214682207534,65
"33867",261,197,3.75276825280749,64
"33868",261,198,4.66205680672353,63
"33869",261,199,4.5711525679754,62
"33870",261,200,5.48801861620839,61
"33871",261,201,5.47661838125645,60
"33872",261,202,6.55880442407014,59
"33873",261,203,7.58601700294321,58
"33874",261,204,7.50059797782479,57
"33875",261,205,6.49723115088036,56
"33876",261,206,5.65193882656073,55
"33877",261,207,4.98787522421017,54
"33878",261,208,5.5844940206903,53
"33879",261,209,5.18165834556521,52
"33880",261,210,6.33118807026693,51
"33881",261,211,5.8990011577383,50
"33882",261,212,5.86896038139481,49
"33883",261,213,5.03270280070829,48
"33884",261,214,5.57326938028364,47
"33885",261,215,4.17545493928898,46
"33886",261,216,3.75918580868089,45
"33887",261,217,3.4623445172543,44
"33888",261,218,4.34881158683349,43
"33889",261,219,4.68217354295264,42
"33890",261,220,4.65021373686444,41
"33891",261,221,5.34392520763073,40
"33892",261,222,5.55906203803954,39
"33893",261,223,4.86209789414668,38
"33894",261,224,5.47521223615397,37
"33895",261,225,3.42116985132823,36
"33896",261,226,3.77612626085119,35
"33897",261,227,2.74343159097067,34
"33898",261,228,4.29615789106359,33
"33899",261,229,4.38643819697116,32
"33900",261,230,4.03472267093606,31
"33901",261,231,3.23249724706521,30
"33902",261,232,3.918301325938,29
"33903",261,233,4.70514573836986,28
"33904",261,234,5.41543416063189,27
"33905",261,235,4.07606980110581,26
"33906",261,236,4.06598922009669,25
"33907",261,237,3.69595140320693,24
"33908",261,238,4.68109410725046,23
"33909",261,239,6.1827088580549,22
"33910",261,240,5.33392011799966,21
"33911",261,241,3.27310258740279,20
"33912",261,242,3.53242891022508,19
"33913",261,243,4.03279089047132,18
"33914",261,244,3.06264909105232,17
"33915",261,245,2.74756461872385,16
"33916",261,246,2.76982736137327,15
"33917",261,247,3.78810063496049,14
"33918",261,248,3.48716502988191,13
"33919",261,249,3.88065285652827,12
"33920",261,250,3.50655874360198,11
"33921",261,251,2.98156811504073,10
"33922",261,252,3.63877571415182,9
"33923",261,253,2.80498526539371,8
"33924",261,254,3.05999676383565,7
"33925",261,255,3.166778559817,6
"33926",261,256,2.60285619184137,5
"33927",261,257,2.58244785550806,4
"33928",261,258,2.42219314348403,3
"33929",261,259,1.40548308829757,2
"33930",261,260,0.516094676246164,1
"33931",262,1,3.84244527819312,261
"33932",262,2,4.42598929769623,260
"33933",262,3,9.00116192200286,259
"33934",262,4,6.42314706181994,258
"33935",262,5,7.49627511345007,257
"33936",262,6,7.2310753244535,256
"33937",262,7,7.2078766337237,255
"33938",262,8,9.06152482140932,254
"33939",262,9,11.8012168171094,253
"33940",262,10,9.05301316413849,252
"33941",262,11,6.41913273243994,251
"33942",262,12,9.15674754220535,250
"33943",262,13,10.1481013167404,249
"33944",262,14,7.41452780310258,248
"33945",262,15,6.36970175001581,247
"33946",262,16,7.11372304879866,246
"33947",262,17,7.84573170474302,245
"33948",262,18,6.50211041543365,244
"33949",262,19,5.19271067899294,243
"33950",262,20,6.47375155988513,242
"33951",262,21,10.7936895420402,241
"33952",262,22,10.2194385093081,240
"33953",262,23,10.5932288591149,239
"33954",262,24,8.73478330817028,238
"33955",262,25,6.02091984924744,237
"33956",262,26,8.80185811711842,236
"33957",262,27,6.01765773649158,235
"33958",262,28,6.50626301465687,234
"33959",262,29,5.98261845385637,233
"33960",262,30,6.19136900291054,232
"33961",262,31,7.14314234075622,231
"33962",262,32,7.46407946893999,230
"33963",262,33,6.92923632312622,229
"33964",262,34,9.58518784046512,228
"33965",262,35,6.36528725505463,227
"33966",262,36,6.82217459532571,226
"33967",262,37,5.17630190866554,225
"33968",262,38,5.72391546506929,224
"33969",262,39,9.64540901145319,223
"33970",262,40,8.64284531859925,222
"33971",262,41,9.36556940935546,221
"33972",262,42,7.41419490767372,220
"33973",262,43,6.92420911661921,219
"33974",262,44,6.63584620337652,218
"33975",262,45,7.90725766210461,217
"33976",262,46,9.23502469808835,216
"33977",262,47,6.88619956353047,215
"33978",262,48,4.05783827550507,214
"33979",262,49,2.95168594510978,213
"33980",262,50,10.458745652913,212
"33981",262,51,7.31071220758325,211
"33982",262,52,6.96568339761182,210
"33983",262,53,7.43203723554142,209
"33984",262,54,7.58982371215347,208
"33985",262,55,5.60714642269016,207
"33986",262,56,5.8669338625207,206
"33987",262,57,5.87288737071061,205
"33988",262,58,3.58469722445178,204
"33989",262,59,5.34902717010379,203
"33990",262,60,6.60616611832969,202
"33991",262,61,7.37077215237194,201
"33992",262,62,9.31682682221265,200
"33993",262,63,6.07474457047242,199
"33994",262,64,4.65016711019891,198
"33995",262,65,7.13125679163796,197
"33996",262,66,8.57294888745975,196
"33997",262,67,6.2523654238427,195
"33998",262,68,5.78294174910953,194
"33999",262,69,8.63003902395031,193
"34000",262,70,5.3204577886253,192
"34001",262,71,5.1627947020952,191
"34002",262,72,5.29700599514695,190
"34003",262,73,5.00295246908552,189
"34004",262,74,4.41251404813272,188
"34005",262,75,4.14162364504179,187
"34006",262,76,3.45821938308852,186
"34007",262,77,2.18621810316238,185
"34008",262,78,6.02654724657918,184
"34009",262,79,5.80537547704963,183
"34010",262,80,4.23209083730139,182
"34011",262,81,2.98431924375048,181
"34012",262,82,5.48563924432284,180
"34013",262,83,6.57514241051675,179
"34014",262,84,7.19552053880924,178
"34015",262,85,7.57592606438093,177
"34016",262,86,6.70517747135905,176
"34017",262,87,8.22858178130178,175
"34018",262,88,7.71249009423891,174
"34019",262,89,4.6944711019522,173
"34020",262,90,7.22707513677244,172
"34021",262,91,5.79140932238963,171
"34022",262,92,4.63740411646816,170
"34023",262,93,4.48956398061305,169
"34024",262,94,5.04976861132098,168
"34025",262,95,5.72916997105576,167
"34026",262,96,5.44560035207213,166
"34027",262,97,2.42835316813542,165
"34028",262,98,5.60798273543257,164
"34029",262,99,4.84634892214555,163
"34030",262,100,3.01988019182045,162
"34031",262,101,3.05924054614392,161
"34032",262,102,2.58272528212651,160
"34033",262,103,4.15137828263265,159
"34034",262,104,2.72873243083325,158
"34035",262,105,2.65612320418771,157
"34036",262,106,5.64350051804665,156
"34037",262,107,4.88047659403115,155
"34038",262,108,1.61681531635858,154
"34039",262,109,0.96164583902191,153
"34040",262,110,2.29958233216539,152
"34041",262,111,5.50528574039265,151
"34042",262,112,4.83856615613351,150
"34043",262,113,3.77138414326841,149
"34044",262,114,1.73068648128307,148
"34045",262,115,1.81601415062915,147
"34046",262,116,3.68059718980324,146
"34047",262,117,3.87237383388838,145
"34048",262,118,3.14811372427427,144
"34049",262,119,3.28692478520003,143
"34050",262,120,3.50533919677663,142
"34051",262,121,2.52254754058053,141
"34052",262,122,0.737464977183187,140
"34053",262,123,3.46186253014914,139
"34054",262,124,4.84336750771215,138
"34055",262,125,5.08032798239691,137
"34056",262,126,2.65447178660605,136
"34057",262,127,1.4163215604192,135
"34058",262,128,1.58583088674495,134
"34059",262,129,1.07488689023922,133
"34060",262,130,1.94288049863508,132
"34061",262,131,0.810895316392345,131
"34062",262,132,0.991963122227012,130
"34063",262,133,2.15781616093553,129
"34064",262,134,2.29758967434485,128
"34065",262,135,1.3189974500675,127
"34066",262,136,1.3520016334737,126
"34067",262,137,2.78542107417945,125
"34068",262,138,1.90188427602526,124
"34069",262,139,1.84094679175922,123
"34070",262,140,0.557758976204821,122
"34071",262,141,1.58177350932959,121
"34072",262,142,1.24562204835049,120
"34073",262,143,2.95167347400374,119
"34074",262,144,2.39671653881161,118
"34075",262,145,1.60016624412287,117
"34076",262,146,2.9283310829252,116
"34077",262,147,3.30755932386055,115
"34078",262,148,2.75464993724038,114
"34079",262,149,3.2003689161223,113
"34080",262,150,2.81325611836868,112
"34081",262,151,4.36164010930754,111
"34082",262,152,4.20572229890957,110
"34083",262,153,6.44659226745826,109
"34084",262,154,4.59724215352128,108
"34085",262,155,3.09879464552674,107
"34086",262,156,1.97000881735292,106
"34087",262,157,2.63120924732337,105
"34088",262,158,3.33188070525111,104
"34089",262,159,4.1618912825896,103
"34090",262,160,4.89171328984437,102
"34091",262,161,3.8019183414957,101
"34092",262,162,2.91475624745149,100
"34093",262,163,2.56258519456679,99
"34094",262,164,4.5905192911899,98
"34095",262,165,3.85780352281831,97
"34096",262,166,2.71013667808703,96
"34097",262,167,1.88988204702155,95
"34098",262,168,1.6778451266568,94
"34099",262,169,2.5827750856954,93
"34100",262,170,2.86800573457224,92
"34101",262,171,1.59360916406945,91
"34102",262,172,2.70993855118938,90
"34103",262,173,3.30134063847833,89
"34104",262,174,4.13881405166991,88
"34105",262,175,3.95341733906067,87
"34106",262,176,4.1607208443688,86
"34107",262,177,3.84996697759422,85
"34108",262,178,2.69424829073242,84
"34109",262,179,3.36660199136505,83
"34110",262,180,4.94433417503422,82
"34111",262,181,4.06372763254229,81
"34112",262,182,4.79032881844865,80
"34113",262,183,4.57254229540866,79
"34114",262,184,3.52144202260185,78
"34115",262,185,3.67592821840064,77
"34116",262,186,3.96232295250963,76
"34117",262,187,3.15391465112713,75
"34118",262,188,3.150689656926,74
"34119",262,189,3.91302817856495,73
"34120",262,190,3.14333454354406,72
"34121",262,191,4.01260878714683,71
"34122",262,192,5.61867147444772,70
"34123",262,193,5.23484546125466,69
"34124",262,194,3.30330638537157,68
"34125",262,195,4.46689708973736,67
"34126",262,196,2.75088001093371,66
"34127",262,197,3.37150144166585,65
"34128",262,198,4.28078999558189,64
"34129",262,199,4.18988575683376,63
"34130",262,200,4.41118768733489,62
"34131",262,201,4.46701706185741,61
"34132",262,202,6.19434501529712,60
"34133",262,203,6.5091860740697,59
"34134",262,204,6.42376704895129,58
"34135",262,205,5.87374852640642,57
"34136",262,206,4.64233750716168,56
"34137",262,207,4.60660841306853,55
"34138",262,208,5.20322720954867,54
"34139",262,209,4.80028748983022,53
"34140",262,210,5.83690281959256,52
"34141",262,211,5.25902746521747,51
"34142",262,212,5.13212117245973,50
"34143",262,213,4.08527733482107,49
"34144",262,214,5.192002569142,48
"34145",262,215,3.09862401041547,47
"34146",262,216,3.44514860701371,46
"34147",262,217,3.08107770611267,45
"34148",262,218,4.03477438516632,44
"34149",262,219,4.36813634128546,43
"34150",262,220,4.26894692572281,42
"34151",262,221,4.26709427875723,41
"34152",262,222,5.1777952268979,40
"34153",262,223,4.12481649568983,39
"34154",262,224,4.39838130728046,38
"34155",262,225,3.10713264966105,37
"34156",262,226,3.46208905918401,36
"34157",262,227,2.4293943893035,35
"34158",262,228,3.91489107992196,34
"34159",262,229,3.30960726809765,33
"34160",262,230,3.65345585979443,32
"34161",262,231,2.22289592766617,31
"34162",262,232,2.84147039706449,30
"34163",262,233,4.39110853670268,29
"34164",262,234,5.03416734949026,28
"34165",262,235,2.99923887223231,27
"34166",262,236,3.68472240895506,26
"34167",262,237,3.38191420153975,25
"34168",262,238,3.67149278785142,24
"34169",262,239,5.86867165638773,23
"34170",262,240,4.95265330685802,22
"34171",262,241,2.40651977055302,21
"34172",262,242,2.45559798135157,20
"34173",262,243,2.95595996159782,19
"34174",262,244,1.98581816217882,18
"34175",262,245,1.73796329932481,17
"34176",262,246,2.4557901597061,16
"34177",262,247,3.47406343329332,15
"34178",262,248,3.17312782821474,14
"34179",262,249,4.08102150568577,13
"34180",262,250,2.49695742420294,12
"34181",262,251,2.66753091337356,11
"34182",262,252,2.62917439475278,10
"34183",262,253,1.84392074879515,9
"34184",262,254,2.05039544443661,8
"34185",262,255,2.11917906514299,7
"34186",262,256,1.59325487244233,6
"34187",262,257,1.97752798196641,5
"34188",262,258,2.10815594181685,4
"34189",262,259,2.04312498644963,3
"34190",262,260,1.59292560511967,2
"34191",262,261,1.0768309288735,1
"34192",263,1,3.83423587746672,262
"34193",263,2,5.89341604124669,261
"34194",263,3,10.5504339921275,260
"34195",263,4,7.9724191319446,259
"34196",263,5,9.04554718357474,258
"34197",263,6,8.34367223626387,257
"34198",263,7,8.75714870384836,256
"34199",263,8,10.610796891534,255
"34200",263,9,13.350488887234,254
"34201",263,10,10.6022852342632,253
"34202",263,11,7.53172964425032,252
"34203",263,12,10.70601961233,251
"34204",263,13,11.697373386865,250
"34205",263,14,8.52712471491295,249
"34206",263,15,7.91897382014048,248
"34207",263,16,8.66299511892333,247
"34208",263,17,9.39500377486768,246
"34209",263,18,5.61396403782827,245
"34210",263,19,6.04630419619778,244
"34211",263,20,8.0230236300098,243
"34212",263,21,12.3429616121649,242
"34213",263,22,11.7687105794327,241
"34214",263,23,12.1425009292396,240
"34215",263,24,10.2840553782949,239
"34216",263,25,7.13351676105781,238
"34217",263,26,8.03170866037416,237
"34218",263,27,7.13025464830195,236
"34219",263,28,6.23335179665185,235
"34220",263,29,7.36601743102355,234
"34221",263,30,6.87135682367465,233
"34222",263,31,8.69241441088089,232
"34223",263,32,6.70009629148971,231
"34224",263,33,7.32999808275487,230
"34225",263,34,11.1344599105898,229
"34226",263,35,7.477884166865,228
"34227",263,36,5.79991410305222,227
"34228",263,37,6.46697114200436,226
"34229",263,38,6.18663063393382,225
"34230",263,39,11.1946810815779,224
"34231",263,40,10.1921173887239,223
"34232",263,41,10.9148414794801,222
"34233",263,42,8.5267918194841,221
"34234",263,43,8.47348118674388,220
"34235",263,44,8.18511827350119,219
"34236",263,45,9.45652973222927,218
"34237",263,46,10.784296768213,217
"34238",263,47,8.43547163365514,216
"34239",263,48,5.60711034562974,215
"34240",263,49,4.50095801523444,214
"34241",263,50,12.0080177230376,213
"34242",263,51,8.85998427770792,212
"34243",263,52,8.51495546773648,211
"34244",263,53,8.98130930566609,210
"34245",263,54,8.70242062396384,209
"34246",263,55,7.05703968408967,208
"34247",263,56,7.11805606054803,207
"34248",263,57,7.42215944083527,206
"34249",263,58,4.69729413626215,205
"34250",263,59,4.39246345220874,204
"34251",263,60,8.15543818845436,203
"34252",263,61,8.92004422249661,202
"34253",263,62,10.8660988923373,201
"34254",263,63,7.62401664059708,200
"34255",263,64,4.86604744377279,199
"34256",263,65,6.10899629936447,198
"34257",263,66,10.1222209575844,197
"34258",263,67,7.36496233565307,196
"34259",263,68,6.18370350873818,195
"34260",263,69,10.179311094075,194
"34261",263,70,6.86972985874997,193
"34262",263,71,6.71206677221986,192
"34263",263,72,6.84627806527162,191
"34264",263,73,6.1668433654203,190
"34265",263,74,5.96178611825738,189
"34266",263,75,4.52752766097658,188
"34267",263,76,5.00749145321319,187
"34268",263,77,3.73549017328704,186
"34269",263,78,7.57581931670385,185
"34270",263,79,7.3546475471743,184
"34271",263,80,5.14414722290522,183
"34272",263,81,4.53359131387514,182
"34273",263,82,5.02387200623793,181
"34274",263,83,6.56693300979035,180
"34275",263,84,8.74479260893391,179
"34276",263,85,9.12519813450559,178
"34277",263,86,8.25444954148372,177
"34278",263,87,9.77785385142645,176
"34279",263,88,9.26176216436357,175
"34280",263,89,6.24374317207686,174
"34281",263,90,6.20481464449895,173
"34282",263,91,7.3406813925143,172
"34283",263,92,6.18667618659283,171
"34284",263,93,6.03883605073772,170
"34285",263,94,6.50870426190877,169
"34286",263,95,7.27844204118043,168
"34287",263,96,6.9948724221968,167
"34288",263,97,3.97762523826008,166
"34289",263,98,5.19078872842924,165
"34290",263,99,3.43783547866361,164
"34291",263,100,2.18755488156438,163
"34292",263,101,4.15572792613299,162
"34293",263,102,3.47090171044501,161
"34294",263,103,3.96388095935976,160
"34295",263,104,3.84132934264362,159
"34296",263,105,4.20539527431237,158
"34297",263,106,4.62124002577316,157
"34298",263,107,6.42974866415581,156
"34299",263,108,3.16608738648325,155
"34300",263,109,2.51091790914658,154
"34301",263,110,3.75851798275317,153
"34302",263,111,7.05455781051732,152
"34303",263,112,5.85560829989265,151
"34304",263,113,2.74912365099492,150
"34305",263,114,1.56491105154533,149
"34306",263,115,2.1096320883523,148
"34307",263,116,4.61289641753378,147
"34308",263,117,3.37604386028661,146
"34309",263,118,4.46138970297468,145
"34310",263,119,4.8361968553247,144
"34311",263,120,5.0546112669013,143
"34312",263,121,2.66592206444138,142
"34313",263,122,1.65856375197528,141
"34314",263,123,4.8255607159554,140
"34315",263,124,5.7595652372596,139
"34316",263,125,6.62960005252157,138
"34317",263,126,4.20374385673072,137
"34318",263,127,2.96559363054387,136
"34319",263,128,2.69842779855532,135
"34320",263,129,2.62415896036388,134
"34321",263,130,3.05547741044545,133
"34322",263,131,1.92349222820272,132
"34323",263,132,1.76809468339537,131
"34324",263,133,1.37646625125283,130
"34325",263,134,0.83865402375707,129
"34326",263,135,0.396888913742068,128
"34327",263,136,1.05767779156502,127
"34328",263,137,2.25547629584045,126
"34329",263,138,1.03089040506931,125
"34330",263,139,1.07672158771484,124
"34331",263,140,1.27258518059859,123
"34332",263,141,2.60403400160308,122
"34333",263,142,1.80628370677727,121
"34334",263,143,2.79709849720445,120
"34335",263,144,3.17215564171633,119
"34336",263,145,2.97506488286758,118
"34337",263,146,4.38726673351299,117
"34338",263,147,4.76649497444833,116
"34339",263,148,3.68135566146265,115
"34340",263,149,2.9281421227427,114
"34341",263,150,3.83551661064217,113
"34342",263,151,5.38390060158103,112
"34343",263,152,5.66465794949736,111
"34344",263,153,7.90552791804604,110
"34345",263,154,6.05617780410906,109
"34346",263,155,4.12105513780023,108
"34347",263,156,3.0894989821174,107
"34348",263,157,3.65346973959686,106
"34349",263,158,4.79081635583889,105
"34350",263,159,5.23261054421855,104
"34351",263,160,6.30229421567005,103
"34352",263,161,4.96984126446731,102
"34353",263,162,4.37369189803927,101
"34354",263,163,3.2427733867681,100
"34355",263,164,6.04945494177769,99
"34356",263,165,5.31673917340609,98
"34357",263,166,4.16907232867482,97
"34358",263,167,3.34881769760933,96
"34359",263,168,2.29387870355871,95
"34360",263,169,3.60503557796889,94
"34361",263,170,3.89026622684573,93
"34362",263,171,2.29621170806954,92
"34363",263,172,3.08759350075561,91
"34364",263,173,4.5249726559055,90
"34365",263,174,5.4184752256331,89
"34366",263,175,5.41235298964846,88
"34367",263,176,5.61965649495658,87
"34368",263,177,4.87222746986771,86
"34369",263,178,3.71650878300591,85
"34370",263,179,4.6315204864926,84
"34371",263,180,6.403269825622,83
"34372",263,181,5.52266328313007,82
"34373",263,182,5.81258931072214,81
"34374",263,183,5.59480278768215,80
"34375",263,184,4.98037767318963,79
"34376",263,185,4.69818871067413,78
"34377",263,186,4.98458344478312,77
"34378",263,187,3.84738422453252,76
"34379",263,188,4.60962530751379,75
"34380",263,189,4.45875715181734,74
"34381",263,190,4.60227019413185,73
"34382",263,191,5.47154443773462,72
"34383",263,192,7.07760712503551,71
"34384",263,193,6.69378111184245,70
"34385",263,194,4.61634550492618,69
"34386",263,195,5.92583274032515,68
"34387",263,196,4.20981566152149,67
"34388",263,197,4.83043709225364,66
"34389",263,198,5.73972564616968,65
"34390",263,199,5.64882140742155,64
"34391",263,200,5.43344817960838,63
"34392",263,201,5.25958087040045,62
"34393",263,202,7.63647326351629,61
"34394",263,203,7.53144656634319,60
"34395",263,204,7.44602754122478,59
"34396",263,205,7.3326841769942,58
"34397",263,206,4.76260522096011,57
"34398",263,207,6.06554406365632,56
"34399",263,208,6.66216286013645,55
"34400",263,209,6.25922314041801,54
"34401",263,210,7.29583847018034,53
"34402",263,211,6.71796311580525,52
"34403",263,212,6.59105682304751,51
"34404",263,213,5.54421298540885,50
"34405",263,214,6.65093821972979,49
"34406",263,215,4.13724551499416,48
"34407",263,216,3.99648452969627,47
"34408",263,217,4.54001335670045,46
"34409",263,218,4.6197251125861,45
"34410",263,219,4.98109492401231,44
"34411",263,220,5.72788257631059,43
"34412",263,221,5.70987700622653,42
"34413",263,222,6.63673087748569,41
"34414",263,223,5.58375214627762,40
"34415",263,224,5.42064179955395,39
"34416",263,225,4.03383837388331,38
"34417",263,226,3.20666966817303,37
"34418",263,227,3.59140374668637,36
"34419",263,228,5.37382673050974,35
"34420",263,229,4.55850289584841,34
"34421",263,230,5.11239151038221,33
"34422",263,231,2.91580954879327,32
"34423",263,232,3.86373088933798,31
"34424",263,233,4.77437043569908,30
"34425",263,234,6.49310300007804,29
"34426",263,235,4.32866501524046,28
"34427",263,236,5.14365805954284,27
"34428",263,237,3.74276174873737,26
"34429",263,238,3.73573134511383,25
"34430",263,239,5.17625980379274,24
"34431",263,240,6.41158895744581,23
"34432",263,241,3.86545542114081,22
"34433",263,242,3.47785847362506,21
"34434",263,243,3.97822045387131,20
"34435",263,244,3.18604693138741,19
"34436",263,245,2.39101413295628,18
"34437",263,246,3.55616341112279,17
"34438",263,247,4.23269513382942,16
"34439",263,248,3.28186433988312,15
"34440",263,249,3.05876101341229,14
"34441",263,250,0.947685354078271,13
"34442",263,251,1.55493400156319,12
"34443",263,252,1.07990232462812,11
"34444",263,253,2.44567887858355,10
"34445",263,254,2.7533152917064,9
"34446",263,255,3.11220812321699,8
"34447",263,256,2.49115848820255,7
"34448",263,257,3.34122616777267,6
"34449",263,258,3.30937360744523,5
"34450",263,259,3.59239705657429,4
"34451",263,260,2.76123437019635,3
"34452",263,261,2.55887338952371,2
"34453",263,262,1.54927207012467,1
"34454",264,1,4.78710644393543,263
"34455",264,2,6.8462866077154,262
"34456",264,3,11.5033045585962,261
"34457",264,4,8.92528969841331,260
"34458",264,5,9.99841775004345,259
"34459",264,6,8.29381823649571,258
"34460",264,7,9.71001927031707,257
"34461",264,8,11.5636674580027,256
"34462",264,9,14.3033594537027,255
"34463",264,10,11.5551558007319,254
"34464",264,11,8.151085266717,253
"34465",264,12,11.6588901787987,252
"34466",264,13,12.6502439533337,251
"34467",264,14,9.26134556844445,250
"34468",264,15,8.87184438660918,249
"34469",264,16,9.61586568539203,248
"34470",264,17,10.3478743413364,247
"34471",264,18,6.56683460429698,246
"34472",264,19,6.99917476266648,245
"34473",264,20,8.9758941964785,244
"34474",264,21,13.2958321786336,243
"34475",264,22,12.7215811459014,242
"34476",264,23,13.0953714957083,241
"34477",264,24,11.2369259447636,240
"34478",264,25,7.95222182439421,239
"34479",264,26,8.98457922684287,238
"34480",264,27,7.53384779529704,237
"34481",264,28,6.88308844037843,236
"34482",264,29,8.31888799749226,235
"34483",264,30,6.82150282390649,234
"34484",264,31,9.6452849773496,233
"34485",264,32,6.65024229172155,232
"34486",264,33,8.28286864922358,231
"34487",264,34,12.0873304770585,230
"34488",264,35,8.24568541290208,229
"34489",264,36,6.50067363399169,228
"34490",264,37,7.41984170847307,227
"34491",264,38,6.13677663416567,226
"34492",264,39,12.1475516480466,225
"34493",264,40,11.1449879551926,224
"34494",264,41,11.8677120459488,223
"34495",264,42,8.79286402521116,222
"34496",264,43,9.42635175321258,221
"34497",264,44,9.13798883996989,220
"34498",264,45,10.409400298698,219
"34499",264,46,11.7371673346817,218
"34500",264,47,9.38834220012384,217
"34501",264,48,6.55998091209844,216
"34502",264,49,5.45382858170315,215
"34503",264,50,12.9608882895063,214
"34504",264,51,9.81285484417662,213
"34505",264,52,9.46782603420519,212
"34506",264,53,9.93417987213479,211
"34507",264,54,8.65256662419569,210
"34508",264,55,8.00991025055838,209
"34509",264,56,8.07092662701673,208
"34510",264,57,8.37503000730398,207
"34511",264,58,5.39770049695301,206
"34512",264,59,5.34533401867745,205
"34513",264,60,9.10830875492306,204
"34514",264,61,9.87291478896532,203
"34515",264,62,11.818969458806,202
"34516",264,63,8.57688720706579,201
"34517",264,64,5.81891801024149,200
"34518",264,65,6.80975583030394,199
"34519",264,66,11.0750915240531,198
"34520",264,67,7.94576943628143,197
"34521",264,68,7.13657407520689,196
"34522",264,69,11.1321816605437,195
"34523",264,70,7.82260042521867,194
"34524",264,71,7.66493733868857,193
"34525",264,72,7.79914863174032,192
"34526",264,73,7.119713931889,191
"34527",264,74,6.91465668472609,190
"34528",264,75,5.48039822744528,189
"34529",264,76,5.96036201968189,188
"34530",264,77,4.68836073975575,187
"34531",264,78,8.52868988317255,186
"34532",264,79,8.307518113643,185
"34533",264,80,6.09701778937392,184
"34534",264,81,5.48646188034385,183
"34535",264,82,5.97674257270664,182
"34536",264,83,7.51980357625906,181
"34537",264,84,9.69766317540262,180
"34538",264,85,10.0780687009743,179
"34539",264,86,9.20732010795242,178
"34540",264,87,10.7307244178952,177
"34541",264,88,10.2146327308323,176
"34542",264,89,7.19661373854557,175
"34543",264,90,6.90557417543843,174
"34544",264,91,8.29355195898301,173
"34545",264,92,7.13954675306153,172
"34546",264,93,6.99170661720642,171
"34547",264,94,7.08089672999862,170
"34548",264,95,8.23131260764913,169
"34549",264,96,7.9477429886655,168
"34550",264,97,4.93049580472879,167
"34551",264,98,6.14365929489794,166
"34552",264,99,4.34203918659014,165
"34553",264,100,3.14042544803308,164
"34554",264,101,4.45769296143037,163
"34555",264,102,4.42377227691371,162
"34556",264,103,4.91675152582846,161
"34557",264,104,4.16332551729943,160
"34558",264,105,5.15826584078108,159
"34559",264,106,5.47887312746034,158
"34560",264,107,7.38261923062452,157
"34561",264,108,4.11895795295195,156
"34562",264,109,3.46378847561528,155
"34563",264,110,4.06048301805056,154
"34564",264,111,8.00742837698603,153
"34565",264,112,6.80847886636136,152
"34566",264,113,3.61235025619038,151
"34567",264,114,1.86687608684272,150
"34568",264,115,2.41159712364968,149
"34569",264,116,4.91486145283117,148
"34570",264,117,3.678008895584,147
"34571",264,118,4.76335473827207,146
"34572",264,119,5.7890674217934,145
"34573",264,120,6.00748183337,144
"34574",264,121,2.87487378841611,143
"34575",264,122,2.58954319553497,142
"34576",264,123,5.12752575125279,141
"34577",264,124,6.71243580372831,140
"34578",264,125,7.58247061899028,139
"34579",264,126,5.15661442319942,138
"34580",264,127,3.91846419701257,137
"34581",264,128,2.64857379878716,136
"34582",264,129,3.57702952683259,135
"34583",264,130,3.50677500349418,134
"34584",264,131,2.50409123964437,133
"34585",264,132,2.72096524986408,132
"34586",264,133,2.32933681772153,131
"34587",264,134,1.53930951010319,130
"34588",264,135,1.21532097702115,129
"34589",264,136,1.15014100311967,128
"34590",264,137,2.98403392756613,127
"34591",264,138,1.98376097153801,126
"34592",264,139,1.33402803645167,125
"34593",264,140,1.96687892142979,124
"34594",264,141,2.53393557106013,123
"34595",264,142,2.10824874207466,122
"34596",264,143,3.09906353250184,121
"34597",264,144,3.47412067701372,120
"34598",264,145,3.27702991816497,119
"34599",264,146,4.68923176881037,118
"34600",264,147,5.06846000974572,117
"34601",264,148,3.98332069676003,116
"34602",264,149,3.23010715804008,115
"34603",264,150,4.04048607378361,114
"34604",264,151,5.07135225737072,113
"34605",264,152,5.96662298479475,112
"34606",264,153,8.20749295334343,111
"34607",264,154,6.35814283940645,110
"34608",264,155,4.11577648891794,109
"34609",264,156,3.39146401741479,108
"34610",264,157,3.61578119988424,107
"34611",264,158,5.09278139113628,106
"34612",264,159,5.53457557951594,105
"34613",264,160,6.60425925096744,104
"34614",264,161,5.2718062997647,103
"34615",264,162,4.67565693333666,102
"34616",264,163,3.54473842206548,101
"34617",264,164,6.35141997707507,100
"34618",264,165,5.61870420870348,99
"34619",264,166,4.47103736397221,98
"34620",264,167,3.65078273290672,97
"34621",264,168,2.5958437388561,96
"34622",264,169,3.50263130118895,95
"34623",264,170,3.33505987978136,94
"34624",264,171,2.59817674336693,93
"34625",264,172,3.389558536053,92
"34626",264,173,4.82693769120289,91
"34627",264,174,5.72044026093049,90
"34628",264,175,5.71431802494585,89
"34629",264,176,5.92162153025397,88
"34630",264,177,4.17146793892823,87
"34631",264,178,3.30665273285959,86
"34632",264,179,4.93348552178999,85
"34633",264,180,6.70523486091939,84
"34634",264,181,5.82462831842746,83
"34635",264,182,5.27319774184784,82
"34636",264,183,5.37935406022114,81
"34637",264,184,5.28234270848702,80
"34638",264,185,3.99742917973466,79
"34639",264,186,5.060355534125,78
"34640",264,187,4.14934925982991,77
"34641",264,188,4.91159034281118,76
"34642",264,189,4.76072218711472,75
"34643",264,190,4.90423522942923,74
"34644",264,191,5.773509473032,73
"34645",264,192,7.37957216033289,72
"34646",264,193,6.99574614713984,71
"34647",264,194,4.91831054022357,70
"34648",264,195,6.22779777562253,69
"34649",264,196,4.51178069681888,68
"34650",264,197,5.13240212755103,67
"34651",264,198,6.04169068146706,66
"34652",264,199,5.95078644271894,65
"34653",264,200,5.62216067503797,64
"34654",264,201,5.01174826325745,63
"34655",264,202,7.93843829881367,62
"34656",264,203,7.78518693262017,61
"34657",264,204,7.65089295977287,60
"34658",264,205,7.63464921229159,59
"34659",264,206,4.06184569002064,58
"34660",264,207,6.36750909895371,57
"34661",264,208,6.96412789543384,56
"34662",264,209,6.56118817571539,55
"34663",264,210,7.59780350547773,54
"34664",264,211,7.01992815110264,53
"34665",264,212,6.8930218583449,52
"34666",264,213,5.84617802070624,51
"34667",264,214,6.95290325502717,50
"34668",264,215,4.43921055029155,49
"34669",264,216,4.29844956499365,48
"34670",264,217,4.84197839199784,47
"34671",264,218,4.92169014788349,46
"34672",264,219,5.28305995930969,45
"34673",264,220,6.02984761160798,44
"34674",264,221,6.01184204152392,43
"34675",264,222,6.93869591278308,42
"34676",264,223,5.88571718157501,41
"34677",264,224,5.47984478740392,40
"34678",264,225,4.3358034091807,39
"34679",264,226,3.50863470347041,38
"34680",264,227,3.89336878198376,37
"34681",264,228,5.67579176580713,36
"34682",264,229,4.8604679311458,35
"34683",264,230,5.4143565456796,34
"34684",264,231,3.21777458409066,33
"34685",264,232,3.3726940452258,32
"34686",264,233,5.07633547099647,31
"34687",264,234,6.79506803537543,30
"34688",264,235,4.63063005053785,29
"34689",264,236,5.44562309484023,28
"34690",264,237,4.04472678403475,27
"34691",264,238,3.03497181417436,26
"34692",264,239,5.47822483909013,25
"34693",264,240,6.7135539927432,24
"34694",264,241,4.1674204564382,23
"34695",264,242,3.52111662754325,22
"34696",264,243,3.27746092293183,21
"34697",264,244,3.48801196668479,20
"34698",264,245,2.69297916825367,19
"34699",264,246,3.85812844642017,18
"34700",264,247,4.53466016912681,17
"34701",264,248,3.58382937518051,16
"34702",264,249,3.93489570362684,15
"34703",264,250,0.234881896120878,14
"34704",264,251,1.60478800133134,13
"34705",264,252,0.882696286018936,12
"34706",264,253,2.74764391388094,11
"34707",264,254,2.53765847505868,10
"34708",264,255,2.41144859227751,9
"34709",264,256,2.79312352349994,8
"34710",264,257,3.64319120307006,7
"34711",264,258,3.61133864274262,6
"34712",264,259,4.545267623043,5
"34713",264,260,3.71410493666505,4
"34714",264,261,3.51174395599241,3
"34715",264,262,2.50214263659337,2
"34716",264,263,0.952870566468705,1
"34717",265,1,4.46727879934963,264
"34718",265,2,6.5264589631296,263
"34719",265,3,11.1834769140104,262
"34720",265,4,8.60546205382751,261
"34721",265,5,9.67859010545765,260
"34722",265,6,8.79908502614009,259
"34723",265,7,9.39019162573127,258
"34724",265,8,11.2438398134169,257
"34725",265,9,13.9835318091169,256
"34726",265,10,11.2353281561461,255
"34727",265,11,7.98714243412654,254
"34728",265,12,11.3390625342129,253
"34729",265,13,12.3304163087479,252
"34730",265,14,8.98253750478917,251
"34731",265,15,8.55201674202339,250
"34732",265,16,9.29603804080624,249
"34733",265,17,10.0280466967506,248
"34734",265,18,6.24700695971118,247
"34735",265,19,6.67934711808069,246
"34736",265,20,8.65606655189271,245
"34737",265,21,12.9760045340478,244
"34738",265,22,12.4017535013156,243
"34739",265,23,12.7755438511225,242
"34740",265,24,10.9170983001779,241
"34741",265,25,7.63239417980842,240
"34742",265,26,8.66475158225707,239
"34743",265,27,7.58566743817817,238
"34744",265,28,6.68876458652807,237
"34745",265,29,7.99906035290646,236
"34746",265,30,7.32676961355086,235
"34747",265,31,9.3254573327638,234
"34748",265,32,7.15550908136593,233
"34749",265,33,7.96304100463778,232
"34750",265,34,11.7675028324727,231
"34751",265,35,7.93329695674123,230
"34752",265,36,6.15283813409884,229
"34753",265,37,7.10001406388727,228
"34754",265,38,6.64204342381004,227
"34755",265,39,11.8277240034608,226
"34756",265,40,10.8251603106068,225
"34757",265,41,11.547884401363,224
"34758",265,42,8.98220460936032,223
"34759",265,43,9.10652410862679,222
"34760",265,44,8.81816119538409,221
"34761",265,45,10.0895726541122,220
"34762",265,46,11.4173396900959,219
"34763",265,47,9.06851455553805,218
"34764",265,48,6.24015326751265,217
"34765",265,49,5.13400093711735,216
"34766",265,50,12.6410606449206,215
"34767",265,51,9.49302719959083,214
"34768",265,52,9.1479983896194,213
"34769",265,53,9.614352227549,212
"34770",265,54,9.15783341384006,211
"34771",265,55,7.69008260597258,210
"34772",265,56,7.75109898243094,209
"34773",265,57,8.05520236271818,208
"34774",265,58,5.15270692613837,207
"34775",265,59,5.02550637409165,206
"34776",265,60,8.78848111033727,205
"34777",265,61,9.55308714437952,204
"34778",265,62,11.4991418142202,203
"34779",265,63,8.25705956247999,202
"34780",265,64,5.4990903656557,201
"34781",265,65,6.46192033041109,200
"34782",265,66,10.7552638794673,199
"34783",265,67,7.82037512552929,198
"34784",265,68,6.81674643062109,197
"34785",265,69,10.8123540159579,196
"34786",265,70,7.50277278063288,195
"34787",265,71,7.34510969410277,194
"34788",265,72,7.47932098715452,193
"34789",265,73,6.79988628730321,192
"34790",265,74,6.5948290401403,191
"34791",265,75,5.16057058285949,190
"34792",265,76,5.6405343750961,189
"34793",265,77,4.36853309516995,188
"34794",265,78,8.20886223858676,187
"34795",265,79,7.98769046905721,186
"34796",265,80,5.77719014478813,185
"34797",265,81,5.16663423575805,184
"34798",265,82,5.65691492812084,183
"34799",265,83,7.19997593167326,182
"34800",265,84,9.37783553081682,181
"34801",265,85,9.7582410563885,180
"34802",265,86,8.88749246336663,179
"34803",265,87,10.4108967733094,178
"34804",265,88,9.89480508624648,177
"34805",265,89,6.87678609395977,176
"34806",265,90,6.55773867554557,175
"34807",265,91,7.97372431439721,174
"34808",265,92,6.81971910847574,173
"34809",265,93,6.67187897262063,172
"34810",265,94,6.76106908541282,171
"34811",265,95,7.91148496306334,170
"34812",265,96,7.62791534407971,169
"34813",265,97,4.61066816014299,168
"34814",265,98,5.82383165031215,167
"34815",265,99,4.02221154200434,166
"34816",265,100,2.82059780344729,165
"34817",265,101,3.98043402709306,164
"34818",265,102,4.10394463232792,163
"34819",265,103,4.59692388124267,162
"34820",265,104,4.29674213251984,161
"34821",265,105,4.83843819619528,160
"34822",265,106,5.15904548287455,159
"34823",265,107,7.06279158603873,158
"34824",265,108,3.79913030836616,157
"34825",265,109,3.14396083102949,156
"34826",265,110,3.58322408371324,155
"34827",265,111,7.68760073240023,154
"34828",265,112,6.48865122177556,153
"34829",265,113,3.29252261160459,152
"34830",265,114,1.50333727151328,151
"34831",265,115,1.93433818931237,150
"34832",265,116,4.43760251849385,149
"34833",265,117,3.20074996124668,148
"34834",265,118,4.28609580393475,147
"34835",265,119,5.46923977720761,146
"34836",265,120,5.68765418878421,145
"34837",265,121,3.1213348543176,144
"34838",265,122,2.26971555094918,143
"34839",265,123,4.65026681691547,142
"34840",265,124,6.39260815914251,141
"34841",265,125,7.26264297440448,140
"34842",265,126,4.83678677861363,139
"34843",265,127,3.59863655242678,138
"34844",265,128,3.15384058843154,137
"34845",265,129,3.25720188224679,136
"34846",265,130,3.51089020032167,135
"34847",265,131,2.37890501807894,134
"34848",265,132,2.40113760527828,133
"34849",265,133,2.00950917313574,132
"34850",265,134,1.19147401021033,131
"34851",265,135,0.895493332435359,130
"34852",265,136,0.862931338550916,129
"34853",265,137,2.66420628298033,128
"34854",265,138,1.66393332695222,127
"34855",265,139,1.53213437759106,126
"34856",265,140,1.72799797047481,125
"34857",265,141,2.25110997055646,124
"34858",265,142,1.63098980773734,123
"34859",265,143,2.62180459816452,122
"34860",265,144,2.9968617426764,121
"34861",265,145,2.79977098382765,120
"34862",265,146,4.21197283447306,119
"34863",265,147,4.5912010754084,118
"34864",265,148,3.50606176242272,117
"34865",265,149,2.75284822370277,116
"34866",265,150,3.56322713944629,115
"34867",265,151,5.03097657053441,114
"34868",265,152,5.48936405045743,113
"34869",265,153,7.73023401900611,112
"34870",265,154,5.88088390506913,111
"34871",265,155,3.76813110675361,110
"34872",265,156,2.91420508307747,109
"34873",265,157,3.30054570855024,108
"34874",265,158,4.61552245679896,107
"34875",265,159,5.05731664517862,106
"34876",265,160,6.12700031663012,105
"34877",265,161,4.79454736542738,104
"34878",265,162,4.19839799899934,103
"34879",265,163,3.06747948772817,102
"34880",265,164,5.87416104273776,101
"34881",265,165,5.14144527436616,100
"34882",265,166,3.99377842963489,99
"34883",265,167,3.1735237985694,98
"34884",265,168,2.11858480451878,97
"34885",265,169,3.25211154692227,96
"34886",265,170,3.53734219579911,95
"34887",265,171,2.12091780902961,94
"34888",265,172,2.91229960171568,93
"34889",265,173,4.34967875686557,92
"34890",265,174,5.24318132659317,91
"34891",265,175,5.23705909060853,90
"34892",265,176,5.44436259591665,89
"34893",265,177,4.51930343882109,88
"34894",265,178,3.36358475195929,87
"34895",265,179,4.45622658745267,86
"34896",265,180,6.22797592658207,85
"34897",265,181,5.34736938409015,84
"34898",265,182,5.45966527967552,83
"34899",265,183,5.24187875663553,82
"34900",265,184,4.8050837741497,81
"34901",265,185,4.34526467962752,80
"34902",265,186,4.6316594137365,79
"34903",265,187,3.67209032549259,78
"34904",265,188,4.43433140847386,77
"34905",265,189,4.28346325277741,76
"34906",265,190,4.42697629509192,75
"34907",265,191,5.29625053869469,74
"34908",265,192,6.90231322599558,73
"34909",265,193,6.51848721280252,72
"34910",265,194,4.44105160588625,71
"34911",265,195,5.75053884128522,70
"34912",265,196,4.03452176248156,69
"34913",265,197,4.65514319321371,68
"34914",265,198,5.56443174712975,67
"34915",265,199,5.47352750838162,66
"34916",265,200,5.14490174070066,65
"34917",265,201,4.90665683935383,64
"34918",265,202,7.46117936447636,63
"34919",265,203,7.30792799828285,62
"34920",265,204,7.17363402543555,61
"34921",265,205,7.15739027795428,60
"34922",265,206,4.40968118991349,59
"34923",265,207,5.89025016461639,58
"34924",265,208,6.48686896109652,57
"34925",265,209,6.08392924137808,56
"34926",265,210,7.12054457114041,55
"34927",265,211,6.54266921676532,54
"34928",265,212,6.41576292400758,53
"34929",265,213,5.36891908636892,52
"34930",265,214,6.47564432068986,51
"34931",265,215,3.96195161595423,50
"34932",265,216,3.82119063065634,49
"34933",265,217,4.36471945766052,48
"34934",265,218,4.44443121354617,47
"34935",265,219,4.80580102497238,46
"34936",265,220,5.55258867727066,45
"34937",265,221,5.5345831071866,44
"34938",265,222,6.46143697844576,43
"34939",265,223,5.40845824723769,42
"34940",265,224,5.06771776850733,41
"34941",265,225,3.85854447484339,40
"34942",265,226,3.0313757691331,39
"34943",265,227,3.41610984764644,38
"34944",265,228,5.19853283146981,37
"34945",265,229,4.38320899680849,36
"34946",265,230,4.93709761134228,35
"34947",265,231,2.74051564975334,34
"34948",265,232,3.51080685829136,33
"34949",265,233,4.59907653665915,32
"34950",265,234,6.31780910103812,31
"34951",265,235,4.15337111620054,30
"34952",265,236,4.96836416050291,29
"34953",265,237,3.56746784969744,28
"34954",265,238,3.38280731406721,27
"34955",265,239,5.00096590475281,26
"34956",265,240,6.23629505840588,25
"34957",265,241,3.69016152210088,24
"34958",265,242,3.12493444257844,23
"34959",265,243,3.62529642282469,22
"34960",265,244,3.01075303234748,21
"34961",265,245,2.21572023391635,20
"34962",265,246,3.38086951208286,19
"34963",265,247,4.05740123478949,18
"34964",265,248,3.10657044084319,17
"34965",265,249,3.61506805904104,16
"34966",265,250,0.696102356392397,15
"34967",265,251,1.09952121168697,14
"34968",265,252,0.502875113359326,13
"34969",265,253,2.27038497954362,12
"34970",265,254,2.40039126065979,11
"34971",265,255,2.75928409217037,10
"34972",265,256,2.31586458916262,9
"34973",265,257,3.16593226873275,8
"34974",265,258,3.17999420645473,7
"34975",265,259,4.2254399784572,6
"34976",265,260,3.39427729207926,5
"34977",265,261,3.19191631140662,4
"34978",265,262,2.18231499200758,3
"34979",265,263,0.633042921882911,2
"34980",265,264,0.505266789644376,1
"34981",266,1,5.00433397846098,265
"34982",266,2,7.06351414224095,264
"34983",266,3,11.7205320931218,263
"34984",266,4,9.14251723293886,262
"34985",266,5,10.215645284569,261
"34986",266,6,8.33315552753118,260
"34987",266,7,9.92724680484262,259
"34988",266,8,11.7808949925282,258
"34989",266,9,14.5205869882283,257
"34990",266,10,11.7723833352574,256
"34991",266,11,8.36831280124255,255
"34992",266,12,11.8761177133243,254
"34993",266,13,12.8674714878593,253
"34994",266,14,9.47857310297,252
"34995",266,15,9.08907192113474,251
"34996",266,16,9.83309321991758,250
"34997",266,17,10.5651018758619,249
"34998",266,18,6.78406213882252,248
"34999",266,19,7.21640229719203,247
"35000",266,20,9.19312173100406,246
"35001",266,21,13.5130597131591,245
"35002",266,22,12.938808680427,244
"35003",266,23,13.3125990302338,243
"35004",266,24,11.4541534792892,242
"35005",266,25,8.16944935891977,241
"35006",266,26,9.20180676136842,240
"35007",266,27,7.75107532982259,239
"35008",266,28,7.10031597490398,238
"35009",266,29,8.53611553201781,237
"35010",266,30,6.56955427026822,236
"35011",266,31,9.86251251187515,235
"35012",266,32,6.39829373808329,234
"35013",266,33,8.50009618374913,233
"35014",266,34,12.304558011584,232
"35015",266,35,8.46291294742763,231
"35016",266,36,6.32572396460892,230
"35017",266,37,7.63706924299862,229
"35018",266,38,5.8848280805274,228
"35019",266,39,12.3647791825721,227
"35020",266,40,11.3622154897182,226
"35021",266,41,12.0849395804744,225
"35022",266,42,9.01009155973671,224
"35023",266,43,9.64357928773813,223
"35024",266,44,9.35521637449544,222
"35025",266,45,10.6266278332235,221
"35026",266,46,11.9543948692073,220
"35027",266,47,9.60556973464939,219
"35028",266,48,6.77720844662399,218
"35029",266,49,5.6710561162287,217
"35030",266,50,13.1781158240319,216
"35031",266,51,10.0300823787022,215
"35032",266,52,9.68505356873074,214
"35033",266,53,10.1514074066603,213
"35034",266,54,8.81019741564704,212
"35035",266,55,8.22713778508393,211
"35036",266,56,8.28815416154228,210
"35037",266,57,8.59225754182953,209
"35038",266,58,5.61492803147856,208
"35039",266,59,5.562561553203,207
"35040",266,60,9.32553628944861,206
"35041",266,61,10.0901423234909,205
"35042",266,62,12.0361969933316,204
"35043",266,63,8.79411474159134,203
"35044",266,64,6.03614554476705,202
"35045",266,65,6.3780697282601,201
"35046",266,66,11.2923190585787,200
"35047",266,67,8.16299697080698,199
"35048",266,68,7.35380160973244,198
"35049",266,69,11.3494091950692,197
"35050",266,70,8.03982795974422,196
"35051",266,71,7.88216487321412,195
"35052",266,72,8.01637616626587,194
"35053",266,73,7.33694146641455,193
"35054",266,74,7.13188421925164,192
"35055",266,75,5.69762576197083,191
"35056",266,76,6.17758955420744,190
"35057",266,77,5.07915360591707,189
"35058",266,78,8.7459174176981,188
"35059",266,79,8.52474564816855,187
"35060",266,80,6.31424532389947,186
"35061",266,81,5.7036894148694,185
"35062",266,82,6.19397010723219,184
"35063",266,83,7.73703111078461,183
"35064",266,84,9.91489070992817,182
"35065",266,85,10.2952962354998,181
"35066",266,86,9.42454764247798,180
"35067",266,87,10.9479519524207,179
"35068",266,88,10.4318602653578,178
"35069",266,89,7.41384127307112,177
"35070",266,90,6.87629762386492,176
"35071",266,91,8.51077949350856,175
"35072",266,92,7.35677428758708,174
"35073",266,93,7.20893415173197,173
"35074",266,94,8.03744718822411,172
"35075",266,95,8.44854014217468,171
"35076",266,96,8.16497052319105,170
"35077",266,97,5.14772333925434,169
"35078",266,98,6.36088682942349,168
"35079",266,99,4.55926672111569,167
"35080",266,100,3.35765298255863,166
"35081",266,101,5.68447085244833,165
"35082",266,102,4.64099981143926,164
"35083",266,103,5.13397906035402,163
"35084",266,104,4.38055305182498,162
"35085",266,105,5.37549337530663,161
"35086",266,106,5.69610066198589,160
"35087",266,107,7.59984676515007,159
"35088",266,108,4.3361854874775,158
"35089",266,109,3.68101601014083,157
"35090",266,110,5.28726090906851,156
"35091",266,111,8.22465591151158,155
"35092",266,112,7.02570640088691,154
"35093",266,113,3.82957779071593,153
"35094",266,114,3.09365397786068,152
"35095",266,115,3.63837501466764,151
"35096",266,116,6.14163934384912,150
"35097",266,117,4.90478678660195,149
"35098",266,118,5.99013262929003,148
"35099",266,119,6.00629495631895,147
"35100",266,120,6.22470936789555,146
"35101",266,121,3.09210132294166,145
"35102",266,122,3.18730667829062,144
"35103",266,123,6.35430364227074,143
"35104",266,124,6.92966333825386,142
"35105",266,125,7.79969815351583,141
"35106",266,126,5.37384195772497,140
"35107",266,127,4.13569173153812,139
"35108",266,128,2.3966252451489,138
"35109",266,129,3.90516971492801,137
"35110",266,130,3.74518291018495,136
"35111",266,131,2.94431682003692,135
"35112",266,132,2.9821882554308,134
"35113",266,133,2.54656435224708,133
"35114",266,134,1.45400380199366,132
"35115",266,135,1.92563184005741,131
"35116",266,136,2.37617260585663,130
"35117",266,137,3.78421922215579,129
"35118",266,138,2.37984893074064,128
"35119",266,139,1.55125557097722,127
"35120",266,140,2.42991960069831,126
"35121",266,141,3.76071346207808,125
"35122",266,142,3.33502663309261,124
"35123",266,143,4.32584142351979,123
"35124",266,144,4.70089856803167,122
"35125",266,145,4.50380780918292,121
"35126",266,146,5.91600965982833,120
"35127",266,147,6.29523790076368,119
"35128",266,148,5.21009858777799,118
"35129",266,149,4.45688504905804,117
"35130",266,150,5.26726396480156,116
"35131",266,151,6.29813014838868,115
"35132",266,152,7.1934008758127,114
"35133",266,153,9.43427084436139,113
"35134",266,154,7.5849207304244,112
"35135",266,155,5.34255437993589,111
"35136",266,156,4.61824190843274,110
"35137",266,157,4.84255909090219,109
"35138",266,158,6.31955928215423,108
"35139",266,159,6.76135347053389,107
"35140",266,160,7.83103714198539,106
"35141",266,161,6.49858419078265,105
"35142",266,162,5.90243482435462,104
"35143",266,163,4.77151631308344,103
"35144",266,164,7.57819786809303,102
"35145",266,165,6.84548209972143,101
"35146",266,166,5.69781525499016,100
"35147",266,167,4.87756062392467,99
"35148",266,168,3.82262162987406,98
"35149",266,169,4.72940919220691,97
"35150",266,170,4.56183777079931,96
"35151",266,171,3.82495463438488,95
"35152",266,172,4.61633642707095,94
"35153",266,173,6.05371558222084,93
"35154",266,174,6.94721815194844,92
"35155",266,175,6.9410959159638,91
"35156",266,176,7.14839942127193,90
"35157",266,177,5.34958157251885,89
"35158",266,178,4.53343062387754,88
"35159",266,179,6.16026341280794,87
"35160",266,180,7.93201275193735,86
"35161",266,181,7.05140620944542,85
"35162",266,182,6.4999756328658,84
"35163",266,183,6.6061319512391,83
"35164",266,184,6.50912059950498,82
"35165",266,185,4.83599068179378,81
"35166",266,186,6.28713342514295,80
"35167",266,187,5.37612715084786,79
"35168",266,188,6.13836823382913,78
"35169",266,189,5.98750007813268,77
"35170",266,190,6.13101312044719,76
"35171",266,191,7.00028736404996,75
"35172",266,192,8.60635005135085,74
"35173",266,193,8.22252403815779,73
"35174",266,194,6.14508843124152,72
"35175",266,195,7.45457566664049,71
"35176",266,196,5.73855858783684,70
"35177",266,197,6.35918001856898,69
"35178",266,198,7.26846857248502,68
"35179",266,199,7.17756433373689,67
"35180",266,200,6.84893856605593,66
"35181",266,201,6.2385261542754,65
"35182",266,202,9.16521618983163,64
"35183",266,203,9.01196482363812,63
"35184",266,204,8.87767085079082,62
"35185",266,205,8.86142710330955,61
"35186",266,206,5.14306779604866,60
"35187",266,207,7.59428698997166,59
"35188",266,208,8.1909057864518,58
"35189",266,209,7.78796606673335,57
"35190",266,210,8.82458139649568,56
"35191",266,211,8.24670604212059,55
"35192",266,212,8.11979974936285,54
"35193",266,213,7.0729559117242,53
"35194",266,214,8.17968114604513,52
"35195",266,215,5.66598844130951,51
"35196",266,216,5.52522745601161,50
"35197",266,217,6.06875628301579,49
"35198",266,218,6.14846803890144,48
"35199",266,219,6.50983785032765,47
"35200",266,220,7.25662550262593,46
"35201",266,221,7.23861993254187,45
"35202",266,222,8.16547380380103,44
"35203",266,223,7.11249507259296,43
"35204",266,224,6.70662267842187,42
"35205",266,225,5.56258130019866,41
"35206",266,226,4.73541259448837,40
"35207",266,227,5.12014667300172,39
"35208",266,228,6.90256965682508,38
"35209",266,229,6.08724582216376,37
"35210",266,230,6.64113443669756,36
"35211",266,231,4.44455247510862,35
"35212",266,232,4.59947193624375,34
"35213",266,233,6.30311336201443,33
"35214",266,234,8.02184592639339,32
"35215",266,235,5.85740794155581,31
"35216",266,236,6.67240098585819,30
"35217",266,237,5.27150467505271,29
"35218",266,238,3.9381268009036,28
"35219",266,239,6.70500273010808,27
"35220",266,240,7.94033188376115,26
"35221",266,241,5.39419834745615,25
"35222",266,242,4.74789451856121,24
"35223",266,243,4.1642496951262,23
"35224",266,244,4.71478985770275,22
"35225",266,245,3.91975705927162,21
"35226",266,246,5.08490633743813,20
"35227",266,247,5.76143806014477,19
"35228",266,248,4.81060726619846,18
"35229",266,249,4.15212323815239,17
"35230",266,250,1.00793446896287,16
"35231",266,251,2.29957799257788,15
"35232",266,252,2.10947417703689,14
"35233",266,253,3.9744218048989,13
"35234",266,254,3.76443636607664,12
"35235",266,255,3.44337176885873,11
"35236",266,256,4.01990141451789,10
"35237",266,257,4.86996909408802,9
"35238",266,258,4.83811653376058,8
"35239",266,259,4.76249515756855,7
"35240",266,260,3.93133247119061,6
"35241",266,261,3.72897149051796,5
"35242",266,262,2.98767857690313,4
"35243",266,263,1.52874292631534,3
"35244",266,264,1.22677789101796,2
"35245",266,265,1.70403682535527,1
"35246",267,1,5.01598029928662,266
"35247",267,2,7.07516046306659,265
"35248",267,3,11.7321784139474,264
"35249",267,4,9.1541635537645,263
"35250",267,5,10.2272916053946,262
"35251",267,6,8.34480184835682,261
"35252",267,7,9.93889312566826,260
"35253",267,8,11.7925413133539,259
"35254",267,9,14.5322333090539,258
"35255",267,10,11.7840296560831,257
"35256",267,11,8.3799591220682,256
"35257",267,12,11.8877640341499,255
"35258",267,13,12.8791178086849,254
"35259",267,14,9.49021942379564,253
"35260",267,15,9.10071824196038,252
"35261",267,16,9.84473954074323,251
"35262",267,17,10.5767481966876,250
"35263",267,18,6.79570845964817,249
"35264",267,19,7.22804861801767,248
"35265",267,20,9.2047680518297,247
"35266",267,21,13.5247060339848,246
"35267",267,22,12.9504550012526,245
"35268",267,23,13.3242453510595,244
"35269",267,24,11.4657998001148,243
"35270",267,25,8.18109567974541,242
"35271",267,26,9.21345308219406,241
"35272",267,27,7.76272165064824,240
"35273",267,28,7.11196229572963,239
"35274",267,29,8.54776185284345,238
"35275",267,30,6.58163237615629,237
"35276",267,31,9.87415883270079,236
"35277",267,32,6.41037184397136,235
"35278",267,33,8.51174250457477,234
"35279",267,34,12.3162043324097,233
"35280",267,35,8.47455926825327,232
"35281",267,36,7.23376956040134,231
"35282",267,37,7.64871556382426,230
"35283",267,38,5.89690618641547,229
"35284",267,39,12.3764255033978,228
"35285",267,40,11.3738618105438,227
"35286",267,41,12.0965859013,226
"35287",267,42,9.02173788056235,225
"35288",267,43,9.65522560856377,224
"35289",267,44,9.36686269532108,223
"35290",267,45,10.6382741540492,222
"35291",267,46,11.9660411900329,221
"35292",267,47,9.61721605547504,220
"35293",267,48,6.78885476744963,219
"35294",267,49,5.68270243705434,218
"35295",267,50,13.1897621448575,217
"35296",267,51,10.0417286995278,216
"35297",267,52,9.69669988955638,215
"35298",267,53,10.163053727486,214
"35299",267,54,8.82184373647268,213
"35300",267,55,8.23878410590957,212
"35301",267,56,8.29980048236793,211
"35302",267,57,8.60390386265517,210
"35303",267,58,5.6265743523042,209
"35304",267,59,5.76062213517943,208
"35305",267,60,9.33718261027425,207
"35306",267,61,10.1017886443165,206
"35307",267,62,12.0478433141572,205
"35308",267,63,8.80576106241698,204
"35309",267,64,6.04779186559269,203
"35310",267,65,7.5428517567136,202
"35311",267,66,11.3039653794043,201
"35312",267,67,8.17464329163263,200
"35313",267,68,7.36544793055808,199
"35314",267,69,11.3610555158949,198
"35315",267,70,8.05147428056986,197
"35316",267,71,7.89381119403976,196
"35317",267,72,8.02802248709151,195
"35318",267,73,7.3485877872402,194
"35319",267,74,7.14353054007728,193
"35320",267,75,5.70927208279648,192
"35321",267,76,6.18923587503309,191
"35322",267,77,4.91723459510694,190
"35323",267,78,8.75756373852375,189
"35324",267,79,8.5363919689942,188
"35325",267,80,6.32589164472511,187
"35326",267,81,5.71533573569504,186
"35327",267,82,6.20561642805783,185
"35328",267,83,7.74867743161025,184
"35329",267,84,9.92653703075381,183
"35330",267,85,10.3069425563255,182
"35331",267,86,9.43619396330362,181
"35332",267,87,10.9595982732463,180
"35333",267,88,10.4435065861835,179
"35334",267,89,7.42548759389676,178
"35335",267,90,7.63867010184808,177
"35336",267,91,8.5224258143342,176
"35337",267,92,7.36842060841272,175
"35338",267,93,7.22058047255762,174
"35339",267,94,7.30977058534981,173
"35340",267,95,8.46018646300033,172
"35341",267,96,8.17661684401669,171
"35342",267,97,5.15936966007998,170
"35343",267,98,6.37253315024914,169
"35344",267,99,4.77260187036472,168
"35345",267,100,3.36929930338427,167
"35346",267,101,4.1933413381221,166
"35347",267,102,4.6526461322649,165
"35348",267,103,5.14562538117966,164
"35349",267,104,4.39219937265062,163
"35350",267,105,5.38713969613227,162
"35351",267,106,6.05509548312229,161
"35352",267,107,7.61149308597571,160
"35353",267,108,4.34783180830315,159
"35354",267,109,3.69266233096647,158
"35355",267,110,3.79684214548609,157
"35356",267,111,8.23630223233722,156
"35357",267,112,7.03735272171255,155
"35358",267,113,4.18297910834405,154
"35359",267,114,2.05203877145027,153
"35360",267,115,2.14724550034142,152
"35361",267,116,4.6505098295229,151
"35362",267,117,3.41365727227573,150
"35363",267,118,4.4990031149638,149
"35364",267,119,6.01794127714459,148
"35365",267,120,6.2363556887212,147
"35366",267,121,3.10374764376731,146
"35367",267,122,2.81841705088616,145
"35368",267,123,4.86317412794452,144
"35369",267,124,6.9413096590795,143
"35370",267,125,7.81134447434147,142
"35371",267,126,5.38548827855062,141
"35372",267,127,4.14733805236376,140
"35373",267,128,2.40870335103697,139
"35374",267,129,3.80590338218378,138
"35375",267,130,3.73564885884537,137
"35376",267,131,2.73296509499556,136
"35377",267,132,2.94983910521527,135
"35378",267,133,2.56941112601117,134
"35379",267,134,2.27240543651284,133
"35380",267,135,1.50581749241664,132
"35381",267,136,1.37901485847086,131
"35382",267,137,3.21290778291732,130
"35383",267,138,2.3134792411009,129
"35384",267,139,1.56290189180287,128
"35385",267,140,2.19575277678099,127
"35386",267,141,2.26958394775186,126
"35387",267,142,1.84389711876639,125
"35388",267,143,2.83471190919357,124
"35389",267,144,3.20976905370545,123
"35390",267,145,3.0126782948567,122
"35391",267,146,4.42488014550211,121
"35392",267,147,4.80410838643745,120
"35393",267,148,3.71896907345177,119
"35394",267,149,2.96575553473182,118
"35395",267,150,3.77613445047534,117
"35396",267,151,4.80700063406245,116
"35397",267,152,5.70227136148648,115
"35398",267,153,7.94314133003516,114
"35399",267,154,6.09379121609818,113
"35400",267,155,3.85142486560967,112
"35401",267,156,3.12711239410652,111
"35402",267,157,3.35142957657597,110
"35403",267,158,4.82842976782801,109
"35404",267,159,5.27022395620767,108
"35405",267,160,6.33990762765917,107
"35406",267,161,5.00745467645643,106
"35407",267,162,4.41130531002839,105
"35408",267,163,3.28038679875722,104
"35409",267,164,6.0870683537668,103
"35410",267,165,5.35435258539521,102
"35411",267,166,4.20668574066394,101
"35412",267,167,3.38643110959845,100
"35413",267,168,2.33149211554783,99
"35414",267,169,3.23827967788069,98
"35415",267,170,3.07070825647309,97
"35416",267,171,2.33382512005866,96
"35417",267,172,3.12520691274473,95
"35418",267,173,4.56258606789462,94
"35419",267,174,5.45608863762222,93
"35420",267,175,5.44996640163758,92
"35421",267,176,5.6572699069457,91
"35422",267,177,3.85845205819263,90
"35423",267,178,3.04230110955132,89
"35424",267,179,4.66913389848172,88
"35425",267,180,6.44088323761112,87
"35426",267,181,5.56027669511919,86
"35427",267,182,5.00884611853957,85
"35428",267,183,5.11500243691287,84
"35429",267,184,5.01799108517875,83
"35430",267,185,3.34486116746756,82
"35431",267,186,4.79600391081673,81
"35432",267,187,3.88499763652164,80
"35433",267,188,4.64723871950291,79
"35434",267,189,4.49637056380646,78
"35435",267,190,4.63988360612096,77
"35436",267,191,5.50915784972374,76
"35437",267,192,7.11522053702463,75
"35438",267,193,6.73139452383157,74
"35439",267,194,4.6539589169153,73
"35440",267,195,5.96344615231427,72
"35441",267,196,4.24742907351061,71
"35442",267,197,4.86805050424276,70
"35443",267,198,5.7773390581588,69
"35444",267,199,5.68643481941067,68
"35445",267,200,5.35780905172971,67
"35446",267,201,4.74739663994918,66
"35447",267,202,7.6740866755054,65
"35448",267,203,7.5208353093119,64
"35449",267,204,7.3865413364646,63
"35450",267,205,7.37029758898333,62
"35451",267,206,3.65193828172244,61
"35452",267,207,6.10315747564544,60
"35453",267,208,6.69977627212557,59
"35454",267,209,6.29683655240713,58
"35455",267,210,7.33345188216946,57
"35456",267,211,6.75557652779437,56
"35457",267,212,6.62867023503663,55
"35458",267,213,5.58182639739797,54
"35459",267,214,6.68855163171891,53
"35460",267,215,4.17485892698328,52
"35461",267,216,4.03409794168538,51
"35462",267,217,4.57762676868957,50
"35463",267,218,4.65733852457522,49
"35464",267,219,5.01870833600143,48
"35465",267,220,5.76549598829971,47
"35466",267,221,5.74749041821565,46
"35467",267,222,6.67434428947481,45
"35468",267,223,5.62136555826674,44
"35469",267,224,5.21549316409565,43
"35470",267,225,4.07145178587243,42
"35471",267,226,3.24428308016215,41
"35472",267,227,3.62901715867549,40
"35473",267,228,5.41144014249886,39
"35474",267,229,4.59611630783753,38
"35475",267,230,5.15000492237133,37
"35476",267,231,2.95342296078239,36
"35477",267,232,3.10834242191753,35
"35478",267,233,4.8119838476882,34
"35479",267,234,6.53071641206716,33
"35480",267,235,4.36627842722958,32
"35481",267,236,5.18127147153196,31
"35482",267,237,3.78037516072649,30
"35483",267,238,2.44699728657737,29
"35484",267,239,5.21387321578186,28
"35485",267,240,6.44920236943493,27
"35486",267,241,3.90306883312993,26
"35487",267,242,3.25676500423498,25
"35488",267,243,2.67312018079998,24
"35489",267,244,3.22366034337653,23
"35490",267,245,2.4286275449454,22
"35491",267,246,3.59377682311191,21
"35492",267,247,4.27030854581854,20
"35493",267,248,3.31947775187224,19
"35494",267,249,4.49261647076141,18
"35495",267,250,0.967977822530533,17
"35496",267,251,2.16630869818787,16
"35497",267,252,1.09455887846207,15
"35498",267,253,2.48329229057267,14
"35499",267,254,2.27330685175042,13
"35500",267,255,1.9522422545325,12
"35501",267,256,2.52877190019167,11
"35502",267,257,3.37883957976179,10
"35503",267,258,3.72869570639172,9
"35504",267,259,4.77414147839419,8
"35505",267,260,3.94297879201625,7
"35506",267,261,3.74061781134361,6
"35507",267,262,2.73101649194456,5
"35508",267,263,1.43385545734913,4
"35509",267,264,0.733095926409655,3
"35510",267,265,1.08093142630251,2
"35511",267,266,1.49112951432622,1
"35512",268,1,5.40868600399942,267
"35513",268,2,7.46786616777939,266
"35514",268,3,12.1248841186602,265
"35515",268,4,9.5468692584773,264
"35516",268,5,10.6199973101074,263
"35517",268,6,8.73750755306962,262
"35518",268,7,10.3315988303811,261
"35519",268,8,12.1852470180667,260
"35520",268,9,14.9249390137667,259
"35521",268,10,12.1767353607959,258
"35522",268,11,8.772664826781,257
"35523",268,12,12.2804697388627,256
"35524",268,13,13.2718235133977,255
"35525",268,14,9.88292512850844,254
"35526",268,15,9.49342394667318,253
"35527",268,16,10.237445245456,252
"35528",268,17,10.9694539014004,251
"35529",268,18,7.41251734458314,250
"35530",268,19,7.62075432273048,249
"35531",268,20,9.5974737565425,248
"35532",268,21,13.9174117386976,247
"35533",268,22,13.3431607059654,246
"35534",268,23,13.7169510557723,245
"35535",268,24,11.8585055048276,244
"35536",268,25,8.57380138445821,243
"35537",268,26,9.84146242006748,242
"35538",268,27,8.15542735536104,241
"35539",268,28,7.50466800044243,240
"35540",268,29,8.94046755755625,239
"35541",268,30,6.85987082037388,238
"35542",268,31,10.2668645374136,237
"35543",268,32,6.14836914164828,236
"35544",268,33,8.90444820928757,235
"35545",268,34,12.7089100371225,234
"35546",268,35,8.86726497296607,233
"35547",268,36,7.86177889827476,232
"35548",268,37,8.04142126853706,231
"35549",268,38,5.56119309192948,230
"35550",268,39,12.7691312081106,229
"35551",268,40,11.7665675152566,228
"35552",268,41,12.4892916060128,227
"35553",268,42,9.41444358527515,226
"35554",268,43,10.0479313132766,225
"35555",268,44,9.75956840003388,224
"35556",268,45,11.030979858762,223
"35557",268,46,12.3587468947457,222
"35558",268,47,10.0099217601878,221
"35559",268,48,7.18156047216243,220
"35560",268,49,6.07540814176714,219
"35561",268,50,13.5824678495703,218
"35562",268,51,10.4344344042406,217
"35563",268,52,10.0894055942692,216
"35564",268,53,10.5557594321988,215
"35565",268,54,9.21454944118548,214
"35566",268,55,8.63148981062237,213
"35567",268,56,8.69250618708073,212
"35568",268,57,8.99660956736797,211
"35569",268,58,6.019280057017,210
"35570",268,59,6.38863147305285,209
"35571",268,60,9.72988831498705,208
"35572",268,61,10.4944943490293,207
"35573",268,62,12.44054901887,206
"35574",268,63,9.19846676712978,205
"35575",268,64,6.44049757030549,204
"35576",268,65,8.17086109458702,203
"35577",268,66,11.6966710841171,202
"35578",268,67,8.56734899634543,201
"35579",268,68,7.75815363527088,200
"35580",268,69,11.7537612206077,199
"35581",268,70,8.44417998528267,198
"35582",268,71,8.28651689875256,197
"35583",268,72,8.42072819180431,196
"35584",268,73,7.741293491953,195
"35585",268,74,7.53623624479008,194
"35586",268,75,6.10197778750928,193
"35587",268,76,6.58194157974589,192
"35588",268,77,5.30994029981974,191
"35589",268,78,9.15026944323655,190
"35590",268,79,8.929097673707,189
"35591",268,80,6.71859734943791,188
"35592",268,81,6.10804144040784,187
"35593",268,82,6.59832213277063,186
"35594",268,83,8.14138313632305,185
"35595",268,84,10.3192427354666,184
"35596",268,85,10.6996482610383,183
"35597",268,86,9.82889966801642,182
"35598",268,87,11.3523039779591,181
"35599",268,88,10.8362122908963,180
"35600",268,89,7.81819329860956,179
"35601",268,90,8.2666794397215,178
"35602",268,91,8.915131519047,177
"35603",268,92,7.76112631312552,176
"35604",268,93,7.61328617727042,175
"35605",268,94,7.70247629006261,174
"35606",268,95,8.85289216771313,173
"35607",268,96,8.5693225487295,172
"35608",268,97,5.55207536479278,171
"35609",268,98,6.76523885496194,170
"35610",268,99,5.40061120823813,169
"35611",268,100,3.93007903178323,168
"35612",268,101,4.55743932539699,167
"35613",268,102,5.04535183697771,166
"35614",268,103,5.53833108589246,165
"35615",268,104,4.78490507736342,164
"35616",268,105,5.77984540084507,163
"35617",268,106,6.6831048209957,162
"35618",268,107,8.00419879068851,161
"35619",268,108,4.74053751301595,160
"35620",268,109,4.08536803567927,159
"35621",268,110,4.18954785019889,158
"35622",268,111,8.62900793705002,157
"35623",268,112,7.43005842642535,156
"35624",268,113,4.81098844621747,155
"35625",268,114,2.44474447616307,154
"35626",268,115,2.24765496166679,153
"35627",268,116,4.75091929084828,152
"35628",268,117,3.51406673360111,151
"35629",268,118,4.59941257628918,150
"35630",268,119,6.4106469818574,149
"35631",268,120,6.629061393434,148
"35632",268,121,3.49645334848011,147
"35633",268,122,3.21112275559897,146
"35634",268,123,4.9635835892699,145
"35635",268,124,7.3340153637923,144
"35636",268,125,8.20405017905427,143
"35637",268,126,5.77819398326342,142
"35638",268,127,4.54004375707656,141
"35639",268,128,2.70397649630173,140
"35640",268,129,4.19860908689658,139
"35641",268,130,4.12835456355818,138
"35642",268,131,3.12567079970836,137
"35643",268,132,3.34254480992807,136
"35644",268,133,3.19742046388459,135
"35645",268,134,2.90041477438626,134
"35646",268,135,2.13382683029006,133
"35647",268,136,1.77172056318366,132
"35648",268,137,3.60561348763012,131
"35649",268,138,2.94148857897432,130
"35650",268,139,1.95560759651567,129
"35651",268,140,2.58845848149379,128
"35652",268,141,2.39351925869699,127
"35653",268,142,1.94430658009177,126
"35654",268,143,2.93512137051895,125
"35655",268,144,3.31017851503083,124
"35656",268,145,3.11308775618208,123
"35657",268,146,4.52528960682749,122
"35658",268,147,4.90451784776283,121
"35659",268,148,3.81937853477714,120
"35660",268,149,3.06616499605719,119
"35661",268,150,3.87654391180072,118
"35662",268,151,4.90741009538783,117
"35663",268,152,5.80268082281186,116
"35664",268,153,8.04355079136054,115
"35665",268,154,6.19420067742356,114
"35666",268,155,3.95183432693505,113
"35667",268,156,3.2275218554319,112
"35668",268,157,3.45183903790135,111
"35669",268,158,4.92883922915339,110
"35670",268,159,5.37063341753305,109
"35671",268,160,6.44031708898455,108
"35672",268,161,5.10786413778181,107
"35673",268,162,4.51171477135377,106
"35674",268,163,3.3807962600826,105
"35675",268,164,6.18747781509218,104
"35676",268,165,5.45476204672059,103
"35677",268,166,4.30709520198932,102
"35678",268,167,3.48684057092383,101
"35679",268,168,2.43190157687321,100
"35680",268,169,3.33868913920607,99
"35681",268,170,3.17111771779847,98
"35682",268,171,2.43423458138404,97
"35683",268,172,3.22561637407011,96
"35684",268,173,4.66299552922,95
"35685",268,174,5.5564980989476,94
"35686",268,175,5.55037586296296,93
"35687",268,176,5.75767936827108,92
"35688",268,177,3.958861519518,91
"35689",268,178,3.1427105708767,90
"35690",268,179,4.7695433598071,89
"35691",268,180,6.5412926989365,88
"35692",268,181,5.66068615644457,87
"35693",268,182,5.10925557986495,86
"35694",268,183,5.21541189823825,85
"35695",268,184,5.11840054650413,84
"35696",268,185,3.44527062879294,83
"35697",268,186,4.89641337214211,82
"35698",268,187,3.98540709784702,81
"35699",268,188,4.74764818082829,80
"35700",268,189,4.59678002513184,79
"35701",268,190,4.74029306744634,78
"35702",268,191,5.60956731104911,77
"35703",268,192,7.21562999835001,76
"35704",268,193,6.83180398515695,75
"35705",268,194,4.75436837824068,74
"35706",268,195,6.06385561363965,73
"35707",268,196,4.34783853483599,72
"35708",268,197,4.96845996556814,71
"35709",268,198,5.87774851948418,70
"35710",268,199,5.78684428073605,69
"35711",268,200,5.45821851305509,68
"35712",268,201,4.84780610127456,67
"35713",268,202,7.77449613683078,66
"35714",268,203,7.62124477063728,65
"35715",268,204,7.48695079778998,64
"35716",268,205,7.4707070503087,63
"35717",268,206,3.75234774304782,62
"35718",268,207,6.20356693697082,61
"35719",268,208,6.80018573345095,60
"35720",268,209,6.3972460137325,59
"35721",268,210,7.43386134349484,58
"35722",268,211,6.85598598911975,57
"35723",268,212,6.72907969636201,56
"35724",268,213,5.68223585872335,55
"35725",268,214,6.78896109304429,54
"35726",268,215,4.27526838830866,53
"35727",268,216,4.13450740301076,52
"35728",268,217,4.67803623001495,51
"35729",268,218,4.7577479859006,50
"35730",268,219,5.11911779732681,49
"35731",268,220,5.86590544962509,48
"35732",268,221,5.84789987954103,47
"35733",268,222,6.77475375080019,46
"35734",268,223,5.72177501959212,45
"35735",268,224,5.31590262542103,44
"35736",268,225,4.17186124719781,43
"35737",268,226,3.34469254148752,42
"35738",268,227,3.72942662000087,41
"35739",268,228,5.51184960382424,40
"35740",268,229,4.69652576916291,39
"35741",268,230,5.25041438369671,38
"35742",268,231,3.05383242210777,37
"35743",268,232,3.20875188324291,36
"35744",268,233,4.91239330901358,35
"35745",268,234,6.63112587339254,34
"35746",268,235,4.46668788855496,33
"35747",268,236,5.28168093285734,32
"35748",268,237,3.88078462205186,31
"35749",268,238,2.54740674790275,30
"35750",268,239,5.3815122865817,29
"35751",268,240,6.54961183076031,28
"35752",268,241,4.00347829445531,27
"35753",268,242,3.35717446556036,26
"35754",268,243,2.77352964212536,25
"35755",268,244,3.3240698047019,24
"35756",268,245,2.52903700627078,23
"35757",268,246,3.69418628443729,22
"35758",268,247,4.37071800714392,21
"35759",268,248,3.41988721319762,20
"35760",268,249,5.12062580863483,19
"35761",268,250,1.59598716040395,18
"35762",268,251,2.79431803606129,17
"35763",268,252,1.43027197294806,16
"35764",268,253,2.58370175189805,15
"35765",268,254,2.3737163130758,14
"35766",268,255,2.05265171585788,13
"35767",268,256,2.62918136151705,12
"35768",268,257,3.47924904108717,11
"35769",268,258,4.12140141110452,10
"35770",268,259,5.16684718310699,9
"35771",268,260,4.33568449672905,8
"35772",268,261,4.13332351605641,7
"35773",268,262,3.12372219665736,6
"35774",268,263,2.06186479522255,5
"35775",268,264,1.36110526428307,4
"35776",268,265,1.70894076417593,3
"35777",268,266,2.11870706713721,2
"35778",268,267,0.628009337873417,1
"35779",269,1,4.93808364327584,268
"35780",269,2,6.99726380705581,267
"35781",269,3,11.6542817579366,266
"35782",269,4,9.07626689775372,265
"35783",269,5,10.1493949493839,264
"35784",269,6,8.81664561026009,263
"35785",269,7,9.86099646965748,262
"35786",269,8,11.7146446573431,261
"35787",269,9,14.4543366530431,260
"35788",269,10,11.7061330000723,259
"35789",269,11,8.30206246605741,258
"35790",269,12,11.8098673781391,257
"35791",269,13,12.8012211526741,256
"35792",269,14,9.41232276778486,255
"35793",269,15,9.0228215859496,254
"35794",269,16,9.76684288473244,253
"35795",269,17,10.4988515406768,252
"35796",269,18,6.89709972618388,251
"35797",269,19,7.15015196200689,250
"35798",269,20,9.12687139581891,249
"35799",269,21,13.446809377974,248
"35800",269,22,12.8725583452418,247
"35801",269,23,13.2463486950487,246
"35802",269,24,11.3879031441041,245
"35803",269,25,8.10319902373462,244
"35804",269,26,9.32604480166822,243
"35805",269,27,7.68482499463746,242
"35806",269,28,7.03406563971884,241
"35807",269,29,8.46986519683267,240
"35808",269,30,7.34433019767086,239
"35809",269,31,9.79626217669001,238
"35810",269,32,7.17306966548593,237
"35811",269,33,8.43384584856399,236
"35812",269,34,12.2383076763989,235
"35813",269,35,8.39666261224249,234
"35814",269,36,7.3463612798755,233
"35815",269,37,7.57081890781348,232
"35816",269,38,6.65960400793004,231
"35817",269,39,12.298528847387,230
"35818",269,40,11.295965154533,229
"35819",269,41,12.0186892452892,228
"35820",269,42,8.99976519348031,227
"35821",269,43,9.57732895255299,226
"35822",269,44,9.2889660393103,225
"35823",269,45,10.5603774980384,224
"35824",269,46,11.8881445340221,223
"35825",269,47,9.53931939946425,222
"35826",269,48,6.71095811143885,221
"35827",269,49,5.60480578104356,220
"35828",269,50,13.1118654888468,219
"35829",269,51,9.96383204351703,218
"35830",269,52,9.6188032335456,217
"35831",269,53,10.0851570714752,216
"35832",269,54,9.17539399796006,215
"35833",269,55,8.16088744989879,214
"35834",269,56,8.22190382635714,213
"35835",269,57,8.52600720664439,212
"35836",269,58,5.54867769629342,211
"35837",269,59,5.87321385465359,210
"35838",269,60,9.25928595426347,209
"35839",269,61,10.0238919883057,208
"35840",269,62,11.9699466581464,207
"35841",269,63,8.7278644064062,206
"35842",269,64,5.9698952095819,205
"35843",269,65,7.65544347618776,204
"35844",269,66,11.2260687233935,203
"35845",269,67,8.09674663562184,202
"35846",269,68,7.2875512745473,201
"35847",269,69,11.2831588598841,200
"35848",269,70,7.97357762455908,199
"35849",269,71,7.81591453802898,198
"35850",269,72,7.95012583108073,197
"35851",269,73,7.27069113122941,196
"35852",269,74,7.0656338840665,195
"35853",269,75,5.63137542678569,194
"35854",269,76,6.1113392190223,193
"35855",269,77,4.83933793909616,192
"35856",269,78,8.67966708251296,191
"35857",269,79,8.45849531298341,190
"35858",269,80,6.24799498871433,189
"35859",269,81,5.63743907968426,188
"35860",269,82,6.12771977204705,187
"35861",269,83,7.67078077559947,186
"35862",269,84,9.84864037474303,185
"35863",269,85,10.2290459003147,184
"35864",269,86,9.35829730729284,183
"35865",269,87,10.8817016172356,182
"35866",269,88,10.3656099301727,181
"35867",269,89,7.34759093788598,180
"35868",269,90,7.75126182132224,179
"35869",269,91,8.44452915832342,178
"35870",269,92,7.29052395240194,177
"35871",269,93,7.14268381654683,176
"35872",269,94,7.23187392933903,175
"35873",269,95,8.38228980698954,174
"35874",269,96,8.09872018800591,173
"35875",269,97,5.0814730040692,172
"35876",269,98,6.29463649423835,171
"35877",269,99,4.88519358983888,170
"35878",269,100,3.41466141338397,169
"35879",269,101,4.08683696467341,168
"35880",269,102,4.57474947625412,167
"35881",269,103,5.06772872516888,166
"35882",269,104,4.31430271663984,165
"35883",269,105,5.30924304012149,164
"35884",269,106,6.16768720259644,163
"35885",269,107,7.53359642996493,162
"35886",269,108,4.26993515229236,161
"35887",269,109,3.61476567495569,160
"35888",269,110,3.71894548947531,159
"35889",269,111,8.15840557632644,158
"35890",269,112,6.95945606570177,157
"35891",269,113,4.29557082781821,156
"35892",269,114,1.97414211543948,155
"35893",269,115,1.71084616915831,154
"35894",269,116,3.69732363252339,153
"35895",269,117,2.95444284221667,152
"35896",269,118,3.90520803156636,151
"35897",269,119,5.94004462113381,150
"35898",269,120,6.15845903271042,149
"35899",269,121,3.1388954384376,148
"35900",269,122,2.74052039487538,147
"35901",269,123,4.15743580239871,146
"35902",269,124,6.86341300306872,145
"35903",269,125,7.73344781833069,144
"35904",269,126,5.30759162253983,143
"35905",269,127,4.06944139635298,142
"35906",269,128,3.17140117255154,141
"35907",269,129,3.728006726173,140
"35908",269,130,3.65775220283459,139
"35909",269,131,2.65506843898478,138
"35910",269,132,2.87194244920449,137
"35911",269,133,2.68200284548533,136
"35912",269,134,2.384997155987,135
"35913",269,135,1.6184092118908,134
"35914",269,136,1.30111820246008,133
"35915",269,137,3.13501112690654,132
"35916",269,138,2.42607096057506,131
"35917",269,139,1.54969496171105,130
"35918",269,140,2.11785612077021,129
"35919",269,141,1.9229168979734,128
"35920",269,142,1.40749778758329,127
"35921",269,143,1.88152571219406,126
"35922",269,144,2.25658285670594,125
"35923",269,145,2.05949209785719,124
"35924",269,146,3.4716939485026,123
"35925",269,147,3.85092218943794,122
"35926",269,148,2.76578287645226,121
"35927",269,149,2.01256933773231,120
"35928",269,150,2.82294825347583,119
"35929",269,151,3.85381443706295,118
"35930",269,152,4.74908516448697,117
"35931",269,153,6.98995513303565,116
"35932",269,154,5.2084461775943,115
"35933",269,155,2.89823866861016,114
"35934",269,156,2.17392619710701,113
"35935",269,157,2.39824337957646,112
"35936",269,158,3.8752435708285,111
"35937",269,159,4.31703775920816,110
"35938",269,160,5.38672143065966,109
"35939",269,161,4.05426847945692,108
"35940",269,162,3.45811911302888,107
"35941",269,163,2.32720060175771,106
"35942",269,164,5.1338821567673,105
"35943",269,165,4.4011663883957,104
"35944",269,166,3.2992718915651,103
"35945",269,167,2.43324491259894,102
"35946",269,168,1.37830591854832,101
"35947",269,169,2.28509348088118,100
"35948",269,170,2.34381905002245,99
"35949",269,171,1.38063892305915,98
"35950",269,172,2.17202071574522,97
"35951",269,173,3.60939987089511,96
"35952",269,174,4.50290244062271,95
"35953",269,175,4.49678020463807,94
"35954",269,176,4.70408370994619,93
"35955",269,177,3.32578029304442,92
"35956",269,178,2.17006160618262,91
"35957",269,179,3.71594770148221,90
"35958",269,180,5.48769704061161,89
"35959",269,181,4.60709049811968,88
"35960",269,182,4.26614213389885,87
"35961",269,183,4.16181623991336,86
"35962",269,184,4.06480488817924,85
"35963",269,185,3.15174153385085,84
"35964",269,186,3.84281771381722,83
"35965",269,187,2.93181143952213,82
"35966",269,188,3.6940525225034,81
"35967",269,189,3.54318436680695,80
"35968",269,190,3.68669740912146,79
"35969",269,191,4.55597165272423,78
"35970",269,192,6.16203434002512,77
"35971",269,193,5.77820832683206,76
"35972",269,194,3.70077271991579,75
"35973",269,195,5.01025995531476,74
"35974",269,196,3.29424287651111,73
"35975",269,197,3.91486430724325,72
"35976",269,198,4.82415286115929,71
"35977",269,199,4.73324862241116,70
"35978",269,200,4.4046228547302,69
"35979",269,201,3.79421044294967,68
"35980",269,202,6.7209004785059,67
"35981",269,203,6.56764911231239,66
"35982",269,204,6.43335513946509,65
"35983",269,205,6.41711139198382,64
"35984",269,206,3.21615804413683,63
"35985",269,207,5.14997127864593,62
"35986",269,208,5.74659007512606,61
"35987",269,209,5.34365035540762,60
"35988",269,210,6.38026568516995,59
"35989",269,211,5.80239033079486,58
"35990",269,212,5.67548403803712,57
"35991",269,213,4.62864020039846,56
"35992",269,214,5.7353654347194,55
"35993",269,215,3.22167272998377,54
"35994",269,216,3.08091174468588,53
"35995",269,217,3.62444057169006,52
"35996",269,218,3.70415232757571,51
"35997",269,219,4.06552213900192,50
"35998",269,220,4.8123097913002,49
"35999",269,221,4.79430422121614,48
"36000",269,222,5.7211580924753,47
"36001",269,223,4.66817936126723,46
"36002",269,224,4.26230696709614,45
"36003",269,225,3.11826558887293,44
"36004",269,226,2.29109688316264,43
"36005",269,227,2.67583096167598,42
"36006",269,228,4.45825394549935,41
"36007",269,229,3.64293011083803,40
"36008",269,230,4.19681872537182,39
"36009",269,231,2.00023676378289,38
"36010",269,232,2.3172837125147,37
"36011",269,233,3.85879765068869,36
"36012",269,234,5.57753021506766,35
"36013",269,235,3.41309223023007,34
"36014",269,236,4.22808527453245,33
"36015",269,237,2.82718896372698,32
"36016",269,238,2.18928416829054,31
"36017",269,239,4.28310137058114,30
"36018",269,240,5.49601617243542,29
"36019",269,241,2.94988263613042,28
"36020",269,242,2.30357880723548,27
"36021",269,243,2.43177327704802,26
"36022",269,244,2.27047414637702,25
"36023",269,245,1.47544134794589,24
"36024",269,246,2.6405906261124,23
"36025",269,247,3.31712234881903,22
"36026",269,248,2.36629155487273,21
"36027",269,249,4.60520819023557,20
"36028",269,250,1.43638124236286,19
"36029",269,251,2.27890041766203,18
"36030",269,252,0.690648032417341,17
"36031",269,253,1.53010609357316,16
"36032",269,254,1.32012065475091,15
"36033",269,255,1.5657609463937,14
"36034",269,256,1.57558570319216,13
"36035",269,257,2.42565338276228,12
"36036",269,258,3.65079905038094,11
"36037",269,259,4.69624482238341,10
"36038",269,260,3.86508213600546,9
"36039",269,261,3.66272115533282,8
"36040",269,262,2.65311983593378,7
"36041",269,263,1.54644717682329,6
"36042",269,264,1.21753782030778,5
"36043",269,265,1.19352314577667,4
"36044",269,266,2.44431571132573,3
"36045",269,267,0.953186196999509,2
"36046",269,268,1.09841091600056,1
"36047",270,1,4.83228406873745,269
"36048",270,2,6.89146423251742,268
"36049",270,3,11.5484821833983,267
"36050",270,4,8.97046732321534,266
"36051",270,5,10.0435953748455,265
"36052",270,6,8.905175324962,264
"36053",270,7,9.7551968951191,263
"36054",270,8,11.6088450828047,262
"36055",270,9,14.3485370785048,261
"36056",270,10,11.6003334255339,260
"36057",270,11,8.19626289151903,259
"36058",270,12,11.7040678036007,258
"36059",270,13,12.6954215781358,257
"36060",270,14,9.30652319324647,256
"36061",270,15,8.91702201141121,255
"36062",270,16,9.66104331019406,254
"36063",270,17,10.3930519661384,253
"36064",270,18,6.612012229099,252
"36065",270,19,7.04435238746851,251
"36066",270,20,9.02107182128053,250
"36067",270,21,13.3410098034356,249
"36068",270,22,12.7667587707035,248
"36069",270,23,13.1405491205103,247
"36070",270,24,11.2821035695657,246
"36071",270,25,7.99739944919624,245
"36072",270,26,9.0297568516449,244
"36073",270,27,7.69175773700008,243
"36074",270,28,6.92826606518046,242
"36075",270,29,8.36406562229429,241
"36076",270,30,7.43285991237278,240
"36077",270,31,9.69046260215162,239
"36078",270,32,7.26159938018784,238
"36079",270,33,8.3280462740256,237
"36080",270,34,12.1325081018605,236
"36081",270,35,8.29086303770411,235
"36082",270,36,6.74193313778693,234
"36083",270,37,7.4650193332751,233
"36084",270,38,6.74813372263196,232
"36085",270,39,12.1927292728486,231
"36086",270,40,11.1901655799947,230
"36087",270,41,11.9128896707509,229
"36088",270,42,9.08829490818223,228
"36089",270,43,9.47152937801461,227
"36090",270,44,9.18316646477192,226
"36091",270,45,10.4545779235,225
"36092",270,46,11.7823449594838,224
"36093",270,47,9.43351982492587,223
"36094",270,48,6.60515853690047,222
"36095",270,49,5.49900620650518,221
"36096",270,50,13.0060659143084,220
"36097",270,51,9.85803246897865,219
"36098",270,52,9.51300365900722,218
"36099",270,53,9.97935749693682,217
"36100",270,54,9.26392371266198,216
"36101",270,55,8.0550878753604,215
"36102",270,56,8.11610425181876,214
"36103",270,57,8.420207632106,213
"36104",270,58,5.44287812175503,212
"36105",270,59,5.39051164347947,211
"36106",270,60,9.15348637972509,210
"36107",270,61,9.91809241376734,209
"36108",270,62,11.864147083608,208
"36109",270,63,8.62206483186782,207
"36110",270,64,5.86409563504352,206
"36111",270,65,7.05101533409919,205
"36112",270,66,11.1202691488551,204
"36113",270,67,7.99094706108346,203
"36114",270,68,7.18175170000891,202
"36115",270,69,11.1773592853457,201
"36116",270,70,7.8677780500207,200
"36117",270,71,7.7101149634906,199
"36118",270,72,7.84432625654235,198
"36119",270,73,7.16489155669103,197
"36120",270,74,6.95983430952812,196
"36121",270,75,5.52557585224731,195
"36122",270,76,6.00553964448392,194
"36123",270,77,4.73353836455777,193
"36124",270,78,8.57386750797458,192
"36125",270,79,8.35269573844503,191
"36126",270,80,6.14219541417595,190
"36127",270,81,5.53163950514588,189
"36128",270,82,6.02192019750867,188
"36129",270,83,7.56498120106109,187
"36130",270,84,9.74284080020464,186
"36131",270,85,10.1232463257763,185
"36132",270,86,9.25249773275445,184
"36133",270,87,10.7759020426972,183
"36134",270,88,10.2598103556343,182
"36135",270,89,7.24179136334759,181
"36136",270,90,7.14683367923367,180
"36137",270,91,8.33872958378503,179
"36138",270,92,7.18472437786356,178
"36139",270,93,7.03688424200845,177
"36140",270,94,7.12607435480064,176
"36141",270,95,8.27649023245116,175
"36142",270,96,7.99292061346753,174
"36143",270,97,4.97567342953081,173
"36144",270,98,6.18883691969997,172
"36145",270,99,4.38721681139217,171
"36146",270,100,3.18560307283511,170
"36147",270,101,3.98103739013502,169
"36148",270,102,4.46894990171574,168
"36149",270,103,4.96192915063049,167
"36150",270,104,4.40283243134175,166
"36151",270,105,5.20344346558311,165
"36152",270,106,5.56325906050787,164
"36153",270,107,7.42779685542655,163
"36154",270,108,4.16413557775398,162
"36155",270,109,3.50896610041731,161
"36156",270,110,3.61314591493692,160
"36157",270,111,8.05260600178805,159
"36158",270,112,6.85365649116339,158
"36159",270,113,3.69114268572964,157
"36160",270,114,1.8683425409011,156
"36161",270,115,1.60504659461993,155
"36162",270,116,4.10742248537166,154
"36163",270,117,2.87056992812449,153
"36164",270,118,3.95591577081257,152
"36165",270,119,5.83424504659543,151
"36166",270,120,6.05265945817203,150
"36167",270,121,3.22742515313951,149
"36168",270,122,2.634720820337,148
"36169",270,123,4.32008678379329,147
"36170",270,124,6.75761342853034,146
"36171",270,125,7.62764824379231,145
"36172",270,126,5.20179204800145,144
"36173",270,127,3.9636418218146,143
"36174",270,128,3.25993088725345,142
"36175",270,129,3.62220715163462,141
"36176",270,130,3.61698049914358,140
"36177",270,131,2.54926886444639,139
"36178",270,132,2.7661428746661,138
"36179",270,133,2.37451444252356,137
"36180",270,134,1.78056901389843,136
"36181",270,135,1.26049860182318,135
"36182",270,136,1.19531862792169,134
"36183",270,137,3.02921155236815,133
"36184",270,138,2.02893859634004,132
"36185",270,139,1.63822467641297,131
"36186",270,140,2.01205654623182,130
"36187",270,141,1.81711732343502,129
"36188",270,142,1.3016982130449,128
"36189",270,143,2.29162456504234,127
"36190",270,144,2.66668170955422,126
"36191",270,145,2.46959095070547,125
"36192",270,146,3.88179280135087,124
"36193",270,147,4.26102104228622,123
"36194",270,148,3.17588172930053,122
"36195",270,149,2.42266819058058,121
"36196",270,150,3.23304710632411,120
"36197",270,151,4.44188156684632,119
"36198",270,152,5.15918401733525,118
"36199",270,153,7.40005398588393,117
"36200",270,154,5.55070387194695,116
"36201",270,155,3.30833752145843,115
"36202",270,156,2.58402504995529,114
"36203",270,157,2.80834223242474,113
"36204",270,158,4.28534242367678,112
"36205",270,159,4.72713661205644,111
"36206",270,160,5.79682028350793,110
"36207",270,161,4.4643673323052,109
"36208",270,162,3.86821796587716,108
"36209",270,163,2.73729945460598,107
"36210",270,164,5.54398100961557,106
"36211",270,165,4.81126524124398,105
"36212",270,166,3.6635983965127,104
"36213",270,167,2.84334376544722,103
"36214",270,168,1.7884047713966,102
"36215",270,169,2.69519233372945,101
"36216",270,170,2.94824719211102,100
"36217",270,171,1.79073777590742,99
"36218",270,172,2.5821195685935,98
"36219",270,173,4.01949872374338,97
"36220",270,174,4.91300129347098,96
"36221",270,175,4.90687905748634,95
"36222",270,176,5.11418256279447,94
"36223",270,177,3.93020843513299,93
"36224",270,178,2.77448974827119,92
"36225",270,179,4.12604655433049,91
"36226",270,180,5.89779589345989,90
"36227",270,181,5.01718935096796,89
"36228",270,182,4.87057027598742,88
"36229",270,183,4.65278375294743,87
"36230",270,184,4.47490374102752,86
"36231",270,185,3.75616967593942,85
"36232",270,186,4.2529165666655,84
"36233",270,187,3.3419102923704,83
"36234",270,188,4.10415137535167,82
"36235",270,189,3.95328321965522,81
"36236",270,190,4.09679626196973,80
"36237",270,191,4.9660705055725,79
"36238",270,192,6.57213319287339,78
"36239",270,193,6.18830717968033,77
"36240",270,194,4.11087157276407,76
"36241",270,195,5.42035880816303,75
"36242",270,196,3.70434172935938,74
"36243",270,197,4.32496316009152,73
"36244",270,198,5.23425171400756,72
"36245",270,199,5.14334747525943,71
"36246",270,200,4.81472170757847,70
"36247",270,201,4.31756183566574,69
"36248",270,202,7.13099933135417,68
"36249",270,203,6.97774796516067,67
"36250",270,204,6.84345399231336,66
"36251",270,205,6.82721024483209,65
"36252",270,206,3.8205861862254,64
"36253",270,207,5.56007013149421,63
"36254",270,208,6.15668892797434,62
"36255",270,209,5.75374920825589,61
"36256",270,210,6.79036453801823,60
"36257",270,211,6.21248918364313,59
"36258",270,212,6.0855828908854,58
"36259",270,213,5.03873905324674,57
"36260",270,214,6.14546428756767,56
"36261",270,215,3.63177158283205,55
"36262",270,216,3.49101059753415,54
"36263",270,217,4.03453942453834,53
"36264",270,218,4.11425118042399,52
"36265",270,219,4.47562099185019,51
"36266",270,220,5.22240864414848,50
"36267",270,221,5.20440307406441,49
"36268",270,222,6.13125694532357,48
"36269",270,223,5.0782782141155,47
"36270",270,224,4.67240581994442,46
"36271",270,225,3.5283644417212,45
"36272",270,226,2.70119573601091,44
"36273",270,227,3.08592981452426,43
"36274",270,228,4.86835279834763,42
"36275",270,229,4.0530289636863,41
"36276",270,230,4.6069175782201,40
"36277",270,231,2.41033561663116,39
"36278",270,232,2.92171185460327,38
"36279",270,233,4.26889650353697,37
"36280",270,234,5.98762906791593,36
"36281",270,235,3.82319108307835,35
"36282",270,236,4.63818412738073,34
"36283",270,237,3.23728781657525,33
"36284",270,238,2.79371231037912,32
"36285",270,239,4.67078587163063,31
"36286",270,240,5.90611502528369,30
"36287",270,241,3.35998148897869,29
"36288",270,242,2.71367766008375,28
"36289",270,243,3.03620141913659,27
"36290",270,244,2.68057299922529,26
"36291",270,245,1.88554020079417,25
"36292",270,246,3.05068947896067,24
"36293",270,247,3.72722120166731,23
"36294",270,248,2.77639040772101,22
"36295",270,249,4.000780048147,21
"36296",270,250,1.02628238951458,20
"36297",270,251,1.67447227557346,19
"36298",270,252,0.243331342245586,18
"36299",270,253,1.94020494642144,17
"36300",270,254,1.81129625697169,16
"36301",270,255,2.17018908848227,15
"36302",270,256,1.98568455604044,14
"36303",270,257,2.83575223561056,13
"36304",270,258,3.54499947584255,12
"36305",270,259,4.59044524784502,11
"36306",270,260,3.75928256146708,10
"36307",270,261,3.55692158079444,9
"36308",270,262,2.5473202613954,8
"36309",270,263,0.998048191270732,7
"36310",270,264,0.807438967459502,6
"36311",270,265,0.589095003688095,5
"36312",270,266,2.03421685847746,4
"36313",270,267,0.851227536216482,3
"36314",270,268,1.18694063070248,2
"36315",270,269,0.604428142088572,1
"36316",271,1,4.20089711214419,270
"36317",271,2,6.26007727592416,269
"36318",271,3,10.917095226805,268
"36319",271,4,8.33908036662208,267
"36320",271,5,9.41220841825221,266
"36321",271,6,9.06603592447648,265
"36322",271,7,9.12380993852583,264
"36323",271,8,10.9774581262115,263
"36324",271,9,13.7171501219115,262
"36325",271,10,10.9689464689406,261
"36326",271,11,8.25409333246293,260
"36327",271,12,11.0726808470075,259
"36328",271,13,12.0640346215425,258
"36329",271,14,9.24948840312557,257
"36330",271,15,8.28563505481795,256
"36331",271,16,9.0296563536008,255
"36332",271,17,9.76166500954516,254
"36333",271,18,6.20253091464248,253
"36334",271,19,6.41296543087525,252
"36335",271,20,8.38968486468727,251
"36336",271,21,12.7096228468423,250
"36337",271,22,12.1353718141102,249
"36338",271,23,12.509162163917,248
"36339",271,24,10.6507166129724,247
"36340",271,25,7.85588044927043,246
"36341",271,26,8.5832513211064,245
"36342",271,27,7.85261833651457,244
"36343",271,28,6.95571548486447,243
"36344",271,29,7.81757905387936,242
"36345",271,30,7.59372051188726,241
"36346",271,31,9.05907564555836,240
"36347",271,32,7.42245997970233,239
"36348",271,33,7.69665931743234,238
"36349",271,34,11.5011211452673,237
"36350",271,35,8.20024785507762,236
"36351",271,36,6.60356779931369,235
"36352",271,37,7.01126250868853,234
"36353",271,38,6.90899432214644,233
"36354",271,39,11.5613423162553,232
"36355",271,40,10.5587786234014,231
"36356",271,41,11.2815027141576,230
"36357",271,42,9.24915550769671,229
"36358",271,43,8.84014242142135,228
"36359",271,44,8.55177950817866,227
"36360",271,45,9.82319096690675,226
"36361",271,46,11.1509580028905,225
"36362",271,47,8.80213286833261,224
"36363",271,48,5.97377158030721,223
"36364",271,49,4.86761924991192,222
"36365",271,50,12.3746789577151,221
"36366",271,51,9.22664551238539,220
"36367",271,52,8.88161670241396,219
"36368",271,53,9.34797054034356,218
"36369",271,54,9.42478431217646,217
"36370",271,55,7.42370091876714,216
"36371",271,56,7.4847172952255,215
"36372",271,57,7.78882067551274,214
"36373",271,58,5.41965782447477,213
"36374",271,59,5.13042037409177,212
"36375",271,60,8.52209942313183,211
"36376",271,61,9.28670545717408,210
"36377",271,62,11.2327601270148,209
"36378",271,63,7.99067787527455,208
"36379",271,64,5.23270867845026,207
"36380",271,65,6.91264999562594,206
"36381",271,66,10.4888821922619,205
"36382",271,67,8.08732602386569,204
"36383",271,68,6.55036474341565,203
"36384",271,69,10.5459723287525,202
"36385",271,70,7.23639109342744,201
"36386",271,71,7.07872800689734,200
"36387",271,72,7.21293929994909,199
"36388",271,73,6.83791306910851,198
"36389",271,74,6.32844735293486,197
"36390",271,75,4.89418889565405,196
"36391",271,76,5.37415268789066,195
"36392",271,77,4.10215140796451,194
"36393",271,78,7.94248055138132,193
"36394",271,79,7.72130878185177,192
"36395",271,80,5.51080845758269,191
"36396",271,81,4.90025254855261,190
"36397",271,82,5.39053324091541,189
"36398",271,83,6.93359424446783,188
"36399",271,84,9.11145384361138,187
"36400",271,85,9.49185936918307,186
"36401",271,86,8.62111077616119,185
"36402",271,87,10.1445150861039,184
"36403",271,88,9.62842339904104,183
"36404",271,89,6.61040440675434,182
"36405",271,90,7.00846834076043,181
"36406",271,91,7.70734262719177,180
"36407",271,92,6.5533374212703,179
"36408",271,93,6.40549728541519,178
"36409",271,94,6.49468739820738,177
"36410",271,95,7.6451032758579,176
"36411",271,96,7.36153365687427,175
"36412",271,97,4.34428647293756,174
"36413",271,98,5.55744996310671,173
"36414",271,99,4.54676942135438,172
"36415",271,100,2.72030069102928,171
"36416",271,101,3.34965043354176,170
"36417",271,102,3.83756294512248,169
"36418",271,103,4.33054219403723,168
"36419",271,104,4.56369303085624,167
"36420",271,105,4.57205650898985,166
"36421",271,106,5.42489372203463,165
"36422",271,107,6.79640989883329,164
"36423",271,108,3.53274862116072,163
"36424",271,109,2.87757914382405,162
"36425",271,110,2.98175895834367,161
"36426",271,111,7.42121904519479,160
"36427",271,112,6.22226953457013,159
"36428",271,113,3.5527773472564,158
"36429",271,114,1.23695558430784,157
"36430",271,115,0.973659638026669,156
"36431",271,116,3.45354026773716,155
"36432",271,117,2.21725631108503,154
"36433",271,118,3.30203355317806,153
"36434",271,119,5.20285809000217,152
"36435",271,120,5.42127250157877,151
"36436",271,121,3.388285752654,150
"36437",271,122,2.00333386374374,149
"36438",271,123,3.66620456615878,148
"36439",271,124,6.12622647193708,147
"36440",271,125,6.99626128719905,146
"36441",271,126,4.57040509140819,145
"36442",271,127,3.33225486522134,144
"36443",271,128,3.42079148676794,143
"36444",271,129,2.99082019504136,142
"36445",271,130,3.77784109865807,141
"36446",271,131,2.64585591641533,140
"36447",271,132,2.13475591807284,139
"36448",271,133,1.93920936492352,138
"36449",271,134,1.99801017355369,137
"36450",271,135,0.875615731328983,136
"36451",271,136,1.12988223688731,135
"36452",271,137,2.39782459577489,134
"36453",271,138,1.68327748001324,133
"36454",271,139,1.79908527592745,132
"36455",271,140,1.99494886881121,131
"36456",271,141,1.91349628621725,130
"36457",271,142,0.686464179570132,129
"36458",271,143,1.63774234740783,128
"36459",271,144,2.01279949191971,127
"36460",271,145,1.81570873307096,126
"36461",271,146,3.22791058371637,125
"36462",271,147,3.60713882465171,124
"36463",271,148,2.52199951166603,123
"36464",271,149,1.76878597294608,122
"36465",271,150,3.03186291438069,121
"36466",271,151,4.58024690531956,120
"36467",271,152,4.50530179970074,119
"36468",271,153,6.74617176824942,118
"36469",271,154,4.89682165431244,117
"36470",271,155,3.31740144153875,116
"36471",271,156,2.18861561336493,115
"36472",271,157,2.84981604333539,114
"36473",271,158,3.63146020604227,113
"36474",271,159,4.38049807860161,112
"36475",271,160,5.14293806587343,111
"36476",271,161,4.02052513750772,110
"36477",271,162,3.21433574824266,109
"36478",271,163,2.08341723697148,108
"36479",271,164,4.89009879198107,107
"36480",271,165,4.15738302360947,106
"36481",271,166,3.0097161788782,105
"36482",271,167,2.18946154781271,104
"36483",271,168,1.28018498446022,103
"36484",271,169,2.80138188170741,102
"36485",271,170,3.08661253058426,101
"36486",271,171,1.13685555827292,100
"36487",271,172,1.92823735095899,99
"36488",271,173,3.36561650610888,98
"36489",271,174,4.25911907583648,97
"36490",271,175,4.25299683985184,96
"36491",271,176,4.46030034515996,95
"36492",271,177,4.06857377360624,94
"36493",271,178,2.91285508674443,93
"36494",271,179,3.58520878737706,92
"36495",271,180,5.24391367582539,91
"36496",271,181,4.36330713333346,90
"36497",271,182,5.00893561446066,89
"36498",271,183,4.79114909142068,88
"36499",271,184,3.82102152339302,87
"36500",271,185,3.89453501441266,86
"36501",271,186,4.18092974852165,85
"36502",271,187,2.6880280747359,84
"36503",271,188,3.45026915771717,83
"36504",271,189,3.29940100202072,82
"36505",271,190,3.44291404433523,81
"36506",271,191,4.312188287938,80
"36507",271,192,5.91825097523889,79
"36508",271,193,5.53442496204583,78
"36509",271,194,3.52191318138358,77
"36510",271,195,4.76647659052853,76
"36511",271,196,3.05045951172488,75
"36512",271,197,3.67108094245702,74
"36513",271,198,4.58036949637306,73
"36514",271,199,4.48946525762493,72
"36515",271,200,4.6297944833469,71
"36516",271,201,4.45592717413898,70
"36517",271,202,6.47711711371967,69
"36518",271,203,6.72779287008172,68
"36519",271,204,6.64237384496331,67
"36520",271,205,6.17332802719759,66
"36521",271,206,3.95895152469864,65
"36522",271,207,4.9061879138597,64
"36523",271,208,5.50280671033983,63
"36524",271,209,5.09986699062139,62
"36525",271,210,6.13648232038372,61
"36526",271,211,5.55860696600863,60
"36527",271,212,5.43170067325089,59
"36528",271,213,4.38485683561223,58
"36529",271,214,5.49158206993317,57
"36530",271,215,3.31723080642749,56
"36531",271,216,2.83712837989965,55
"36532",271,217,3.38065720690383,54
"36533",271,218,3.46036896278948,53
"36534",271,219,3.82173877421569,52
"36535",271,220,4.56852642651397,51
"36536",271,221,4.55052085642991,50
"36537",271,222,5.47737472768907,49
"36538",271,223,4.424395996481,48
"36539",271,224,4.61698810329248,47
"36540",271,225,2.8744822240867,46
"36541",271,226,2.04731351837641,45
"36542",271,227,2.43204759688976,44
"36543",271,228,4.21447058071312,43
"36544",271,229,3.52821406410967,42
"36545",271,230,3.9530353605856,41
"36546",271,231,1.99890331266401,40
"36547",271,232,3.06007719307651,39
"36548",271,233,3.61501428590247,38
"36549",271,234,5.33374685028143,37
"36550",271,235,3.21784566824433,36
"36551",271,236,3.98430190974622,35
"36552",271,237,2.58340559894075,34
"36553",271,238,2.93207764885236,33
"36554",271,239,4.03371105636474,32
"36555",271,240,5.25223280764919,31
"36556",271,241,2.70609927134419,30
"36557",271,242,2.67420477736359,29
"36558",271,243,3.17456675760983,28
"36559",271,244,2.20442495819083,27
"36560",271,245,1.45795497370853,26
"36561",271,246,2.39680726132617,25
"36562",271,247,3.07333898403281,24
"36563",271,248,2.1225081900865,23
"36564",271,249,3.86241470967376,22
"36565",271,250,1.68016460714909,21
"36566",271,251,1.53610693710022,20
"36567",271,252,0.713241089950642,19
"36568",271,253,1.28632272878694,18
"36569",271,254,1.94966159544493,17
"36570",271,255,2.30855442695552,16
"36571",271,256,1.50932842581927,15
"36572",271,257,2.18187001797606,14
"36573",271,258,2.9136125192493,13
"36574",271,259,3.95905829125176,12
"36575",271,260,3.12789560487382,11
"36576",271,261,2.92553462420118,10
"36577",271,262,1.91593330480214,9
"36578",271,263,1.15935614979662,8
"36579",271,264,1.46132118509401,7
"36580",271,265,0.984062250756689,6
"36581",271,266,2.68809907611196,5
"36582",271,267,1.19696956178574,4
"36583",271,268,1.34780123021696,3
"36584",271,269,0.742793480561813,2
"36585",271,270,0.653882217634503,1
"36586",272,1,4.62606398105566,271
"36587",272,2,4.92752078810352,270
"36588",272,3,9.58453873898436,269
"36589",272,4,7.3339262029438,268
"36590",272,5,8.07965193043157,267
"36591",272,6,8.36435382846874,266
"36592",272,7,7.89938179435021,265
"36593",272,8,9.64490163839082,264
"36594",272,9,12.3845936340909,263
"36595",272,10,9.63638998111999,262
"36596",272,11,7.55241123645519,261
"36597",272,12,9.74012435918685,260
"36598",272,13,10.7314781337218,259
"36599",272,14,8.54780630711783,258
"36600",272,15,7.34116490021445,257
"36601",272,16,7.69709986578016,256
"36602",272,17,8.42910852172451,255
"36603",272,18,7.51213015343841,254
"36604",272,19,5.65282872996396,253
"36605",272,20,7.05712837686663,252
"36606",272,21,11.3770663590217,251
"36607",272,22,10.826563504723,250
"36608",272,23,11.1766056760964,249
"36609",272,24,9.69670036692852,248
"36610",272,25,7.15419835326268,247
"36611",272,26,9.26197616808944,246
"36612",272,27,7.15093624050682,245
"36613",272,28,7.51628275266164,244
"36614",272,29,7.11589695787161,243
"36615",272,30,7.2013887409153,242
"36616",272,31,7.72651915773772,241
"36617",272,32,8.47409920694475,240
"36618",272,33,7.38935437409724,239
"36619",272,34,10.1685646574466,238
"36620",272,35,7.49856575906988,237
"36621",272,36,7.58932824128969,236
"36622",272,37,6.30958041268078,235
"36623",272,38,6.73393520307405,234
"36624",272,39,10.2287858284347,233
"36625",272,40,9.22622213558075,232
"36626",272,41,9.94894622633696,231
"36627",272,42,8.54747341168897,230
"36628",272,43,7.5075859336007,229
"36629",272,44,7.21922302035802,228
"36630",272,45,8.4906344790861,227
"36631",272,46,9.81840151506985,226
"36632",272,47,7.46957638051197,225
"36633",272,48,4.64121509248656,224
"36634",272,49,3.53506276209127,223
"36635",272,50,11.0421224698945,222
"36636",272,51,7.89408902456475,221
"36637",272,52,7.54906021459331,220
"36638",272,53,8.01541405252291,219
"36639",272,54,8.72310221616871,218
"36640",272,55,6.0911444309465,217
"36641",272,56,6.32705191349172,216
"36642",272,57,6.4562641876921,215
"36643",272,58,4.71797572846703,214
"36644",272,59,5.80914522107481,213
"36645",272,60,7.18954293531118,212
"36646",272,61,7.95414896935344,211
"36647",272,62,9.90020363919415,210
"36648",272,63,6.65812138745391,209
"36649",272,64,5.11028516116993,208
"36650",272,65,7.59137484260898,207
"36651",272,66,9.15632570444125,206
"36652",272,67,7.38564392785794,205
"36653",272,68,6.24305980008055,204
"36654",272,69,9.21341584093181,203
"36655",272,70,5.9038346056068,202
"36656",272,71,5.74617151907669,201
"36657",272,72,5.88038281212844,200
"36658",272,73,6.13623097310076,199
"36659",272,74,4.99589086511421,198
"36660",272,75,4.6017416960128,197
"36661",272,76,4.04159620007002,196
"36662",272,77,2.76959492014387,195
"36663",272,78,6.60992406356068,194
"36664",272,79,6.38875229403113,193
"36665",272,80,4.69220888827241,192
"36666",272,81,3.56769606073197,191
"36667",272,82,5.94575729529386,190
"36668",272,83,7.03526046148777,189
"36669",272,84,7.77889735579074,188
"36670",272,85,8.15930288136242,187
"36671",272,86,7.28855428834055,186
"36672",272,87,8.81195859828328,185
"36673",272,88,8.2958669112204,184
"36674",272,89,5.27784791893369,183
"36675",272,90,7.68719318774346,182
"36676",272,91,6.37478613937113,181
"36677",272,92,5.22078093344965,180
"36678",272,93,5.07294079759455,179
"36679",272,94,5.16213091038674,178
"36680",272,95,6.31254678803726,177
"36681",272,96,6.02897716905363,176
"36682",272,97,3.28669383420795,175
"36683",272,98,6.06810078640359,174
"36684",272,99,5.85636866015031,173
"36685",272,100,4.02989992982521,172
"36686",272,101,2.25628345030936,171
"36687",272,102,3.04284333309753,170
"36688",272,103,4.61149633360367,169
"36689",272,104,3.86201093484849,168
"36690",272,105,3.2395000211692,167
"36691",272,106,6.10361856901767,166
"36692",272,107,5.46385341101264,165
"36693",272,108,2.44251199126574,164
"36694",272,109,1.93290090003383,163
"36695",272,110,1.64920247052302,162
"36696",272,111,6.08866255737415,161
"36697",272,112,5.29868420710453,160
"36698",272,113,4.23150219423943,159
"36699",272,114,1.40585141080224,158
"36700",272,115,0.683162097060182,157
"36701",272,116,2.547318685788,156
"36702",272,117,2.73909532987314,155
"36703",272,118,2.01483522025903,154
"36704",272,119,3.87030160218153,153
"36705",272,120,4.08871601375813,152
"36706",272,121,3.5325672785853,151
"36707",272,122,1.08535548570831,150
"36708",272,123,2.35660532736285,149
"36709",272,124,5.30348555868317,148
"36710",272,125,5.6637047993784,147
"36711",272,126,3.23784860358755,146
"36712",272,127,2.32309498469886,145
"36713",272,128,2.71910939076019,144
"36714",272,129,1.65826370722071,143
"36715",272,130,3.07615900265032,142
"36716",272,131,1.94417382040759,141
"36717",272,132,1.45208117319803,140
"36718",272,133,2.61793421190655,139
"36719",272,134,3.30760941234962,138
"36720",272,135,2.07206647485048,137
"36721",272,136,1.62152570905126,136
"36722",272,137,2.93088977087056,135
"36723",272,138,2.36200232699628,134
"36724",272,139,2.85096652976398,133
"36725",272,140,1.56777871420959,132
"36726",272,141,1.2118141902095,131
"36727",272,142,0.662671681815277,130
"36728",272,143,1.8183949699885,129
"36729",272,144,1.26343803479636,128
"36730",272,145,0.991217410796451,127
"36731",272,146,1.91831134492044,126
"36732",272,147,2.29753958585578,125
"36733",272,148,1.62137143322514,124
"36734",272,149,2.06709041210706,123
"36735",272,150,2.35313806739766,122
"36736",272,151,3.90152205833652,121
"36737",272,152,3.19570256090481,120
"36738",272,153,5.43657252945349,119
"36739",272,154,3.58722241551651,118
"36740",272,155,2.63867659455572,117
"36741",272,156,1.5098907663819,116
"36742",272,157,2.17109119635236,115
"36743",272,158,2.32186096724634,114
"36744",272,159,3.70177323161858,113
"36745",272,160,4.43159523887335,112
"36746",272,161,3.34180029052468,111
"36747",272,162,2.37379554744301,110
"36748",272,163,1.67162654847721,109
"36749",272,164,3.58049955318514,108
"36750",272,165,2.84778378481354,107
"36751",272,166,1.82941835847519,106
"36752",272,167,0.879862309016781,105
"36753",272,168,1.09446830967531,104
"36754",272,169,2.12265703472438,103
"36755",272,170,2.40788768360123,102
"36756",272,171,0.91313273033865,101
"36757",272,172,1.62498876078791,100
"36758",272,173,2.18421505758158,99
"36759",272,174,3.00553554765467,98
"36760",272,175,2.94339760105591,97
"36761",272,176,3.15070110636403,96
"36762",272,177,3.3898489266232,95
"36763",272,178,2.2341302397614,94
"36764",272,179,2.90648394039403,93
"36765",272,180,3.93431443702945,92
"36766",272,181,3.05370789453752,91
"36767",272,182,4.33021076747763,90
"36768",272,183,4.11242424443764,89
"36769",272,184,2.51142228459708,88
"36770",272,185,3.21581016742963,87
"36771",272,186,3.50220490153861,86
"36772",272,187,2.57053783414564,85
"36773",272,188,2.49658046164309,84
"36774",272,189,2.77974967454971,83
"36775",272,190,2.26261622393222,82
"36776",272,191,3.00258904914207,81
"36777",272,192,4.60865173644296,80
"36778",272,193,4.2248257232499,79
"36779",272,194,2.84318833440055,78
"36780",272,195,3.4568773517326,77
"36781",272,196,1.74086027292894,76
"36782",272,197,2.36148170366109,75
"36783",272,198,3.27077025757713,74
"36784",272,199,3.179866018829,73
"36785",272,200,3.95106963636387,72
"36786",272,201,3.88364024487591,71
"36787",272,202,5.16751787492374,70
"36788",272,203,6.04906802309868,69
"36789",272,204,5.96364899798027,68
"36790",272,205,4.96028217103584,67
"36791",272,206,4.05896069018019,66
"36792",272,207,3.59658867506377,65
"36793",272,208,4.1932074715439,64
"36794",272,209,3.79026775182546,63
"36795",272,210,4.82688308158779,62
"36796",272,211,4.36205217789378,61
"36797",272,212,4.33201140155029,60
"36798",272,213,3.49575382086377,59
"36799",272,214,4.18198283113724,58
"36800",272,215,2.63850595944446,57
"36801",272,216,2.31187010299847,56
"36802",272,217,2.0710579681079,55
"36803",272,218,2.90149588115108,54
"36804",272,219,3.23485783727022,53
"36805",272,220,3.25892718771804,52
"36806",272,221,3.80697622778621,51
"36807",272,222,4.16777548889314,50
"36808",272,223,3.32514891430216,49
"36809",272,224,3.93826325630944,48
"36810",272,225,1.97385414564581,47
"36811",272,226,2.32881055516877,46
"36812",272,227,1.29611588528826,45
"36813",272,228,2.90487134191719,44
"36814",272,229,2.84948921712663,43
"36815",272,230,2.64343612178966,42
"36816",272,231,1.63951911068467,41
"36817",272,232,2.38135234609347,40
"36818",272,233,3.25783003268744,39
"36819",272,234,4.02414761148549,38
"36820",272,235,2.53912082126129,37
"36821",272,236,2.67470267095029,36
"36822",272,237,2.24863569752451,35
"36823",272,238,3.08811597086992,34
"36824",272,239,4.73539315237248,33
"36825",272,240,3.94263356885326,32
"36826",272,241,1.73615360755827,31
"36827",272,242,1.99547993038055,30
"36828",272,243,2.4958419106268,29
"36829",272,244,1.5257001112078,28
"36830",272,245,1.15458648234331,27
"36831",272,246,1.32251165569086,26
"36832",272,247,2.34078492927807,25
"36833",272,248,2.0398493241995,24
"36834",272,249,4.54113955665679,23
"36835",272,250,2.98976384594502,22
"36836",272,251,2.21483178408325,21
"36837",272,252,2.04579757777129,20
"36838",272,253,1.21200712901318,19
"36839",272,254,1.46701862745511,18
"36840",272,255,1.62982957997248,17
"36841",272,256,1.00987805546083,16
"36842",272,257,1.01749102035648,15
"36843",272,258,1.71551525037758,14
"36844",272,259,2.85279879397999,13
"36845",272,260,2.05304365609069,12
"36846",272,261,1.59297813638054,11
"36847",272,262,1.13327850401524,10
"36848",272,263,2.46895538859255,9
"36849",272,264,2.77092042388994,8
"36850",272,265,2.29366148955262,7
"36851",272,266,3.99769831490789,6
"36852",272,267,2.50656880058167,5
"36853",272,268,2.60697826190705,4
"36854",272,269,2.06974301895229,3
"36855",272,270,1.9639434444139,2
"36856",272,271,1.33255648782064,1
"36857",273,1,4.88287209362357,272
"36858",273,2,4.26914896623315,271
"36859",273,3,8.27286991000685,270
"36860",273,4,6.89602386896831,269
"36861",273,5,7.27715133018901,268
"36862",273,6,7.92645149449325,267
"36863",273,7,7.46147946037471,266
"36864",273,8,8.33323280941331,265
"36865",273,9,11.0729248051133,264
"36866",273,10,8.32472115214248,263
"36867",273,11,7.63707121100279,262
"36868",273,12,8.42845553020934,261
"36869",273,13,9.41980930474434,260
"36870",273,14,8.10990397314233,259
"36871",273,15,6.90326256623896,258
"36872",273,16,6.85472417513399,257
"36873",273,17,7.44148657875365,256
"36874",273,18,7.76893826600632,255
"36875",273,19,5.03587034752986,254
"36876",273,20,6.02042339698017,253
"36877",273,21,10.0653975300442,252
"36878",273,22,10.3886611707475,251
"36879",273,23,9.86493684711888,250
"36880",273,24,9.25879803295302,249
"36881",273,25,6.71629601928719,248
"36882",273,26,8.64501778565533,247
"36883",273,27,7.25087078232702,246
"36884",273,28,7.77309086522955,245
"36885",273,29,6.73499188680857,244
"36886",273,30,7.45819685348321,243
"36887",273,31,6.91642330218019,242
"36888",273,32,8.73090731951266,241
"36889",273,33,6.77239599166313,240
"36890",273,34,8.85689582846911,239
"36891",273,35,7.06066342509438,238
"36892",273,36,7.8461363538576,237
"36893",273,37,5.87167807870529,236
"36894",273,38,6.99074331564196,235
"36895",273,39,8.91711699945718,234
"36896",273,40,8.37328591870897,233
"36897",273,41,8.63727739735945,232
"36898",273,42,8.10957107771348,231
"36899",273,43,6.27675975366065,230
"36900",273,44,5.90755419138051,229
"36901",273,45,7.1789656501086,228
"36902",273,46,8.50673268609234,227
"36903",273,47,6.15790755153446,226
"36904",273,48,3.32954626350906,225
"36905",273,49,2.22339393311377,224
"36906",273,50,9.73045364091696,223
"36907",273,51,6.58242019558724,222
"36908",273,52,6.23739138561581,221
"36909",273,53,6.98445753641936,220
"36910",273,54,8.28519988219322,219
"36911",273,55,5.45030609122707,218
"36912",273,56,5.71009353105762,217
"36913",273,57,5.66232125525306,216
"36914",273,58,4.71706585607553,215
"36915",273,59,5.1921868386407,214
"36916",273,60,5.87787410633368,213
"36917",273,61,6.64248014037593,212
"36918",273,62,8.58853481021664,211
"36919",273,63,5.42784144162898,210
"36920",273,64,4.49332677873582,209
"36921",273,65,6.97441646017487,208
"36922",273,66,7.84465687546374,207
"36923",273,67,6.94774159388245,206
"36924",273,68,5.62610141764644,205
"36925",273,69,7.9017470119543,204
"36926",273,70,4.61993160534224,203
"36927",273,71,4.43450269009919,202
"36928",273,72,4.56871398315094,201
"36929",273,73,5.69832863912527,200
"36930",273,74,4.37039630550504,199
"36931",273,75,4.07212874970089,198
"36932",273,76,2.72992737109251,197
"36933",273,77,1.45792609116637,196
"36934",273,78,5.29825523458317,195
"36935",273,79,5.07708346505362,194
"36936",273,80,4.0752505058383,193
"36937",273,81,2.25602723175447,192
"36938",273,82,5.32879891285975,191
"36939",273,83,6.41830207905366,190
"36940",273,84,6.46722852681323,189
"36941",273,85,6.84763405238492,188
"36942",273,86,6.55368267377926,187
"36943",273,87,7.50028976930577,186
"36944",273,88,6.98419808224289,185
"36945",273,89,4.83981552921651,184
"36946",273,90,7.07023480530936,183
"36947",273,91,5.5841467838207,182
"36948",273,92,4.23580711916929,181
"36949",273,93,4.39235444961665,180
"36950",273,94,3.85046208140924,179
"36951",273,95,5.00087795905975,178
"36952",273,96,4.71730834007612,177
"36953",273,97,2.84879150023246,176
"36954",273,98,5.45114240396949,175
"36955",273,99,6.11317677271822,174
"36956",273,100,4.28670804239312,173
"36957",273,101,2.36386437610417,172
"36958",273,102,2.42588495066342,171
"36959",273,103,3.99453795116956,170
"36960",273,104,3.424108600873,169
"36961",273,105,2.24717183719539,168
"36962",273,106,5.48666018658356,167
"36963",273,107,4.15218458203514,166
"36964",273,108,2.00460965729025,165
"36965",273,109,1.7415026521574,164
"36966",273,110,1.03275448159271,163
"36967",273,111,4.77699372839664,162
"36968",273,112,4.68172582467042,161
"36969",273,113,3.61454381180533,160
"36970",273,114,1.40726973249031,159
"36971",273,115,1.67056567877148,158
"36972",273,116,2.98522101976349,157
"36973",273,117,3.17699766384863,156
"36974",273,118,2.45273755423452,155
"36975",273,119,2.55863277320402,154
"36976",273,120,2.77704718478062,153
"36977",273,121,3.78937539115321,152
"36978",273,122,1.06719974918518,151
"36979",273,123,2.76648636010939,150
"36980",273,124,4.68652717624907,149
"36981",273,125,4.3520359704009,148
"36982",273,126,1.92617977461004,147
"36983",273,127,1.88519265072337,146
"36984",273,128,2.2812070567847,145
"36985",273,129,1.13928462387271,144
"36986",273,130,2.63825666867483,143
"36987",273,131,1.50627148643209,142
"36988",273,132,1.272318172045,141
"36989",273,133,2.69677404753936,140
"36990",273,134,3.56441752491753,139
"36991",273,135,2.32887458741839,138
"36992",273,136,2.08029364546971,137
"36993",273,137,2.31393138843645,136
"36994",273,138,1.87465749673516,135
"36995",273,139,3.10777464233189,134
"36996",273,140,1.82458682677749,133
"36997",273,141,1.73861384079268,132
"36998",273,142,1.97391406034651,131
"36999",273,143,2.25629730396399,130
"37000",273,144,1.70134036877186,129
"37001",273,145,2.26366448560656,128
"37002",273,146,2.24261506579935,127
"37003",273,147,2.12476848513095,126
"37004",273,148,2.05927376720063,125
"37005",273,149,2.50499274608255,124
"37006",273,150,3.47431852089023,123
"37007",273,151,4.51848044077063,122
"37008",273,152,3.3366651557535,121
"37009",273,153,5.17976441688559,120
"37010",273,154,3.3304143029486,119
"37011",273,155,3.25563497698983,118
"37012",273,156,2.19407875829047,117
"37013",273,157,2.78804957878646,116
"37014",273,158,2.55060296072162,115
"37015",273,159,4.31873161405269,114
"37016",273,160,5.04855362130746,113
"37017",273,161,3.95875867295879,112
"37018",273,162,3.08599139465864,111
"37019",273,163,2.98329537745472,110
"37020",273,164,3.32369144061723,109
"37021",273,165,2.59097567224563,108
"37022",273,166,2.4463767409093,107
"37023",273,167,1.17219556977637,106
"37024",273,168,2.40613713865281,105
"37025",273,169,3.04775560922373,104
"37026",273,170,3.28256405099473,103
"37027",273,171,2.22480155931616,102
"37028",273,172,2.93665758976542,101
"37029",273,173,3.49588388655908,100
"37030",273,174,3.44343788163016,99
"37031",273,175,2.686589488488,98
"37032",273,176,2.89389299379613,97
"37033",273,177,4.00680730905731,96
"37034",273,178,2.99674829408287,95
"37035",273,179,3.52344232282813,94
"37036",273,180,3.67750632446155,93
"37037",273,181,3.34737371426682,92
"37038",273,182,4.94716914991173,91
"37039",273,183,4.72938262687175,90
"37040",273,184,2.72522143835041,89
"37041",273,185,3.83276854986373,88
"37042",273,186,4.11916328397272,87
"37043",273,187,3.88220666312314,86
"37044",273,188,3.16396105118305,85
"37045",273,189,3.2176520085252,84
"37046",273,190,2.87957460636632,83
"37047",273,191,3.34414139296337,82
"37048",273,192,4.35184362387505,81
"37049",273,193,4.1298329644986,80
"37050",273,194,3.46014671683465,79
"37051",273,195,3.20006923916469,78
"37052",273,196,2.0990077293905,77
"37053",273,197,2.10467359109318,76
"37054",273,198,3.01396214500922,75
"37055",273,199,2.97348011336694,74
"37056",273,200,4.60724977296538,73
"37057",273,201,5.19530907385342,72
"37058",273,202,5.49896884525737,71
"37059",273,203,6.66602640553279,70
"37060",273,204,6.58060738041438,69
"37061",273,205,5.57724055346995,68
"37062",273,206,5.3706295191577,67
"37063",273,207,3.50149187171912,66
"37064",273,208,4.53496790455192,65
"37065",273,209,4.2616677481548,64
"37066",273,210,5.41119747285652,63
"37067",273,211,4.97901056032788,62
"37068",273,212,4.9489697839844,61
"37069",273,213,4.11271220329788,60
"37070",273,214,3.94143168628117,59
"37071",273,215,3.38992356082748,58
"37072",273,216,2.99232639523467,57
"37073",273,217,2.38074665521399,56
"37074",273,218,3.33939821512657,55
"37075",273,219,3.8025037791604,54
"37076",273,220,3.37407849639712,53
"37077",273,221,4.42393461022032,52
"37078",273,222,4.07267868554849,51
"37079",273,223,3.94210729673627,50
"37080",273,224,4.55522163874355,49
"37081",273,225,2.4117564796213,48
"37082",273,226,2.76671288914426,47
"37083",273,227,1.73401821926375,46
"37084",273,228,2.64806322934928,45
"37085",273,229,3.46644759956074,44
"37086",273,230,2.48186547400328,43
"37087",273,231,2.95118793966218,42
"37088",273,232,3.35687312769867,41
"37089",273,233,3.69573236666294,40
"37090",273,234,3.76733949891759,39
"37091",273,235,3.1560792036954,38
"37092",273,236,2.41789455838238,37
"37093",273,237,2.6865380315,36
"37094",273,238,4.39978479984743,35
"37095",273,239,5.17329548634798,34
"37096",273,240,3.68582545628535,33
"37097",273,241,2.35311198999238,32
"37098",273,242,2.61243831281466,31
"37099",273,243,3.11280029306091,30
"37100",273,244,2.14265849364191,29
"37101",273,245,2.46625531132082,28
"37102",273,246,2.31054977703514,27
"37103",273,247,2.77889535244028,26
"37104",273,248,2.47775165817499,25
"37105",273,249,3.92418117422269,24
"37106",273,250,3.24657195851293,23
"37107",273,251,2.32920977658258,22
"37108",273,252,3.35746640674879,21
"37109",273,253,2.52367595799068,20
"37110",273,254,2.77868745643262,19
"37111",273,255,2.84747107713901,18
"37112",273,256,2.32154688443834,17
"37113",273,257,2.30113854810503,16
"37114",273,258,1.4127797717771,15
"37115",273,259,2.41489646000449,14
"37116",273,260,1.87307256575094,13
"37117",273,261,1.64809466171431,12
"37118",273,262,1.26682785057267,11
"37119",273,263,2.72576350116046,10
"37120",273,264,3.23043464858938,9
"37121",273,265,2.91060700400359,8
"37122",273,266,4.2545064274758,7
"37123",273,267,3.45930850394057,6
"37124",273,268,3.85201420865338,5
"37125",273,269,3.38141184792979,4
"37126",273,270,3.27561227339141,3
"37127",273,271,2.64422531679815,2
"37128",273,272,1.31166882897751,1
"37129",274,1,2.93983555735077,273
"37130",274,2,2.00731168045592,272
"37131",274,3,6.67031219545472,271
"37132",274,4,6.38161653402782,270
"37133",274,5,6.76274399524852,269
"37134",274,6,7.41204415955275,268
"37135",274,7,6.94707212543422,267
"37136",274,8,6.24959890633229,266
"37137",274,9,8.32621470857581,265
"37138",274,10,7.37353461429434,264
"37139",274,11,6.6001015675392,263
"37140",274,12,5.6817454336718,262
"37141",274,13,6.67309920820681,261
"37142",274,14,7.59549663820184,260
"37143",274,15,6.38885523129846,259
"37144",274,16,6.3403168401935,258
"37145",274,17,6.92707924381316,257
"37146",274,18,5.82590172973352,256
"37147",274,19,3.20642024389626,255
"37148",274,20,5.50601606203967,254
"37149",274,21,7.31868743350666,253
"37150",274,22,9.87425383580703,252
"37151",274,23,8.30683218507801,251
"37152",274,24,8.74439069801253,250
"37153",274,25,6.2018886843467,249
"37154",274,26,4.46967848778549,248
"37155",274,27,6.19862657159084,247
"37156",274,28,5.83005432895675,246
"37157",274,29,6.16358728895563,245
"37158",274,30,5.93972874696353,244
"37159",274,31,6.4020159672397,243
"37160",274,32,6.78787078323986,242
"37161",274,33,3.32505671350383,241
"37162",274,34,6.48849187337327,240
"37163",274,35,6.54625609015389,239
"37164",274,36,5.9030998175848,238
"37165",274,37,5.3572707437648,237
"37166",274,38,5.25500255722271,236
"37167",274,39,6.17040690291964,235
"37168",274,40,7.85887858376848,234
"37169",274,41,7.72073770909879,233
"37170",274,42,7.59516374277298,232
"37171",274,43,5.76235241872016,231
"37172",274,44,3.97793229761442,230
"37173",274,45,4.43225555357106,229
"37174",274,46,5.78400486832332,228
"37175",274,47,4.46477901846611,227
"37176",274,48,2.76183690438294,226
"37177",274,49,3.71111566403052,225
"37178",274,50,6.98374354437943,224
"37179",274,51,5.63206601448594,223
"37180",274,52,3.49068128907827,222
"37181",274,53,6.47005020147887,221
"37182",274,54,7.77079254725273,220
"37183",274,55,3.12003150599958,219
"37184",274,56,2.09378188188982,218
"37185",274,57,5.14791392031257,217
"37186",274,58,3.76566605955104,216
"37187",274,59,1.08473663793552,215
"37188",274,60,5.10465584542063,214
"37189",274,61,3.8957700438384,213
"37190",274,62,7.57265854644953,212
"37191",274,63,4.91343410668849,211
"37192",274,64,1.36948815246804,210
"37193",274,65,2.79907716230503,209
"37194",274,66,5.0979467789262,208
"37195",274,67,6.43333425894196,207
"37196",274,68,3.3273624278385,206
"37197",274,69,5.94627003673929,205
"37198",274,70,3.38859306644831,204
"37199",274,71,3.54813593391171,203
"37200",274,72,2.38623771638191,202
"37201",274,73,5.18392130418477,201
"37202",274,74,3.74637781527739,200
"37203",274,75,2.12909221342809,199
"37204",274,76,2.13478143170792,198
"37205",274,77,4.36162087377659,197
"37206",274,78,4.4585604587333,196
"37207",274,79,4.5302662392828,195
"37208",274,80,0.211250208361735,194
"37209",274,81,2.22745225818062,193
"37210",274,82,2.66301660884088,192
"37211",274,83,3.50473757595795,191
"37212",274,84,5.3220508446532,190
"37213",274,85,6.25269620218704,189
"37214",274,86,6.03927533883877,188
"37215",274,87,6.83686456553144,187
"37216",274,88,5.93601597223881,186
"37217",274,89,4.32540819427601,185
"37218",274,90,4.83662773094214,184
"37219",274,91,3.19006966426475,183
"37220",274,92,3.63736277238572,182
"37221",274,93,3.87794711467616,181
"37222",274,94,5.72597729702111,180
"37223",274,95,2.25416786252222,179
"37224",274,96,2.73098214293112,178
"37225",274,97,3.07473767757042,177
"37226",274,98,2.97443513722645,176
"37227",274,99,4.17014023644542,175
"37228",274,100,2.83671929709383,174
"37229",274,101,3.37300096124533,173
"37230",274,102,1.74945434720642,172
"37231",274,103,1.06039321929845,171
"37232",274,104,4.68227808343055,170
"37233",274,105,1.92816746067445,169
"37234",274,106,1.76012444588573,168
"37235",274,107,2.57227844405558,167
"37236",274,108,4.69863779247096,166
"37237",274,109,3.69548138474488,165
"37238",274,110,4.28599857084677,164
"37239",274,111,3.488353245226,163
"37240",274,112,2.72429544160154,162
"37241",274,113,2.36479448893653,161
"37242",274,114,4.15397982902785,160
"37243",274,115,4.41727577530902,159
"37244",274,116,3.83016945264612,158
"37245",274,117,3.69140499878912,157
"37246",274,118,3.67866273808702,156
"37247",274,119,4.17703863412553,155
"37248",274,120,3.33675033491016,154
"37249",274,121,3.1022709567108,153
"37250",274,122,3.70694219459564,152
"37251",274,123,4.04283375106774,151
"37252",274,124,0.735291058601392,150
"37253",274,125,2.63783347938048,149
"37254",274,126,3.02230003221611,148
"37255",274,127,4.91593895077896,147
"37256",274,128,5.53626629158332,146
"37257",274,129,4.61869233095156,145
"37258",274,130,6.02793209434903,144
"37259",274,131,5.09776458580807,143
"37260",274,132,3.34021650710592,142
"37261",274,133,3.64780792740538,141
"37262",274,134,4.74036847765881,140
"37263",274,135,4.76182376810576,139
"37264",274,136,4.82700374200725,138
"37265",274,137,2.99311081756079,137
"37266",274,138,3.9933837735889,136
"37267",274,139,4.64311670867524,135
"37268",274,140,4.46967263707991,134
"37269",274,141,5.91395313866252,133
"37270",274,142,4.77665331342006,132
"37271",274,143,4.29116030390948,131
"37272",274,144,4.60568255990058,130
"37273",274,145,5.7835150911004,129
"37274",274,146,6.01457670682242,128
"37275",274,147,5.32638545337227,127
"37276",274,148,4.51662616785105,126
"37277",274,149,5.0575816425665,125
"37278",274,150,7.14543574770161,124
"37279",274,151,8.69381973864047,123
"37280",274,152,7.09818486768161,122
"37281",274,153,7.12303505349343,121
"37282",274,154,6.29243757539978,120
"37283",274,155,7.43097427485967,119
"37284",274,156,6.30218844668585,118
"37285",274,157,6.96338887665631,117
"37286",274,158,6.72594225859146,116
"37287",274,159,8.49407091192253,115
"37288",274,160,9.2238929191773,114
"37289",274,161,8.13409797082863,113
"37290",274,162,7.16609322774696,112
"37291",274,163,5.80843553640516,111
"37292",274,164,5.26672797689003,110
"37293",274,165,5.13260676524269,109
"37294",274,166,6.62171603877914,108
"37295",274,167,4.79849753891207,107
"37296",274,168,5.39375781778113,106
"37297",274,169,6.91495471502833,105
"37298",274,170,7.20018536390518,104
"37299",274,171,5.07235607006538,103
"37300",274,172,5.68336768630295,102
"37301",274,173,6.86446787073539,101
"37302",274,174,6.02713660769256,100
"37303",274,175,6.45745542968717,99
"37304",274,176,6.98870177640858,98
"37305",274,177,8.18214660692715,97
"37306",274,178,7.02642792006535,96
"37307",274,179,7.69878162069798,95
"37308",274,180,6.41323260636385,94
"37309",274,181,7.52271301213666,93
"37310",274,182,9.12250844778158,92
"37311",274,183,8.90472192474159,91
"37312",274,184,5.8477459366283,90
"37313",274,185,8.00810784773358,89
"37314",274,186,8.29450258184256,88
"37315",274,187,6.76898292803977,87
"37316",274,188,7.28887814194704,86
"37317",274,189,5.47915014394796,85
"37318",274,190,7.05491390423617,84
"37319",274,191,7.51948069083321,83
"37320",274,192,6.55392518645546,82
"37321",274,193,8.30517226236844,81
"37322",274,194,7.6354860147045,80
"37323",274,195,6.48603535302915,79
"37324",274,196,6.27434702726034,78
"37325",274,197,6.23145007501421,77
"37326",274,198,6.18636358522582,76
"37327",274,199,6.85573920127687,75
"37328",274,200,8.74336731666782,74
"37329",274,201,8.56950000745989,73
"37330",274,202,8.68167974814835,72
"37331",274,203,10.8413657034026,71
"37332",274,204,10.7559466782842,70
"37333",274,205,9.75257985133979,69
"37334",274,206,8.11733961569523,68
"37335",274,207,7.67683116958896,67
"37336",274,208,8.71030720242176,66
"37337",274,209,8.43700704602464,65
"37338",274,210,9.58653677072636,64
"37339",274,211,9.15434985819773,63
"37340",274,212,9.12430908185424,62
"37341",274,213,8.28805150116772,61
"37342",274,214,8.11677098415102,60
"37343",274,215,7.43080363974841,59
"37344",274,216,5.73903649177221,58
"37345",274,217,6.55608595308383,57
"37346",274,218,5.51971555658346,56
"37347",274,219,6.56041432863638,55
"37348",274,220,7.54941779426696,54
"37349",274,221,8.59927390809016,53
"37350",274,222,8.24801798341833,52
"37351",274,223,8.11744659460611,51
"37352",274,224,8.73056093661339,50
"37353",274,225,5.35390466301307,49
"37354",274,226,5.09313485082104,48
"37355",274,227,4.9764979066635,47
"37356",274,228,6.04686570470811,46
"37357",274,229,7.64178689743058,45
"37358",274,230,5.86661127854644,44
"37359",274,231,6.11247614598493,43
"37360",274,232,7.17365002639742,42
"37361",274,233,5.342717122578,41
"37362",274,234,6.11474534726771,40
"37363",274,235,7.33141850156524,39
"37364",274,236,5.38025597576197,38
"37365",274,237,5.31989154357639,37
"37366",274,238,7.14649489638497,36
"37367",274,239,5.68770282128847,35
"37368",274,240,5.62886199255815,34
"37369",274,241,6.52845128786222,33
"37370",274,242,6.7877776106845,32
"37371",274,243,7.28813959093075,31
"37372",274,244,6.31799779151175,30
"37373",274,245,5.57152780702945,29
"37374",274,246,5.55587499520097,28
"37375",274,247,5.68247901972552,27
"37376",274,248,5.06264640089592,26
"37377",274,249,3.38564681976184,25
"37378",274,250,5.97195953273648,24
"37379",274,251,5.07591987312011,23
"37380",274,252,6.10417650328633,22
"37381",274,253,5.27038605452822,21
"37382",274,254,6.06323442876585,20
"37383",274,255,6.42212726027643,19
"37384",274,256,5.62290125914018,18
"37385",274,257,5.80978870066043,17
"37386",274,258,3.07678242992637,16
"37387",274,259,3.62803988294237,15
"37388",274,260,2.73925402421326,14
"37389",274,261,3.25534870045943,13
"37390",274,262,4.33217962933293,12
"37391",274,263,5.02427417865821,11
"37392",274,264,5.97714474512692,10
"37393",274,265,5.65731710054112,9
"37394",274,266,6.19437227965247,8
"37395",274,267,6.20601860047811,7
"37396",274,268,6.59872430519091,6
"37397",274,269,6.12812194446733,5
"37398",274,270,6.02232236992894,4
"37399",274,271,5.39093541333568,3
"37400",274,272,4.79229768030395,2
"37401",274,273,4.17533929786984,1
"37402",275,1,1.22126226511049,274
"37403",275,2,1.13721503688333,273
"37404",275,3,5.49493584955032,272
"37405",275,4,4.52225103140238,271
"37406",275,5,4.90337849262308,270
"37407",275,6,5.55267865692732,269
"37408",275,7,5.08770662280878,268
"37409",275,8,5.55529874895677,267
"37410",275,9,8.29499074465681,266
"37411",275,10,5.54678709168594,265
"37412",275,11,4.74073606491376,264
"37413",275,12,5.6505214697528,263
"37414",275,13,6.6418752442878,262
"37415",275,14,5.7361311355764,261
"37416",275,15,4.52948972867302,260
"37417",275,16,4.48095133756806,259
"37418",275,17,5.06771374118772,258
"37419",275,18,3.45670720661945,257
"37420",275,19,1.34705474127082,256
"37421",275,20,3.64665055941424,255
"37422",275,21,7.28746346958765,254
"37423",275,22,8.01488833318159,253
"37424",275,23,7.08700278666234,252
"37425",275,24,6.88502519538709,251
"37426",275,25,4.34252318172126,250
"37427",275,26,3.92862550337786,249
"37428",275,27,4.3392610689654,248
"37429",275,28,3.46085980584267,247
"37430",275,29,4.30422178633019,246
"37431",275,30,4.08036324433809,245
"37432",275,31,4.54265046461426,244
"37433",275,32,4.41867626012579,243
"37434",275,33,2.27449994017766,242
"37435",275,34,6.07896176801257,241
"37436",275,35,4.68689058752845,240
"37437",275,36,3.53390529447073,239
"37438",275,37,3.49790524113936,238
"37439",275,38,3.39563705459727,237
"37440",275,39,6.13918293900064,236
"37441",275,40,5.99951308114304,235
"37442",275,41,5.86137220647335,234
"37443",275,42,5.73579824014754,233
"37444",275,43,3.90298691609473,232
"37445",275,44,3.12962013092397,231
"37446",275,45,6.28569379944724,230
"37447",275,46,5.7287986256358,229
"37448",275,47,3.37997349107792,228
"37449",275,48,3.51334609000102,227
"37450",275,49,5.36835904595919,226
"37451",275,50,8.59033805693414,225
"37452",275,51,3.8044861351307,224
"37453",275,52,3.45945732515927,223
"37454",275,53,4.61068469885343,222
"37455",275,54,5.91142704462729,221
"37456",275,55,2.00154154151246,220
"37457",275,56,2.24536300927597,219
"37458",275,57,3.28854841768713,218
"37459",275,58,2.11213397232985,217
"37460",275,59,2.42328713191025,216
"37461",275,60,3.24529034279519,215
"37462",275,61,3.8645460799194,214
"37463",275,62,5.8106007497601,213
"37464",275,63,3.05406860406305,212
"37465",275,64,0.999706370646034,211
"37466",275,65,3.00200251896922,210
"37467",275,66,5.0667228150072,209
"37468",275,67,4.57396875631652,208
"37469",275,68,1.17666413551643,207
"37470",275,69,6.55778811464986,206
"37471",275,70,1.81423171617275,205
"37472",275,71,1.68877043128627,204
"37473",275,72,3.02656224093809,203
"37474",275,73,3.32455580155934,202
"37475",275,74,1.88701231265195,201
"37476",275,75,0.731608968698781,200
"37477",275,76,2.58592444702495,199
"37478",275,77,5.13687823782814,198
"37479",275,78,6.82775498184737,197
"37480",275,79,2.67090073665736,196
"37481",275,80,2.37790615103088,195
"37482",275,81,2.86570890393092,194
"37483",275,82,0.612406630582272,193
"37484",275,83,1.70190979677618,192
"37485",275,84,3.6892944663567,191
"37486",275,85,4.3933306995616,190
"37487",275,86,4.17990983621333,189
"37488",275,87,4.977499062906,188
"37489",275,88,4.20626402178636,187
"37490",275,89,2.46604269165058,186
"37491",275,90,2.46743320782807,185
"37492",275,91,2.28518324993709,184
"37493",275,92,1.77799726976028,183
"37494",275,93,3.2073122310549,182
"37495",275,94,8.09517182013518,181
"37496",275,95,4.10760610839839,180
"37497",275,96,3.44229226492021,179
"37498",275,97,3.61579066197806,178
"37499",275,98,0.734750121692006,177
"37500",275,99,1.80094571333135,176
"37501",275,100,2.86794326101284,175
"37502",275,101,5.7421954843594,174
"37503",275,102,3.66561269970099,173
"37504",275,103,1.83564007030478,172
"37505",275,104,5.22333106783819,171
"37506",275,105,2.58268107413659,170
"37507",275,106,3.61948994851117,169
"37508",275,107,4.94147296716965,168
"37509",275,108,5.2396907768786,167
"37510",275,109,4.23653436915252,166
"37511",275,110,5.34498554097959,165
"37512",275,111,5.85754776834007,164
"37513",275,112,0.864929938976104,163
"37514",275,113,2.62262757718447,162
"37515",275,114,4.18520379294685,161
"37516",275,115,4.6501885676514,160
"37517",275,116,6.19936397576019,159
"37518",275,117,5.55077050141456,158
"37519",275,118,6.0478572612011,157
"37520",275,119,5.18759284605122,156
"37521",275,120,4.21756093892116,155
"37522",275,121,3.5312790739683,154
"37523",275,122,4.24799517900327,153
"37524",275,123,6.41202827418182,152
"37525",275,124,2.81261578877432,151
"37526",275,125,5.00702800249455,150
"37527",275,126,3.72548050422042,149
"37528",275,127,5.4569919351866,148
"37529",275,128,6.07731927599096,147
"37530",275,129,5.1597453153592,146
"37531",275,130,6.56898507875666,145
"37532",275,131,5.63881757021571,144
"37533",275,132,3.88126949151355,143
"37534",275,133,3.67903189132439,142
"37535",275,134,4.77159244157781,141
"37536",275,135,4.79304773202477,140
"37537",275,136,4.9086499130321,139
"37538",275,137,4.46381774170564,138
"37539",275,138,4.02460773750791,137
"37540",275,139,4.67434067259425,136
"37541",275,140,5.01072562148754,135
"37542",275,141,6.45500612307016,134
"37543",275,142,5.31770629782769,133
"37544",275,143,4.63007014152992,132
"37545",275,144,5.14673554430822,131
"37546",275,145,6.32456807550804,130
"37547",275,146,6.55562969123006,129
"37548",275,147,6.35296253267475,128
"37549",275,148,5.26782321968906,127
"37550",275,149,5.0888056064855,126
"37551",275,150,7.68648873210924,125
"37552",275,151,9.23487272304811,124
"37553",275,152,7.63923785208925,123
"37554",275,153,9.49199547627246,122
"37555",275,154,7.64264536233548,121
"37556",275,155,7.97202725926731,120
"37557",275,156,6.84324143109348,119
"37558",275,157,7.50444186106394,118
"37559",275,158,7.2669952429991,117
"37560",275,159,9.03512389633016,116
"37561",275,160,9.76494590358494,115
"37562",275,161,8.67515095523627,114
"37563",275,162,7.7071462121546,113
"37564",275,163,6.34948852081279,112
"37565",275,164,7.6359225000041,111
"37566",275,165,6.9032067316325,110
"37567",275,166,7.16276902318678,109
"37568",275,167,5.33955052331971,108
"37569",275,168,5.93481080218877,107
"37570",275,169,7.45600769943596,106
"37571",275,170,7.74123834831281,105
"37572",275,171,5.61340905447302,104
"37573",275,172,6.00031749048842,103
"37574",275,173,7.40552085514302,102
"37575",275,174,7.00494278385951,101
"37576",275,175,6.99882054787487,100
"37577",275,176,7.52975476081621,99
"37578",275,177,8.72319959133479,98
"37579",275,178,7.56748090447299,97
"37580",275,179,8.23983460510561,96
"37581",275,180,7.98973738384842,95
"37582",275,181,8.0637659965443,94
"37583",275,182,9.66356143218921,93
"37584",275,183,9.44577490914923,92
"37585",275,184,6.56684523141605,91
"37586",275,185,8.54916083214121,90
"37587",275,186,8.8355555662502,89
"37588",275,187,7.31003591244741,88
"37589",275,188,7.82993112635468,87
"37590",275,189,6.04522471004375,86
"37591",275,190,7.5959668886438,85
"37592",275,191,8.06053367524085,84
"37593",275,192,8.66407468326192,83
"37594",275,193,8.84622524677608,82
"37595",275,194,8.17653899911213,81
"37596",275,195,7.51230029855156,80
"37597",275,196,6.81540001166798,79
"37598",275,197,6.77250305942184,78
"37599",275,198,7.32619320439609,77
"37600",275,199,7.3967921856845,76
"37601",275,200,9.28442030107545,75
"37602",275,201,9.11055299186753,74
"37603",275,202,9.2229408217427,73
"37604",275,203,11.3824186878103,72
"37605",275,204,11.2969996626919,71
"37606",275,205,10.2936328357474,70
"37607",275,206,8.61357734242719,69
"37608",275,207,8.21788415399659,68
"37609",275,208,9.2513601868294,67
"37610",275,209,8.97806003043228,66
"37611",275,210,10.127589755134,65
"37612",275,211,9.69540284260536,64
"37613",275,212,9.66536206626188,63
"37614",275,213,8.82910448557536,62
"37615",275,214,8.65782396855865,61
"37616",275,215,7.97185662415604,60
"37617",275,216,6.229667269074,59
"37618",275,217,7.09713893749147,58
"37619",275,218,6.20619267081252,57
"37620",275,219,7.10146731304401,56
"37621",275,220,8.0904707786746,55
"37622",275,221,9.1403268924978,54
"37623",275,222,8.78907096782596,53
"37624",275,223,8.65849957901374,52
"37625",275,224,9.27161392102103,51
"37626",275,225,5.8949576474207,50
"37627",275,226,5.14048572671019,49
"37628",275,227,5.51755089107114,48
"37629",275,228,6.96029428873616,47
"37630",275,229,8.18283988183822,46
"37631",275,230,6.69885906860863,45
"37632",275,231,6.65352913039256,44
"37633",275,232,7.71470301080506,43
"37634",275,233,6.3608379939255,42
"37635",275,234,8.07957055830446,41
"37636",275,235,7.87247148597288,40
"37637",275,236,6.73012561776926,39
"37638",275,237,5.62003394539324,38
"37639",275,238,7.58670346658091,37
"37640",275,239,7.54706832391391,36
"37641",275,240,7.99805651567222,35
"37642",275,241,7.06950427226986,34
"37643",275,242,7.32883059509214,33
"37644",275,243,7.82919257533838,32
"37645",275,244,6.85905077591939,31
"37646",275,245,6.11258079143708,30
"37647",275,246,6.09692797960861,29
"37648",275,247,6.22353200413316,28
"37649",275,248,5.11067776718353,27
"37650",275,249,5.24501232238728,26
"37651",275,250,6.00318349665549,25
"37652",275,251,5.10714383703912,24
"37653",275,252,6.13540046720533,23
"37654",275,253,5.81143903893585,22
"37655",275,254,6.60428741317348,21
"37656",275,255,6.96318024468407,20
"37657",275,256,6.16395424354782,19
"37658",275,257,6.35084168506807,18
"37659",275,258,4.89584116567165,17
"37660",275,259,4.16909286735,16
"37661",275,260,3.2803070086209,15
"37662",275,261,3.79640168486706,14
"37663",275,262,4.87323261374057,13
"37664",275,263,5.05549814257721,12
"37665",275,264,6.00836870904592,11
"37666",275,265,5.68854106446013,10
"37667",275,266,6.22559624357147,9
"37668",275,267,6.23724256439711,8
"37669",275,268,6.62994826910991,7
"37670",275,269,6.15934590838633,6
"37671",275,270,6.05354633384795,5
"37672",275,271,5.42215937725469,4
"37673",275,272,5.33335066471159,3
"37674",275,273,4.71639228227748,2
"37675",275,274,2.36919452311407,1
"37676",276,1,1.81027178445438,275
"37677",276,2,3.26438546296419,274
"37678",276,3,7.92140341384503,273
"37679",276,4,5.3433885536621,272
"37680",276,5,6.41651660529224,271
"37681",276,6,4.53402684825442,270
"37682",276,7,6.12811812556586,269
"37683",276,8,7.98176631325149,268
"37684",276,9,10.7214583089515,267
"37685",276,10,7.97325465598066,266
"37686",276,11,4.5691841219658,265
"37687",276,12,8.07698903404751,264
"37688",276,13,9.06834280858251,263
"37689",276,14,5.67944442369324,262
"37690",276,15,5.28994324185798,261
"37691",276,16,6.03396454064083,260
"37692",276,17,6.76597319658518,259
"37693",276,18,4.34073954789534,258
"37694",276,19,3.41727361791527,257
"37695",276,20,5.3939930517273,256
"37696",276,21,9.71393103388237,255
"37697",276,22,9.13968000115022,254
"37698",276,23,9.51347035095705,253
"37699",276,24,7.65502480001244,252
"37700",276,25,4.37032067964301,251
"37701",276,26,6.76968462337968,250
"37702",276,27,3.95194665054584,249
"37703",276,28,3.73428043986171,248
"37704",276,29,4.73698685274105,247
"37705",276,30,2.89993769968593,246
"37706",276,31,6.06338383259839,245
"37707",276,32,3.65284227118074,244
"37708",276,33,4.89706282938748,243
"37709",276,34,8.50542933230728,242
"37710",276,35,4.66378426815087,241
"37711",276,36,4.79000110158696,240
"37712",276,37,3.83794056372186,239
"37713",276,38,2.21521150994512,238
"37714",276,39,8.56565050329536,237
"37715",276,40,7.56308681044142,236
"37716",276,41,8.28581090119762,235
"37717",276,42,5.21096288045995,234
"37718",276,43,5.84445060846137,233
"37719",276,44,5.55608769521868,232
"37720",276,45,7.05152778839228,231
"37721",276,46,8.15526618993052,230
"37722",276,47,5.80644105537264,229
"37723",276,48,4.27918007894607,228
"37724",276,49,6.13419303490424,227
"37725",276,50,9.37898714475514,226
"37726",276,51,6.23095369942542,225
"37727",276,52,5.88592488945398,224
"37728",276,53,6.35227872738358,223
"37729",276,54,5.01106873637028,222
"37730",276,55,4.42800910580717,221
"37731",276,56,4.48902548226553,220
"37732",276,57,4.79312886255277,219
"37733",276,58,1.8157993522018,218
"37734",276,59,3.60371267656241,217
"37735",276,60,5.52640761017185,216
"37736",276,61,6.29101364421411,215
"37737",276,62,8.23706831405482,214
"37738",276,63,4.99498606231458,213
"37739",276,64,2.61799361646017,212
"37740",276,65,5.09908329789922,211
"37741",276,66,7.49319037930191,210
"37742",276,67,4.36386829153023,209
"37743",276,68,3.75076825537079,208
"37744",276,69,7.55028051579248,207
"37745",276,70,4.24069928046747,206
"37746",276,71,4.08303619393736,205
"37747",276,72,4.21724748698911,204
"37748",276,73,3.5378127871378,203
"37749",276,74,3.33275553997488,202
"37750",276,75,2.10945015130304,201
"37751",276,76,3.02833581752349,200
"37752",276,77,5.90271222677319,199
"37753",276,78,7.59358897079242,198
"37754",276,79,4.7256169688918,197
"37755",276,80,3.14374013997593,196
"37756",276,81,3.63154289287596,195
"37757",276,82,3.4534657505841,194
"37758",276,83,4.54296891677801,193
"37759",276,84,6.11576203065141,192
"37760",276,85,6.49616755622309,191
"37761",276,86,5.62541896320122,190
"37762",276,87,7.14882327314395,189
"37763",276,88,6.63273158608107,188
"37764",276,89,3.61471259379436,187
"37765",276,90,5.1949016430337,186
"37766",276,91,4.7116508142318,185
"37767",276,92,3.55764560831032,184
"37768",276,93,3.40980547245522,183
"37769",276,94,8.86100580908023,182
"37770",276,95,4.87344009734344,181
"37771",276,96,4.36584184391429,180
"37772",276,97,2.82873308393944,179
"37773",276,98,3.57580924169383,178
"37774",276,99,2.32883341155034,177
"37775",276,100,2.09113393775235,176
"37776",276,101,6.50802947330445,175
"37777",276,102,4.43144668864604,174
"37778",276,103,3.01606561495694,173
"37779",276,104,3.09378610172967,172
"37780",276,105,3.34851506308164,171
"37781",276,106,4.79991549316333,170
"37782",276,107,5.7073069561147,169
"37783",276,108,4.48527719000536,168
"37784",276,109,3.33656239617452,167
"37785",276,110,6.11081952992463,166
"37786",276,111,6.62338175728512,165
"37787",276,112,3.22657772161015,164
"37788",276,113,3.80305312183663,163
"37789",276,114,4.58950869346141,162
"37790",276,115,4.67483636280748,161
"37791",276,116,6.96519796470524,160
"37792",276,117,6.73119604606672,159
"37793",276,118,6.81369125014614,158
"37794",276,119,5.95342683499627,157
"37795",276,120,4.98339492786621,156
"37796",276,121,1.30549705954733,155
"37797",276,122,4.01086529914674,154
"37798",276,123,7.17786226312686,153
"37799",276,124,3.57844977771937,152
"37800",276,125,5.77286199143959,151
"37801",276,126,4.49131449316547,150
"37802",276,127,4.62150159894086,149
"37803",276,128,3.23626015598913,148
"37804",276,129,4.72872833578413,147
"37805",276,130,4.56874153104107,146
"37806",276,131,3.76787544089304,145
"37807",276,132,3.80574687628692,144
"37808",276,133,3.75949799501902,143
"37809",276,134,3.68740937839595,142
"37810",276,135,4.17781966224584,141
"37811",276,136,3.56390057531401,140
"37812",276,137,5.64424328635779,139
"37813",276,138,4.67125850709647,138
"37814",276,139,2.89469753627387,137
"37815",276,140,3.25347822155442,136
"37816",276,141,4.5842720829342,135
"37817",276,142,4.15858525394873,134
"37818",276,143,5.81049568618208,133
"37819",276,144,5.52445718888779,132
"37820",276,145,5.32736643003904,131
"37821",276,146,6.73956828068445,130
"37822",276,147,7.11879652161979,129
"37823",276,148,6.03365720863411,128
"37824",276,149,6.05919112830064,127
"37825",276,150,6.09082258565768,126
"37826",276,151,7.1216887692448,125
"37827",276,152,8.01695949666882,124
"37828",276,153,10.2578294652175,123
"37829",276,154,8.40847935128052,122
"37830",276,155,6.16611300079201,121
"37831",276,156,5.44180052928886,120
"37832",276,157,5.66611771175831,119
"37833",276,158,7.14311790301035,118
"37834",276,159,7.58491209139001,117
"37835",276,160,8.65459576284151,116
"37836",276,161,7.32214281163877,115
"37837",276,162,6.72599344521073,114
"37838",276,163,5.59507493393956,113
"37839",276,164,8.40175648894915,112
"37840",276,165,7.66904072057755,111
"37841",276,166,6.52137387584628,110
"37842",276,167,5.70111924478079,109
"37843",276,168,4.64618025073018,108
"37844",276,169,5.55296781306303,107
"37845",276,170,5.38539639165543,106
"37846",276,171,4.648513255241,105
"37847",276,172,5.56876076336772,104
"37848",276,173,6.87727420307696,103
"37849",276,174,7.77077677280456,102
"37850",276,175,7.76465453681992,101
"37851",276,176,7.97195804212804,100
"37852",276,177,6.17314019337497,99
"37853",276,178,5.35698924473366,98
"37854",276,179,6.98382203366406,97
"37855",276,180,8.75557137279346,96
"37856",276,181,7.87496483030153,95
"37857",276,182,7.32353425372192,94
"37858",276,183,7.42969057209521,93
"37859",276,184,7.33267922036109,92
"37860",276,185,5.70810171213939,91
"37861",276,186,7.11069204599907,90
"37862",276,187,6.19968577170398,89
"37863",276,188,6.96192685468525,88
"37864",276,189,6.8110586989888,87
"37865",276,190,6.95457174130331,86
"37866",276,191,7.82384598490608,85
"37867",276,192,9.42990867220697,84
"37868",276,193,9.04608265901391,83
"37869",276,194,6.96864705209764,82
"37870",276,195,8.27813428749661,81
"37871",276,196,6.56211720869296,80
"37872",276,197,7.1827386394251,79
"37873",276,198,8.09202719334114,78
"37874",276,199,8.00112295459301,77
"37875",276,200,7.67249718691205,76
"37876",276,201,7.06208477513152,75
"37877",276,202,9.98877481068775,74
"37878",276,203,9.83552344449424,73
"37879",276,204,9.70122947164694,72
"37880",276,205,9.68498572416566,71
"37881",276,206,5.96662641690478,70
"37882",276,207,8.41784561082778,69
"37883",276,208,9.01446440730791,68
"37884",276,209,8.61152468758947,67
"37885",276,210,9.6481400173518,66
"37886",276,211,9.07026466297671,65
"37887",276,212,8.94335837021897,64
"37888",276,213,7.89651453258031,63
"37889",276,214,9.00323976690125,62
"37890",276,215,6.48954706216562,61
"37891",276,216,6.34878607686773,60
"37892",276,217,6.89231490387191,59
"37893",276,218,6.97202665975756,58
"37894",276,219,7.33339647118377,57
"37895",276,220,8.08018412348205,56
"37896",276,221,8.06217855339799,55
"37897",276,222,8.98903242465715,54
"37898",276,223,7.93605369344908,53
"37899",276,224,7.53018129927799,52
"37900",276,225,6.38613992105478,51
"37901",276,226,6.32091127136235,50
"37902",276,227,5.94370529385783,49
"37903",276,228,7.7261282776812,48
"37904",276,229,6.91080444301987,47
"37905",276,230,7.46469305755367,46
"37906",276,231,5.26811109596474,45
"37907",276,232,5.42303055709987,44
"37908",276,233,7.24993074888102,43
"37909",276,234,8.8454045472495,42
"37910",276,235,6.68096656241192,41
"37911",276,236,7.4959596067143,40
"37912",276,237,6.24073641371809,39
"37913",276,238,4.76729237118989,38
"37914",276,239,8.72749386856607,37
"37915",276,240,8.76389050461727,36
"37916",276,241,6.21775696831227,35
"37917",276,242,5.57145313941733,34
"37918",276,243,4.98813345533656,33
"37919",276,244,5.53834847855887,32
"37920",276,245,4.74331568012774,31
"37921",276,246,5.90846495829425,30
"37922",276,247,6.58499668100088,29
"37923",276,248,6.03195004039308,28
"37924",276,249,6.42543786703943,27
"37925",276,250,3.93241838589592,26
"37926",276,251,5.5263531255519,25
"37927",276,252,4.77625355493243,24
"37928",276,253,4.79798042575501,23
"37929",276,254,4.58799498693276,22
"37930",276,255,4.26693038971485,21
"37931",276,256,4.84346003537401,20
"37932",276,257,5.69352771494413,19
"37933",276,258,5.6616751546167,18
"37934",276,259,3.43070214785356,17
"37935",276,260,3.20499248258098,16
"37936",276,261,3.42997038661761,15
"37937",276,262,3.81123719775925,14
"37938",276,263,3.97141912398871,13
"37939",276,264,3.92156512422055,12
"37940",276,265,4.42683191386493,11
"37941",276,266,3.79912867927676,10
"37942",276,267,3.8107750001024,9
"37943",276,268,4.2034807048152,8
"37944",276,269,4.44439249798493,7
"37945",276,270,4.53292221268684,6
"37946",276,271,4.69378281220133,5
"37947",276,272,4.82125693576401,4
"37948",276,273,5.07806504833192,3
"37949",276,274,3.13502851205912,2
"37950",276,275,2.84105912000182,1
"37951",277,1,3.17577452829961,276
"37952",277,2,2.76527743535132,275
"37953",277,3,7.42229538623216,274
"37954",277,4,6.02929642207512,273
"37955",277,5,6.41042388329583,272
"37956",277,6,7.05972404760006,271
"37957",277,7,6.59475201348153,270
"37958",277,8,7.48265828563861,269
"37959",277,9,10.2223502813386,268
"37960",277,10,7.47414662836778,267
"37961",277,11,6.24778145558651,266
"37962",277,12,7.57788100643464,265
"37963",277,13,8.56923478096964,264
"37964",277,14,7.24317652624915,263
"37965",277,15,6.03653511934577,262
"37966",277,16,5.98799672824081,261
"37967",277,17,6.57475913186046,260
"37968",277,18,6.06184070068237,259
"37969",277,19,3.34492570532439,258
"37970",277,20,5.15369595008698,257
"37971",277,21,9.2148230062695,256
"37972",277,22,9.52193372385433,255
"37973",277,23,9.01436232334418,254
"37974",277,24,8.39207058605984,253
"37975",277,25,5.84956857239401,252
"37976",277,26,6.95407314344987,251
"37977",277,27,5.84630645963814,250
"37978",277,28,6.06599329990559,249
"37979",277,29,5.81126717700294,248
"37980",277,30,5.75109928815926,247
"37981",277,31,6.04969585528701,246
"37982",277,32,7.02380975418871,245
"37983",277,33,5.08145134945767,244
"37984",277,34,8.00632130469441,243
"37985",277,35,6.1939359782012,242
"37986",277,36,6.13903878853365,241
"37987",277,37,5.0049506318121,240
"37988",277,38,5.283645750318,239
"37989",277,39,8.06654247568248,238
"37990",277,40,7.50655847181578,237
"37991",277,41,7.78670287358475,236
"37992",277,42,7.24284363082029,235
"37993",277,43,5.41003230676747,234
"37994",277,44,5.05697966760581,233
"37995",277,45,6.3283911263339,232
"37996",277,46,7.65615816231765,231
"37997",277,47,5.30733302775977,230
"37998",277,48,2.47897173973436,229
"37999",277,49,2.76322555189627,228
"38000",277,50,8.87987911714227,227
"38001",277,51,5.73184567181255,226
"38002",277,52,5.38681686184111,225
"38003",277,53,6.11773008952617,224
"38004",277,54,7.41847243530004,223
"38005",277,55,3.9289010781943,222
"38006",277,56,4.01914888885215,221
"38007",277,57,4.79559380835987,220
"38008",277,58,3.41334594759835,219
"38009",277,59,3.50124219643523,218
"38010",277,60,5.02729958255898,217
"38011",277,61,5.79190561660124,216
"38012",277,62,7.73796028644195,215
"38013",277,63,4.5611139947358,214
"38014",277,64,2.80238213653035,213
"38015",277,65,5.28347181796941,212
"38016",277,66,6.99408235168904,211
"38017",277,67,6.08101414698927,210
"38018",277,68,3.93515677544098,209
"38019",277,69,7.05117248817961,208
"38020",277,70,3.74159125285459,207
"38021",277,71,3.58392816632449,206
"38022",277,72,3.71813945937624,205
"38023",277,73,4.83160119223208,204
"38024",277,74,3.39405770332469,203
"38025",277,75,2.36503118437694,202
"38026",277,76,1.87935284731781,201
"38027",277,77,2.53174474376522,200
"38028",277,78,4.44768071080847,199
"38029",277,79,4.22650894127892,198
"38030",277,80,2.38430586363284,197
"38031",277,81,1.40545270797977,196
"38032",277,82,3.63785427065428,195
"38033",277,83,4.7273574368482,194
"38034",277,84,5.61665400303854,193
"38035",277,85,5.99705952861022,192
"38036",277,86,5.68695522688608,191
"38037",277,87,6.64971524553108,190
"38038",277,88,6.1336235584682,189
"38039",277,89,3.97308808232332,188
"38040",277,90,5.37929016310389,187
"38041",277,91,4.21254278661893,186
"38042",277,92,3.28504266043303,185
"38043",277,93,3.52562700272347,184
"38044",277,94,5.49003832607226,183
"38045",277,95,4.15030343528506,182
"38046",277,96,3.86673381630142,181
"38047",277,97,1.98206405333928,180
"38048",277,98,3.76019776176402,179
"38049",277,99,4.40607920739427,178
"38050",277,100,2.57961047706917,177
"38051",277,101,3.23059182299735,176
"38052",277,102,1.4526564095464,175
"38053",277,103,2.3035933089641,174
"38054",277,104,2.55738115397981,173
"38055",277,105,1.077256668417,172
"38056",277,106,3.79571554437809,171
"38057",277,107,3.30161005826044,170
"38058",277,108,2.21424313680659,169
"38059",277,109,1.21108672908051,168
"38060",277,110,2.73985204691667,167
"38061",277,111,3.92641920462195,166
"38062",277,112,2.99078118246496,165
"38063",277,113,1.92359916959986,164
"38064",277,114,2.25784425626501,163
"38065",277,115,2.52114020254618,162
"38066",277,116,3.85194846665668,161
"38067",277,117,4.04372511074181,160
"38068",277,118,3.44272376713818,159
"38069",277,119,2.5824593519883,158
"38070",277,120,1.92647266100593,157
"38071",277,121,2.08227782582925,156
"38072",277,122,1.49146597682911,155
"38073",277,123,3.8068947801189,154
"38074",277,124,2.9955825340436,153
"38075",277,125,3.5014614466262,152
"38076",277,126,1.12034701015751,151
"38077",277,127,2.43154429511459,150
"38078",277,128,3.05187163591894,149
"38079",277,129,2.13429767528718,148
"38080",277,130,3.54353743868465,147
"38081",277,131,2.6133699301437,146
"38082",277,132,1.3600439225,145
"38083",277,133,1.75167235464254,144
"38084",277,134,2.84423290489597,143
"38085",277,135,2.86568819534292,142
"38086",277,136,2.93086816924441,141
"38087",277,137,2.95677235103289,140
"38088",277,138,2.09724820082606,139
"38089",277,139,2.7469811359124,138
"38090",277,140,2.11413025093428,137
"38091",277,141,3.42955848299815,136
"38092",277,142,2.8244885841212,135
"38093",277,143,3.12302475085718,134
"38094",277,144,2.56806781566504,133
"38095",277,145,3.29912043543602,132
"38096",277,146,3.53018205115804,131
"38097",277,147,3.74782903861183,130
"38098",277,148,2.92600121409382,129
"38099",277,149,3.37172019297573,128
"38100",277,150,4.66104109203723,127
"38101",277,151,6.2094250829761,126
"38102",277,152,4.64599201366086,125
"38103",277,153,6.88686198220954,124
"38104",277,154,5.03751186827256,123
"38105",277,155,4.94657961919529,122
"38106",277,156,3.81779379102147,121
"38107",277,157,4.47899422099193,120
"38108",277,158,4.24154760292708,119
"38109",277,159,6.00967625625815,118
"38110",277,160,6.73949826351292,117
"38111",277,161,5.64970331516425,116
"38112",277,162,4.68169857208258,115
"38113",277,163,3.83386990122941,114
"38114",277,164,5.03078900594118,113
"38115",277,165,4.29807323756959,112
"38116",277,166,4.13732138311476,111
"38117",277,167,2.33015176177283,110
"38118",277,168,3.25671166242751,109
"38119",277,169,4.43056005936395,108
"38120",277,170,4.7157907082408,107
"38121",277,171,3.07537608309085,106
"38122",277,172,3.78723211354011,105
"38123",277,173,4.38007321507101,104
"38124",277,174,4.3998092897966,103
"38125",277,175,4.39368705381196,102
"38126",277,176,4.60099055912008,101
"38127",277,177,5.69775195126277,100
"38128",277,178,4.54203326440097,99
"38129",277,179,5.2143869650336,98
"38130",277,180,5.3846038897855,97
"38131",277,181,5.03831835647228,96
"38132",277,182,6.6381137921172,95
"38133",277,183,6.42032726907721,94
"38134",277,184,3.96171173735313,93
"38135",277,185,5.5237131920692,92
"38136",277,186,5.81010792617819,91
"38137",277,187,4.73278118689784,90
"38138",277,188,4.80448348628267,89
"38139",277,189,4.08437945541839,88
"38140",277,190,4.57051924857179,87
"38141",277,191,5.03508603516884,86
"38142",277,192,6.058941189199,85
"38143",277,193,5.82077760670407,84
"38144",277,194,5.15109135904012,83
"38145",277,195,4.90716680448864,82
"38146",277,196,3.78995237159596,81
"38147",277,197,3.81177115641714,80
"38148",277,198,4.72105971033317,79
"38149",277,199,4.63015547158505,78
"38150",277,200,6.25897266100344,77
"38151",277,201,6.08510535179551,76
"38152",277,202,6.61780732767978,75
"38153",277,203,8.35697104773826,74
"38154",277,204,8.27155202261984,73
"38155",277,205,7.26818519567541,72
"38156",277,206,6.22120404293239,71
"38157",277,207,5.19243651392458,70
"38158",277,208,6.22591254675738,69
"38159",277,209,5.95261239036026,68
"38160",277,210,7.10214211506198,67
"38161",277,211,6.66995520253335,66
"38162",277,212,6.63991442618986,65
"38163",277,213,5.80365684550334,64
"38164",277,214,5.63237632848664,63
"38165",277,215,4.94640898408403,62
"38166",277,216,3.84290091900937,61
"38167",277,217,4.07169129741946,60
"38168",277,218,4.20612566201975,59
"38169",277,219,4.65307830293509,58
"38170",277,220,5.06502313860259,57
"38171",277,221,6.11487925242579,56
"38172",277,222,5.76362332775395,55
"38173",277,223,5.63305193894173,54
"38174",277,224,6.24616628094902,53
"38175",277,225,3.27848392651449,52
"38176",277,226,3.63344033603745,51
"38177",277,227,2.60074566615693,50
"38178",277,228,4.35516079467324,49
"38179",277,229,5.15739224176621,48
"38180",277,230,4.09372557454571,47
"38181",277,231,3.80176246343687,46
"38182",277,232,4.68925537073305,45
"38183",277,233,4.56245981355612,44
"38184",277,234,5.47443706424154,43
"38185",277,235,4.84702384590087,42
"38186",277,236,4.12499212370634,41
"38187",277,237,3.55326547839319,40
"38188",277,238,5.25035932362213,39
"38189",277,239,6.04002293324116,38
"38190",277,240,5.39292302160931,37
"38191",277,241,4.04405663219784,36
"38192",277,242,4.30338295502013,35
"38193",277,243,4.80374493526637,34
"38194",277,244,3.83360313584737,33
"38195",277,245,3.31682983509552,32
"38196",277,246,3.16112430080984,31
"38197",277,247,3.64541471014675,30
"38198",277,248,3.34447910506817,29
"38199",277,249,3.73796693171453,28
"38200",277,250,4.07582395997364,27
"38201",277,251,3.17978430035727,26
"38202",277,252,4.20804093052349,25
"38203",277,253,3.37425048176538,24
"38204",277,254,3.62926198020732,23
"38205",277,255,3.93773260461205,22
"38206",277,256,3.17212140821304,21
"38207",277,257,3.32539404499606,20
"38208",277,258,2.29070767160873,19
"38209",277,259,1.54816901311131,18
"38210",277,260,0.366904235699024,17
"38211",277,261,0.770954044795051,16
"38212",277,262,1.84778497366855,15
"38213",277,263,3.12813860589537,14
"38214",277,264,4.08100917236408,13
"38215",277,265,3.76118152777828,12
"38216",277,266,4.29823670688963,11
"38217",277,267,4.30988302771527,10
"38218",277,268,4.70258873242807,9
"38219",277,269,4.23198637170449,8
"38220",277,270,4.12618679716611,7
"38221",277,271,3.49479984057285,6
"38222",277,272,2.30790302463957,5
"38223",277,273,1.70709756532395,4
"38224",277,274,2.48439465566438,3
"38225",277,275,3.02544764007201,2
"38226",277,276,3.37096748300796,1
"38227",278,1,4.18563342859178,277
"38228",278,2,4.33208611140718,276
"38229",278,3,8.34141400461105,275
"38230",278,4,6.20439215336669,274
"38231",278,5,6.83652719605826,273
"38232",278,6,7.23481977889162,272
"38233",278,7,6.7698477447731,271
"38234",278,8,8.40177690401751,270
"38235",278,9,11.1414688997175,269
"38236",278,10,8.39326524674668,268
"38237",278,11,6.939832545971,267
"38238",278,12,8.49699962481353,266
"38239",278,13,9.48835339934854,265
"38240",278,14,7.41827225754071,264
"38241",278,15,6.21163085063733,263
"38242",278,16,6.45397513140685,262
"38243",278,17,7.1859837873512,261
"38244",278,18,7.07169960097453,260
"38245",278,19,5.09880749270389,259
"38246",278,20,5.81400364249332,258
"38247",278,21,10.1339416246484,257
"38248",278,22,9.6970294551459,256
"38249",278,23,9.93348094172307,255
"38250",278,24,8.5671663173514,254
"38251",278,25,6.02466430368557,253
"38252",278,26,8.70795493082936,252
"38253",278,27,6.55363211729523,251
"38254",278,28,7.07585220019776,250
"38255",278,29,6.03775322177678,249
"38256",278,30,6.76095818845142,248
"38257",278,31,6.48339442336441,247
"38258",278,32,8.03366865448087,246
"38259",278,33,6.83533313683716,245
"38260",278,34,8.9254399230733,244
"38261",278,35,6.36903170949276,243
"38262",278,36,7.14889768882581,242
"38263",278,37,5.18004636310367,241
"38264",278,38,6.29350465061017,240
"38265",278,39,8.98566109406138,239
"38266",278,40,7.98309740120744,238
"38267",278,41,8.70582149196365,237
"38268",278,42,7.41793936211185,236
"38269",278,43,6.2644611992274,235
"38270",278,44,5.97609828598471,234
"38271",278,45,7.24750974471279,233
"38272",278,46,8.57527678069654,232
"38273",278,47,6.22645164613866,231
"38274",278,48,3.39809035811326,230
"38275",278,49,2.29193802771796,229
"38276",278,50,9.79899773552116,228
"38277",278,51,6.65096429019144,227
"38278",278,52,6.30593548022,226
"38279",278,53,6.77228931814961,225
"38280",278,54,7.5935681665916,224
"38281",278,55,5.5132432364011,223
"38282",278,56,5.77303067623165,222
"38283",278,57,5.21313945331879,221
"38284",278,58,4.01982719104374,220
"38285",278,59,5.25512398381473,219
"38286",278,60,5.94641820093788,218
"38287",278,61,6.71102423498013,217
"38288",278,62,8.65707890482084,216
"38289",278,63,5.4149966530806,215
"38290",278,64,4.55626392390985,214
"38291",278,65,7.0373536053489,213
"38292",278,66,7.91320097006794,212
"38293",278,67,6.25610987828083,211
"38294",278,68,5.68903856282047,210
"38295",278,69,7.9702911065585,209
"38296",278,70,4.68286875051627,208
"38297",278,71,4.50304678470338,207
"38298",278,72,4.63725807775514,206
"38299",278,73,5.00669692352364,205
"38300",278,74,3.8567703365979,204
"38301",278,75,4.04772045875273,203
"38302",278,76,2.79847146569671,202
"38303",278,77,1.52647018577056,201
"38304",278,78,5.36679932918737,200
"38305",278,79,5.14562755965782,199
"38306",278,80,4.13818765101233,198
"38307",278,81,2.32457132635866,197
"38308",278,82,5.39173605803378,196
"38309",278,83,6.48123922422769,195
"38310",278,84,6.53577262141743,194
"38311",278,85,6.91617814698911,193
"38312",278,86,6.04542955396724,192
"38313",278,87,7.56883386390997,191
"38314",278,88,7.05274217684709,190
"38315",278,89,4.14818381361488,189
"38316",278,90,7.13317195048338,188
"38317",278,91,5.64708392899473,187
"38318",278,92,4.05608626148925,186
"38319",278,93,3.82981606322124,185
"38320",278,94,4.4801794257801,184
"38321",278,95,5.06942205366395,183
"38322",278,96,4.78585243468032,182
"38323",278,97,2.15715978463084,181
"38324",278,98,5.51407954914351,180
"38325",278,99,5.41593810768643,179
"38326",278,100,3.58946937736133,178
"38327",278,101,3.05549609170579,177
"38328",278,102,2.48882209583745,176
"38329",278,103,4.05747509634359,175
"38330",278,104,2.73247688527138,174
"38331",278,105,2.31010898236942,173
"38332",278,106,5.54959733175759,172
"38333",278,107,4.22072867663934,171
"38334",278,108,1.31297794168863,170
"38335",278,109,1.04426398712561,169
"38336",278,110,1.7299931466245,168
"38337",278,111,4.84553782300084,167
"38338",278,112,4.74466296984445,166
"38339",278,113,3.67748095697935,165
"38340",278,114,1.72694202684494,164
"38341",278,115,1.81226969619102,163
"38342",278,116,3.67685273536511,162
"38343",278,117,3.86862937945025,161
"38344",278,118,3.14436926983614,160
"38345",278,119,2.62717686780822,159
"38346",278,120,2.84559127938482,158
"38347",278,121,3.09213672612142,157
"38348",278,122,0.733720522745059,156
"38349",278,123,3.45811807571101,155
"38350",278,124,4.7494643214231,154
"38351",278,125,4.42058006500509,153
"38352",278,126,1.99472386921424,152
"38353",278,127,1.19356093512175,151
"38354",278,128,1.58957534118308,150
"38355",278,129,0.447652908271093,149
"38356",278,130,1.94662495307321,148
"38357",278,131,0.859488142764203,147
"38358",278,132,0.898059935937953,146
"38359",278,133,2.06391297464648,145
"38360",278,134,2.86717885988574,144
"38361",278,135,1.94656957696403,143
"38362",278,136,2.01174955086552,142
"38363",278,137,2.78167661974133,141
"38364",278,138,1.80869184048,140
"38365",278,139,2.4105359773001,139
"38366",278,140,1.19501163255539,138
"38367",278,141,1.67567669561865,137
"38368",278,142,1.90536996574231,136
"38369",278,143,2.94792901956561,135
"38370",278,144,2.39297208437348,134
"38371",278,145,2.19512039100236,133
"38372",278,146,2.75651260480092,132
"38373",278,147,2.81640020073257,131
"38374",278,148,2.75090548280225,130
"38375",278,149,3.19662446168417,129
"38376",278,150,3.40577442628603,128
"38377",278,151,4.4555432955966,127
"38378",278,152,4.02829687135512,126
"38379",278,153,5.87700308191737,125
"38380",278,154,4.02765296798039,124
"38381",278,155,3.1926978318158,123
"38382",278,156,2.12553466368627,122
"38383",278,157,2.72511243361243,121
"38384",278,158,2.76229151971022,120
"38385",278,159,4.25579446887866,119
"38386",278,160,4.98561647613343,118
"38387",278,161,3.89582152778476,117
"38388",278,162,3.01744730005444,116
"38389",278,163,2.91475128285052,115
"38390",278,164,4.02093010564902,114
"38391",278,165,3.28821433727742,113
"38392",278,166,2.38343959573527,112
"38393",278,167,1.86372324078463,111
"38394",278,168,2.33759304404861,110
"38395",278,169,2.97921151461953,109
"38396",278,170,3.21401995639054,108
"38397",278,171,2.15625746471196,107
"38398",278,172,2.86811349516122,106
"38399",278,173,3.42733979195488,105
"38400",278,174,4.13506959723178,104
"38401",278,175,3.38382815351979,103
"38402",278,176,3.59113165882791,102
"38403",278,177,3.94387016388328,101
"38404",278,178,2.92820419947868,100
"38405",278,179,3.46050517765411,99
"38406",278,180,4.37474498949334,98
"38407",278,181,3.49413844700141,97
"38408",278,182,4.8842320047377,96
"38409",278,183,4.66644548169772,95
"38410",278,184,3.41685315395203,94
"38411",278,185,3.7698314046897,93
"38412",278,186,4.05622613879869,92
"38413",278,187,3.81366256851895,91
"38414",278,188,3.09541695657885,90
"38415",278,189,3.90928372412682,89
"38416",278,190,2.81663746119229,88
"38417",278,191,3.44301960160595,87
"38418",278,192,5.04908228890684,86
"38419",278,193,4.66525627571378,85
"38420",278,194,3.39720957166062,84
"38421",278,195,3.89730790419648,83
"38422",278,196,2.18129082539283,82
"38423",278,197,2.80191225612497,81
"38424",278,198,3.71120081004101,80
"38425",278,199,3.66511182896856,79
"38426",278,200,4.53870567836118,78
"38427",278,201,5.12676497924922,77
"38428",278,202,6.19060056085899,76
"38429",278,203,6.60308926035876,75
"38430",278,204,6.51767023524035,74
"38431",278,205,5.51430340829592,73
"38432",278,206,5.3020854245535,72
"38433",278,207,4.03701922752765,71
"38434",278,208,4.63363802400778,70
"38435",278,209,4.23069830428934,69
"38436",278,210,5.34826032768249,68
"38437",278,211,4.91607341515386,67
"38438",278,212,4.88603263881037,66
"38439",278,213,4.04977505812385,65
"38440",278,214,4.62241338360112,64
"38441",278,215,3.32137946622329,63
"38442",278,216,3.44140415257558,62
"38443",278,217,2.51148852057178,61
"38444",278,218,4.03102993072819,60
"38445",278,219,4.36439188684733,59
"38446",278,220,3.69935774018192,58
"38447",278,221,4.36099746504629,57
"38448",278,222,4.60820604135702,56
"38449",278,223,3.87917015156224,55
"38450",278,224,4.49228449356952,54
"38451",278,225,3.10338819522292,53
"38452",278,226,3.45834460474588,52
"38453",278,227,2.42564993486537,51
"38454",278,228,3.34530189438107,50
"38455",278,229,3.40351045438671,49
"38456",278,230,3.1734971896049,48
"38457",278,231,2.88264384505798,47
"38458",278,232,3.28832903309447,46
"38459",278,233,4.38736408226456,45
"38460",278,234,4.46457816394938,44
"38461",278,235,3.09314205852137,43
"38462",278,236,3.11513322341418,42
"38463",278,237,3.37816974710162,41
"38464",278,238,4.33124070524323,40
"38465",278,239,5.8649272019496,39
"38466",278,240,4.38306412131714,38
"38467",278,241,2.29017484481835,37
"38468",278,242,2.54950116764063,36
"38469",278,243,3.04986314788688,35
"38470",278,244,2.07972134846788,34
"38471",278,245,2.39771121671662,33
"38472",278,246,2.45204570526797,32
"38473",278,247,3.47031897885519,31
"38474",278,248,3.16938337377661,30
"38475",278,249,3.98711831939672,29
"38476",278,250,3.15670534159475,28
"38477",278,251,2.66378645893543,27
"38478",278,252,3.28892231214459,26
"38479",278,253,2.45513186338649,25
"38480",278,254,2.71014336182842,24
"38481",278,255,2.77892698253481,23
"38482",278,256,2.25300278983414,22
"38483",278,257,2.23259445350084,21
"38484",278,258,2.10441148737872,20
"38485",278,259,1.72326474440287,19
"38486",278,260,1.49902241883061,18
"38487",278,261,0.982927742584444,17
"38488",278,262,0.659747917391813,16
"38489",278,263,2.20901998751648,15
"38490",278,264,3.16189055398518,14
"38491",278,265,2.84206290939939,13
"38492",278,266,3.55726776244401,12
"38493",278,267,3.39076440933638,11
"38494",278,268,3.78347011404918,10
"38495",278,269,3.3128677533256,9
"38496",278,270,3.20706817878721,8
"38497",278,271,2.57568122219395,7
"38498",278,272,1.24312473437331,6
"38499",278,273,0.69723866503179,5
"38500",278,274,4.23827644304387,4
"38501",278,275,4.77932942745151,3
"38502",278,276,4.38082638330013,2
"38503",278,277,1.75388178737949,1
"38504",279,1,3.65067804389949,278
"38505",279,2,4.23422206340261,277
"38506",279,3,7.87938060800522,276
"38507",279,4,5.3013657478223,275
"38508",279,5,6.37449379945243,274
"38509",279,6,5.67261885214156,273
"38510",279,7,6.08609531972606,272
"38511",279,8,7.93974350741168,271
"38512",279,9,10.6794355031117,270
"38513",279,10,7.93123185014085,269
"38514",279,11,5.7418009678222,268
"38515",279,12,8.03496622820771,267
"38516",279,13,9.02632000274271,266
"38517",279,14,5.85607133079065,265
"38518",279,15,5.24792043601817,264
"38519",279,16,5.99194173480102,263
"38520",279,17,6.72395039074538,262
"38521",279,18,6.18114580734046,261
"38522",279,19,5.00094344469932,260
"38523",279,20,5.35197024588749,259
"38524",279,21,9.67190822804256,258
"38525",279,22,9.09765719531041,257
"38526",279,23,9.47144754511725,256
"38527",279,24,7.61300199417264,255
"38528",279,25,4.46246337693551,254
"38529",279,26,8.6100908828248,253
"38530",279,27,5.35560053914643,252
"38531",279,28,5.87782062204895,251
"38532",279,29,5.11052370898479,250
"38533",279,30,5.56292661030262,249
"38534",279,31,6.02136102675858,248
"38535",279,32,6.83563707633207,247
"38536",279,33,6.7374690888326,246
"38537",279,34,8.46340652646748,245
"38538",279,35,4.8068307827427,244
"38539",279,36,6.63040736103208,243
"38540",279,37,3.79591775788206,242
"38541",279,38,5.09547307246137,241
"38542",279,39,8.52362769745555,240
"38543",279,40,7.52106400460161,239
"38544",279,41,8.24378809535782,238
"38545",279,42,5.85573843536179,237
"38546",279,43,5.80242780262157,236
"38547",279,44,5.51406488937888,235
"38548",279,45,6.78547634810697,234
"38549",279,46,8.11324338409071,233
"38550",279,47,5.76441824953283,232
"38551",279,48,2.93605696150743,231
"38552",279,49,2.95139822975291,230
"38553",279,50,9.33696433891533,229
"38554",279,51,6.18893089358561,228
"38555",279,52,5.84390208361418,227
"38556",279,53,6.31025592154378,226
"38557",279,54,6.03136723984154,225
"38558",279,55,5.41537918839653,224
"38559",279,56,5.67516662822708,223
"38560",279,57,4.75110605671297,222
"38561",279,58,2.82179561289494,221
"38562",279,59,5.15725993581017,220
"38563",279,60,5.48438480433205,219
"38564",279,61,6.2489908383743,218
"38565",279,62,8.19504550821501,217
"38566",279,63,4.95296325647478,216
"38567",279,64,4.45839987590529,215
"38568",279,65,6.93948955734434,214
"38569",279,66,7.45116757346211,213
"38570",279,67,4.69390895153076,212
"38571",279,68,5.59117451481591,211
"38572",279,69,7.50825770995267,210
"38573",279,70,4.58500470251171,209
"38574",279,71,4.04101338809756,208
"38575",279,72,4.17522468114931,207
"38576",279,73,3.49578998129799,206
"38577",279,74,3.75890628859334,205
"38578",279,75,3.94985641074816,204
"38579",279,76,2.33643806909088,203
"38580",279,77,2.71991742162186,202
"38581",279,78,4.90476593258154,201
"38582",279,79,4.68359416305199,200
"38583",279,80,4.04032360300777,199
"38584",279,81,1.91296013685868,198
"38585",279,82,5.29387201002922,197
"38586",279,83,6.38337517622313,196
"38587",279,84,6.0737392248116,195
"38588",279,85,6.45414475038329,194
"38589",279,86,5.58339615736142,193
"38590",279,87,7.10680046730414,192
"38591",279,88,6.59070878024126,191
"38592",279,89,3.92005173418721,190
"38593",279,90,7.03530790247882,189
"38594",279,91,5.54921988099017,188
"38595",279,92,3.95822221348469,187
"38596",279,93,3.36778266661541,186
"38597",279,94,5.6782110039289,185
"38598",279,95,4.89311449732458,184
"38599",279,96,4.32381903807449,183
"38600",279,97,1.30657185413778,182
"38601",279,98,5.41621550113895,181
"38602",279,99,4.21790652953763,180
"38603",279,100,2.69870749454055,179
"38604",279,101,4.61769701845585,178
"38605",279,102,2.8397616050049,177
"38606",279,103,3.95961104833903,176
"38607",279,104,1.17027595852131,175
"38608",279,105,2.21224493436486,174
"38609",279,106,5.45173328375302,173
"38610",279,107,3.75869528003351,172
"38611",279,108,1.30248238485404,171
"38612",279,109,0.758834076293347,170
"38613",279,110,2.9280247247733,169
"38614",279,111,4.38350442639501,168
"38615",279,112,4.64679892183989,167
"38616",279,113,3.57961690897479,166
"38617",279,114,3.28914295359501,165
"38618",279,115,3.37447062294108,164
"38619",279,116,5.23905366211518,163
"38620",279,117,5.43083030620032,162
"38621",279,118,4.7065701965862,161
"38622",279,119,2.77063202984494,160
"38623",279,120,2.38355788277899,159
"38624",279,121,1.89410514797262,158
"38625",279,122,2.29592144949512,157
"38626",279,123,5.02031900246107,156
"38627",279,124,4.65160027341853,155
"38628",279,125,3.95854666839927,154
"38629",279,126,1.53269047260841,153
"38630",279,127,1.43870679378953,152
"38631",279,128,1.54152701435328,151
"38632",279,129,1.5459335306328,150
"38633",279,130,1.88751969930972,149
"38634",279,131,1.11983271094665,148
"38635",279,132,2.32610665979592,147
"38636",279,133,2.45913225515262,146
"38637",279,134,2.3871476831229,145
"38638",279,135,2.87745392237944,144
"38639",279,136,2.47378294747134,143
"38640",279,137,4.34387754649139,142
"38641",279,138,3.37089276723006,141
"38642",279,139,2.28989591413934,140
"38643",279,140,1.65704502916122,139
"38644",279,141,1.85198425195802,138
"38645",279,142,2.70695289276479,137
"38646",279,143,4.51012994631568,136
"38647",279,144,3.95517301112354,135
"38648",279,145,3.15862271643481,134
"38649",279,146,4.31871353155099,133
"38650",279,147,4.37860112748264,132
"38651",279,148,4.31310640955232,131
"38652",279,149,4.75882538843423,130
"38653",279,150,3.86780782289186,129
"38654",279,151,4.76631007088489,128
"38655",279,152,5.59049779810519,127
"38656",279,153,7.07503466006618,126
"38657",279,154,5.2256845461292,125
"38658",279,155,3.29056187982036,124
"38659",279,156,2.68479773278309,123
"38660",279,157,2.822976481617,122
"38661",279,158,3.96032309785902,121
"38662",279,159,4.4189246886073,120
"38663",279,160,5.47180095769018,119
"38664",279,161,4.13934800648744,118
"38665",279,162,3.99699850401202,117
"38666",279,163,4.12104166687873,116
"38667",279,164,5.21896168379782,115
"38668",279,165,4.48624591542622,114
"38669",279,166,3.33857907069495,113
"38670",279,167,3.4259241675347,112
"38671",279,168,3.00966646349146,111
"38672",279,169,3.44124491122536,110
"38673",279,170,3.67605335299636,109
"38674",279,171,3.15206563638138,108
"38675",279,172,4.26839502350132,107
"38676",279,173,4.85979711079027,106
"38677",279,174,5.69727052398185,105
"38678",279,175,4.58185973166859,104
"38679",279,176,4.78916323697672,103
"38680",279,177,4.04173421188784,102
"38681",279,178,3.3902375960845,101
"38682",279,179,3.98031515105923,100
"38683",279,180,5.57277656764214,99
"38684",279,181,4.69217002515021,98
"38685",279,182,4.98209605274227,97
"38686",279,183,4.76430952970228,96
"38687",279,184,4.97905408070209,95
"38688",279,185,4.09740558234661,94
"38689",279,186,4.15409018680326,93
"38690",279,187,4.66401639867696,92
"38691",279,188,4.18811665581086,91
"38692",279,189,5.47148465087689,90
"38693",279,190,3.77177693615198,89
"38694",279,191,4.64105117975475,88
"38695",279,192,6.44880269547903,87
"38696",279,193,5.86328785386258,86
"38697",279,194,3.93152536475558,85
"38698",279,195,5.09533948234528,84
"38699",279,196,3.37932240354163,83
"38700",279,197,3.99994383427377,82
"38701",279,198,4.90923238818981,81
"38702",279,199,5.22731275571862,80
"38703",279,200,5.00073907496701,79
"38704",279,201,5.58879837585505,78
"38705",279,202,7.75280148760905,77
"38706",279,203,6.70095330836333,76
"38707",279,204,6.61553428324491,75
"38708",279,205,6.50219091901434,74
"38709",279,206,5.76411882115933,73
"38710",279,207,5.23505080567645,72
"38711",279,208,5.83166960215659,71
"38712",279,209,5.42872988243814,70
"38713",279,210,6.46534521220047,69
"38714",279,211,5.88746985782538,68
"38715",279,212,5.76056356506765,67
"38716",279,213,4.71371972742899,66
"38717",279,214,5.82044496174992,65
"38718",279,215,3.79977387513431,64
"38719",279,216,5.00360507932565,63
"38720",279,217,3.84397931766951,62
"38721",279,218,5.59323085747825,61
"38722",279,219,5.9265928135974,60
"38723",279,220,4.89738931833072,59
"38724",279,221,4.87938374824666,58
"38725",279,222,5.80623761950582,57
"38726",279,223,4.75325888829775,56
"38727",279,224,4.59014854157409,55
"38728",279,225,4.66558912197299,54
"38729",279,226,5.02054553149595,53
"38730",279,227,3.98785086161543,52
"38731",279,228,4.54333347252987,51
"38732",279,229,3.72800963786855,50
"38733",279,230,4.73569811635496,49
"38734",279,231,3.4579297815316,48
"38735",279,232,3.7503624297003,47
"38736",279,233,5.94956500901462,46
"38737",279,234,5.66260974209818,45
"38738",279,235,3.4981717572606,44
"38739",279,236,4.31316480156298,43
"38740",279,237,4.94037067385169,42
"38741",279,238,4.79327410184906,41
"38742",279,239,7.42712812869966,40
"38743",279,240,5.58109569946594,39
"38744",279,241,3.03496216316094,38
"38745",279,242,2.6473652156452,37
"38746",279,243,3.14772719589144,36
"38747",279,244,2.6020712054285,35
"38748",279,245,2.98915007630873,34
"38749",279,246,4.01424663201803,33
"38750",279,247,5.03251990560525,32
"38751",279,248,4.73158430052667,31
"38752",279,249,5.12507212717303,30
"38753",279,250,3.61873873820058,29
"38754",279,251,4.22598738568549,28
"38755",279,252,3.75095570875042,27
"38756",279,253,3.40237722110709,26
"38757",279,254,3.17217675843425,25
"38758",279,255,3.24096037914064,24
"38759",279,256,2.89321255256178,23
"38760",279,257,3.53598445427835,22
"38761",279,258,3.66661241412879,21
"38762",279,259,0.921343672451985,20
"38763",279,260,1.40115837082604,19
"38764",279,261,1.24441927064476,18
"38765",279,262,1.55845647231194,17
"38766",279,263,2.67105338412231,16
"38767",279,264,3.62392395059101,15
"38768",279,265,3.30409630600522,14
"38769",279,266,3.84115148511656,13
"38770",279,267,3.8527978059422,12
"38771",279,268,4.245503510655,11
"38772",279,269,3.77490114993142,10
"38773",279,270,3.66910157539304,9
"38774",279,271,3.39341707233492,8
"38775",279,272,2.69173497632718,7
"38776",279,273,2.25383264235169,6
"38777",279,274,4.14041239503931,5
"38778",279,275,4.68146537944694,4
"38779",279,276,3.18279480515133,3
"38780",279,277,1.65601773937493,2
"38781",279,278,1.56220092675006,1
"38782",280,1,5.11490067872968,279
"38783",280,2,5.69844469823279,278
"38784",280,3,10.1951872601265,277
"38785",280,4,7.61717239994359,276
"38786",280,5,8.69030045157373,275
"38787",280,6,6.80781069453591,274
"38788",280,7,8.40190197184735,273
"38789",280,8,10.255550159533,272
"38790",280,9,12.995242155233,271
"38791",280,10,10.2470385022621,270
"38792",280,11,6.87250865865036,269
"38793",280,12,10.350772880329,268
"38794",280,13,11.342126654864,267
"38795",280,14,7.95322826997473,266
"38796",280,15,7.56372708813947,265
"38797",280,16,8.30774838692231,264
"38798",280,17,9.03975704286667,263
"38799",280,18,7.64536844217064,262
"38800",280,19,6.4651660795295,261
"38801",280,20,7.66777689800879,260
"38802",280,21,11.9877148801639,259
"38803",280,22,11.4134638474317,258
"38804",280,23,11.7872541972385,257
"38805",280,24,9.92880864629393,256
"38806",280,25,6.6441045259245,255
"38807",280,26,10.074313517655,254
"38808",280,27,6.270545754503,253
"38809",280,28,7.03890933413701,252
"38810",280,29,7.01077069902254,251
"38811",280,30,5.44121311529934,250
"38812",280,31,8.33716767887988,249
"38813",280,32,6.17368243478813,248
"38814",280,33,8.20169172366278,247
"38815",280,34,10.7792131785888,246
"38816",280,35,6.93756811443236,245
"38817",280,36,8.09462999586227,244
"38818",280,37,6.11172441000335,243
"38819",280,38,4.23050922147642,242
"38820",280,39,10.8394343495768,241
"38821",280,40,9.8368706567229,240
"38822",280,41,10.5595947474791,239
"38823",280,42,7.48474672674144,238
"38824",280,43,8.11823445474286,237
"38825",280,44,7.82987154150017,236
"38826",280,45,9.10128300022826,235
"38827",280,46,10.429050036212,234
"38828",280,47,8.08022490165412,233
"38829",280,48,5.25186361362872,232
"38830",280,49,4.41505027759614,231
"38831",280,50,11.6527709910366,230
"38832",280,51,8.5047375457069,229
"38833",280,52,8.15970873573547,228
"38834",280,53,8.62606257366507,227
"38835",280,54,7.28485258265177,226
"38836",280,55,6.87960182322671,225
"38837",280,56,7.13938926305726,224
"38838",280,57,7.06691270883426,223
"38839",280,58,4.08958319848329,222
"38840",280,59,6.62148257064035,221
"38841",280,60,7.80019145645334,220
"38842",280,61,8.5647974904956,219
"38843",280,62,10.5108521603363,218
"38844",280,63,7.26876990859607,217
"38845",280,64,5.92262251073547,216
"38846",280,65,8.40371219217452,215
"38847",280,66,9.7669742255834,214
"38848",280,67,6.63765213781171,213
"38849",280,68,7.05539714964609,212
"38850",280,69,9.82406436207396,211
"38851",280,70,6.51448312674895,210
"38852",280,71,6.35682004021885,209
"38853",280,72,6.4910313332706,208
"38854",280,73,5.81159663341928,207
"38855",280,74,5.60653938625637,206
"38856",280,75,5.41407904557834,205
"38857",280,76,4.65224472121217,204
"38858",280,77,4.18356946946509,203
"38859",280,78,7.22057258470283,202
"38860",280,79,6.99940081517328,201
"38861",280,80,5.50454623783795,200
"38862",280,81,4.17834458187413,199
"38863",280,82,6.7580946448594,198
"38864",280,83,7.84759781105331,197
"38865",280,84,8.3895458769329,196
"38866",280,85,8.76995140250458,195
"38867",280,86,7.89920280948271,194
"38868",280,87,9.42260711942544,193
"38869",280,88,8.90651543236256,192
"38870",280,89,5.88849644007585,191
"38871",280,90,8.499530537309,190
"38872",280,91,7.01344251582035,189
"38873",280,92,5.83142945459181,188
"38874",280,93,5.6835893187367,187
"38875",280,94,7.14186305177213,186
"38876",280,95,6.92319530917941,185
"38877",280,96,6.63962569019578,184
"38878",280,97,3.62237850625907,183
"38879",280,98,6.88043813596913,182
"38880",280,99,5.63346230582564,181
"38881",280,100,4.16293012937073,180
"38882",280,101,5.22976504900797,179
"38883",280,102,3.85518068266307,178
"38884",280,103,5.42383368316921,177
"38885",280,104,2.85520821882971,176
"38886",280,105,3.85014854231136,175
"38887",280,106,6.91595591858321,174
"38888",280,107,6.0745019321548,173
"38889",280,108,2.81084065448224,172
"38890",280,109,2.15567117714556,171
"38891",280,110,4.39167677261653,170
"38892",280,111,6.69931107851631,169
"38893",280,112,6.11102155667007,168
"38894",280,113,5.04383954380497,167
"38895",280,114,3.90121098414713,166
"38896",280,115,3.9865386534932,165
"38897",280,116,5.8511216926673,164
"38898",280,117,6.04289833675243,163
"38899",280,118,5.31863822713832,162
"38900",280,119,4.48095012332368,161
"38901",280,120,4.69936453490029,160
"38902",280,121,2.61440894030882,159
"38903",280,122,2.90798948004724,158
"38904",280,123,5.63238703301319,157
"38905",280,124,6.11582290824871,156
"38906",280,125,6.27435332052056,155
"38907",280,126,3.8484971247297,154
"38908",280,127,2.90235884163276,153
"38909",280,128,1.29060451560095,152
"38910",280,129,3.00958557847603,151
"38911",280,130,2.84959877373297,150
"38912",280,131,2.04873268358494,149
"38913",280,132,2.93817469034804,148
"38914",280,133,3.43027156147209,147
"38915",280,134,3.13326587197376,146
"38916",280,135,3.48952195293155,145
"38917",280,136,2.87560286599973,144
"38918",280,137,4.95594557704351,143
"38919",280,138,3.98296079778218,142
"38920",280,139,2.20639982695959,141
"38921",280,140,2.01053623407583,140
"38922",280,141,2.8651293256261,139
"38923",280,142,3.31902092331691,138
"38924",280,143,5.1221979768678,137
"38925",280,144,4.56724104167566,136
"38926",280,145,3.77069074698693,135
"38927",280,146,5.02042552337635,134
"38928",280,147,5.39965376431169,133
"38929",280,148,4.92517444010444,132
"38930",280,149,5.37089341898635,131
"38931",280,150,4.38288028128803,130
"38932",280,151,5.4025460119367,129
"38933",280,152,6.29781673936072,128
"38934",280,153,8.5386867079094,127
"38935",280,154,6.68933659397242,126
"38936",280,155,4.44697024348391,125
"38937",280,156,3.72265777198076,124
"38938",280,157,3.94697495445021,123
"38939",280,158,5.42397514570225,122
"38940",280,159,5.86576933408191,121
"38941",280,160,6.93545300553341,120
"38942",280,161,5.60300005433067,119
"38943",280,162,5.00685068790263,118
"38944",280,163,4.73310969743085,117
"38945",280,164,6.68261373164105,116
"38946",280,165,5.94989796326945,115
"38947",280,166,4.80223111853818,114
"38948",280,167,4.03799219808681,113
"38949",280,168,3.62173449404358,112
"38950",280,169,3.83382505575493,111
"38951",280,170,3.66625363434733,110
"38952",280,171,3.7641336669335,109
"38953",280,172,4.88046305405344,108
"38954",280,173,5.47186514134238,107
"38955",280,174,6.30933855453397,106
"38956",280,175,6.04551177951182,105
"38957",280,176,6.25281528481994,104
"38958",280,177,4.45399743606687,103
"38959",280,178,3.63784648742556,102
"38960",280,179,5.26467927635596,101
"38961",280,180,7.03642861548537,100
"38962",280,181,6.15582207299344,99
"38963",280,182,5.60439149641381,98
"38964",280,183,5.71054781478711,97
"38965",280,184,5.61353646305299,96
"38966",280,185,3.9404065453418,95
"38967",280,186,5.39154928869097,94
"38968",280,187,5.27608442922908,93
"38969",280,188,5.24278409737715,92
"38970",280,189,6.08355268142901,91
"38971",280,190,5.23542898399521,90
"38972",280,191,6.10470322759798,89
"38973",280,192,7.71076591489887,88
"38974",280,193,7.32693990170581,87
"38975",280,194,5.24950429478954,86
"38976",280,195,6.55899153018851,85
"38977",280,196,4.84297445138486,84
"38978",280,197,5.463595882117,83
"38979",280,198,6.37288443603304,82
"38980",280,199,6.28198019728491,81
"38981",280,200,5.95335442960395,80
"38982",280,201,5.65106876396678,79
"38983",280,202,8.36486951816117,78
"38984",280,203,8.11638068718614,77
"38985",280,204,7.98208671433884,76
"38986",280,205,7.96584296685757,75
"38987",280,206,5.22790650048465,74
"38988",280,207,6.69870285351968,73
"38989",280,208,7.29532164999981,72
"38990",280,209,6.89238193028137,71
"38991",280,210,7.9289972600437,70
"38992",280,211,7.35112190566861,69
"38993",280,212,7.22421561291087,68
"38994",280,213,6.17737177527221,67
"38995",280,214,7.28409700959315,66
"38996",280,215,4.77040430485753,65
"38997",280,216,5.61567310987777,64
"38998",280,217,5.17317214656381,63
"38999",280,218,6.20529888803037,62
"39000",280,219,6.53866084414952,61
"39001",280,220,6.36104136617395,60
"39002",280,221,6.34303579608989,59
"39003",280,222,7.26988966734905,58
"39004",280,223,6.21691093614098,57
"39005",280,224,5.81103854196989,56
"39006",280,225,5.27765715252511,55
"39007",280,226,5.63261356204807,54
"39008",280,227,4.59991889216755,53
"39009",280,228,6.0069855203731,52
"39010",280,229,5.19166168571178,51
"39011",280,230,5.74555030024557,50
"39012",280,231,4.06999781208371,49
"39013",280,232,3.70388779979177,48
"39014",280,233,6.56163303956674,47
"39015",280,234,7.12626178994141,46
"39016",280,235,4.96182380510383,45
"39017",280,236,5.7768168494062,44
"39018",280,237,5.55243870440381,43
"39019",280,238,4.0789946618756,42
"39020",280,239,8.03919615925178,41
"39021",280,240,7.04474774730917,40
"39022",280,241,4.49861421100417,39
"39023",280,242,3.85231038210923,38
"39024",280,243,3.26866555867422,37
"39025",280,244,3.81920572125077,36
"39026",280,245,3.60121810686085,35
"39027",280,246,4.62631466257015,34
"39028",280,247,5.64458793615737,33
"39029",280,248,5.34365233107879,32
"39030",280,249,5.73714015772515,31
"39031",280,250,3.24412067658163,30
"39032",280,251,4.83805541623761,29
"39033",280,252,4.08795584561814,28
"39034",280,253,4.01444525165921,27
"39035",280,254,3.26662293704126,26
"39036",280,255,2.65544912901915,25
"39037",280,256,3.5052805831139,24
"39038",280,257,4.14805248483047,23
"39039",280,258,4.27868044468091,22
"39040",280,259,3.23715032457328,21
"39041",280,260,2.86538100565623,20
"39042",280,261,2.34928632941006,19
"39043",280,262,2.17052450286405,18
"39044",280,263,3.28312141467442,17
"39045",280,264,3.23326741490627,16
"39046",280,265,3.73853420455065,15
"39047",280,266,2.98131886126801,14
"39048",280,267,2.99339696715607,13
"39049",280,268,2.65768387267008,12
"39050",280,269,3.75609478867064,11
"39051",280,270,3.84462450337256,10
"39052",280,271,4.00548510288704,9
"39053",280,272,3.3038030068793,8
"39054",280,273,3.35892229102382,7
"39055",280,274,5.60463502986949,6
"39056",280,275,6.14568801427713,5
"39057",280,276,3.3046288942753,4
"39058",280,277,3.12024037420511,3
"39059",280,278,2.66168362599203,2
"39060",280,279,2.31580665212129,1
"39061",281,1,4.85780193813184,280
"39062",281,2,5.51076725237829,279
"39063",281,3,10.1677852032591,278
"39064",281,4,7.5897703430762,277
"39065",281,5,8.66289839470634,276
"39066",281,6,6.78040863766852,275
"39067",281,7,8.37449991497996,274
"39068",281,8,10.2281481026656,273
"39069",281,9,12.9678400983656,272
"39070",281,10,10.2196364453948,271
"39071",281,11,6.8155659113799,270
"39072",281,12,10.3233708234616,269
"39073",281,13,11.3147245979966,268
"39074",281,14,7.92582621310734,267
"39075",281,15,7.53632503127208,266
"39076",281,16,8.28034633005493,265
"39077",281,17,9.01235498599928,264
"39078",281,18,7.38826970157281,263
"39079",281,19,6.20806733893167,262
"39080",281,20,7.6403748411414,261
"39081",281,21,11.9603128232965,260
"39082",281,22,11.3860617905643,259
"39083",281,23,11.7598521403712,258
"39084",281,24,9.90140658942654,257
"39085",281,25,6.61670246905711,256
"39086",281,26,9.81721477705715,255
"39087",281,27,6.19832843995994,254
"39088",281,28,6.78181059353918,253
"39089",281,29,6.98336864215515,252
"39090",281,30,5.1841143747015,251
"39091",281,31,8.30976562201249,250
"39092",281,32,5.91658369419029,249
"39093",281,33,7.94459298306495,248
"39094",281,34,10.7518111217214,247
"39095",281,35,6.91016605756497,246
"39096",281,36,7.83753125526443,245
"39097",281,37,6.08432235313596,244
"39098",281,38,3.97341048087859,243
"39099",281,39,10.8120322927095,242
"39100",281,40,9.80946859985552,241
"39101",281,41,10.5321926906117,240
"39102",281,42,7.45734466987405,239
"39103",281,43,8.09083239787547,238
"39104",281,44,7.80246948463278,237
"39105",281,45,9.07388094336087,236
"39106",281,46,10.4016479793446,235
"39107",281,47,8.05282284478674,234
"39108",281,48,5.22446155676133,233
"39109",281,49,4.11830922636604,232
"39110",281,50,11.6253689341692,231
"39111",281,51,8.47733548883952,230
"39112",281,52,8.13230667886808,229
"39113",281,53,8.59866051679768,228
"39114",281,54,7.25745052578438,227
"39115",281,55,6.67439089522127,226
"39116",281,56,6.88229052245943,225
"39117",281,57,7.03951065196687,224
"39118",281,58,4.0621811416159,223
"39119",281,59,6.36438383004252,222
"39120",281,60,7.77278939958595,221
"39121",281,61,8.53739543362821,220
"39122",281,62,10.4834501034689,219
"39123",281,63,7.24136785172868,218
"39124",281,64,5.66552377013763,217
"39125",281,65,8.14661345157669,216
"39126",281,66,9.73957216871601,215
"39127",281,67,6.61025008094433,214
"39128",281,68,6.79829840904826,213
"39129",281,69,9.79666230520658,212
"39130",281,70,6.48708106988157,211
"39131",281,71,6.32941798335146,210
"39132",281,72,6.46362927640321,209
"39133",281,73,5.7841945765519,208
"39134",281,74,5.57913732938898,207
"39135",281,75,5.15698030498051,206
"39136",281,76,4.62484266434479,205
"39137",281,77,3.84208665891283,204
"39138",281,78,7.19317052783545,203
"39139",281,79,6.9719987583059,202
"39140",281,80,5.24744749724012,201
"39141",281,81,4.15094252500674,200
"39142",281,82,6.50099590426156,199
"39143",281,83,7.59049907045548,198
"39144",281,84,8.36214382006551,197
"39145",281,85,8.74254934563719,196
"39146",281,86,7.87180075261532,195
"39147",281,87,9.39520506255805,194
"39148",281,88,8.87911337549517,193
"39149",281,89,5.86109438320846,192
"39150",281,90,8.24243179671117,191
"39151",281,91,6.9580326036459,190
"39152",281,92,5.80402739772442,189
"39153",281,93,5.65618726186932,188
"39154",281,94,6.80038024121987,187
"39155",281,95,6.89579325231203,186
"39156",281,96,6.6122236333284,185
"39157",281,97,3.59497644939168,184
"39158",281,98,6.6233393953713,183
"39159",281,99,5.3763635652278,182
"39160",281,100,3.9058313887729,181
"39161",281,101,4.65858555472527,180
"39162",281,102,3.59808194206524,179
"39163",281,103,5.16673494257138,178
"39164",281,104,2.82780616196232,177
"39165",281,105,3.82274648544397,176
"39166",281,106,6.65885717798537,175
"39167",281,107,6.04709987528741,174
"39168",281,108,2.78343859761485,173
"39169",281,109,2.12826912027817,172
"39170",281,110,4.05019396206427,171
"39171",281,111,6.67190902164892,170
"39172",281,112,5.85392281607224,169
"39173",281,113,4.78674080320714,168
"39174",281,114,3.33003148986442,167
"39175",281,115,3.4153591592105,166
"39176",281,116,5.27994219838459,165
"39177",281,117,5.47171884246973,164
"39178",281,118,4.75306568228579,163
"39179",281,119,4.4535480664563,162
"39180",281,120,4.6719624780329,161
"39181",281,121,2.35731019971099,160
"39182",281,122,2.33680998576454,159
"39183",281,123,5.1172366952665,158
"39184",281,124,5.85872416765088,157
"39185",281,125,6.24695126365317,156
"39186",281,126,3.82109506786232,155
"39187",281,127,2.58294484167547,154
"39188",281,128,0.949121705048694,153
"39189",281,129,2.66810276792377,152
"39190",281,130,2.50811596318071,151
"39191",281,131,1.70724987303268,150
"39192",281,132,2.36699519606533,149
"39193",281,133,3.17317282087426,148
"39194",281,134,2.87616713137593,147
"39195",281,135,2.91834245864885,146
"39196",281,136,2.30442337171702,145
"39197",281,137,4.3847660827608,144
"39198",281,138,3.41178130349948,143
"39199",281,139,1.72406417565178,142
"39200",281,140,1.43935673979313,141
"39201",281,141,2.52364651507384,140
"39202",281,142,2.74784142903421,139
"39203",281,143,4.55101848258509,138
"39204",281,144,3.99606154739295,137
"39205",281,145,3.26674086217868,136
"39206",281,146,4.67894271282409,135
"39207",281,147,5.05817095375944,134
"39208",281,148,4.35399494582173,133
"39209",281,149,4.79971392470365,132
"39210",281,150,4.03019701779732,131
"39211",281,151,5.06106320138444,130
"39212",281,152,5.95633392880846,129
"39213",281,153,8.19720389735715,128
"39214",281,154,6.34785378342017,127
"39215",281,155,4.10548743293165,126
"39216",281,156,3.38117496142851,125
"39217",281,157,3.60549214389796,124
"39218",281,158,5.08249233514999,123
"39219",281,159,5.52428652352966,122
"39220",281,160,6.59397019498115,121
"39221",281,161,5.26151724377841,120
"39222",281,162,4.66536787735038,119
"39223",281,163,4.16193020314814,118
"39224",281,164,6.34113092108879,117
"39225",281,165,5.60841515271719,116
"39226",281,166,4.46074830798592,115
"39227",281,167,3.64049367692043,114
"39228",281,168,3.05055499976088,113
"39229",281,169,3.49234224520267,112
"39230",281,170,3.32477082379507,111
"39231",281,171,3.1929541726508,110
"39232",281,172,4.30928355977073,109
"39233",281,173,4.90068564705968,108
"39234",281,174,5.73815906025126,107
"39235",281,175,5.70402896895956,106
"39236",281,176,5.91133247426769,105
"39237",281,177,4.11251462551461,104
"39238",281,178,3.2963636768733,103
"39239",281,179,4.92319646580371,102
"39240",281,180,6.69494580493311,101
"39241",281,181,5.81433926244118,100
"39242",281,182,5.26290868586156,99
"39243",281,183,5.36906500423486,98
"39244",281,184,5.27205365250074,97
"39245",281,185,3.59892373478955,96
"39246",281,186,5.05006647813872,95
"39247",281,187,4.70490493494638,94
"39248",281,188,4.90130128682489,93
"39249",281,189,5.5123731871463,92
"39250",281,190,4.89394617344295,91
"39251",281,191,5.76322041704572,90
"39252",281,192,7.36928310434661,89
"39253",281,193,6.98545709115355,88
"39254",281,194,4.90802148423728,87
"39255",281,195,6.21750871963625,86
"39256",281,196,4.5014916408326,85
"39257",281,197,5.12211307156474,84
"39258",281,198,6.03140162548078,83
"39259",281,199,5.94049738673265,82
"39260",281,200,5.61187161905169,81
"39261",281,201,5.07988926968407,80
"39262",281,202,7.92814924282739,79
"39263",281,203,7.77489787663388,78
"39264",281,204,7.64060390378658,77
"39265",281,205,7.62436015630531,76
"39266",281,206,4.65672700620195,75
"39267",281,207,6.35722004296742,74
"39268",281,208,6.95383883944756,73
"39269",281,209,6.55089911972911,72
"39270",281,210,7.58751444949144,71
"39271",281,211,7.00963909511635,70
"39272",281,212,6.88273280235862,69
"39273",281,213,5.83588896471996,68
"39274",281,214,6.94261419904089,67
"39275",281,215,4.42892149430527,66
"39276",281,216,5.04449361559506,65
"39277",281,217,4.83168933601156,64
"39278",281,218,5.63411939374767,63
"39279",281,219,5.96748134986681,62
"39280",281,220,6.01955855562169,61
"39281",281,221,6.00155298553763,60
"39282",281,222,6.92840685679679,59
"39283",281,223,5.87542812558872,58
"39284",281,224,5.46955573141764,57
"39285",281,225,4.7064776582424,56
"39286",281,226,5.06143406776536,55
"39287",281,227,4.02873939788485,54
"39288",281,228,5.66550270982085,53
"39289",281,229,4.85017887515952,52
"39290",281,230,5.40406748969332,51
"39291",281,231,3.49881831780101,50
"39292",281,232,3.36240498923951,49
"39293",281,233,5.99045354528403,48
"39294",281,234,6.78477897938915,47
"39295",281,235,4.62034099455157,46
"39296",281,236,5.43533403885395,45
"39297",281,237,4.9812592101211,44
"39298",281,238,3.5078151675929,43
"39299",281,239,7.46801666496908,42
"39300",281,240,6.70326493675691,41
"39301",281,241,4.15713140045191,40
"39302",281,242,3.51082757155697,39
"39303",281,243,2.92718274812197,38
"39304",281,244,3.47772291069851,37
"39305",281,245,3.03003861257814,36
"39306",281,246,4.05513516828745,35
"39307",281,247,5.07340844187467,34
"39308",281,248,4.77247283679609,33
"39309",281,249,5.16596066344244,32
"39310",281,250,2.67294118229893,31
"39311",281,251,4.26687592195491,30
"39312",281,252,3.51677635133544,29
"39313",281,253,3.4432657573765,28
"39314",281,254,2.69544344275855,27
"39315",281,255,2.20630482185449,26
"39316",281,256,2.93410108883119,25
"39317",281,257,3.63290214708378,24
"39318",281,258,3.7075009503982,23
"39319",281,259,3.20974826770589,22
"39320",281,260,2.60828226505839,21
"39321",281,261,2.17622460065531,20
"39322",281,262,1.75061162989889,19
"39323",281,263,2.71194192039172,18
"39324",281,264,2.66208792062356,17
"39325",281,265,3.16735471026794,16
"39326",281,266,2.4101393669853,15
"39327",281,267,2.42221747287337,14
"39328",281,268,2.08650437838738,13
"39329",281,269,3.18491529438794,12
"39330",281,270,3.27344500908985,11
"39331",281,271,3.43430560860434,10
"39332",281,272,2.76063136790365,9
"39333",281,273,3.01743948047156,8
"39334",281,274,5.34753628927166,7
"39335",281,275,5.88858927367929,6
"39336",281,276,3.04753015367747,5
"39337",281,277,2.86314163360728,4
"39338",281,278,2.32020081543977,3
"39339",281,279,2.28840459525391,2
"39340",281,280,0.571179494282705,1
"39341",282,1,4.63748256639255,281
"39342",282,2,5.64340333037992,280
"39343",282,3,10.3004212812608,279
"39344",282,4,7.72240642107783,278
"39345",282,5,8.79553447270797,277
"39346",282,6,6.91304471567016,276
"39347",282,7,8.50713599298159,275
"39348",282,8,10.3607841806672,274
"39349",282,9,13.1004761763673,273
"39350",282,10,10.3522725233964,272
"39351",282,11,6.94820198938153,271
"39352",282,12,10.4560069014632,270
"39353",282,13,11.4473606759982,269
"39354",282,14,8.05846229110897,268
"39355",282,15,7.66896110927371,267
"39356",282,16,8.41298240805656,266
"39357",282,17,9.14499106400091,265
"39358",282,18,7.16795032983352,264
"39359",282,19,5.98774796719238,263
"39360",282,20,7.77301091914303,262
"39361",282,21,12.0929489012981,261
"39362",282,22,11.5186978685659,260
"39363",282,23,11.8924882183728,259
"39364",282,24,10.0340426674282,258
"39365",282,25,6.74933854705874,257
"39366",282,26,9.59689540531786,256
"39367",282,27,6.33096451796157,255
"39368",282,28,6.56149122179989,254
"39369",282,29,7.11600472015678,253
"39370",282,30,5.03540798297441,252
"39371",282,31,8.44240170001412,251
"39372",282,32,5.96254044799683,250
"39373",282,33,7.72427361132566,249
"39374",282,34,10.884447199723,248
"39375",282,35,7.04280213556661,247
"39376",282,36,7.61721188352514,246
"39377",282,37,6.21695843113759,245
"39378",282,38,4.22237644412613,244
"39379",282,39,10.9446683707111,243
"39380",282,40,9.94210467785715,242
"39381",282,41,10.6648287686134,241
"39382",282,42,7.58998074787569,240
"39383",282,43,8.22346847587711,239
"39384",282,44,7.93510556263442,238
"39385",282,45,9.2065170213625,237
"39386",282,46,10.5342840573462,236
"39387",282,47,8.18545892278837,235
"39388",282,48,5.35709763476297,234
"39389",282,49,4.25094530436767,233
"39390",282,50,11.7580050121709,232
"39391",282,51,8.60997156684115,231
"39392",282,52,8.26494275686971,230
"39393",282,53,8.73129659479932,229
"39394",282,54,7.39008660378601,228
"39395",282,55,6.8070269732229,227
"39396",282,56,6.86804334968126,226
"39397",282,57,7.1721467299685,225
"39398",282,58,4.19481721961753,224
"39399",282,59,6.14406445830322,223
"39400",282,60,7.90542547758759,222
"39401",282,61,8.67003151162984,221
"39402",282,62,10.6160861814705,220
"39403",282,63,7.37400392973031,219
"39404",282,64,5.44520439839834,218
"39405",282,65,7.9262940798374,217
"39406",282,66,9.87220824671765,216
"39407",282,67,6.74288615894596,215
"39408",282,68,6.57797903730897,214
"39409",282,69,9.92929838320821,213
"39410",282,70,6.6197171478832,212
"39411",282,71,6.46205406135309,211
"39412",282,72,6.59626535440485,210
"39413",282,73,5.91683065455353,209
"39414",282,74,5.71177340739062,208
"39415",282,75,4.93666093324122,207
"39416",282,76,4.75747874234642,206
"39417",282,77,3.59301404995709,205
"39418",282,78,7.32580660583708,204
"39419",282,79,7.10463483630753,203
"39420",282,80,5.02712812550083,202
"39421",282,81,4.28357860300837,201
"39422",282,82,6.28067653252227,200
"39423",282,83,7.37017969871619,199
"39424",282,84,8.49477989806714,198
"39425",282,85,8.87518542363883,197
"39426",282,86,8.00443683061695,196
"39427",282,87,9.52784114055968,195
"39428",282,88,9.0117494534968,194
"39429",282,89,5.99373046121009,193
"39430",282,90,8.02211242497188,192
"39431",282,91,7.09066868164753,191
"39432",282,92,5.93666347572606,190
"39433",282,93,5.78882333987095,189
"39434",282,94,6.55130763226414,188
"39435",282,95,7.02842933031366,187
"39436",282,96,6.74485971133003,186
"39437",282,97,3.72761252739331,185
"39438",282,98,6.40302002363201,184
"39439",282,99,5.15604419348851,183
"39440",282,100,3.68551201703361,182
"39441",282,101,4.19833129648835,181
"39442",282,102,3.37776257032595,180
"39443",282,103,4.94641557083208,179
"39444",282,104,2.96044223996395,178
"39445",282,105,3.95538256344561,177
"39446",282,106,6.43853780624608,176
"39447",282,107,6.17973595328905,175
"39448",282,108,2.91607467561648,174
"39449",282,109,2.26090519827981,173
"39450",282,110,3.80112135310854,172
"39451",282,111,6.80454509965055,171
"39452",282,112,5.63360344433295,170
"39453",282,113,4.56642143146785,169
"39454",282,114,2.72800343116776,168
"39455",282,115,2.81333110051384,167
"39456",282,116,4.67791413968793,166
"39457",282,117,4.86969078377307,165
"39458",282,118,4.50399307333005,164
"39459",282,119,4.58618414445793,163
"39460",282,120,4.80459855603453,162
"39461",282,121,2.1369908279717,161
"39462",282,122,1.73478192706788,160
"39463",282,123,4.86816408631077,159
"39464",282,124,5.63840479591159,158
"39465",282,125,6.3795873416548,157
"39466",282,126,3.95373114586395,156
"39467",282,127,2.7155809196771,155
"39468",282,128,0.879513658902261,154
"39469",282,129,2.41903015896804,153
"39470",282,130,2.30389172615871,152
"39471",282,131,1.45817726407695,151
"39472",282,132,1.78700041042645,150
"39473",282,133,2.95285344913497,149
"39474",282,134,2.65584775963664,148
"39475",282,135,2.31631439995219,147
"39476",282,136,1.70239531302037,146
"39477",282,137,3.78273802406415,145
"39478",282,138,2.80975324480282,144
"39479",282,139,1.50374480391249,143
"39480",282,140,0.943780044738332,142
"39481",282,141,2.27457390611811,141
"39482",282,142,2.14581337033755,140
"39483",282,143,3.94899042388843,139
"39484",282,144,3.3940334886963,138
"39485",282,145,3.01766825322295,137
"39486",282,146,4.42987010386836,136
"39487",282,147,4.8090983448037,135
"39488",282,148,3.75196688712507,134
"39489",282,149,4.19768586600699,133
"39490",282,150,3.78112440884159,132
"39491",282,151,4.8119905924287,131
"39492",282,152,5.70726131985273,130
"39493",282,153,7.94813128840141,129
"39494",282,154,6.09878117446443,128
"39495",282,155,3.85641482397592,127
"39496",282,156,3.13210235247277,126
"39497",282,157,3.35641953494222,125
"39498",282,158,4.83341972619426,124
"39499",282,159,5.27521391457392,123
"39500",282,160,6.34489758602542,122
"39501",282,161,5.01244463482268,121
"39502",282,162,4.41629526839464,120
"39503",282,163,3.55990214445148,119
"39504",282,164,6.09205831213305,118
"39505",282,165,5.35934254376146,117
"39506",282,166,4.21167569903019,116
"39507",282,167,3.3914210679647,115
"39508",282,168,2.44852694106422,114
"39509",282,169,3.24326963624694,113
"39510",282,170,3.07569821483934,112
"39511",282,171,2.59092611395414,111
"39512",282,172,3.70725550107407,110
"39513",282,173,4.56757602626087,109
"39514",282,174,5.46107859598847,108
"39515",282,175,5.45495636000383,107
"39516",282,176,5.66225986531195,106
"39517",282,177,3.86344201655887,105
"39518",282,178,3.04729106791757,104
"39519",282,179,4.67412385684797,103
"39520",282,180,6.44587319597737,102
"39521",282,181,5.56526665348544,101
"39522",282,182,5.01383607690582,100
"39523",282,183,5.11999239527912,99
"39524",282,184,5.022981043545,98
"39525",282,185,3.34985112583381,97
"39526",282,186,4.80099386918298,96
"39527",282,187,4.10287687624972,95
"39528",282,188,4.65222867786916,94
"39529",282,189,4.91034512844964,93
"39530",282,190,4.64487356448721,92
"39531",282,191,5.51414780808999,91
"39532",282,192,7.12021049539088,90
"39533",282,193,6.73638448219782,89
"39534",282,194,4.65894887528155,88
"39535",282,195,5.96843611068052,87
"39536",282,196,4.25241903187686,86
"39537",282,197,4.87304046260901,85
"39538",282,198,5.78232901652505,84
"39539",282,199,5.69142477777692,83
"39540",282,200,5.36279901009596,82
"39541",282,201,4.75238659831543,81
"39542",282,202,7.67907663387165,80
"39543",282,203,7.52582526767815,79
"39544",282,204,7.39153129483085,78
"39545",282,205,7.37528754734957,77
"39546",282,206,4.05469894750529,76
"39547",282,207,6.10814743401169,75
"39548",282,208,6.70476623049182,74
"39549",282,209,6.30182651077338,73
"39550",282,210,7.33844184053571,72
"39551",282,211,6.76056648616062,71
"39552",282,212,6.63366019340288,70
"39553",282,213,5.58681635576422,69
"39554",282,214,6.69354159008516,68
"39555",282,215,4.17984888534953,67
"39556",282,216,4.4424655568984,66
"39557",282,217,4.58261672705582,65
"39558",282,218,5.03209133505101,64
"39559",282,219,5.36545329117015,63
"39560",282,220,5.77048594666596,62
"39561",282,221,5.7524803765819,61
"39562",282,222,6.67933424784106,60
"39563",282,223,5.62635551663299,59
"39564",282,224,5.2204831224619,58
"39565",282,225,4.10444959954574,57
"39566",282,226,4.4594060090687,56
"39567",282,227,3.63400711704174,55
"39568",282,228,5.41643010086511,54
"39569",282,229,4.60110626620378,53
"39570",282,230,5.15499488073758,52
"39571",282,231,2.95841291914864,51
"39572",282,232,3.11333238028378,50
"39573",282,233,5.38842548658738,49
"39574",282,234,6.53570637043341,48
"39575",282,235,4.37126838559583,47
"39576",282,236,5.18626142989821,46
"39577",282,237,4.37923115142444,45
"39578",282,238,2.90578710889624,44
"39579",282,239,6.86598860627242,43
"39580",282,240,6.45419232780118,42
"39581",282,241,3.90805879149618,41
"39582",282,242,3.26175496260123,40
"39583",282,243,2.67811013916623,39
"39584",282,244,3.22865030174277,38
"39585",282,245,2.43361750331165,37
"39586",282,246,3.59876678147816,36
"39587",282,247,4.47138038317801,35
"39588",282,248,4.17044477809943,34
"39589",282,249,4.87605879388521,33
"39590",282,250,2.07091312360227,32
"39591",282,251,3.66484786325825,31
"39592",282,252,2.91474829263878,30
"39593",282,253,2.84123769867985,29
"39594",282,254,2.27829681011667,28
"39595",282,255,1.95723221289875,27
"39596",282,256,2.53376185855792,26
"39597",282,257,3.38382953812804,25
"39598",282,258,3.3519769778006,24
"39599",282,259,3.34238434570752,23
"39600",282,260,2.51122165932958,22
"39601",282,261,2.30886067865694,21
"39602",282,262,1.50153902094315,20
"39603",282,263,2.10991386169506,19
"39604",282,264,2.06005986192691,18
"39605",282,265,2.56532665157128,17
"39606",282,266,1.87414005238759,16
"39607",282,267,1.82018941417671,15
"39608",282,268,1.82446283739947,14
"39609",282,269,2.58288723569128,13
"39610",282,270,2.67141695039319,12
"39611",282,271,2.83227754990768,11
"39612",282,272,2.51155875894792,10
"39613",282,273,2.76836687151583,9
"39614",282,274,5.12721691753237,8
"39615",282,275,5.66826990194,7
"39616",282,276,2.82721078193818,6
"39617",282,277,2.8781258950286,5
"39618",282,278,2.07112820648404,4
"39619",282,279,2.42104067325554,3
"39620",282,280,1.17320755297936,2
"39621",282,281,0.602028058696659,1
"39622",283,1,5.20705334547002,282
"39623",283,2,6.29701112130046,281
"39624",283,3,10.9540290721813,280
"39625",283,4,8.37601421199838,279
"39626",283,5,9.44914226362851,278
"39627",283,6,7.5666525065907,277
"39628",283,7,9.16074378390213,276
"39629",283,8,11.0143919715878,275
"39630",283,9,13.7540839672878,274
"39631",283,10,11.0058803143169,273
"39632",283,11,7.60180978030207,272
"39633",283,12,11.1096146923838,271
"39634",283,13,12.1009684669188,270
"39635",283,14,8.71207008202951,269
"39636",283,15,8.32256890019425,268
"39637",283,16,9.0665901989771,267
"39638",283,17,9.79859885492145,266
"39639",283,18,7.73752110891098,265
"39640",283,19,6.55731874626984,264
"39641",283,20,8.42661871006357,263
"39642",283,21,12.7465566922186,262
"39643",283,22,12.1723056594865,261
"39644",283,23,12.5460960092933,260
"39645",283,24,10.6876504583487,259
"39646",283,25,7.40294633797928,258
"39647",283,26,10.1664661843953,257
"39648",283,27,6.98457230888211,256
"39649",283,28,7.13106200087735,255
"39650",283,29,7.76961251107732,254
"39651",283,30,5.68901577389495,253
"39652",283,31,9.09600949093466,252
"39653",283,32,6.26583510152846,251
"39654",283,33,8.29384439040312,250
"39655",283,34,11.5380549906436,249
"39656",283,35,7.69640992648715,248
"39657",283,36,8.1867826626026,247
"39658",283,37,6.87056622205813,246
"39659",283,38,4.32266188821676,245
"39660",283,39,11.5982761616316,244
"39661",283,40,10.5957124687777,243
"39662",283,41,11.3184365595339,242
"39663",283,42,8.24358853879623,241
"39664",283,43,8.87707626679765,240
"39665",283,44,8.58871335355496,239
"39666",283,45,9.86012481228305,238
"39667",283,46,11.1878918482668,237
"39668",283,47,8.83906671370891,236
"39669",283,48,6.01070542568351,235
"39670",283,49,4.90455309528821,234
"39671",283,50,12.4116128030914,233
"39672",283,51,9.26357935776169,232
"39673",283,52,8.91855054779026,231
"39674",283,53,9.38490438571986,230
"39675",283,54,8.04369439470655,229
"39676",283,55,7.46063476414344,228
"39677",283,56,7.5216511406018,227
"39678",283,57,7.82575452088904,226
"39679",283,58,4.84842501053807,225
"39680",283,59,6.71363523738069,224
"39681",283,60,8.55903326850813,223
"39682",283,61,9.32363930255038,222
"39683",283,62,11.2696939723911,221
"39684",283,63,8.02761172065085,220
"39685",283,64,6.01477517747581,219
"39686",283,65,8.49586485891486,218
"39687",283,66,10.5258160376382,217
"39688",283,67,7.3964939498665,216
"39689",283,68,7.14754981638643,215
"39690",283,69,10.5829061741288,214
"39691",283,70,7.27332493880374,213
"39692",283,71,7.11566185227364,212
"39693",283,72,7.24987314532539,211
"39694",283,73,6.57043844547407,210
"39695",283,74,6.36538119831116,209
"39696",283,75,5.50623171231868,208
"39697",283,76,5.41108653326696,207
"39698",283,77,4.13908525334081,206
"39699",283,78,7.97941439675762,205
"39700",283,79,7.75824262722807,204
"39701",283,80,5.59669890457829,203
"39702",283,81,4.93718639392891,202
"39703",283,82,6.85024731159974,201
"39704",283,83,7.93975047779365,200
"39705",283,84,9.14838768898768,199
"39706",283,85,9.52879321455936,198
"39707",283,86,8.65804462153749,197
"39708",283,87,10.1814489314802,196
"39709",283,88,9.66535724441734,195
"39710",283,89,6.64733825213063,194
"39711",283,90,8.59168320404934,193
"39712",283,91,7.74427647256807,192
"39713",283,92,6.5902712666466,191
"39714",283,93,6.44243113079149,190
"39715",283,94,6.53176339373245,189
"39716",283,95,7.6820371212342,188
"39717",283,96,7.39846750225057,187
"39718",283,97,4.38122031831385,186
"39719",283,98,6.97259080270947,185
"39720",283,99,5.72561497256598,184
"39721",283,100,4.25508279611107,183
"39722",283,101,4.17878705795666,182
"39723",283,102,3.94733334940341,181
"39724",283,103,5.51598634990955,180
"39725",283,104,3.61405003088449,179
"39726",283,105,4.60899035436615,178
"39727",283,106,7.00810858532355,177
"39728",283,107,6.83334374420959,176
"39729",283,108,3.56968246653702,175
"39730",283,109,2.91451298920035,174
"39731",283,110,3.78157711457685,173
"39732",283,111,7.45815289057109,172
"39733",283,112,6.25920337994643,171
"39734",283,113,5.13599221054531,170
"39735",283,114,2.624422180793,169
"39736",283,115,2.70974985013907,168
"39737",283,116,4.63595554935746,167
"39738",283,117,4.7661095333983,166
"39739",283,118,4.48444883479836,165
"39740",283,119,5.23979193537847,164
"39741",283,120,5.45820634695507,163
"39742",283,121,2.70656160704916,162
"39743",283,122,2.04026770912004,161
"39744",283,123,4.84861984777908,160
"39745",283,124,6.20797557498905,159
"39746",283,125,7.03319513257534,158
"39747",283,126,4.60733893678449,157
"39748",283,127,3.36918871059764,156
"39749",283,128,1.5331214498228,155
"39750",283,129,3.02775404041766,154
"39751",283,130,2.95749951707925,153
"39752",283,131,1.95481575322943,152
"39753",283,132,2.35657118950391,151
"39754",283,133,3.52242422821243,150
"39755",283,134,3.2254185387141,149
"39756",283,135,2.4588305946179,148
"39757",283,136,1.5988140626456,147
"39758",283,137,3.83537978717644,146
"39759",283,138,3.26649234330216,145
"39760",283,139,2.07331558298996,144
"39761",283,140,1.41760343501486,143
"39762",283,141,2.25502966758642,142
"39763",283,142,2.04223211996278,141
"39764",283,143,3.84540917351367,140
"39765",283,144,3.29045223832153,139
"39766",283,145,2.99812401469126,138
"39767",283,146,4.41032586533667,137
"39768",283,147,4.78955410627201,136
"39769",283,148,3.70441479328632,135
"39770",283,149,4.09410461563222,134
"39771",283,150,3.7615801703099,133
"39772",283,151,4.79244635389701,132
"39773",283,152,5.68771708132104,131
"39774",283,153,7.92858704986972,130
"39775",283,154,6.07923693593274,129
"39776",283,155,3.83687058544423,128
"39777",283,156,3.11255811394108,127
"39778",283,157,3.33687529641053,126
"39779",283,158,4.81387548766257,125
"39780",283,159,5.25566967604223,124
"39781",283,160,6.32535334749373,123
"39782",283,161,4.99290039629099,122
"39783",283,162,4.39675102986295,121
"39784",283,163,3.45632089407672,120
"39785",283,164,6.07251407360136,119
"39786",283,165,5.33979830522977,118
"39787",283,166,4.1921314604985,117
"39788",283,167,3.37187682943301,116
"39789",283,168,2.34494569068945,115
"39790",283,169,3.22372539771524,114
"39791",283,170,3.05615397630765,113
"39792",283,171,2.48734486357937,112
"39793",283,172,3.60367425069931,111
"39794",283,173,4.54803178772918,110
"39795",283,174,5.44153435745678,109
"39796",283,175,5.43541212147214,108
"39797",283,176,5.64271562678026,107
"39798",283,177,3.84389777802718,106
"39799",283,178,3.02774682938588,105
"39800",283,179,4.65457961831628,104
"39801",283,180,6.42632895744568,103
"39802",283,181,5.54572241495375,102
"39803",283,182,4.99429183837413,101
"39804",283,183,5.10044815674743,100
"39805",283,184,5.00343680501331,99
"39806",283,185,3.33030688730212,98
"39807",283,186,4.78144963065129,97
"39808",283,187,3.99929562587495,96
"39809",283,188,4.63268443933747,95
"39810",283,189,4.80676387807488,94
"39811",283,190,4.62532932595552,93
"39812",283,191,5.49460356955829,92
"39813",283,192,7.10066625685918,91
"39814",283,193,6.71684024366612,90
"39815",283,194,4.63940463674986,89
"39816",283,195,5.94889187214883,88
"39817",283,196,4.23287479334517,87
"39818",283,197,4.85349622407732,86
"39819",283,198,5.76278477799335,85
"39820",283,199,5.67188053924523,84
"39821",283,200,5.34325477156426,83
"39822",283,201,4.73284235978374,82
"39823",283,202,7.65953239533996,81
"39824",283,203,7.50628102914646,80
"39825",283,204,7.37198705629916,79
"39826",283,205,7.35574330881788,78
"39827",283,206,3.95111769713052,77
"39828",283,207,6.08860319548,76
"39829",283,208,6.68522199196013,75
"39830",283,209,6.28228227224168,74
"39831",283,210,7.31889760200402,73
"39832",283,211,6.74102224762893,72
"39833",283,212,6.61411595487119,71
"39834",283,213,5.56727211723253,70
"39835",283,214,6.67399735155346,69
"39836",283,215,4.16030464681784,68
"39837",283,216,4.33888430652364,67
"39838",283,217,4.56307248852413,66
"39839",283,218,4.92851008467624,65
"39840",283,219,5.26187204079539,64
"39841",283,220,5.75094170813427,63
"39842",283,221,5.73293613805021,62
"39843",283,222,6.65979000930937,61
"39844",283,223,5.6068112781013,60
"39845",283,224,5.20093888393021,59
"39846",283,225,4.05689750570699,58
"39847",283,226,4.35582475869394,57
"39848",283,227,3.61446287851005,56
"39849",283,228,5.39688586233342,55
"39850",283,229,4.58156202767209,54
"39851",283,230,5.13545064220589,53
"39852",283,231,2.93886868061695,52
"39853",283,232,3.09378814175209,51
"39854",283,233,5.28484423621261,50
"39855",283,234,6.51616213190172,49
"39856",283,235,4.35172414706414,48
"39857",283,236,5.16671719136652,47
"39858",283,237,4.27564990104968,46
"39859",283,238,2.80220585852147,45
"39860",283,239,6.76240735589765,44
"39861",283,240,6.43464808926949,43
"39862",283,241,3.88851455296449,42
"39863",283,242,3.24221072406954,41
"39864",283,243,2.65856590063454,40
"39865",283,244,3.20910606321108,39
"39866",283,245,2.41407326477996,38
"39867",283,246,3.57922254294646,37
"39868",283,247,4.36779913280324,36
"39869",283,248,4.06686352772466,35
"39870",283,249,5.44562957296267,34
"39871",283,250,1.9673318732275,33
"39872",283,251,3.56126661288348,32
"39873",283,252,2.81116704226401,31
"39874",283,253,2.73765644830508,30
"39875",283,254,2.25875257158497,29
"39876",283,255,1.93768797436706,28
"39877",283,256,2.51421762002623,27
"39878",283,257,3.36428529959635,26
"39879",283,258,3.33243273926891,25
"39880",283,259,3.99599213662806,24
"39881",283,260,3.16482945025012,23
"39882",283,261,2.96246846957748,22
"39883",283,262,1.95286715017844,21
"39884",283,263,2.38686855955039,20
"39885",283,264,1.95647861155214,19
"39886",283,265,2.46174540119651,18
"39887",283,266,2.44371083146506,17
"39888",283,267,1.71660816380194,16
"39889",283,268,1.38089506931595,15
"39890",283,269,2.47930598531651,14
"39891",283,270,2.56783570001843,13
"39892",283,271,2.72869629953291,12
"39893",283,272,2.49201452041623,11
"39894",283,273,2.74882263298413,10
"39895",283,274,5.69678769660983,9
"39896",283,275,6.23784068101746,8
"39897",283,276,3.39678156101564,7
"39898",283,277,3.53173368594915,6
"39899",283,278,2.61261506757025,5
"39900",283,279,3.07464846417608,4
"39901",283,280,1.27678880335413,3
"39902",283,281,0.786243868922173,2
"39903",283,282,0.653607790920541,1
"39904",284,1,3.48824486422389,283
"39905",284,2,5.54742502800386,282
"39906",284,3,10.2044429788847,281
"39907",284,4,7.62642811870177,280
"39908",284,5,8.69955617033191,279
"39909",284,6,8.20805939078646,278
"39910",284,7,8.41115769060553,277
"39911",284,8,10.2648058782912,276
"39912",284,9,13.0044978739912,275
"39913",284,10,10.2562942210203,274
"39914",284,11,7.39611679877292,273
"39915",284,12,10.3600285990872,272
"39916",284,13,11.3513823736222,271
"39917",284,14,8.39151186943555,270
"39918",284,15,7.57298280689765,269
"39919",284,16,8.3170041056805,268
"39920",284,17,9.04901276162485,267
"39921",284,18,5.97949087349745,266
"39922",284,19,5.70031318295494,265
"39923",284,20,7.67703261676697,264
"39924",284,21,11.996970598922,263
"39925",284,22,11.4227195661899,262
"39926",284,23,11.7965099159967,261
"39927",284,24,9.93806436505211,260
"39928",284,25,6.99790391558041,259
"39929",284,26,8.4084359489818,258
"39930",284,27,6.99464180282455,257
"39931",284,28,6.09773895117445,256
"39932",284,29,7.02002641778072,255
"39933",284,30,6.73574397819724,254
"39934",284,31,8.34642339763806,253
"39935",284,32,6.84436031025449,252
"39936",284,33,6.98400706951204,251
"39937",284,34,10.788468897347,250
"39938",284,35,7.3422713213876,249
"39939",284,36,6.42875242718908,248
"39940",284,37,6.15328597499851,247
"39941",284,38,6.05101778845642,246
"39942",284,39,10.848690068335,245
"39943",284,40,9.84612637548109,244
"39944",284,41,10.5688504662373,243
"39945",284,42,8.39117897400669,242
"39946",284,43,8.12749017350104,241
"39947",284,44,7.83912726025835,240
"39948",284,45,9.11053871898644,239
"39949",284,46,10.4383057549702,238
"39950",284,47,8.08948062041231,237
"39951",284,48,5.2611193323869,236
"39952",284,49,4.15496700199161,235
"39953",284,50,11.6620267097948,234
"39954",284,51,8.51399326446509,233
"39955",284,52,8.16896445449365,232
"39956",284,53,8.63531829242326,231
"39957",284,54,8.56680777848644,230
"39958",284,55,6.71104867084684,229
"39959",284,56,6.7720650473052,228
"39960",284,57,7.07616842759244,227
"39961",284,58,4.56168129078475,226
"39962",284,59,4.95560500196716,225
"39963",284,60,7.80944717521152,224
"39964",284,61,8.57405320925378,223
"39965",284,62,10.5201078790945,222
"39966",284,63,7.27802562735425,221
"39967",284,64,4.52005643052996,220
"39968",284,65,6.73783462350133,219
"39969",284,66,9.77622994434158,218
"39970",284,67,7.22934949017567,217
"39971",284,68,5.83771249549535,216
"39972",284,69,9.83332008083215,215
"39973",284,70,6.52373884550714,214
"39974",284,71,6.36607575897703,213
"39975",284,72,6.50028705202878,212
"39976",284,73,5.97993653541849,211
"39977",284,74,5.61579510501455,210
"39978",284,75,4.18153664773375,209
"39979",284,76,4.66150043997036,208
"39980",284,77,3.38949916004421,207
"39981",284,78,7.22982830346102,206
"39982",284,79,7.00865653393147,205
"39983",284,80,4.79815620966238,204
"39984",284,81,4.18760030063231,203
"39985",284,82,5.09221707618621,202
"39986",284,83,6.22094199654752,201
"39987",284,84,8.39880159569108,200
"39988",284,85,8.77920712126276,199
"39989",284,86,7.90845852824089,198
"39990",284,87,9.43186283818362,197
"39991",284,88,8.91577115112074,196
"39992",284,89,5.89775215883403,195
"39993",284,90,6.83365296863582,194
"39994",284,91,6.99469037927147,193
"39995",284,92,5.84068517334999,192
"39996",284,93,5.69284503749489,191
"39997",284,94,5.78203515028708,190
"39998",284,95,6.9324510279376,189
"39999",284,96,6.64888140895397,188
"40000",284,97,3.63163422501725,187
"40001",284,98,5.21456056729595,186
"40002",284,99,4.22662976346006,185
"40003",284,100,2.49705256069755,184
"40004",284,101,3.31651143423069,183
"40005",284,102,3.12491069720218,182
"40006",284,103,3.75795611449602,181
"40007",284,104,3.70571649716622,180
"40008",284,105,3.85940426106954,179
"40009",284,106,5.25007834991002,178
"40010",284,107,6.08375765091298,177
"40011",284,108,2.82009637324042,176
"40012",284,109,2.16492689590374,175
"40013",284,110,2.91930149085088,174
"40014",284,111,6.70856679727449,173
"40015",284,112,5.50961728664982,172
"40016",284,113,3.37796197513179,171
"40017",284,114,0.753702414950103,170
"40018",284,115,1.27041559645001,169
"40019",284,116,3.77367992563149,168
"40020",284,117,2.89538976755541,167
"40021",284,118,3.62217321107239,166
"40022",284,119,4.49020584208187,165
"40023",284,120,4.70862025365847,164
"40024",284,121,2.53030921896398,163
"40025",284,122,1.29068161582344,162
"40026",284,123,3.98634422405311,161
"40027",284,124,5.41357422401677,160
"40028",284,125,6.28360903927874,159
"40029",284,126,3.85775284348789,158
"40030",284,127,2.61960261730104,157
"40031",284,128,2.56281495307792,156
"40032",284,129,2.27816794712105,155
"40033",284,130,2.91986456496805,154
"40034",284,131,1.78787938272531,153
"40035",284,132,1.42210367015254,152
"40036",284,133,1.76439399279891,151
"40037",284,134,1.67787051565936,150
"40038",284,135,0.700800359204372,149
"40039",284,136,0.428839467428161,148
"40040",284,137,2.07734955176292,147
"40041",284,138,1.50846210788863,146
"40042",284,139,1.22122763307373,145
"40043",284,140,1.13697233512119,144
"40044",284,141,1.97519567746622,143
"40045",284,142,0.967067214874981,142
"40046",284,143,1.97468940767077,141
"40047",284,144,2.33293914981404,140
"40048",284,145,2.13584839096529,139
"40049",284,146,3.5480502416107,138
"40050",284,147,3.92727848254604,137
"40051",284,148,2.84213916956035,136
"40052",284,149,2.22338484978933,135
"40053",284,150,3.2066782865053,134
"40054",284,151,4.75506227744417,133
"40055",284,152,4.82544145759507,132
"40056",284,153,7.06631142614375,131
"40057",284,154,5.21696131220677,130
"40058",284,155,3.49221681366337,129
"40059",284,156,2.36343098548954,128
"40060",284,157,3.02463141546,127
"40061",284,158,3.9515998639366,126
"40062",284,159,4.55531345072623,125
"40063",284,160,5.46307772376776,124
"40064",284,161,4.19534050963233,123
"40065",284,162,3.53447540613698,122
"40066",284,163,2.40355689486581,121
"40067",284,164,5.21023844987539,120
"40068",284,165,4.4775226815038,119
"40069",284,166,3.32985583677253,118
"40070",284,167,2.50960120570704,117
"40071",284,168,1.45500035658483,116
"40072",284,169,2.97619725383202,115
"40073",284,170,3.26142790270887,114
"40074",284,171,1.45699521616725,113
"40075",284,172,2.24837700885332,112
"40076",284,173,3.68575616400321,111
"40077",284,174,4.57925873373081,110
"40078",284,175,4.57313649774617,109
"40079",284,176,4.78044000305429,108
"40080",284,177,4.24338914573085,107
"40081",284,178,3.08767045886905,106
"40082",284,179,3.79230399459031,105
"40083",284,180,5.56405333371971,104
"40084",284,181,4.68344679122778,103
"40085",284,182,5.18375098658527,102
"40086",284,183,4.96596446354529,101
"40087",284,184,4.14116118128734,100
"40088",284,185,4.06935038653727,99
"40089",284,186,4.35574512064626,98
"40090",284,187,3.00816773263023,97
"40091",284,188,3.7704088156115,96
"40092",284,189,3.61954065991505,95
"40093",284,190,3.76305370222955,94
"40094",284,191,4.63232794583233,93
"40095",284,192,6.23839063313322,92
"40096",284,193,5.85456461994016,91
"40097",284,194,3.77712901302389,90
"40098",284,195,5.08661624842286,89
"40099",284,196,3.3705991696192,88
"40100",284,197,3.99122060035135,87
"40101",284,198,4.90050915426739,86
"40102",284,199,4.80960491551926,85
"40103",284,200,4.80460985547151,84
"40104",284,201,4.63074254626359,83
"40105",284,202,6.79725677161399,82
"40106",284,203,6.90260824220633,81
"40107",284,204,6.81718921708792,80
"40108",284,205,6.49346768509191,79
"40109",284,206,4.13376689682325,78
"40110",284,207,5.22632757175403,77
"40111",284,208,5.82294636823416,76
"40112",284,209,5.42000664851571,75
"40113",284,210,6.45662197827805,74
"40114",284,211,5.87874662390296,73
"40115",284,212,5.75184033114522,72
"40116",284,213,4.70499649350656,71
"40117",284,214,5.81172172782749,70
"40118",284,215,3.4920461785521,69
"40119",284,216,3.15726803779397,68
"40120",284,217,3.70079686479816,67
"40121",284,218,3.78050862068381,66
"40122",284,219,4.14187843211002,65
"40123",284,220,4.8886660844083,64
"40124",284,221,4.87066051432424,63
"40125",284,222,5.7975143855834,62
"40126",284,223,4.74453565437533,61
"40127",284,224,4.79180347541709,60
"40128",284,225,3.19462188198102,59
"40129",284,226,2.48510499285104,58
"40130",284,227,2.75218725478408,57
"40131",284,228,4.53461023860745,56
"40132",284,229,3.71928640394612,55
"40133",284,230,4.27317501847992,54
"40134",284,231,2.17371868478862,53
"40135",284,232,3.23489256520112,52
"40136",284,233,3.93515394379679,51
"40137",284,234,5.65388650817575,50
"40138",284,235,3.48944852333817,49
"40139",284,236,4.30444156764055,48
"40140",284,237,2.90354525683507,47
"40141",284,238,3.10689302097697,46
"40142",284,239,4.89168759005476,45
"40143",284,240,5.57237246554352,44
"40144",284,241,3.02623892923852,43
"40145",284,242,2.8490201494882,42
"40146",284,243,3.34938212973445,41
"40147",284,244,2.37924033031545,40
"40148",284,245,1.63277034583314,39
"40149",284,246,2.7169469192205,38
"40150",284,247,3.39347864192713,37
"40151",284,248,2.44264784798083,36
"40152",284,249,3.68759933754915,35
"40153",284,250,1.36002494925476,34
"40154",284,251,1.69054684704059,33
"40155",284,252,1.42589333787095,32
"40156",284,253,1.60646238668126,31
"40157",284,254,2.12447696756954,30
"40158",284,255,2.48336979908013,29
"40159",284,256,1.68414379794388,28
"40160",284,257,2.50200967587038,27
"40161",284,258,2.47015711554294,26
"40162",284,259,3.24640604333146,25
"40163",284,260,2.41524335695352,24
"40164",284,261,2.21288237628088,23
"40165",284,262,1.20328105688184,22
"40166",284,263,0.839216491902291,21
"40167",284,264,1.29886157971154,20
"40168",284,265,0.979033935125741,19
"40169",284,266,2.36795941821763,18
"40170",284,267,1.52773543506273,17
"40171",284,268,1.92044113977553,16
"40172",284,269,1.44983877905195,15
"40173",284,270,1.34403920451356,14
"40174",284,271,0.857976533690019,13
"40175",284,272,1.62973889669026,12
"40176",284,273,1.93157306887785,11
"40177",284,274,4.67828316541538,10
"40178",284,275,4.70950712933438,9
"40179",284,276,3.83580627851131,8
"40180",284,277,2.78214759265254,7
"40181",284,278,1.86302897427365,6
"40182",284,279,2.53544053864491,5
"40183",284,280,3.14750856919702,4
"40184",284,281,2.57632907491432,3
"40185",284,282,1.97430101621766,2
"40186",284,283,1.87071976584289,1
"40187",285,1,4.55376553675704,284
"40188",285,2,4.33166394661773,283
"40189",285,3,8.98868189749857,282
"40190",285,4,8.69585046348577,281
"40191",285,5,9.07697792470647,280
"40192",285,6,9.72627808901071,279
"40193",285,7,9.26130605489218,278
"40194",285,8,9.04904479690503,277
"40195",285,9,11.7887367926051,276
"40196",285,10,9.68776854375229,275
"40197",285,11,8.91433549699716,274
"40198",285,12,9.14426751770105,273
"40199",285,13,10.1356212922361,272
"40200",285,14,9.9097305676598,271
"40201",285,15,8.70308916075641,270
"40202",285,16,8.65455076965145,269
"40203",285,17,9.24131317327111,268
"40204",285,18,6.68909210606038,267
"40205",285,19,5.52065417335421,266
"40206",285,20,7.82024999149763,265
"40207",285,21,10.7812095175359,264
"40208",285,22,12.188487765265,263
"40209",285,23,10.621066114536,262
"40210",285,24,11.0586246274705,261
"40211",285,25,8.51612261380465,260
"40212",285,26,6.4699565657452,259
"40213",285,27,8.51286050104879,258
"40214",285,28,7.61595764939869,257
"40215",285,29,8.47782121841358,256
"40216",285,30,8.25396267642148,255
"40217",285,31,8.71624989669765,254
"40218",285,32,8.08270214423655,253
"40219",285,33,5.76824598812591,252
"40220",285,34,9.57270781596082,251
"40221",285,35,8.86049001961185,250
"40222",285,36,6.16683065807167,249
"40223",285,37,7.67150467322275,248
"40224",285,38,7.56923648668066,247
"40225",285,39,9.63292898694889,246
"40226",285,40,10.1731125132264,245
"40227",285,41,10.0349716385567,244
"40228",285,42,9.90939767223093,243
"40229",285,43,8.07658634817812,242
"40230",285,44,6.62336617887222,241
"40231",285,45,7.89477763760031,240
"40232",285,46,9.22254467358405,239
"40233",285,47,6.87371953902617,238
"40234",285,48,4.51475543392547,237
"40235",285,49,2.93920592060548,236
"40236",285,50,10.4462656284087,235
"40237",285,51,7.9462999439439,234
"40238",285,52,6.95320337310752,233
"40239",285,53,8.78428413093682,232
"40240",285,54,10.0850264767107,231
"40241",285,55,5.49528758946071,230
"40242",285,56,5.55630396591906,229
"40243",285,57,7.46214784977052,228
"40244",285,58,6.07989998900899,227
"40245",285,59,2.83071135757978,226
"40246",285,60,7.41888977487859,225
"40247",285,61,7.35829212786765,224
"40248",285,62,9.88689247590748,223
"40249",285,63,7.22766803614644,222
"40250",285,64,3.30429534914383,221
"40251",285,65,4.2110961573632,220
"40252",285,66,8.56046886295545,219
"40253",285,67,8.74756818839991,218
"40254",285,68,5.35026356759982,217
"40255",285,69,8.61755899944601,216
"40256",285,70,5.70282699590627,215
"40257",285,71,5.86236986336966,214
"40258",285,72,5.28452597064265,213
"40259",285,73,7.49815523364273,212
"40260",285,74,6.06061174473534,211
"40261",285,75,4.13713560949556,210
"40262",285,76,4.44901536116587,209
"40263",285,77,2.94960187871842,208
"40264",285,78,6.01406722207488,207
"40265",285,79,6.84450016874075,206
"40266",285,80,3.58239512827625,205
"40267",285,81,3.55448894203866,204
"40268",285,82,3.82338875088865,203
"40269",285,83,5.11866755536423,202
"40270",285,84,7.63628477411115,201
"40271",285,85,8.56693013164499,200
"40272",285,86,8.35350926829673,199
"40273",285,87,9.15109849498939,198
"40274",285,88,8.25024990169676,197
"40275",285,89,6.63964212373397,196
"40276",285,90,5.10035857142902,195
"40277",285,91,5.77892929788534,194
"40278",285,92,5.95159670184368,193
"40279",285,93,6.19218104413411,192
"40280",285,94,5.46224645653423,191
"40281",285,95,5.71668994655146,190
"40282",285,96,5.43312032756783,189
"40283",285,97,4.64861809474992,188
"40284",285,98,4.17938051035578,187
"40285",285,99,4.82044133141045,186
"40286",285,100,3.2628910389832,185
"40287",285,101,3.10927012075845,184
"40288",285,102,1.90914961581604,183
"40289",285,103,2.4021288647308,182
"40290",285,104,5.22393519539046,181
"40291",285,105,3.21003593476405,180
"40292",285,106,2.96425046636267,179
"40293",285,107,4.86799656952685,178
"40294",285,108,3.80443625180771,177
"40295",285,109,3.2948251605758,176
"40296",285,110,2.8739795757886,175
"40297",285,111,5.49280571588836,174
"40298",285,112,5.0385293710595,173
"40299",285,113,1.55097185489892,172
"40300",285,114,1.97442727444354,171
"40301",285,115,2.6971165881856,170
"40302",285,116,3.56643861215925,169
"40303",285,117,2.32958605491208,168
"40304",285,118,3.41493189760015,167
"40305",285,119,3.48479691731282,166
"40306",285,120,3.83295493680411,165
"40307",285,121,4.04852791718822,164
"40308",285,122,2.29492319953747,163
"40309",285,123,3.77910291058087,162
"40310",285,124,4.19781314263064,161
"40311",285,125,5.06784795789261,160
"40312",285,126,3.15971765864022,159
"40313",285,127,3.68501924524083,158
"40314",285,128,4.12424729652515,157
"40315",285,129,3.20667333589339,156
"40316",285,130,4.61591309929086,155
"40317",285,131,3.6857455907499,154
"40318",285,132,1.92819751204775,153
"40319",285,133,1.59452698171653,152
"40320",285,134,1.8851118291316,151
"40321",285,135,1.82593810693376,150
"40322",285,136,2.95557793356629,149
"40323",285,137,1.20901849046592,148
"40324",285,138,1.0182763582495,147
"40325",285,139,2.45932744046168,146
"40326",285,140,3.05765364202174,145
"40327",285,141,4.50193414360435,144
"40328",285,142,3.36463431836189,143
"40329",285,143,2.12280820226362,142
"40330",285,144,3.19366356484241,141
"40331",285,145,4.37149609604223,140
"40332",285,146,4.60255771176425,139
"40333",285,147,3.9143664583141,138
"40334",285,148,3.10460717279288,137
"40335",285,149,2.77157772434033,136
"40336",285,150,5.73341675264344,135
"40337",285,151,7.2818007435823,134
"40338",285,152,5.68616587262344,133
"40339",285,153,6.85907011267151,132
"40340",285,154,5.00971999873453,131
"40341",285,155,6.0189552798015,130
"40342",285,156,4.89016945162768,129
"40343",285,157,5.55136988159813,128
"40344",285,158,5.31392326353329,127
"40345",285,159,7.08205191686436,126
"40346",285,160,7.81187392411913,125
"40347",285,161,6.72207897577046,124
"40348",285,162,5.75407423268879,123
"40349",285,163,4.39641654134699,122
"40350",285,164,5.00299713640315,121
"40351",285,165,4.27028136803156,120
"40352",285,166,5.20969704372097,119
"40353",285,167,3.3864785438539,118
"40354",285,168,3.98173882272296,117
"40355",285,169,5.50293571997016,116
"40356",285,170,5.78816636884701,115
"40357",285,171,3.66033707500721,114
"40358",285,172,4.04724551102261,113
"40359",285,173,5.45244887567722,112
"40360",285,174,4.61511761263439,111
"40361",285,175,5.045436434629,110
"40362",285,176,5.57668278135041,109
"40363",285,177,6.77012761186898,108
"40364",285,178,5.61440892500718,107
"40365",285,179,6.28676262563981,106
"40366",285,180,5.35681202024747,105
"40367",285,181,6.11069401707849,104
"40368",285,182,7.71048945272341,103
"40369",285,183,7.49270292968342,102
"40370",285,184,4.43572694157013,101
"40371",285,185,6.59608885267541,100
"40372",285,186,6.88248358678439,99
"40373",285,187,5.3569639329816,98
"40374",285,188,5.87685914688887,97
"40375",285,189,4.01110199235378,96
"40376",285,190,5.642894909178,95
"40377",285,191,6.10746169577504,94
"40378",285,192,6.03114931966098,93
"40379",285,193,6.89315326731027,92
"40380",285,194,6.22346701964633,91
"40381",285,195,5.07401635797098,90
"40382",285,196,4.86232803220217,89
"40383",285,197,4.81943107995604,88
"40384",285,198,4.77434459016765,87
"40385",285,199,5.4437202062187,86
"40386",285,200,7.33134832160965,85
"40387",285,201,7.15748101240172,84
"40388",285,202,7.26966075309018,83
"40389",285,203,9.42934670834446,82
"40390",285,204,9.34392768322605,81
"40391",285,205,8.34056085628162,80
"40392",285,206,6.66050536296139,79
"40393",285,207,6.26481217453079,78
"40394",285,208,7.29828820736359,77
"40395",285,209,7.02498805096647,76
"40396",285,210,8.17451777566819,75
"40397",285,211,7.74233086313956,74
"40398",285,212,7.71229008679607,73
"40399",285,213,6.87603250610955,72
"40400",285,214,6.70475198909285,71
"40401",285,215,6.01878464469024,70
"40402",285,216,4.27659528960819,69
"40403",285,217,5.14406695802566,68
"40404",285,218,4.09088915915668,67
"40405",285,219,5.14839533357821,66
"40406",285,220,6.13739879920879,65
"40407",285,221,7.18725491303199,64
"40408",285,222,6.83599898836016,63
"40409",285,223,6.70542759954794,62
"40410",285,224,7.31854194155522,61
"40411",285,225,3.9418856679549,60
"40412",285,226,2.82393833496349,59
"40413",285,227,3.56447891160533,58
"40414",285,228,4.63484670964994,57
"40415",285,229,6.22976790237241,56
"40416",285,230,4.45459228348827,55
"40417",285,231,4.70045715092676,54
"40418",285,232,5.76163103133925,53
"40419",285,233,3.72791263032455,52
"40420",285,234,5.44664519470351,51
"40421",285,235,5.91939950650707,50
"40422",285,236,4.09720025416831,49
"40423",285,237,3.66696196592744,48
"40424",285,238,5.6336314871151,47
"40425",285,239,4.12980199841821,46
"40426",285,240,5.36513115207128,45
"40427",285,241,5.11643229280405,44
"40428",285,242,5.37575861562633,43
"40429",285,243,5.87612059587258,42
"40430",285,244,4.90597879645358,41
"40431",285,245,4.15950881197128,40
"40432",285,246,4.1438560001428,39
"40433",285,247,4.27046002466735,38
"40434",285,248,3.15760578771773,37
"40435",285,249,1.42027304252917,36
"40436",285,250,2.50943744870724,35
"40437",285,251,1.61339778909087,34
"40438",285,252,2.75369928640722,33
"40439",285,253,3.85836705947005,32
"40440",285,254,4.65121543370768,31
"40441",285,255,5.01010826521826,30
"40442",285,256,4.21088226408201,29
"40443",285,257,4.39776970560226,28
"40444",285,258,2.2629158020707,27
"40445",285,259,4.21472305452196,26
"40446",285,260,2.7204841746875,25
"40447",285,261,2.80923996622438,24
"40448",285,262,2.92016063427476,23
"40449",285,263,1.89790014200127,22
"40450",285,264,2.59865967294075,21
"40451",285,265,2.25082417304789,20
"40452",285,266,2.73185019562322,19
"40453",285,267,3.3317555993504,18
"40454",285,268,3.95976493722382,17
"40455",285,269,3.44434731882456,16
"40456",285,270,2.83991917673599,15
"40457",285,271,2.70155383826275,14
"40458",285,272,3.38027868524578,13
"40459",285,273,2.76332030281167,12
"40460",285,274,3.46252208402925,11
"40461",285,275,4.17359943208339,10
"40462",285,276,5.35402497673555,9
"40463",285,277,2.66655404141065,8
"40464",285,278,2.8262574479857,7
"40465",285,279,4.05365923686915,6
"40466",285,280,4.66572726742127,5
"40467",285,281,4.09454777313856,4
"40468",285,282,3.7151979224742,3
"40469",285,283,4.28476870155166,2
"40470",285,284,2.52673846613813,1
"40471",286,1,4.19705354856335,285
"40472",286,2,6.25623371234332,284
"40473",286,3,10.9132516632242,283
"40474",286,4,8.33523680304124,282
"40475",286,5,9.40836485467137,281
"40476",286,6,8.88422408396054,280
"40477",286,7,9.11996637494499,279
"40478",286,8,10.9736145626306,278
"40479",286,9,13.7133065583307,277
"40480",286,10,10.9651029053598,276
"40481",286,11,8.07228149194699,275
"40482",286,12,11.0688372834266,274
"40483",286,13,12.0601910579616,273
"40484",286,14,9.06767656260963,272
"40485",286,15,8.28179149123711,271
"40486",286,16,9.02581279001996,270
"40487",286,17,9.75782144596431,269
"40488",286,18,5.9767817089249,268
"40489",286,19,6.40912186729441,267
"40490",286,20,8.38584130110643,266
"40491",286,21,12.7057792832615,265
"40492",286,22,12.1315282505293,264
"40493",286,23,12.5053186003362,263
"40494",286,24,10.6468730493916,262
"40495",286,25,7.67406860875449,261
"40496",286,26,8.3945263314708,260
"40497",286,27,7.67080649599863,259
"40498",286,28,6.77390364434853,258
"40499",286,29,7.72883510212018,257
"40500",286,30,7.41190867137132,256
"40501",286,31,9.05523208197752,255
"40502",286,32,7.24064813918639,254
"40503",286,33,7.6928157538515,253
"40504",286,34,11.4972775816864,252
"40505",286,35,8.01843601456168,251
"40506",286,36,5.95543599629529,250
"40507",286,37,6.82978881310099,249
"40508",286,38,6.7271824816305,248
"40509",286,39,11.5574987526745,247
"40510",286,40,10.5549350598205,246
"40511",286,41,11.2776591505768,245
"40512",286,42,9.06734366718077,244
"40513",286,43,8.83629885784051,243
"40514",286,44,8.54793594459782,242
"40515",286,45,9.81934740332591,241
"40516",286,46,11.1471144393097,240
"40517",286,47,8.79828930475177,239
"40518",286,48,5.96992801672637,238
"40519",286,49,4.86377568633107,237
"40520",286,50,12.3708353941343,236
"40521",286,51,9.22280194880455,235
"40522",286,52,8.87777313883312,234
"40523",286,53,9.34412697676272,233
"40524",286,54,9.24297247166052,232
"40525",286,55,7.4198573551863,231
"40526",286,56,7.48087373164466,230
"40527",286,57,7.7849771119319,229
"40528",286,58,5.23784598395883,228
"40529",286,59,4.75528112330537,227
"40530",286,60,8.51825585955099,226
"40531",286,61,9.28286189359324,225
"40532",286,62,11.2289165634339,224
"40533",286,63,7.98683431169371,223
"40534",286,64,5.22886511486942,222
"40535",286,65,6.26451819260755,221
"40536",286,66,10.485038628681,220
"40537",286,67,7.90551418334975,219
"40538",286,68,6.54652117983481,218
"40539",286,69,10.5421287651716,217
"40540",286,70,7.2325475298466,216
"40541",286,71,7.0748844433165,215
"40542",286,72,7.20909573636825,214
"40543",286,73,6.65610122859257,213
"40544",286,74,6.32460378935402,212
"40545",286,75,4.89034533207321,211
"40546",286,76,5.37030912430982,210
"40547",286,77,4.09830784438367,209
"40548",286,78,7.93863698780048,208
"40549",286,79,7.71746521827093,207
"40550",286,80,5.50696489400185,206
"40551",286,81,4.89640898497177,205
"40552",286,82,5.38668967733457,204
"40553",286,83,6.92975068088699,203
"40554",286,84,9.10761028003054,202
"40555",286,85,9.48801580560222,201
"40556",286,86,8.61726721258035,200
"40557",286,87,10.1406715225231,199
"40558",286,88,9.6245798354602,198
"40559",286,89,6.60656084317349,197
"40560",286,90,6.36033653774203,196
"40561",286,91,7.70349906361093,195
"40562",286,92,6.54949385768946,194
"40563",286,93,6.40165372183435,193
"40564",286,94,6.49084383462654,192
"40565",286,95,7.64125971227706,191
"40566",286,96,7.35769009329343,190
"40567",286,97,4.34044290935671,189
"40568",286,98,5.55360639952587,188
"40569",286,99,3.97838732636029,187
"40570",286,100,2.55037255266101,186
"40571",286,101,3.82247185628986,185
"40572",286,102,3.83371938154164,184
"40573",286,103,4.32669863045639,183
"40574",286,104,4.3818811903403,182
"40575",286,105,4.56821294540901,181
"40576",286,106,4.88882023208827,180
"40577",286,107,6.79256633525245,179
"40578",286,108,3.52890505757988,178
"40579",286,109,2.87373558024321,177
"40580",286,110,3.42526191291005,176
"40581",286,111,7.41737548161395,175
"40582",286,112,6.21842597098929,174
"40583",286,113,3.02229736081831,173
"40584",286,114,1.233112020727,172
"40585",286,115,1.77637601850917,171
"40586",286,116,4.27964034769066,170
"40587",286,117,3.04278779044349,169
"40588",286,118,4.12813363313156,168
"40589",286,119,5.19901452642133,167
"40590",286,120,5.41742893799793,166
"40591",286,121,3.20647391213806,165
"40592",286,122,1.9994903001629,164
"40593",286,123,4.49230464611228,163
"40594",286,124,6.12238290835624,162
"40595",286,125,6.99241772361821,161
"40596",286,126,4.56656152782735,160
"40597",286,127,3.3284113016405,159
"40598",286,128,3.238979646252,158
"40599",286,129,2.98697663146052,157
"40600",286,130,3.59602925814213,156
"40601",286,131,2.46404407589939,155
"40602",286,132,2.130912354492,154
"40603",286,133,1.73928392234946,153
"40604",286,134,1.17191009360019,152
"40605",286,135,0.62526808164908,151
"40606",286,136,0.948070396371375,150
"40607",286,137,2.39398103219405,149
"40608",286,138,1.39370807616594,148
"40609",286,139,1.61727343541151,147
"40610",286,140,1.81313702829527,146
"40611",286,141,2.44851210836,145
"40612",286,142,1.47302763693415,144
"40613",286,143,2.46384242736133,143
"40614",286,144,2.83889957187321,142
"40615",286,145,2.64180881302446,141
"40616",286,146,4.05401066366986,140
"40617",286,147,4.43323890460521,139
"40618",286,148,3.34809959161952,138
"40619",286,149,2.59488605289957,137
"40620",286,150,3.67999471739909,136
"40621",286,151,5.22837870833796,135
"40622",286,152,5.33140187965424,134
"40623",286,153,7.57227184820292,133
"40624",286,154,5.72292173426594,132
"40625",286,155,3.96553324455715,131
"40626",286,156,2.83674741638333,130
"40627",286,157,3.49794784635379,129
"40628",286,158,4.45756028599577,128
"40629",286,159,5.02862988162001,127
"40630",286,160,5.96903814582693,126
"40631",286,161,4.66865694052611,125
"40632",286,162,4.04043582819615,124
"40633",286,163,2.90951731692497,123
"40634",286,164,5.71619887193456,122
"40635",286,165,4.98348310356297,121
"40636",286,166,3.83581625883169,120
"40637",286,167,3.01556162776621,119
"40638",286,168,1.96062263371559,118
"40639",286,169,3.44951368472581,117
"40640",286,170,3.73474433360266,116
"40641",286,171,1.96295563822642,115
"40642",286,172,2.75433743091249,114
"40643",286,173,4.19171658606238,113
"40644",286,174,5.08521915578998,112
"40645",286,175,5.07909691980534,111
"40646",286,176,5.28640042511346,110
"40647",286,177,4.71670557662463,109
"40648",286,178,3.56098688976283,108
"40649",286,179,4.29826441664948,107
"40650",286,180,6.07001375577888,106
"40651",286,181,5.18940721328695,105
"40652",286,182,5.65706741747906,104
"40653",286,183,5.43928089443907,103
"40654",286,184,4.64712160334651,102
"40655",286,185,4.54266681743106,101
"40656",286,186,4.82906155154005,100
"40657",286,187,3.51412815468939,99
"40658",286,188,4.27636923767066,98
"40659",286,189,4.12550108197421,97
"40660",286,190,4.26901412428872,96
"40661",286,191,5.13828836789149,95
"40662",286,192,6.74435105519238,94
"40663",286,193,6.36052504199932,93
"40664",286,194,4.28308943508306,92
"40665",286,195,5.59257667048202,91
"40666",286,196,3.87655959167837,90
"40667",286,197,4.49718102241052,89
"40668",286,198,5.40646957632655,88
"40669",286,199,5.31556533757843,87
"40670",286,200,5.2779262863653,86
"40671",286,201,5.10405897715737,85
"40672",286,202,7.30321719367316,84
"40673",286,203,7.37592467310012,83
"40674",286,204,7.2905056479817,82
"40675",286,205,6.99942810715108,81
"40676",286,206,4.60708332771704,80
"40677",286,207,5.7322879938132,79
"40678",286,208,6.32890679029333,78
"40679",286,209,5.92596707057488,77
"40680",286,210,6.96258240033722,76
"40681",286,211,6.38470704596213,75
"40682",286,212,6.25780075320439,74
"40683",286,213,5.21095691556573,73
"40684",286,214,6.31768214988666,72
"40685",286,215,3.96536260944589,71
"40686",286,216,3.66322845985314,70
"40687",286,217,4.20675728685733,69
"40688",286,218,4.28646904274298,68
"40689",286,219,4.64783885416918,67
"40690",286,220,5.39462650646747,66
"40691",286,221,5.37662093638341,65
"40692",286,222,6.30347480764257,64
"40693",286,223,5.2504960764345,63
"40694",286,224,5.26511990631088,62
"40695",286,225,3.70058230404019,61
"40696",286,226,2.8734135983299,60
"40697",286,227,3.25814767684325,59
"40698",286,228,5.04057066066662,58
"40699",286,229,4.22524682600529,57
"40700",286,230,4.77913544053909,56
"40701",286,231,2.64703511568241,55
"40702",286,232,3.70820899609491,54
"40703",286,233,4.44111436585596,53
"40704",286,234,6.15984693023492,52
"40705",286,235,3.99540894539734,51
"40706",286,236,4.81040198969972,50
"40707",286,237,3.40950567889424,49
"40708",286,238,3.58020945187075,48
"40709",286,239,4.84300373394962,47
"40710",286,240,6.07833288760269,46
"40711",286,241,3.53219935129769,45
"40712",286,242,3.32233658038199,44
"40713",286,243,3.82269856062823,43
"40714",286,244,2.85279086154428,42
"40715",286,245,2.10608677672693,41
"40716",286,246,3.22290734127966,40
"40717",286,247,3.8994390639863,39
"40718",286,248,2.94860827004,38
"40719",286,249,3.34484280825477,37
"40720",286,250,0.854064527195591,36
"40721",286,251,1.01438215386651,35
"40722",286,252,0.717084653531483,34
"40723",286,253,2.11242280874043,33
"40724",286,254,2.59779339846333,32
"40725",286,255,2.95668622997391,31
"40726",286,256,2.15790241835943,30
"40727",286,257,3.00797009792955,29
"40728",286,258,2.97611753760211,28
"40729",286,259,3.95521472767092,27
"40730",286,260,3.12405204129298,26
"40731",286,261,2.92169106062034,25
"40732",286,262,1.9120897412213,24
"40733",286,263,0.540551847696679,23
"40734",286,264,0.63522110514051,22
"40735",286,265,0.270225250786279,21
"40736",286,266,1.86199899615847,20
"40737",286,267,1.27833356410605,19
"40738",286,268,1.90634290197947,18
"40739",286,269,1.39092528358021,17
"40740",286,270,0.786497141491639,16
"40741",286,271,0.826100079953495,15
"40742",286,272,2.13569931874943,14
"40743",286,273,2.64038175321731,13
"40744",286,274,5.38709184975484,12
"40745",286,275,5.41831581367385,11
"40746",286,276,4.51197097168539,10
"40747",286,277,3.49095627699201,9
"40748",286,278,2.57183765861311,8
"40749",286,279,3.21160523181898,7
"40750",286,280,3.8236732623711,6
"40751",286,281,3.2524937680884,5
"40752",286,282,2.65046570939174,4
"40753",286,283,2.54688445901697,3
"40754",286,284,0.708808684339463,2
"40755",286,285,2.05342203524435,1
"40756",287,1,4.37780164434054,286
"40757",287,2,3.58238656983238,285
"40758",287,3,8.23940452071322,284
"40759",287,4,7.31536054995912,283
"40760",287,5,7.69648801117983,282
"40761",287,6,8.34578817548406,281
"40762",287,7,7.88081614136553,280
"40763",287,8,8.29976742011968,279
"40764",287,9,11.0394594158197,278
"40765",287,10,8.30727863022564,277
"40766",287,11,7.53384558347051,276
"40767",287,12,8.39499014091571,275
"40768",287,13,9.38634391545071,274
"40769",287,14,8.52924065413315,273
"40770",287,15,7.32259924722977,272
"40771",287,16,7.27406085612481,271
"40772",287,17,7.86082325974446,270
"40773",287,18,7.26386781672329,269
"40774",287,19,4.48288736300648,268
"40775",287,20,6.43976007797098,267
"40776",287,21,10.0319321407506,266
"40777",287,22,10.8079978517383,265
"40778",287,23,9.83147145782525,264
"40779",287,24,9.67813471394384,263
"40780",287,25,7.13563270027801,262
"40781",287,26,7.68714526608786,261
"40782",287,27,7.13237058752214,260
"40783",287,28,7.26802041594651,259
"40784",287,29,7.09733130488694,258
"40785",287,30,6.95312640420018,257
"40786",287,31,7.335759983171,256
"40787",287,32,8.22583687022963,255
"40788",287,33,5.81452347209566,254
"40789",287,34,8.82343043917548,253
"40790",287,35,7.4800001060852,252
"40791",287,36,7.34106590457457,251
"40792",287,37,6.2910147596961,250
"40793",287,38,6.48567286635893,249
"40794",287,39,8.88365161016355,248
"40795",287,40,8.79262259969978,247
"40796",287,41,8.65448172503009,246
"40797",287,42,8.52890775870429,245
"40798",287,43,6.69609643465147,244
"40799",287,44,5.87408880208688,243
"40800",287,45,7.14550026081497,242
"40801",287,46,8.47326729679871,241
"40802",287,47,6.12444216224083,240
"40803",287,48,3.29608087421543,239
"40804",287,49,2.18992854382014,238
"40805",287,50,9.69698825162333,237
"40806",287,51,6.56581003041725,236
"40807",287,52,6.20392599632218,235
"40808",287,53,7.40379421741017,234
"40809",287,54,8.70453656318404,233
"40810",287,55,4.74601021267536,232
"40811",287,56,4.80702658913372,231
"40812",287,57,6.08165793624387,230
"40813",287,58,4.69941007548235,229
"40814",287,59,4.23431431907322,228
"40815",287,60,6.03839986135194,227
"40816",287,61,6.6090147510823,226
"40817",287,62,8.55506942092301,225
"40818",287,63,5.8471781226198,224
"40819",287,64,3.53545425916834,223
"40820",287,65,6.0165439406074,222
"40821",287,66,7.81119148617011,221
"40822",287,67,7.36707827487327,220
"40823",287,68,4.76532851482827,219
"40824",287,69,7.86828162266067,218
"40825",287,70,4.55870038733566,217
"40826",287,71,4.48187994984301,216
"40827",287,72,4.53524859385731,215
"40828",287,73,6.11766532011608,214
"40829",287,74,4.68012183120869,213
"40830",287,75,3.56705830041786,212
"40831",287,76,3.06852544763922,211
"40832",287,77,1.42446070187273,210
"40833",287,78,5.26478984528954,209
"40834",287,79,5.4640102552141,208
"40835",287,80,3.11737798627083,207
"40836",287,81,2.22256184246084,206
"40837",287,82,4.37092639329227,205
"40838",287,83,5.46042955948619,204
"40839",287,84,6.4337631375196,203
"40840",287,85,7.18644021811834,202
"40841",287,86,6.97301935477008,201
"40842",287,87,7.77060858146274,200
"40843",287,88,6.95073269294926,199
"40844",287,89,5.25915221020732,198
"40845",287,90,6.27459381793191,197
"40846",287,91,5.02965192109999,196
"40847",287,92,4.57110678831703,195
"40848",287,93,4.81169113060747,194
"40849",287,94,4.28801121003134,193
"40850",287,95,4.96741256976612,192
"40851",287,96,4.68384295078249,191
"40852",287,97,3.26812818122328,190
"40853",287,98,4.49326988440201,189
"40854",287,99,5.60810632343519,188
"40855",287,100,3.78163759311009,187
"40856",287,101,1.94452769511335,186
"40857",287,102,1.46801243109595,185
"40858",287,103,3.03666543160208,184
"40859",287,104,3.84344528186381,183
"40860",287,105,1.89436580289807,182
"40861",287,106,4.52878766701608,181
"40862",287,107,4.11871919274151,180
"40863",287,108,2.42394633828106,179
"40864",287,109,1.91433524704915,178
"40865",287,110,1.53782493087575,177
"40866",287,111,4.74352833910301,176
"40867",287,112,3.83731393415745,175
"40868",287,113,2.65667129223785,174
"40869",287,114,1.44073512178394,173
"40870",287,115,1.70403106806511,172
"40871",287,116,2.56588433877268,171
"40872",287,117,2.75766098285781,170
"40873",287,118,2.24069665109726,169
"40874",287,119,2.52516738391039,168
"40875",287,120,2.74358179548699,167
"40876",287,121,3.28430494187017,166
"40877",287,122,0.67435684234804,165
"40878",287,123,2.60486766407798,164
"40879",287,124,3.72865465668159,163
"40880",287,125,4.31857058110727,162
"40881",287,126,1.89271438531641,161
"40882",287,127,2.30452933171418,160
"40883",287,128,2.70054373777551,159
"40884",287,129,1.55862130486353,158
"40885",287,130,3.05759334966565,157
"40886",287,131,1.92560816742291,156
"40887",287,132,0.767247722761967,155
"40888",287,133,2.19170359825633,154
"40889",287,134,3.0593470756345,153
"40890",287,135,2.04857906086186,152
"40891",287,136,2.11375903476334,151
"40892",287,137,1.67070822314889,150
"40893",287,138,1.36958704745213,149
"40894",287,139,2.60270419304886,148
"40895",287,140,1.31951637749446,147
"40896",287,141,2.69648636036016,146
"40897",287,142,2.00737944964014,145
"40898",287,143,1.83696062297318,144
"40899",287,144,1.71875687954035,143
"40900",287,145,2.56604831279803,142
"40901",287,146,2.79710992852005,141
"40902",287,147,2.54580192257091,140
"40903",287,148,1.63993708620982,139
"40904",287,149,2.34433693532259,138
"40905",287,150,3.92796896939924,137
"40906",287,151,5.47635296033811,136
"40907",287,152,3.88071808937925,135
"40908",287,153,5.68483486616862,134
"40909",287,154,3.83548475223164,133
"40910",287,155,4.2135074965573,132
"40911",287,156,3.08472166838348,131
"40912",287,157,3.74592209835394,130
"40913",287,158,3.50847548028909,129
"40914",287,159,5.27660413362016,128
"40915",287,160,6.00642614087494,127
"40916",287,161,4.91663119252626,126
"40917",287,162,3.9486264494446,125
"40918",287,163,3.01676076674835,124
"40919",287,164,3.82876188990026,123
"40920",287,165,3.09604612152866,122
"40921",287,166,3.40424926047677,121
"40922",287,167,1.58103076060971,120
"40923",287,168,2.43960252794644,119
"40924",287,169,3.69748793672596,118
"40925",287,170,3.98271858560281,117
"40926",287,171,2.25826694860979,116
"40927",287,172,2.97012297905905,115
"40928",287,173,3.64700109243302,114
"40929",287,174,3.19778217375567,113
"40930",287,175,3.2399886513848,112
"40931",287,176,3.77123499810621,111
"40932",287,177,4.96467982862478,110
"40933",287,178,3.80896114176298,109
"40934",287,179,4.48131484239561,108
"40935",287,180,4.18257677374458,107
"40936",287,181,4.30524623383429,106
"40937",287,182,5.90504166947921,105
"40938",287,183,5.68725514643922,104
"40939",287,184,2.75968462131221,103
"40940",287,185,4.79064106943121,102
"40941",287,186,5.0770358035402,101
"40942",287,187,3.91567205241677,100
"40943",287,188,4.07141136364468,99
"40944",287,189,2.79831532753439,98
"40945",287,190,3.8374471259338,97
"40946",287,191,4.30201391253085,96
"40947",287,192,4.85691407315808,95
"40948",287,193,5.08770548406608,94
"40949",287,194,4.41801923640213,93
"40950",287,195,3.70513968844772,92
"40951",287,196,3.05688024895797,91
"40952",287,197,3.01398329671184,90
"40953",287,198,3.51903259429225,89
"40954",287,199,3.6382724229745,88
"40955",287,200,5.52590053836545,87
"40956",287,201,5.35203322915752,86
"40957",287,202,5.46421296984599,85
"40958",287,203,7.62389892510027,84
"40959",287,204,7.53847989998185,83
"40960",287,205,6.53511307303742,82
"40961",287,206,5.40409490845133,81
"40962",287,207,4.45936439128659,80
"40963",287,208,5.49284042411939,79
"40964",287,209,5.21954026772227,78
"40965",287,210,6.36906999242399,77
"40966",287,211,5.93688307989536,76
"40967",287,212,5.90684230355187,75
"40968",287,213,5.07058472286535,74
"40969",287,214,4.89930420584865,73
"40970",287,215,4.21333686144604,72
"40971",287,216,3.0257917845283,71
"40972",287,217,3.33861917478147,70
"40973",287,218,2.92006153413575,69
"40974",287,219,3.83596916845403,68
"40975",287,220,4.3319510159646,67
"40976",287,221,5.3818071297878,66
"40977",287,222,5.03055120511596,65
"40978",287,223,4.89997981630374,64
"40979",287,224,5.51309415831103,63
"40980",287,225,2.3157123613353,62
"40981",287,226,2.37989014357714,61
"40982",287,227,1.75903112836114,60
"40983",287,228,3.15313367863232,59
"40984",287,229,4.42432011912822,58
"40985",287,230,2.89169845850479,57
"40986",287,231,2.98465332895581,56
"40987",287,232,3.95618324809506,55
"40988",287,233,3.27639568567212,54
"40989",287,234,4.27240994820062,53
"40990",287,235,4.11395172326288,52
"40991",287,236,2.92296500766542,51
"40992",287,237,2.60664683633249,50
"40993",287,238,4.43325018914106,49
"40994",287,239,4.75395880535716,48
"40995",287,240,4.19089590556838,47
"40996",287,241,3.31098450955985,46
"40997",287,242,3.57031083238214,45
"40998",287,243,4.07067281262838,44
"40999",287,244,3.10053101320938,43
"41000",287,245,2.49972070061445,42
"41001",287,246,2.34401516632877,41
"41002",287,247,2.81236074173391,40
"41003",287,248,2.34940169365201,39
"41004",287,249,2.96630865465521,38
"41005",287,250,3.25871482549258,37
"41006",287,251,2.36267516587621,36
"41007",287,252,3.39093179604242,35
"41008",287,253,2.55714134728431,34
"41009",287,254,2.84576765046348,33
"41010",287,255,3.20466048197406,32
"41011",287,256,2.40543448083782,31
"41012",287,257,2.59232192235807,30
"41013",287,258,1.08868055556781,29
"41014",287,259,2.83423314099531,28
"41015",287,260,1.36800211646791,27
"41016",287,261,1.42875005269774,26
"41017",287,262,1.11471285103056,25
"41018",287,263,2.31102947141431,24
"41019",287,264,3.26390003788301,23
"41020",287,265,2.94407239329722,22
"41021",287,266,3.74943597819277,21
"41022",287,267,3.4927738932342,20
"41023",287,268,3.88547959794701,19
"41024",287,269,3.41487723722342,18
"41025",287,270,3.30907766268504,17
"41026",287,271,2.67769070609178,16
"41027",287,272,1.57483090200158,15
"41028",287,273,0.957872519567477,14
"41029",287,274,3.21746677830237,13
"41030",287,275,3.80716061010384,12
"41031",287,276,4.57299459904889,11
"41032",287,277,1.286064127884,10
"41033",287,278,1.11096839659244,9
"41034",287,279,2.6731693233425,8
"41035",287,280,3.28523735389462,7
"41036",287,281,2.71405785961191,6
"41037",287,282,2.26329642223279,5
"41038",287,283,2.71462455146808,4
"41039",287,284,1.96503845817148,3
"41040",287,285,1.8054477832442,2
"41041",287,286,2.67384714251094,1
"41042",288,1,5.83854078791826,287
"41043",288,2,4.13068471679824,286
"41044",288,3,5.93301156497112,285
"41045",288,4,7.08440103033097,284
"41046",288,5,6.02544336476492,283
"41047",288,6,7.14438268901395,282
"41048",288,7,6.41634119302185,281
"41049",288,8,6.44505239999452,280
"41050",288,9,8.47883349621271,279
"41051",288,10,6.63623398381074,278
"41052",288,11,8.59273990529748,277
"41053",288,12,7.39694169655793,276
"41054",288,13,6.82571799584371,275
"41055",288,14,7.59090462953661,274
"41056",288,15,5.85885037866842,273
"41057",288,16,5.60862315914007,272
"41058",288,17,6.91810386461019,271
"41059",288,18,8.72460696030101,270
"41060",288,19,5.9436265065842,269
"41061",288,20,5.50824113577515,268
"41062",288,21,7.47130622114356,267
"41063",288,22,9.13695320532342,266
"41064",288,23,7.56953155459441,265
"41065",288,24,8.12011648697739,264
"41066",288,25,7.26128592114619,263
"41067",288,26,8.25830313647349,262
"41068",288,27,8.20653947662171,261
"41069",288,28,8.72875955952424,260
"41070",288,29,7.69066058110326,259
"41071",288,30,8.4138655477779,258
"41072",288,31,7.28383291357334,257
"41073",288,32,9.68657601380735,256
"41074",288,33,6.38568134248129,255
"41075",288,34,6.26280451956847,254
"41076",288,35,7.1788797660095,253
"41077",288,36,8.80180504815229,252
"41078",288,37,5.76287347434704,251
"41079",288,38,7.94641200993665,250
"41080",288,39,7.05695789126735,249
"41081",288,40,7.27553375898139,248
"41082",288,41,6.98343707861518,247
"41083",288,42,7.16753613945065,246
"41084",288,43,5.84302100079044,245
"41085",288,44,3.31346288247987,244
"41086",288,45,4.58487434120796,243
"41087",288,46,5.91264137719171,242
"41088",288,47,3.7274783879825,241
"41089",288,48,1.75455366368054,240
"41090",288,49,0.548665652721967,239
"41091",288,50,7.13636233201633,238
"41092",288,51,4.89476538400234,237
"41093",288,52,5.27922505590104,236
"41094",288,53,7.00264966435837,235
"41095",288,54,7.03349191676913,234
"41096",288,55,5.26093802449283,233
"41097",288,56,5.32337888187577,232
"41098",288,57,5.14454549053977,231
"41099",288,58,5.67273455037022,230
"41100",288,59,4.80547218945885,229
"41101",288,60,5.06206566148043,228
"41102",288,61,4.0483888314753,227
"41103",288,62,6.83535791596593,226
"41104",288,63,5.88489501429538,225
"41105",288,64,4.26819338303553,224
"41106",288,65,6.58770181099302,223
"41107",288,66,6.16449832368083,222
"41108",288,67,5.69603362845836,221
"41109",288,68,6.22606765840599,220
"41110",288,69,5.30765570305367,219
"41111",288,70,4.88643492439645,218
"41112",288,71,4.30669411423487,217
"41113",288,72,2.56702310109547,216
"41114",288,73,4.62980791359719,215
"41115",288,74,5.32606499979973,214
"41116",288,75,5.02779744399558,213
"41117",288,76,3.00539792510312,212
"41118",288,77,1.13616521773427,211
"41119",288,78,2.70416392568254,210
"41120",288,79,3.79296560879919,209
"41121",288,80,3.68853585665646,208
"41122",288,81,2.40219084975065,207
"41123",288,82,5.56172183940837,206
"41124",288,83,6.40344280652545,205
"41125",288,84,4.74162378491731,204
"41126",288,85,5.51539557170343,203
"41127",288,86,5.44423256200313,202
"41128",288,87,6.09956393504783,201
"41129",288,88,5.1987153417552,200
"41130",288,89,5.78428377057275,199
"41131",288,90,7.73533296150964,198
"41132",288,91,5.19743213463885,197
"41133",288,92,5.19147581346398,196
"41134",288,93,3.14064648419256,195
"41135",288,94,2.82727206645362,194
"41136",288,95,4.54132675097327,193
"41137",288,96,2.12321703117548,192
"41138",288,97,3.20500065868717,191
"41139",288,98,5.87314036779394,190
"41140",288,99,7.06884546701291,189
"41141",288,100,5.24237673668781,188
"41142",288,101,3.61557234152826,187
"41143",288,102,2.03917030148158,186
"41144",288,103,3.80202253548632,185
"41145",288,104,2.93994764089694,184
"41146",288,105,2.68521867954497,183
"41147",288,106,5.09994553740171,182
"41148",288,107,1.5580932731345,181
"41149",288,108,1.70556800453806,180
"41150",288,109,2.69717134645209,179
"41151",288,110,2.25655766735512,178
"41152",288,111,2.18290241949601,177
"41153",288,112,5.29805307773517,176
"41154",288,113,3.93944215888048,175
"41155",288,114,4.00136104139095,174
"41156",288,115,4.26465698767212,173
"41157",288,116,4.23692898518759,172
"41158",288,117,4.42870562927272,171
"41159",288,118,3.70444551965861,170
"41160",288,119,0.433262357371268,169
"41161",288,120,1.0503388147604,168
"41162",288,121,4.7450440854479,167
"41163",288,122,3.23498276195505,166
"41164",288,123,4.01819432553348,165
"41165",288,124,4.29981252706722,164
"41166",288,125,1.75794466150026,163
"41167",288,126,1.54241924946114,162
"41168",288,127,1.90606176047745,161
"41169",288,128,3.74212902125228,160
"41170",288,129,2.24749643065743,159
"41171",288,130,2.31775095399584,158
"41172",288,131,3.32043471784565,157
"41173",288,132,3.10356070762594,156
"41174",288,133,3.65244274183406,155
"41175",288,134,4.58774969002191,154
"41176",288,135,4.60920498046886,153
"41177",288,136,4.67438495437035,152
"41178",288,137,3.3417528695638,151
"41179",288,138,3.840764985952,150
"41180",288,139,4.49049792103834,149
"41181",288,140,3.85764703606022,148
"41182",288,141,4.05258625885702,147
"41183",288,142,4.56800536924714,146
"41184",288,143,4.13854151627258,145
"41185",288,144,4.27938279914736,144
"41186",288,145,4.85775579450719,143
"41187",288,146,4.83670637469998,142
"41188",288,147,3.82917447624614,141
"41189",288,148,4.03905978578028,140
"41190",288,149,4.9049628549296,139
"41191",288,150,6.06840982979086,138
"41192",288,151,6.9669120777839,137
"41193",288,152,5.914707586129,136
"41194",288,153,4.22409572259089,135
"41195",288,154,2.50381292671178,134
"41196",288,155,3.64234962617168,133
"41197",288,156,4.7881700671911,132
"41198",288,157,4.74345959767971,131
"41199",288,158,4.47800512430781,130
"41200",288,159,6.57106792615084,129
"41201",288,160,6.57817163155515,128
"41202",288,161,5.9813983013265,127
"41203",288,162,5.68008270355928,126
"41204",288,163,5.57738668635535,125
"41205",288,164,2.51928936764007,124
"41206",288,165,1.95464762295463,123
"41207",288,166,2.83309139009114,122
"41208",288,167,3.766286878677,121
"41209",288,168,5.00022844755345,120
"41210",288,169,5.64184691812437,119
"41211",288,170,5.87665535989537,118
"41212",288,171,4.81889286821679,117
"41213",288,172,5.53074889866605,116
"41214",288,173,6.08997519545972,115
"41215",288,174,5.19661477588088,114
"41216",288,175,3.87896375153948,113
"41217",288,176,3.20007712772058,112
"41218",288,177,4.79689961508593,111
"41219",288,178,5.59083960298351,110
"41220",288,179,5.93825915510417,109
"41221",288,180,2.91793295508196,108
"41222",288,181,3.73408836344867,107
"41223",288,182,5.33388379909358,106
"41224",288,183,5.1160972760536,105
"41225",288,184,4.73710521398032,104
"41226",288,185,6.29800758924562,103
"41227",288,186,5.94572103334722,102
"41228",288,187,6.47629797202378,101
"41229",288,188,5.75805236008368,100
"41230",288,189,5.32653135631106,99
"41231",288,190,4.95824339127005,98
"41232",288,191,5.00821862215999,97
"41233",288,192,5.44667801855144,96
"41234",288,193,5.53620565465771,95
"41235",288,194,5.84134874437346,94
"41236",288,195,2.69741070434115,93
"41237",288,196,3.93676593170344,92
"41238",288,197,3.80983196761423,91
"41239",288,198,4.02246346278524,90
"41240",288,199,5.32491341941351,89
"41241",288,200,7.20134108186601,88
"41242",288,201,7.78940038275405,87
"41243",288,202,7.68869084208068,86
"41244",288,203,8.35812493595837,85
"41245",288,204,7.1914252098184,84
"41246",288,205,6.87155493055702,83
"41247",288,206,7.96472082805833,82
"41248",288,207,4.66134702985727,81
"41249",288,208,4.92168255373377,80
"41250",288,209,5.99297458682588,79
"41251",288,210,6.59346698279346,78
"41252",288,211,5.36572520950973,77
"41253",288,212,5.33568443316625,76
"41254",288,213,5.40702658038496,75
"41255",288,214,4.43459769910488,74
"41256",288,215,5.98401486972812,73
"41257",288,216,5.58641770413531,72
"41258",288,217,4.75073478389245,71
"41259",288,218,5.36709676894656,70
"41260",288,219,6.39659508806103,69
"41261",288,220,5.22303715164851,68
"41262",288,221,5.98157392169697,67
"41263",288,222,4.45939333473033,66
"41264",288,223,4.32882194591811,65
"41265",288,224,4.9419362879254,64
"41266",288,225,4.8763382809423,63
"41267",288,226,4.94051606318414,62
"41268",288,227,4.26362789143213,61
"41269",288,228,3.53560363603488,60
"41270",288,229,5.09131652051185,59
"41271",288,230,4.38060075435876,58
"41272",288,231,5.54527924856281,57
"41273",288,232,5.95096443659931,56
"41274",288,233,5.1900983349411,55
"41275",288,234,2.81167080462289,54
"41276",288,235,3.54279385287725,53
"41277",288,236,3.22755630625983,52
"41278",288,237,5.16727275593949,51
"41279",288,238,6.99387610874807,50
"41280",288,239,6.42500345177207,49
"41281",288,240,3.78474730805085,48
"41282",288,241,3.6978485741853,47
"41283",288,242,3.87313788516451,46
"41284",288,243,5.0402024566471,45
"41285",288,244,4.6247049353924,44
"41286",288,245,5.06034662022146,43
"41287",288,246,4.90464108593578,42
"41288",288,247,5.37298666134091,41
"41289",288,248,4.91002761325902,40
"41290",288,249,4.12294745024544,39
"41291",288,250,5.81934074509958,38
"41292",288,251,4.92330108548321,37
"41293",288,252,5.95155771564943,36
"41294",288,253,5.11776726689132,35
"41295",288,254,5.37277876533325,34
"41296",288,255,5.44156238603964,33
"41297",288,256,4.91563819333898,32
"41298",288,257,4.89522985700567,31
"41299",288,258,2.6644877372012,30
"41300",288,259,2.60303159477305,29
"41301",288,260,2.82874126004563,28
"41302",288,261,2.603763356009,27
"41303",288,262,3.32238332089665,26
"41304",288,263,4.87165539102131,25
"41305",288,264,5.82452595749002,24
"41306",288,265,5.50469831290422,23
"41307",288,266,6.04175349201557,22
"41308",288,267,6.05339981284121,21
"41309",288,268,6.44610551755401,20
"41310",288,269,5.97550315683043,19
"41311",288,270,5.86970358229205,18
"41312",288,271,5.23831662569879,17
"41313",288,272,3.90576013787814,16
"41314",288,273,2.59409130890064,15
"41315",288,274,3.78862464868799,14
"41316",288,275,5.26789975368156,13
"41317",288,276,6.03373374262661,12
"41318",288,277,2.66276625961865,11
"41319",288,278,2.66263540350483,10
"41320",288,279,2.85093893747528,9
"41321",288,280,4.5164086590203,8
"41322",288,281,4.48900660215291,7
"41323",288,282,4.62164268015454,6
"41324",288,283,5.27525047107508,5
"41325",288,284,4.52566437777848,4
"41326",288,285,3.30990329639235,3
"41327",288,286,5.23447306211794,2
"41328",288,287,2.56062591960701,1
"41329",289,1,6.20219805214802,288
"41330",289,2,4.494341981028,287
"41331",289,3,6.34149753279844,286
"41332",289,4,7.44805829456073,285
"41333",289,5,6.43392933259225,284
"41334",289,6,7.50803995324371,283
"41335",289,7,6.77999845725161,282
"41336",289,8,6.5818664395603,281
"41337",289,9,8.27257198419729,280
"41338",289,10,7.04471995163806,279
"41339",289,11,8.95639716952724,278
"41340",289,12,7.14585148094494,277
"41341",289,13,6.61945648382828,276
"41342",289,14,7.95456189376636,275
"41343",289,15,6.22250764289817,274
"41344",289,16,6.01150217753722,273
"41345",289,17,7.28176112883994,272
"41346",289,18,9.08826422453077,271
"41347",289,19,6.30728377081396,270
"41348",289,20,5.8718984000049,269
"41349",289,21,7.26504470912814,268
"41350",289,22,9.54543917315075,267
"41351",289,23,7.97801752242173,266
"41352",289,24,8.48377375120715,265
"41353",289,25,7.62494318537595,264
"41354",289,26,8.00721292086049,263
"41355",289,27,8.57019674085147,262
"41356",289,28,9.09241682375399,261
"41357",289,29,8.05431784533302,260
"41358",289,30,8.77752281200766,259
"41359",289,31,7.6474901778031,258
"41360",289,32,10.0502332780371,257
"41361",289,33,6.58741920830108,256
"41362",289,34,6.15967721071699,255
"41363",289,35,7.54253703023925,254
"41364",289,36,9.16546231238205,253
"41365",289,37,6.1265307385768,252
"41366",289,38,8.31006927416641,251
"41367",289,39,6.80586767565436,250
"41368",289,40,7.63919102321115,249
"41369",289,41,7.39192304644251,248
"41370",289,42,7.5311934036804,247
"41371",289,43,6.2066782650202,246
"41372",289,44,3.64911763495814,245
"41373",289,45,4.37861282919254,244
"41374",289,46,5.70637986517629,243
"41375",289,47,4.13596435580983,242
"41376",289,48,2.1182109279103,241
"41377",289,49,0.576958887802291,240
"41378",289,50,6.93010082000091,239
"41379",289,51,5.30325135182967,238
"41380",289,52,5.02813484028804,237
"41381",289,53,7.36630692858813,236
"41382",289,54,7.44197788459646,235
"41383",289,55,5.62459528872259,234
"41384",289,56,5.07228866626278,233
"41385",289,57,5.50820275476952,232
"41386",289,58,6.03639181459998,231
"41387",289,59,4.55438197384586,230
"41388",289,60,5.42572292571019,229
"41389",289,61,3.84212731945988,228
"41390",289,62,7.24384388379325,227
"41391",289,63,6.24855227852514,226
"41392",289,64,4.63185064726529,225
"41393",289,65,6.33661159538003,224
"41394",289,66,5.91340810806784,223
"41395",289,67,6.10451959628568,222
"41396",289,68,6.58972492263575,221
"41397",289,69,5.61745537408302,220
"41398",289,70,5.25009218862621,219
"41399",289,71,4.67035137846463,218
"41400",289,72,2.60499477697323,217
"41401",289,73,4.99346517782694,216
"41402",289,74,5.68972226402949,215
"41403",289,75,5.39145470822534,214
"41404",289,76,3.36905518933288,213
"41405",289,77,1.34242672974969,212
"41406",289,78,2.49790241366711,211
"41407",289,79,4.20145157662652,210
"41408",289,80,3.43744564104346,209
"41409",289,81,2.7658481139804,208
"41410",289,82,5.92537910363813,207
"41411",289,83,6.7671000707552,206
"41412",289,84,5.10528104914706,205
"41413",289,85,5.92388153953076,204
"41414",289,86,5.80788982623289,203
"41415",289,87,6.50804990287516,202
"41416",289,88,5.60720130958253,201
"41417",289,89,6.14794103480251,200
"41418",289,90,8.09899022573939,199
"41419",289,91,5.54483243115676,198
"41420",289,92,5.55513307769374,197
"41421",289,93,3.54913245201988,196
"41422",289,94,2.46361480222386,195
"41423",289,95,4.29023653536028,194
"41424",289,96,2.40216748027484,193
"41425",289,97,3.56865792291693,192
"41426",289,98,6.23679763202369,191
"41427",289,99,7.43250273124267,190
"41428",289,100,5.60603400091757,189
"41429",289,101,3.20708637370093,188
"41430",289,102,1.96594431821033,187
"41431",289,103,4.16567979971607,186
"41432",289,104,3.3036049051267,185
"41433",289,105,3.04887594377473,184
"41434",289,106,4.84885532178872,183
"41435",289,107,1.35183176111908,182
"41436",289,108,1.912113816851,181
"41437",289,109,3.06082861068185,180
"41438",289,110,2.46281917937054,179
"41439",289,111,1.97664090748059,178
"41440",289,112,5.66171034196493,177
"41441",289,113,4.30309942311023,176
"41442",289,114,4.20762255340637,175
"41443",289,115,4.47091849968754,174
"41444",289,116,3.82844301736026,173
"41445",289,117,4.0202196614454,172
"41446",289,118,3.29595955183128,171
"41447",289,119,0.841748325198595,170
"41448",289,120,1.41399607899016,169
"41449",289,121,5.10870134967766,168
"41450",289,122,3.44124427397047,167
"41451",289,123,3.60970835770616,166
"41452",289,124,4.04872231145423,165
"41453",289,125,1.55168314948484,164
"41454",289,126,1.9060765136909,163
"41455",289,127,2.11232327249287,162
"41456",289,128,3.9483905332677,161
"41457",289,129,2.45375794267285,160
"41458",289,130,2.52401246601126,159
"41459",289,131,3.52669622986107,158
"41460",289,132,3.30982221964136,157
"41461",289,133,4.01610000606381,156
"41462",289,134,4.88374348344198,155
"41463",289,135,4.81546649248429,154
"41464",289,136,4.88064646638577,153
"41465",289,137,3.04675354193931,152
"41466",289,138,4.04702649796742,151
"41467",289,139,4.69675943305376,150
"41468",289,140,4.06390854807564,149
"41469",289,141,4.25884777087244,148
"41470",289,142,4.77426688126256,147
"41471",289,143,4.344803028288,146
"41472",289,144,4.48564431116278,145
"41473",289,145,5.06401730652261,144
"41474",289,146,5.0429678867154,143
"41475",289,147,4.03543598826156,142
"41476",289,148,4.2453212977957,141
"41477",289,149,5.11122436694502,140
"41478",289,150,6.27467134180628,139
"41479",289,151,7.17317358979932,138
"41480",289,152,6.12096909814442,137
"41481",289,153,3.86043845836114,136
"41482",289,154,2.75490314232478,135
"41483",289,155,3.89343984178467,134
"41484",289,156,4.99443157920652,133
"41485",289,157,4.94972110969513,132
"41486",289,158,4.68426663632323,131
"41487",289,159,6.77732943816626,130
"41488",289,160,6.78443314357057,129
"41489",289,161,6.18765981334192,128
"41490",289,162,5.8863442155747,127
"41491",289,163,5.78364819837077,126
"41492",289,164,2.11080339981275,125
"41493",289,165,1.86958427357381,124
"41494",289,166,3.08418160570414,123
"41495",289,167,3.97254839069242,122
"41496",289,168,5.20648995956887,121
"41497",289,169,5.84810843013979,120
"41498",289,170,6.08291687191079,119
"41499",289,171,5.02515438023221,118
"41500",289,172,5.73701041068147,117
"41501",289,173,6.29623670747514,116
"41502",289,174,5.4028762878963,115
"41503",289,175,4.0852252635549,114
"41504",289,176,3.45116734333358,113
"41505",289,177,5.00316112710135,112
"41506",289,178,5.79710111499893,111
"41507",289,179,6.14452066711959,110
"41508",289,180,3.02696479460639,109
"41509",289,181,3.98517857906166,108
"41510",289,182,5.58497401470657,107
"41511",289,183,5.36718749166659,106
"41512",289,184,4.94336672599574,105
"41513",289,185,6.50426910126104,104
"41514",289,186,6.15198254536264,103
"41515",289,187,6.6825594840392,102
"41516",289,188,5.9643138720991,101
"41517",289,189,5.53279286832648,100
"41518",289,190,5.16450490328547,99
"41519",289,191,5.21448013417541,98
"41520",289,192,5.03819205072411,97
"41521",289,193,5.74246716667313,96
"41522",289,194,6.04761025638888,95
"41523",289,195,2.94850091995415,94
"41524",289,196,4.14302744371886,93
"41525",289,197,4.01609347962965,92
"41526",289,198,4.22872497480067,91
"41527",289,199,5.53117493142893,90
"41528",289,200,7.40760259388143,89
"41529",289,201,7.99566189476947,88
"41530",289,202,7.8949523540961,87
"41531",289,203,8.56438644797379,86
"41532",289,204,7.39768672183382,85
"41533",289,205,7.07781644257245,84
"41534",289,206,8.17098234007375,83
"41535",289,207,4.86760854187269,82
"41536",289,208,5.17277276934676,81
"41537",289,209,6.1992360988413,80
"41538",289,210,6.79972849480888,79
"41539",289,211,5.61681542512272,78
"41540",289,212,5.58677464877924,77
"41541",289,213,5.61328809240038,76
"41542",289,214,4.64085921112031,75
"41543",289,215,6.19027638174354,74
"41544",289,216,5.79267921615073,73
"41545",289,217,4.95699629590788,72
"41546",289,218,5.57335828096198,71
"41547",289,219,6.60285660007645,70
"41548",289,220,5.42929866366393,69
"41549",289,221,6.18783543371239,68
"41550",289,222,4.71048355034333,67
"41551",289,223,4.57991216153111,66
"41552",289,224,5.19302650353839,65
"41553",289,225,5.08259979295773,64
"41554",289,226,5.14677757519956,63
"41555",289,227,4.46988940344755,62
"41556",289,228,3.7418651480503,61
"41557",289,229,5.29757803252727,60
"41558",289,230,4.58686226637418,59
"41559",289,231,5.75154076057823,58
"41560",289,232,6.15722594861473,57
"41561",289,233,5.39635984695652,56
"41562",289,234,2.5772109141927,55
"41563",289,235,3.79388406849024,54
"41564",289,236,3.43381781827525,53
"41565",289,237,5.37353426795491,52
"41566",289,238,7.20013762076349,51
"41567",289,239,6.01651748394474,50
"41568",289,240,3.37626134022353,49
"41569",289,241,3.90411008620072,48
"41570",289,242,4.07939939717993,47
"41571",289,243,5.24646396866252,46
"41572",289,244,4.83096644740783,45
"41573",289,245,5.26660813223688,44
"41574",289,246,5.1109025979512,43
"41575",289,247,5.57924817335633,42
"41576",289,248,5.11628912527444,41
"41577",289,249,3.71446148241811,40
"41578",289,250,6.025602257115,39
"41579",289,251,5.12956259749863,38
"41580",289,252,6.15781922766485,37
"41581",289,253,5.32402877890674,36
"41582",289,254,5.57904027734868,35
"41583",289,255,5.64782389805506,34
"41584",289,256,5.1218997053544,33
"41585",289,257,5.10149136902109,32
"41586",289,258,2.53096561846491,31
"41587",289,259,2.96668885900281,30
"41588",289,260,3.19239852427539,29
"41589",289,261,2.96742062023876,28
"41590",289,262,3.52864483291207,27
"41591",289,263,5.07791690303673,26
"41592",289,264,6.03078746950544,25
"41593",289,265,5.71095982491964,24
"41594",289,266,6.24801500403099,23
"41595",289,267,6.25966132485663,22
"41596",289,268,6.65236702956943,21
"41597",289,269,6.18176466884585,20
"41598",289,270,6.07596509430747,19
"41599",289,271,5.44457813771421,18
"41600",289,272,4.11202164989356,17
"41601",289,273,2.80035282091606,16
"41602",289,274,3.537534433075,15
"41603",289,275,5.63155701791132,14
"41604",289,276,6.39739100685637,13
"41605",289,277,3.0264235238484,12
"41606",289,278,2.86889691552025,11
"41607",289,279,3.21459620170504,10
"41608",289,280,4.72267017103572,9
"41609",289,281,4.69526811416833,8
"41610",289,282,4.82790419216996,7
"41611",289,283,5.4815119830905,6
"41612",289,284,4.7319258897939,5
"41613",289,285,3.51616480840777,4
"41614",289,286,5.44073457413336,3
"41615",289,287,2.76688743162243,2
"41616",289,288,0.408485967827327,1
"41617",290,1,4.32906801375406,289
"41618",290,2,4.52418755511164,288
"41619",290,3,7.61470182154994,287
"41620",290,4,5.57492825616677,286
"41621",290,5,6.10981501299715,285
"41622",290,6,6.45944073728834,284
"41623",290,7,5.99446870316981,283
"41624",290,8,7.6750647209564,282
"41625",290,9,10.4147567166564,281
"41626",290,10,7.66655306368557,280
"41627",290,11,7.08326713113329,279
"41628",290,12,8.03869493461827,278
"41629",290,13,8.76164121628743,277
"41630",290,14,6.64289321593743,276
"41631",290,15,5.43625180903405,275
"41632",290,16,5.72726294834574,274
"41633",290,17,6.45927160429009,273
"41634",290,18,7.21513418613682,272
"41635",290,19,5.29090893640835,271
"41636",290,20,5.08729145943221,270
"41637",290,21,9.40722944158728,269
"41638",290,22,8.92165041354261,268
"41639",290,23,9.20676875866196,267
"41640",290,24,7.79178727574812,266
"41641",290,25,5.75181314698199,265
"41642",290,26,8.90005637453382,264
"41643",290,27,6.69706670245752,263
"41644",290,28,7.21928678536004,262
"41645",290,29,6.18118780693906,261
"41646",290,30,6.90439277361371,260
"41647",290,31,6.08162983473717,259
"41648",290,32,8.17710323964316,258
"41649",290,33,7.02743458054162,257
"41650",290,34,8.1987277400122,256
"41651",290,35,5.6694069918453,255
"41652",290,36,7.2923322739881,254
"41653",290,37,4.40466732150038,253
"41654",290,38,6.43693923577245,252
"41655",290,39,8.25894891100027,251
"41656",290,40,7.25638521814633,250
"41657",290,41,7.97910930890254,249
"41658",290,42,6.64256032050857,248
"41659",290,43,5.53774901616629,247
"41660",290,44,5.2493861029236,246
"41661",290,45,6.52079756165169,245
"41662",290,46,7.84856459763543,244
"41663",290,47,5.49973946307755,243
"41664",290,48,2.67137817505215,242
"41665",290,49,1.60993206644182,241
"41666",290,50,9.07228555246005,240
"41667",290,51,5.92425210713033,239
"41668",290,52,5.92097829396137,238
"41669",290,53,6.0455771350885,237
"41670",290,54,6.81818912498832,236
"41671",290,55,5.70534468010556,235
"41672",290,56,5.96513211993611,234
"41673",290,57,4.48642727025768,233
"41674",290,58,4.16326177620603,232
"41675",290,59,5.44722542751919,231
"41676",290,60,5.21970601787677,230
"41677",290,61,5.98431205191902,229
"41678",290,62,7.93036672175973,228
"41679",290,63,5.1028760257266,227
"41680",290,64,4.74836536761431,226
"41681",290,65,7.22945504905336,225
"41682",290,66,7.18648878700683,224
"41683",290,67,5.48073083667754,223
"41684",290,68,5.88114000652493,222
"41685",290,69,7.24357892349739,221
"41686",290,70,4.87497019422073,220
"41687",290,71,3.97802343006566,219
"41688",290,72,3.91054589469403,218
"41689",290,73,4.23131788192036,217
"41690",290,74,4.04887178030236,216
"41691",290,75,4.23982190245719,215
"41692",290,76,2.38550642413102,214
"41693",290,77,1.37845125831077,213
"41694",290,78,4.64008714612626,212
"41695",290,79,4.41891537659671,211
"41696",290,80,4.33028909471679,210
"41697",290,81,2.20292562856771,209
"41698",290,82,5.58383750173824,208
"41699",290,83,6.67334066793215,207
"41700",290,84,5.80906043835632,206
"41701",290,85,6.189465963928,205
"41702",290,86,5.31871737090613,204
"41703",290,87,6.84212168084886,203
"41704",290,88,6.32602999378598,202
"41705",290,89,4.27481099640856,201
"41706",290,90,7.32527339418785,200
"41707",290,91,5.83918537269919,199
"41708",290,92,4.24818770519371,198
"41709",290,93,3.10310388016013,197
"41710",290,94,4.33674484061781,196
"41711",290,95,5.18307998903361,195
"41712",290,96,4.05914025161921,194
"41713",290,97,1.69552788452297,193
"41714",290,98,5.70618099284798,192
"41715",290,99,5.55937269284872,191
"41716",290,100,3.73290396252362,190
"41717",290,101,3.83087513330907,189
"41718",290,102,2.68092353954192,188
"41719",290,103,4.24957654004805,187
"41720",290,104,1.95709784366809,186
"41721",290,105,2.50221042607388,185
"41722",290,106,5.74169877546205,184
"41723",290,107,3.49401649357823,183
"41724",290,108,0.537598900085341,182
"41725",290,109,1.18769857228789,181
"41726",290,110,2.05157232427517,180
"41727",290,111,4.11882563993973,179
"41728",290,112,4.93676441354891,178
"41729",290,113,3.86958240068382,177
"41730",290,114,2.50232106844823,176
"41731",290,115,2.5876487377943,175
"41732",290,116,4.4522317769684,174
"41733",290,117,4.64400842105354,173
"41734",290,118,3.91974831143942,172
"41735",290,119,1.90046468474711,171
"41736",290,120,2.11887909632371,170
"41737",290,121,3.2355713112837,169
"41738",290,122,1.50909956434834,168
"41739",290,123,4.2334971173143,167
"41740",290,124,4.94156576512756,166
"41741",290,125,3.69386788194398,165
"41742",290,126,1.40807785453222,164
"41743",290,127,0.485561064030629,163
"41744",290,128,1.80620580080856,162
"41745",290,129,0.327726133332192,161
"41746",290,130,1.59755420760069,160
"41747",290,131,1.38451149740193,159
"41748",290,132,1.53928477464914,158
"41749",290,133,2.25601441835094,157
"41750",290,134,3.01061344504802,156
"41751",290,135,2.67328176002514,155
"41752",290,136,2.73846173392663,154
"41753",290,137,3.55705566134461,153
"41754",290,138,2.58407088208329,152
"41755",290,139,2.55457470059462,151
"41756",290,140,1.9217238156165,150
"41757",290,141,2.1166630384133,149
"41758",290,142,2.63208214880342,148
"41759",290,143,3.7233080611689,147
"41760",290,144,3.16835112597676,146
"41761",290,145,2.92183257406347,145
"41762",290,146,3.53189164640421,144
"41763",290,147,3.59177924233586,143
"41764",290,148,3.52628452440554,142
"41765",290,149,3.97200350328745,141
"41766",290,150,4.13248660934714,140
"41767",290,151,5.03098885734017,139
"41768",290,152,4.80367591295841,138
"41769",290,153,5.73356849675509,137
"41770",290,154,3.88421838281811,136
"41771",290,155,3.00059638811134,135
"41772",290,156,2.85224684674738,134
"41773",290,157,2.80753637723599,133
"41774",290,158,2.86537446656889,132
"41775",290,159,4.63514470570712,131
"41776",290,160,4.79351503242897,130
"41777",290,161,4.04547508088278,129
"41778",290,162,3.74415948311555,128
"41779",290,163,3.64146346591163,127
"41780",290,164,3.87749552048673,126
"41781",290,165,3.14477975211514,125
"41782",290,166,2.19133815203081,124
"41783",290,167,2.63910228238792,123
"41784",290,168,3.06430522710972,122
"41785",290,169,3.70592369768064,121
"41786",290,170,3.94073213945165,120
"41787",290,171,2.88296964777307,119
"41788",290,172,3.59482567822233,118
"41789",290,173,4.15405197501599,117
"41790",290,174,4.91044863883507,116
"41791",290,175,3.24039356835751,115
"41792",290,176,3.44769707366563,114
"41793",290,177,3.75176872017882,113
"41794",290,178,3.65491638253979,112
"41795",290,179,4.00233593466045,111
"41796",290,180,4.23131040433105,110
"41797",290,181,3.35070386183912,109
"41798",290,182,4.69213056103324,108
"41799",290,183,4.47434403799326,107
"41800",290,184,4.19223219555531,106
"41801",290,185,4.36208436880189,105
"41802",290,186,4.00979781290349,104
"41803",290,187,4.54037475158006,103
"41804",290,188,3.82212913963996,102
"41805",290,189,4.68466276573011,101
"41806",290,190,3.02232017082633,100
"41807",290,191,3.29958501644366,99
"41808",290,192,5.66198081033225,98
"41809",290,193,4.52182169055149,97
"41810",290,194,3.90542552392973,96
"41811",290,195,3.75387331903419,95
"41812",290,196,2.19472981097825,94
"41813",290,197,2.73131422986732,93
"41814",290,198,3.89832076874276,92
"41815",290,199,4.44049087057184,91
"41816",290,200,5.26541786142229,90
"41817",290,201,5.85347716231033,89
"41818",290,202,6.96597960246227,88
"41819",290,203,6.42220171551464,87
"41820",290,204,6.32556879153589,86
"41821",290,205,5.32220196459146,85
"41822",290,206,6.02879760761461,84
"41823",290,207,3.89358464236537,83
"41824",290,208,4.4902034388455,82
"41825",290,209,4.1376859262329,81
"41826",290,210,5.15615888397802,80
"41827",290,211,4.72397197144939,79
"41828",290,212,4.69393119510591,78
"41829",290,213,3.85767361441939,77
"41830",290,214,4.47897879843883,76
"41831",290,215,4.0480916492844,75
"41832",290,216,4.21678319417887,74
"41833",290,217,3.05715743252273,73
"41834",290,218,4.80640897233147,72
"41835",290,219,5.13977092845062,71
"41836",290,220,3.72399717870579,70
"41837",290,221,4.16889602134183,69
"41838",290,222,4.46477145619474,68
"41839",290,223,3.68706870785778,67
"41840",290,224,4.30018304986506,66
"41841",290,225,3.87876723682621,65
"41842",290,226,4.23372364634917,64
"41843",290,227,3.20102897646865,63
"41844",290,228,3.20186730921879,62
"41845",290,229,3.21140901068225,61
"41846",290,230,3.94887623120818,60
"41847",290,231,3.60935602811909,59
"41848",290,232,4.01504121615558,58
"41849",290,233,5.16274312386784,57
"41850",290,234,4.32114357878709,56
"41851",290,235,2.90104061481691,55
"41852",290,236,3.31345363505437,54
"41853",290,237,4.15354878870491,53
"41854",290,238,5.05795288830434,52
"41855",290,239,6.64030624355288,51
"41856",290,240,4.23962953615486,50
"41857",290,241,2.09807340111389,49
"41858",290,242,2.35739972393617,48
"41859",290,243,3.10427923620337,47
"41860",290,244,2.68878171494868,46
"41861",290,245,3.12442339977773,45
"41862",290,246,3.22742474687125,44
"41863",290,247,4.24569802045847,43
"41864",290,248,3.9447624153799,42
"41865",290,249,4.33825024202625,41
"41866",290,250,3.88341752465586,40
"41867",290,251,3.43916550053872,39
"41868",290,252,4.0156344952057,38
"41869",290,253,3.18184404644759,37
"41870",290,254,3.43685554488953,36
"41871",290,255,3.50563916559592,35
"41872",290,256,2.97971497289525,34
"41873",290,257,2.95930663656195,33
"41874",290,258,2.87979052898201,32
"41875",290,259,1.09355882060885,31
"41876",290,260,1.69112386253507,30
"41877",290,261,1.17502918628891,29
"41878",290,262,1.38646010045292,28
"41879",290,263,2.93573217057759,27
"41880",290,264,3.88860273704629,26
"41881",290,265,3.5687750924605,25
"41882",290,266,4.10583027157184,24
"41883",290,267,4.11747659239749,23
"41884",290,268,4.51018229711029,22
"41885",290,269,4.0395799363867,21
"41886",290,270,3.93378036184832,20
"41887",290,271,3.30239340525506,19
"41888",290,272,1.96983691743442,18
"41889",290,273,1.46701075720491,17
"41890",290,274,4.43037788674833,16
"41891",290,275,4.97143087115597,15
"41892",290,276,4.52426096846241,14
"41893",290,277,1.94598323108396,13
"41894",290,278,0.775379041603285,12
"41895",290,279,1.34146616331109,11
"41896",290,280,2.80511821115432,10
"41897",290,281,2.55308338170919,9
"41898",290,282,2.68571945971082,8
"41899",290,283,3.33932725063136,7
"41900",290,284,2.58974115733476,6
"41901",290,285,3.26683735172237,5
"41902",290,286,3.29854984167422,4
"41903",290,287,1.88634743819572,3
"41904",290,288,1.93592322044372,2
"41905",290,289,2.14218473245914,1
"41906",291,1,4.18219166803925,290
"41907",291,2,4.84076393171587,289
"41908",291,3,9.49778188259671,288
"41909",291,4,6.91976702241378,287
"41910",291,5,7.99289507404392,286
"41911",291,6,6.64420090098837,285
"41912",291,7,7.70449659431754,284
"41913",291,8,9.55814478200317,283
"41914",291,9,12.2978367777032,282
"41915",291,10,9.54963312473234,281
"41916",291,11,6.14556259071748,280
"41917",291,12,9.6533675027992,279
"41918",291,13,10.6447212773342,278
"41919",291,14,7.25582289244492,277
"41920",291,15,6.86632171060966,276
"41921",291,16,7.61034300939251,275
"41922",291,17,8.34235166533686,274
"41923",291,18,6.71265943148022,273
"41924",291,19,5.53245706883908,272
"41925",291,20,6.97037152047898,271
"41926",291,21,11.290309502634,270
"41927",291,22,10.7160584699019,269
"41928",291,23,11.0898488197087,268
"41929",291,24,9.23140326876413,267
"41930",291,25,5.94669914839469,266
"41931",291,26,9.14160450696456,265
"41932",291,27,5.52832511929752,264
"41933",291,28,6.10620032344659,263
"41934",291,29,6.31336532149273,262
"41935",291,30,5.44762100869771,261
"41936",291,31,7.63976230135007,260
"41937",291,32,6.72033147472716,259
"41938",291,33,7.26898271297236,258
"41939",291,34,10.081807801059,257
"41940",291,35,6.24016273690255,256
"41941",291,36,7.16192098517184,255
"41942",291,37,5.41431903247354,254
"41943",291,38,4.98016747085645,253
"41944",291,39,10.142028972047,252
"41945",291,40,9.1394652791931,251
"41946",291,41,9.86218936994931,250
"41947",291,42,6.8273204842086,249
"41948",291,43,7.42082907721305,248
"41949",291,44,7.13246616397037,247
"41950",291,45,8.40387762269845,246
"41951",291,46,9.7316446586822,245
"41952",291,47,7.38281952412432,244
"41953",291,48,4.55445823609891,243
"41954",291,49,3.44830590570362,242
"41955",291,50,10.9553656135068,241
"41956",291,51,7.8073321681771,240
"41957",291,52,7.46230335820566,239
"41958",291,53,7.92865719613527,238
"41959",291,54,7.00294928868835,237
"41960",291,55,6.00438757455885,236
"41961",291,56,6.20668025236684,235
"41962",291,57,6.36950733130445,234
"41963",291,58,3.39217782095348,233
"41964",291,59,5.68877355994993,232
"41965",291,60,7.10278607892354,231
"41966",291,61,7.86739211296579,230
"41967",291,62,9.8134467828065,229
"41968",291,63,6.57136453106626,228
"41969",291,64,4.98991350004505,227
"41970",291,65,7.4710031814841,226
"41971",291,66,9.0695688480536,225
"41972",291,67,5.94024676028191,224
"41973",291,68,6.12268813895567,223
"41974",291,69,9.12665898454416,222
"41975",291,70,5.81707774921915,221
"41976",291,71,5.65941466268904,220
"41977",291,72,5.7936259557408,219
"41978",291,73,5.11419125588948,218
"41979",291,74,4.90913400872657,217
"41980",291,75,4.48137003488792,216
"41981",291,76,3.95483934368237,215
"41982",291,77,2.83522302322677,214
"41983",291,78,6.52316720717303,213
"41984",291,79,6.30199543764348,212
"41985",291,80,4.57183722714753,211
"41986",291,81,3.48093920434432,210
"41987",291,82,5.82538563416897,209
"41988",291,83,6.91488880036289,208
"41989",291,84,7.69214049940309,207
"41990",291,85,8.07254602497477,206
"41991",291,86,7.2017974319529,205
"41992",291,87,8.72520174189563,204
"41993",291,88,8.20911005483275,203
"41994",291,89,5.19109106254604,202
"41995",291,90,7.56682152661858,201
"41996",291,91,6.28802928298348,200
"41997",291,92,5.134024077062,199
"41998",291,93,4.9861839412069,198
"41999",291,94,5.79351660553382,197
"42000",291,95,6.22578993164961,196
"42001",291,96,5.94222031266598,195
"42002",291,97,2.92497312872926,194
"42003",291,98,5.94772912527871,193
"42004",291,99,4.70075329513521,192
"42005",291,100,3.23022111868031,191
"42006",291,101,3.64611496960904,190
"42007",291,102,2.92247167197265,189
"42008",291,103,4.49112467247879,188
"42009",291,104,2.1578028412999,187
"42010",291,105,3.15274316478156,186
"42011",291,106,5.98324690789278,185
"42012",291,107,5.377096554625,184
"42013",291,108,2.11343527695243,183
"42014",291,109,1.45826579961576,182
"42015",291,110,3.04333032637822,181
"42016",291,111,6.0019057009865,180
"42017",291,112,5.17831254597965,179
"42018",291,113,4.11113053311455,178
"42019",291,114,2.31756090474819,177
"42020",291,115,2.40288857409427,176
"42021",291,116,4.26747161326836,175
"42022",291,117,4.4592482573535,174
"42023",291,118,3.74620204659973,173
"42024",291,119,3.78354474579388,172
"42025",291,120,4.00195915737048,171
"42026",291,121,1.7787995463677,170
"42027",291,122,1.32433940064831,169
"42028",291,123,4.11037305958045,168
"42029",291,124,5.18311389755829,167
"42030",291,125,5.57694794299075,166
"42031",291,126,3.1510917471999,165
"42032",291,127,1.91294152101305,164
"42033",291,128,0.998956463279825,163
"42034",291,129,1.66123913223771,162
"42035",291,130,1.50125232749466,161
"42036",291,131,0.700386237346626,160
"42037",291,132,1.3545246109491,159
"42038",291,133,2.49756255078167,158
"42039",291,134,2.20055686128334,157
"42040",291,135,1.90587187353262,156
"42041",291,136,1.2919527866008,155
"42042",291,137,3.37229549764458,154
"42043",291,138,2.39931071838325,153
"42044",291,139,1.09719879754639,152
"42045",291,140,0.4268861546769,151
"42046",291,141,1.51678287938779,150
"42047",291,142,1.73537084391798,149
"42048",291,143,3.53854789746887,148
"42049",291,144,2.98359096227673,147
"42050",291,145,2.25987722649263,146
"42051",291,146,3.67207907713804,145
"42052",291,147,4.05130731807338,144
"42053",291,148,3.34152436070551,143
"42054",291,149,3.78724333958742,142
"42055",291,150,3.02333338211127,141
"42056",291,151,4.05419956569838,140
"42057",291,152,4.94947029312241,139
"42058",291,153,7.19034026167109,138
"42059",291,154,5.34099014773411,137
"42060",291,155,3.0986237972456,136
"42061",291,156,2.37431132574245,135
"42062",291,157,2.5986285082119,134
"42063",291,158,4.07562869946394,133
"42064",291,159,4.5174228878436,132
"42065",291,160,5.5871065592951,131
"42066",291,161,4.25465360809236,130
"42067",291,162,3.65850424166432,129
"42068",291,163,3.14945961803192,128
"42069",291,164,5.33426728540273,127
"42070",291,165,4.60155151703114,126
"42071",291,166,3.45388467229987,125
"42072",291,167,2.63363004123438,124
"42073",291,168,2.03808441464465,123
"42074",291,169,2.48547860951662,122
"42075",291,170,2.52825934472611,121
"42076",291,171,2.18048358753457,120
"42077",291,172,3.2968129746545,119
"42078",291,173,3.88821506194345,118
"42079",291,174,4.72568847513504,117
"42080",291,175,4.69716533327351,116
"42081",291,176,4.90446883858163,115
"42082",291,177,3.51022058774808,114
"42083",291,178,2.35450190088628,113
"42084",291,179,3.91633283011765,112
"42085",291,180,5.68808216924705,111
"42086",291,181,4.80747562675512,110
"42087",291,182,4.45058242860251,109
"42088",291,183,4.3622013685488,108
"42089",291,184,4.26519001681468,107
"42090",291,185,3.33618182855451,106
"42091",291,186,4.04320284245266,105
"42092",291,187,3.69243434983015,104
"42093",291,188,3.89443765113884,103
"42094",291,189,4.49990260203008,102
"42095",291,190,3.88708253775689,101
"42096",291,191,4.75635678135966,100
"42097",291,192,6.36241946866055,99
"42098",291,193,5.9785934554675,98
"42099",291,194,3.90115784855123,97
"42100",291,195,5.2106450839502,96
"42101",291,196,3.49462800514654,95
"42102",291,197,4.11524943587869,94
"42103",291,198,5.02453798979472,93
"42104",291,199,4.9336337510466,92
"42105",291,200,4.60500798336563,91
"42106",291,201,4.06741868456785,90
"42107",291,202,6.92128560714133,89
"42108",291,203,6.76803424094783,88
"42109",291,204,6.63374026810053,87
"42110",291,205,6.61749652061925,86
"42111",291,206,4.14571754656784,85
"42112",291,207,5.35035640728137,84
"42113",291,208,5.9469752037615,83
"42114",291,209,5.54403548404305,82
"42115",291,210,6.58065081380539,81
"42116",291,211,6.0027754594303,80
"42117",291,212,5.87586916667256,79
"42118",291,213,4.8290253290339,78
"42119",291,214,5.93575056335483,77
"42120",291,215,3.42205785861921,76
"42121",291,216,4.03202303047883,75
"42122",291,217,3.8248257003255,74
"42123",291,218,4.62164880863144,73
"42124",291,219,4.95501076475058,72
"42125",291,220,5.01269491993564,71
"42126",291,221,4.99468934985158,70
"42127",291,222,5.92154322111074,69
"42128",291,223,4.86856448990267,68
"42129",291,224,4.46269209573158,67
"42130",291,225,3.69400707312617,66
"42131",291,226,4.04896348264913,65
"42132",291,227,3.01626881276862,64
"42133",291,228,4.65863907413479,63
"42134",291,229,3.84331523947346,62
"42135",291,230,4.39720385400726,61
"42136",291,231,2.48634773268478,60
"42137",291,232,2.50172400721836,59
"42138",291,233,4.97798296016781,58
"42139",291,234,5.77791534370309,57
"42140",291,235,3.61347735886551,56
"42141",291,236,4.42847040316789,55
"42142",291,237,3.96878862500488,54
"42143",291,238,3.17487282725757,53
"42144",291,239,6.45554607985285,52
"42145",291,240,5.69640130107086,51
"42146",291,241,3.15026776476586,50
"42147",291,242,2.50396393587091,49
"42148",291,243,2.61621357175168,48
"42149",291,244,2.47085927501245,47
"42150",291,245,2.01756802746191,46
"42151",291,246,3.04266458317122,45
"42152",291,247,4.06093785675844,44
"42153",291,248,3.76000225167986,43
"42154",291,249,4.42076789553191,42
"42155",291,250,2.00033746360909,41
"42156",291,251,3.25440533683868,40
"42157",291,252,2.50430576621921,39
"42158",291,253,2.43079517226028,38
"42159",291,254,1.68297285764233,37
"42160",291,255,1.75020124109736,36
"42161",291,256,1.92163050371497,35
"42162",291,257,2.62603851139772,34
"42163",291,258,2.69503036528197,33
"42164",291,259,2.53974494704347,32
"42165",291,260,1.9326719949658,31
"42166",291,261,1.50622127999289,30
"42167",291,262,0.743747994212832,29
"42168",291,263,1.69947133527549,28
"42169",291,264,2.00552267599952,27
"42170",291,265,2.15488412515171,26
"42171",291,266,2.24393058269029,25
"42172",291,267,2.23439653135072,24
"42173",291,268,2.62710223606352,23
"42174",291,269,2.17244470927171,22
"42175",291,270,2.26097442397363,21
"42176",291,271,2.42183502348811,20
"42177",291,272,1.7537677322176,19
"42178",291,273,2.0105758447855,18
"42179",291,274,4.67192601917907,17
"42180",291,275,5.2129790035867,16
"42181",291,276,3.06748920354641,15
"42182",291,277,2.18753136351469,14
"42183",291,278,1.31333717975371,13
"42184",291,279,1.61840127459149,12
"42185",291,280,1.58365007939893,11
"42186",291,281,1.01247058511623,10
"42187",291,282,0.80263939866405,9
"42188",291,283,1.45624718958459,8
"42189",291,284,1.56385848979809,7
"42190",291,285,3.2599070241209,6
"42191",291,286,2.24002318297217,5
"42192",291,287,1.70158727449569,4
"42193",291,288,3.81900328149049,3
"42194",291,289,4.02526479350591,2
"42195",291,290,1.88308006104677,1
"42196",292,1,4.34827392560055,291
"42197",292,2,4.25131197011992,290
"42198",292,3,8.90832992100076,289
"42199",292,4,8.49035885232927,288
"42200",292,5,8.87148631354998,287
"42201",292,6,9.52078647785421,286
"42202",292,7,9.05581444373568,285
"42203",292,8,8.96869282040722,284
"42204",292,9,11.7083848161073,283
"42205",292,10,9.48227693259579,282
"42206",292,11,8.70884388584066,281
"42207",292,12,9.06391554120324,280
"42208",292,13,10.0552693157382,279
"42209",292,14,9.7042389565033,278
"42210",292,15,8.49759754959992,277
"42211",292,16,8.44905915849496,276
"42212",292,17,9.03582156211461,275
"42213",292,18,6.48360049490388,274
"42214",292,19,5.31516256219772,273
"42215",292,20,7.61475838034113,272
"42216",292,21,10.7008575410381,271
"42217",292,22,11.9829961541085,270
"42218",292,23,10.5003968581128,269
"42219",292,24,10.853133016314,268
"42220",292,25,8.31063100264816,267
"42221",292,26,6.38960458924739,266
"42222",292,27,8.3073688898923,265
"42223",292,28,7.4104660382422,264
"42224",292,29,8.27232960725709,263
"42225",292,30,8.04847106526499,262
"42226",292,31,8.51075828554115,261
"42227",292,32,7.87721053308006,260
"42228",292,33,5.6878940116281,259
"42229",292,34,9.49235583946301,258
"42230",292,35,8.65499840845535,257
"42231",292,36,6.10968790318152,256
"42232",292,37,7.46601306206625,255
"42233",292,38,7.36374487552417,254
"42234",292,39,9.55257701045109,253
"42235",292,40,9.96762090206993,252
"42236",292,41,9.82948002740024,251
"42237",292,42,9.70390606107444,250
"42238",292,43,7.87109473702162,249
"42239",292,44,6.54301420237442,248
"42240",292,45,7.8144256611025,247
"42241",292,46,9.14219269708625,246
"42242",292,47,6.79336756252837,245
"42243",292,48,4.30926382276897,244
"42244",292,49,2.85885394410767,243
"42245",292,50,10.3659136519109,242
"42246",292,51,7.7408083327874,241
"42247",292,52,6.87285139660971,240
"42248",292,53,8.57879251978032,239
"42249",292,54,9.87953486555419,238
"42250",292,55,5.4149356129629,237
"42251",292,56,5.47595198942126,236
"42252",292,57,7.25665623861402,235
"42253",292,58,5.8744083778525,234
"42254",292,59,2.75035938108197,233
"42255",292,60,7.21339816372209,232
"42256",292,61,7.27794015136984,231
"42257",292,62,9.68140086475099,230
"42258",292,63,7.02217642498995,229
"42259",292,64,3.22394337264602,228
"42260",292,65,4.27909303713174,227
"42261",292,66,8.48011688645765,226
"42262",292,67,8.54207657724342,225
"42263",292,68,5.14477195644332,224
"42264",292,69,8.53720702294821,223
"42265",292,70,5.49733538474977,222
"42266",292,71,5.65687825221316,221
"42267",292,72,5.20417399414484,220
"42268",292,73,7.29266362248623,219
"42269",292,74,5.85512013357884,218
"42270",292,75,3.93164399833906,217
"42271",292,76,4.24352375000937,216
"42272",292,77,2.88160499894989,215
"42273",292,78,5.93371524557708,214
"42274",292,79,6.63900855758425,213
"42275",292,80,3.50204315177844,212
"42276",292,81,3.34899733088217,211
"42277",292,82,3.61789713973215,210
"42278",292,83,4.92482893866358,209
"42279",292,84,7.43079316295466,208
"42280",292,85,8.36143852048849,207
"42281",292,86,8.14801765714023,206
"42282",292,87,8.94560688383289,205
"42283",292,88,8.04475829054026,204
"42284",292,89,6.43415051257747,203
"42285",292,90,5.04321581653887,202
"42286",292,91,5.69857732138753,201
"42287",292,92,5.74610509068718,200
"42288",292,93,5.98668943297762,199
"42289",292,94,5.51938921142439,198
"42290",292,95,5.63633797005366,197
"42291",292,96,5.35276835107003,196
"42292",292,97,4.44312648359343,195
"42293",292,98,3.97388889919929,194
"42294",292,99,4.61494972025396,193
"42295",292,100,3.0573994278267,192
"42296",292,101,3.1664128756486,191
"42297",292,102,1.82879763931824,190
"42298",292,103,2.32177688823299,189
"42299",292,104,5.01844358423396,188
"42300",292,105,3.00454432360756,187
"42301",292,106,2.88389848986486,186
"42302",292,107,4.78764459302904,185
"42303",292,108,3.59894464065121,184
"42304",292,109,3.0893335494193,183
"42305",292,110,2.80598269602006,182
"42306",292,111,5.41245373939055,181
"42307",292,112,4.833037759903,180
"42308",292,113,1.34548024374242,179
"42309",292,114,1.906430394675,178
"42310",292,115,2.62911970841706,177
"42311",292,116,3.6235813670494,176
"42312",292,117,2.38672880980223,175
"42313",292,118,3.4720746524903,174
"42314",292,119,3.27930530615633,173
"42315",292,120,3.62746332564761,172
"42316",292,121,3.84303630603173,171
"42317",292,122,2.22692631976893,170
"42318",292,123,3.83624566547102,169
"42319",292,124,4.11746116613283,168
"42320",292,125,4.9874959813948,167
"42321",292,126,2.95422604748372,166
"42322",292,127,3.47952763408434,165
"42323",292,128,4.05625041675661,164
"42324",292,129,3.13867645612485,163
"42325",292,130,4.54791621952232,162
"42326",292,131,3.61774871098137,161
"42327",292,132,1.86020063227921,160
"42328",292,133,1.38903537056004,159
"42329",292,134,1.82796907424145,158
"42330",292,135,1.75794122716522,157
"42331",292,136,2.88758105379776,156
"42332",292,137,1.26616124535607,155
"42333",292,138,0.950279478480962,154
"42334",292,139,2.25383582930518,153
"42335",292,140,2.9896567622532,152
"42336",292,141,4.43393726383581,151
"42337",292,142,3.29663743859335,150
"42338",292,143,2.05481132249508,149
"42339",292,144,3.12566668507387,148
"42340",292,145,4.30349921627369,147
"42341",292,146,4.53456083199571,146
"42342",292,147,3.84636957854556,145
"42343",292,148,3.03661029302434,144
"42344",292,149,2.70358084457179,143
"42345",292,150,5.6654198728749,142
"42346",292,151,7.21380386381376,141
"42347",292,152,5.6181689928549,140
"42348",292,153,6.91621286756166,139
"42349",292,154,5.06686275362468,138
"42350",292,155,5.95095840003296,137
"42351",292,156,4.82217257185914,136
"42352",292,157,5.48337300182959,135
"42353",292,158,5.24592638376475,134
"42354",292,159,7.01405503709582,133
"42355",292,160,7.74387704435059,132
"42356",292,161,6.65408209600192,131
"42357",292,162,5.68607735292025,130
"42358",292,163,4.32841966157845,129
"42359",292,164,5.0601398912933,128
"42360",292,165,4.32742412292171,127
"42361",292,166,5.14170016395243,126
"42362",292,167,3.31848166408536,125
"42363",292,168,3.91374194295442,124
"42364",292,169,5.43493884020162,123
"42365",292,170,5.72016948907847,122
"42366",292,171,3.59234019523868,121
"42367",292,172,3.97924863125407,120
"42368",292,173,5.38445199590868,119
"42369",292,174,4.54712073286585,118
"42370",292,175,4.97743955486046,117
"42371",292,176,5.50868590158187,116
"42372",292,177,6.70213073210044,115
"42373",292,178,5.54641204523864,114
"42374",292,179,6.21876574587127,113
"42375",292,180,5.41395477513762,112
"42376",292,181,6.04269713730995,111
"42377",292,182,7.64249257295487,110
"42378",292,183,7.42470604991488,109
"42379",292,184,4.36773006180159,108
"42380",292,185,6.52809197290687,107
"42381",292,186,6.81448670701585,106
"42382",292,187,5.28896705321306,105
"42383",292,188,5.80886226712033,104
"42384",292,189,3.94310511258524,103
"42385",292,190,5.57489802940946,102
"42386",292,191,6.0394648160065,101
"42387",292,192,6.08829207455112,100
"42388",292,193,6.82515638754173,99
"42389",292,194,6.15547013987779,98
"42390",292,195,5.00601947820244,97
"42391",292,196,4.79433115243363,96
"42392",292,197,4.7514342001875,95
"42393",292,198,4.75041059568529,94
"42394",292,199,5.37572332645016,93
"42395",292,200,7.26335144184111,92
"42396",292,201,7.08948413263318,91
"42397",292,202,7.20166387332164,90
"42398",292,203,9.36134982857592,89
"42399",292,204,9.27593080345751,88
"42400",292,205,8.27256397651308,87
"42401",292,206,6.59250848319285,86
"42402",292,207,6.19681529476225,85
"42403",292,208,7.23029132759505,84
"42404",292,209,6.95699117119793,83
"42405",292,210,8.10652089589965,82
"42406",292,211,7.67433398337102,81
"42407",292,212,7.64429320702753,80
"42408",292,213,6.80803562634101,79
"42409",292,214,6.63675510932431,78
"42410",292,215,5.9507877649217,77
"42411",292,216,4.20859840983965,76
"42412",292,217,5.07607007825712,75
"42413",292,218,4.02289227938814,74
"42414",292,219,5.08039845380967,73
"42415",292,220,6.06940191944025,72
"42416",292,221,7.11925803326345,71
"42417",292,222,6.76800210859162,70
"42418",292,223,6.6374307197794,69
"42419",292,224,7.25054506178668,68
"42420",292,225,3.87388878818636,67
"42421",292,226,2.75594145519495,66
"42422",292,227,3.49648203183679,65
"42423",292,228,4.5668498298814,64
"42424",292,229,6.16177102260387,63
"42425",292,230,4.38659540371973,62
"42426",292,231,4.63246027115822,61
"42427",292,232,5.69363415157071,60
"42428",292,233,3.7850553852147,59
"42429",292,234,5.50378794959366,58
"42430",292,235,5.85140262673853,57
"42431",292,236,4.15434300905846,56
"42432",292,237,3.5989650861589,55
"42433",292,238,5.56563460734656,54
"42434",292,239,4.18694475330836,53
"42435",292,240,5.42227390696143,52
"42436",292,241,5.04843541303551,51
"42437",292,242,5.3077617358578,50
"42438",292,243,5.80812371610404,49
"42439",292,244,4.83798191668504,48
"42440",292,245,4.09151193220274,47
"42441",292,246,4.07585912037426,46
"42442",292,247,4.20246314489881,45
"42443",292,248,3.08960890794919,44
"42444",292,249,1.38796781631219,43
"42445",292,250,2.58978942520504,42
"42446",292,251,1.69374976558867,41
"42447",292,252,2.72200639575489,40
"42448",292,253,3.79037017970151,39
"42449",292,254,4.58321855393914,38
"42450",292,255,4.94211138544972,37
"42451",292,256,4.14288538431347,36
"42452",292,257,4.32977282583372,35
"42453",292,258,2.32005855696085,34
"42454",292,259,4.00923144336546,33
"42455",292,260,2.514992563531,32
"42456",292,261,2.60374835506789,31
"42457",292,262,2.85216375450622,30
"42458",292,263,1.82990326223273,29
"42459",292,264,2.59497463759548,28
"42460",292,265,2.27514699300968,27
"42461",292,266,2.81220217212103,26
"42462",292,267,3.26375871958186,25
"42463",292,268,3.89176805745528,24
"42464",292,269,3.37635043905602,23
"42465",292,270,2.77192229696745,22
"42466",292,271,2.63355695849421,21
"42467",292,272,3.31228180547724,20
"42468",292,273,2.69532342304313,19
"42469",292,274,3.38217010753144,18
"42470",292,275,3.9681078209269,17
"42471",292,276,5.14853336557905,16
"42472",292,277,2.46106243025415,15
"42473",292,278,2.75826056821716,14
"42474",292,279,3.84816762571265,13
"42475",292,280,4.46023565626477,12
"42476",292,281,3.88905616198206,11
"42477",292,282,3.64720104270566,10
"42478",292,283,4.21677182178312,9
"42479",292,284,2.45874158636959,8
"42480",292,285,0.205491611156496,7
"42481",292,286,2.0049217422234,6
"42482",292,287,1.73745090347566,5
"42483",292,288,3.22955131989454,4
"42484",292,289,3.43581283190996,3
"42485",292,290,3.06134574056587,2
"42486",292,291,3.19191014435236,1
"42487",293,1,6.37374265399373,292
"42488",293,2,4.6658865828737,291
"42489",293,3,8.52432346944783,290
"42490",293,4,8.23562780802093,289
"42491",293,5,8.61675526924163,288
"42492",293,6,9.26605543354587,287
"42493",293,7,8.80108339942734,286
"42494",293,8,8.10361018032541,285
"42495",293,9,8.36844545616769,284
"42496",293,10,9.22754588828745,283
"42497",293,11,9.12794177137295,282
"42498",293,12,7.21501323749732,281
"42499",293,13,8.3007094470577,280
"42500",293,14,9.44950791219496,279
"42501",293,15,8.24286650529158,278
"42502",293,16,8.19432811418661,277
"42503",293,17,8.78109051780627,276
"42504",293,18,9.25980882637648,275
"42505",293,19,6.47882837265967,274
"42506",293,20,7.36002733603279,273
"42507",293,21,7.58742326083411,272
"42508",293,22,11.7282651098001,271
"42509",293,23,10.1608434590711,270
"42510",293,24,10.5984019720056,269
"42511",293,25,8.05589995833981,268
"42512",293,26,7.86316425990972,267
"42513",293,27,8.74174134269718,266
"42514",293,28,9.2639614255997,265
"42515",293,29,8.22586244717873,264
"42516",293,30,8.94906741385337,263
"42517",293,31,8.25602724123281,262
"42518",293,32,10.2217778798828,261
"42519",293,33,6.75896381014679,260
"42520",293,34,8.34250314736638,259
"42521",293,35,8.400267364147,258
"42522",293,36,9.33700691422776,257
"42523",293,37,7.21128201775791,256
"42524",293,38,8.48161387601212,255
"42525",293,39,6.21263765051152,254
"42526",293,40,9.71288985776159,253
"42527",293,41,9.5747489830919,252
"42528",293,42,9.44917501676609,251
"42529",293,43,7.61636369271328,250
"42530",293,44,5.83194357160753,249
"42531",293,45,3.01895446241197,248
"42532",293,46,7.63801614231643,247
"42533",293,47,6.31879029245922,246
"42534",293,48,4.05453277846062,245
"42535",293,49,3.65811161733597,244
"42536",293,50,5.45685176842413,243
"42537",293,51,7.48607728847906,242
"42538",293,52,4.94021920640071,241
"42539",293,53,8.32406147547198,240
"42540",293,54,9.62480382124584,239
"42541",293,55,5.7961398905683,238
"42542",293,56,3.55773861048106,237
"42543",293,57,7.00192519430568,236
"42544",293,58,6.20793641644569,235
"42545",293,59,4.51864373457848,234
"42546",293,60,6.95866711941374,233
"42547",293,61,5.34564610608924,232
"42548",293,62,9.42666982044264,231
"42549",293,63,6.7674453806816,230
"42550",293,64,4.803395249111,229
"42551",293,65,4.90664979399658,228
"42552",293,66,5.67595516000378,227
"42553",293,67,8.28734553293507,226
"42554",293,68,6.76126952448146,225
"42555",293,69,7.8002813107324,224
"42556",293,70,5.42163679047192,223
"42557",293,71,5.40214720790482,222
"42558",293,72,4.24024899037502,221
"42559",293,73,7.03793257817789,220
"42560",293,74,5.8612668658752,219
"42561",293,75,5.56299931007105,218
"42562",293,76,3.98879270570103,217
"42563",293,77,4.30861682708204,216
"42564",293,78,2.43206457641426,215
"42565",293,79,6.38427751327591,214
"42566",293,80,3.42519546872615,213
"42567",293,81,3.09426628657382,212
"42568",293,82,6.09692370548384,211
"42569",293,83,6.93864467260091,210
"42570",293,84,7.17606211864631,209
"42571",293,85,8.10670747618015,208
"42572",293,86,7.89328661283188,207
"42573",293,87,8.69087583952455,206
"42574",293,88,7.79002724623192,205
"42575",293,89,6.31948563664822,204
"42576",293,90,8.2705348275851,203
"42577",293,91,5.71637703300248,202
"42578",293,92,5.72667767953945,201
"42579",293,93,5.73195838866927,200
"42580",293,94,3.24678338901098,199
"42581",293,95,1.69549551135864,198
"42582",293,96,4.58499341692423,197
"42583",293,97,4.18839543928508,196
"42584",293,98,6.4083422338694,195
"42585",293,99,7.60404733308838,194
"42586",293,100,5.77757860276328,193
"42587",293,101,3.56817675574922,192
"42588",293,102,3.0802642441685,191
"42589",293,103,4.33722440156178,190
"42590",293,104,4.76371253992562,189
"42591",293,105,3.22042054562044,188
"42592",293,106,3.48337515713752,187
"42593",293,107,2.96816089809447,186
"42594",293,108,4.64563374577641,185
"42595",293,109,4.04024804546693,184
"42596",293,110,4.23299452415222,183
"42597",293,111,3.02691543430374,182
"42598",293,112,5.83325494381064,181
"42599",293,113,4.47464402495594,180
"42600",293,114,5.68087160498314,179
"42601",293,115,5.94416755126431,178
"42602",293,116,4.13683481287383,177
"42603",293,117,4.70057087820595,176
"42604",293,118,3.74980568885626,175
"42605",293,119,4.12403458743098,174
"42606",293,120,3.37273228133927,173
"42607",293,121,5.28024595152337,172
"42608",293,122,4.91449332554724,171
"42609",293,123,3.49757791802392,170
"42610",293,124,2.99048583098271,169
"42611",293,125,3.37880663259908,168
"42612",293,126,2.96929598552156,167
"42613",293,127,4.86293490408441,166
"42614",293,128,5.48326224488877,165
"42615",293,129,4.56568828425701,164
"42616",293,130,5.97492804765448,163
"42617",293,131,5.04476053911352,162
"42618",293,132,4.78307127121814,161
"42619",293,133,5.17469970336067,160
"42620",293,134,6.2672602536141,159
"42621",293,135,6.28871554406106,158
"42622",293,136,6.35389551796254,157
"42623",293,137,4.52000259351608,156
"42624",293,138,5.5202755495442,155
"42625",293,139,6.17000848463054,154
"42626",293,140,5.53715759965242,153
"42627",293,141,5.86094909196797,152
"42628",293,142,6.24751593283933,151
"42629",293,143,5.81805207986477,150
"42630",293,144,5.95889336273955,149
"42631",293,145,6.53726635809939,148
"42632",293,146,6.51621693829217,147
"42633",293,147,5.50868503983833,146
"42634",293,148,5.71857034937248,145
"42635",293,149,6.58447341852179,144
"42636",293,150,7.74792039338305,143
"42637",293,151,8.64642264137609,142
"42638",293,152,7.5942181497212,141
"42639",293,153,7.07003100679888,140
"42640",293,154,6.23943352870523,139
"42641",293,155,7.37797022816512,138
"42642",293,156,6.46768063078329,137
"42643",293,157,6.91038482996175,136
"42644",293,158,6.67293821189691,135
"42645",293,159,8.44106686522798,134
"42646",293,160,9.17088887248275,133
"42647",293,161,8.08109392413408,132
"42648",293,162,7.35959326715147,131
"42649",293,163,7.25689724994755,130
"42650",293,164,4.87417439977882,129
"42651",293,165,5.07960271854814,128
"42652",293,166,6.56871199208459,127
"42653",293,167,5.44579744226919,126
"42654",293,168,6.67973901114564,125
"42655",293,169,7.32135748171656,124
"42656",293,170,7.55616592348756,123
"42657",293,171,6.49840343180899,122
"42658",293,172,7.21025946225824,121
"42659",293,173,7.76948575905191,120
"42660",293,174,6.87612533947307,119
"42661",293,175,6.40445138299262,118
"42662",293,176,6.93569772971403,117
"42663",293,177,8.1291425602326,116
"42664",293,178,7.2703501665757,115
"42665",293,179,7.64577757400342,114
"42666",293,180,6.3602285596693,113
"42667",293,181,7.46970896544211,112
"42668",293,182,9.06950440108702,111
"42669",293,183,8.85171787804704,110
"42670",293,184,6.41661577757251,109
"42671",293,185,7.97751815283781,108
"42672",293,186,8.24149853514801,107
"42673",293,187,8.15580853561597,106
"42674",293,188,7.43756292367587,105
"42675",293,189,7.00604191990325,104
"42676",293,190,7.00190985754161,103
"42677",293,191,7.46647664413866,102
"42678",293,192,6.5009211397609,101
"42679",293,193,8.25216821567389,100
"42680",293,194,7.58248196800994,99
"42681",293,195,6.4330313063346,98
"42682",293,196,6.22134298056579,97
"42683",293,197,6.17844602831965,96
"42684",293,198,6.13335953853127,95
"42685",293,199,7.0044239830057,94
"42686",293,200,8.8808516454582,93
"42687",293,201,9.46891094634625,92
"42688",293,202,9.36820140567288,91
"42689",293,203,10.7883616567081,90
"42690",293,204,10.7029426315897,89
"42691",293,205,9.69957580464524,88
"42692",293,206,9.64423139165052,87
"42693",293,207,7.62382712289441,86
"42694",293,208,8.65730315572721,85
"42695",293,209,8.38400299933009,84
"42696",293,210,9.5335327240318,83
"42697",293,211,9.10134581150317,82
"42698",293,212,9.07130503515969,81
"42699",293,213,8.23504745447317,80
"42700",293,214,8.06376693745646,79
"42701",293,215,7.66352543332031,78
"42702",293,216,7.2659282677275,77
"42703",293,217,6.50308190638928,76
"42704",293,218,7.04660733253876,75
"42705",293,219,8.07610565165322,74
"42706",293,220,7.49641374757241,73
"42707",293,221,8.54626986139561,72
"42708",293,222,8.19501393672378,71
"42709",293,223,8.06444254791156,70
"42710",293,224,8.67755688991884,69
"42711",293,225,6.5558488445345,68
"42712",293,226,6.62002662677633,67
"42713",293,227,5.94313845502432,66
"42714",293,228,5.99386165801355,65
"42715",293,229,7.58878285073603,64
"42716",293,230,6.06011131795095,63
"42717",293,231,7.22478981215501,62
"42718",293,232,7.6304750001915,61
"42719",293,233,6.86960889853329,60
"42720",293,234,6.06174130057315,59
"42721",293,235,7.27841445487069,58
"42722",293,236,5.32725192906741,57
"42723",293,237,6.84678331953169,56
"42724",293,238,8.67338667234026,55
"42725",293,239,5.0473197064941,54
"42726",293,240,5.25428211894916,53
"42727",293,241,6.47544724116767,52
"42728",293,242,6.73477356398995,51
"42729",293,243,7.2351355442362,50
"42730",293,244,6.3042154989846,49
"42731",293,245,6.73985718381365,48
"42732",293,246,6.58415164952797,47
"42733",293,247,7.05249722493311,46
"42734",293,248,6.58953817685121,45
"42735",293,249,3.56914081745537,44
"42736",293,250,7.49885130869178,43
"42737",293,251,6.60281164907541,42
"42738",293,252,7.63106827924162,41
"42739",293,253,6.79727783048351,40
"42740",293,254,7.05228932892545,39
"42741",293,255,7.12107294963183,38
"42742",293,256,6.59514875693117,37
"42743",293,257,6.57474042059786,36
"42744",293,258,4.00421467004168,35
"42745",293,259,3.75450039905712,34
"42746",293,260,3.78993158441716,33
"42747",293,261,3.9922925650898,32
"42748",293,262,5.00189388448884,31
"42749",293,263,6.55116595461351,30
"42750",293,264,7.50403652108221,29
"42751",293,265,7.18420887649642,28
"42752",293,266,7.72126405560776,27
"42753",293,267,7.7329103764334,26
"42754",293,268,8.1256160811462,25
"42755",293,269,7.65501372042262,24
"42756",293,270,7.54921414588424,23
"42757",293,271,6.91782718929098,22
"42758",293,272,5.58527070147034,21
"42759",293,273,4.27360187249283,20
"42760",293,274,3.43390709664296,19
"42761",293,275,5.80310161975703,18
"42762",293,276,6.56893560870208,17
"42763",293,277,3.42302734871813,16
"42764",293,278,4.34214596709703,15
"42765",293,279,4.08740834834475,14
"42766",293,280,6.19591922261249,13
"42767",293,281,6.16851716574511,12
"42768",293,282,6.30115324374674,11
"42769",293,283,6.95476103466728,10
"42770",293,284,6.20517494137067,9
"42771",293,285,4.98941385998454,8
"42772",293,286,6.91398362571014,7
"42773",293,287,4.2401364831992,6
"42774",293,288,3.73562060199344,5
"42775",293,289,3.48453038638045,4
"42776",293,290,4.37737384005378,3
"42777",293,291,5.49851384508269,2
"42778",293,292,4.90906188348674,1
"42779",294,1,3.41578203789013,293
"42780",294,2,2.41394656613423,292
"42781",294,3,5.4316377195898,291
"42782",294,4,4.66164228030284,290
"42783",294,5,4.82403148413744,289
"42784",294,6,5.47333164844167,288
"42785",294,7,5.00835961432314,287
"42786",294,8,5.49200061899626,286
"42787",294,9,8.23169261469629,285
"42788",294,10,5.48348896172543,284
"42789",294,11,6.16998115526935,283
"42790",294,12,5.92845394564086,282
"42791",294,13,6.57857711432729,281
"42792",294,14,5.65678412709076,280
"42793",294,15,4.45014272018738,279
"42794",294,16,4.40160432908242,278
"42795",294,17,4.98836673270207,277
"42796",294,18,6.30184821027288,276
"42797",294,19,3.52086775655607,275
"42798",294,20,3.56730355092859,274
"42799",294,21,7.22416533962714,273
"42800",294,22,7.93554132469594,272
"42801",294,23,7.02370465670183,271
"42802",294,24,6.80567818690145,270
"42803",294,25,4.83852717111806,269
"42804",294,26,6.78981538555642,268
"42805",294,27,5.78378072659358,267
"42806",294,28,6.30600080949611,266
"42807",294,29,5.26790183107513,265
"42808",294,30,5.99110679774977,264
"42809",294,31,4.86107416354521,263
"42810",294,32,7.26381726377922,262
"42811",294,33,4.91719359156422,261
"42812",294,34,6.01566363805206,260
"42813",294,35,4.75612101598137,259
"42814",294,36,6.37904629812416,258
"42815",294,37,3.41855823265371,257
"42816",294,38,5.52365325990852,256
"42817",294,39,6.07588480904013,255
"42818",294,40,5.92016607265739,254
"42819",294,41,5.7960452069424,253
"42820",294,42,5.6564512316619,252
"42821",294,43,3.82363990760908,251
"42822",294,44,3.06632200096346,250
"42823",294,45,4.33773345969155,249
"42824",294,46,5.66550049567529,248
"42825",294,47,3.31667536111741,247
"42826",294,48,0.668205086347588,246
"42827",294,49,2.52321804230576,245
"42828",294,50,6.88922145049991,244
"42829",294,51,3.74118800517019,243
"42830",294,52,3.81073730498397,242
"42831",294,53,4.57989091433024,241
"42832",294,54,5.83208003614165,240
"42833",294,55,3.59510369112815,239
"42834",294,56,3.8548911309587,238
"42835",294,57,3.20920140920148,237
"42836",294,58,3.24997580034209,236
"42837",294,59,3.33698443854179,235
"42838",294,60,3.16594333430955,234
"42839",294,61,3.80124794995888,233
"42840",294,62,5.74730261979959,232
"42841",294,63,3.46213626426725,231
"42842",294,64,2.63812437863691,230
"42843",294,65,5.11921406007596,229
"42844",294,66,5.00342468504669,228
"42845",294,67,4.49462174783087,227
"42846",294,68,3.80330890837786,226
"42847",294,69,5.06051482153725,225
"42848",294,70,2.76472920524333,224
"42849",294,71,1.88393536420675,223
"42850",294,72,1.72748179273389,222
"42851",294,73,3.24520879307369,221
"42852",294,74,2.9033062497716,220
"42853",294,75,2.60503869396746,219
"42854",294,76,0.582639175074989,218
"42855",294,77,2.2917372341747,217
"42856",294,78,3.98261397819394,216
"42857",294,79,2.59155372817171,215
"42858",294,80,2.22004810573939,214
"42859",294,81,0.698457498530374,213
"42860",294,82,3.47359651276084,212
"42861",294,83,4.56309967895475,211
"42862",294,84,3.62599633639618,210
"42863",294,85,4.31398369107595,209
"42864",294,86,4.10056282772769,208
"42865",294,87,4.89815205442035,207
"42866",294,88,4.14296589182584,206
"42867",294,89,3.36152502054462,205
"42868",294,90,5.31257421148151,204
"42869",294,91,3.72894438372179,203
"42870",294,92,2.76871706343585,202
"42871",294,93,1.93923460356507,201
"42872",294,94,5.25003081648175,200
"42873",294,95,3.07283900005621,199
"42874",294,96,1.87607614965907,198
"42875",294,97,1.14117103427765,197
"42876",294,98,3.59594000387057,196
"42877",294,99,4.64608671698478,195
"42878",294,100,2.93124139097335,194
"42879",294,101,4.81698422215574,193
"42880",294,102,3.03904880870479,192
"42881",294,103,2.13933555107065,191
"42882",294,104,2.36214118565962,190
"42883",294,105,1.04291050580498,189
"42884",294,106,3.69883695699681,188
"42885",294,107,2.09633196351622,187
"42886",294,108,2.37850089470003,186
"42887",294,109,2.60787836339115,185
"42888",294,110,3.03768141312184,184
"42889",294,111,3.01240676468664,183
"42890",294,112,2.87529432770704,182
"42891",294,113,2.70197458567012,181
"42892",294,114,4.24850192290736,180
"42893",294,115,4.51179786918853,179
"42894",294,116,5.43834086581507,178
"42895",294,117,5.6301175099002,177
"42896",294,118,4.90585740028609,176
"42897",294,119,2.34245184239778,175
"42898",294,120,1.37241993526773,174
"42899",294,121,3.19679305059032,173
"42900",294,122,3.48212364347146,172
"42901",294,123,5.21960620616096,171
"42902",294,124,2.83132477615015,170
"42903",294,125,2.16188699884111,169
"42904",294,126,1.09322878192882,168
"42905",294,127,2.59580205300803,167
"42906",294,128,3.9892699027687,166
"42907",294,129,2.49463731217384,165
"42908",294,130,3.7077951965781,164
"42909",294,131,3.56757559936207,163
"42910",294,132,3.35070158914236,162
"42911",294,133,3.7423300212849,161
"42912",294,134,4.83489057153832,160
"42913",294,135,4.85634586198528,159
"42914",294,136,4.92152583588677,158
"42915",294,137,4.54316475019128,157
"42916",294,138,4.08790586746842,156
"42917",294,139,4.73763880255476,155
"42918",294,140,4.10478791757664,154
"42919",294,141,4.29972714037344,153
"42920",294,142,4.81514625076356,152
"42921",294,143,4.70941715001557,151
"42922",294,144,4.52652368066377,150
"42923",294,145,5.10489667602361,149
"42924",294,146,5.0838472562164,148
"42925",294,147,4.57788833118253,147
"42926",294,148,4.51239361325221,146
"42927",294,149,5.15210373644601,145
"42928",294,150,6.31555071130728,144
"42929",294,151,7.21405295930031,143
"42930",294,152,6.16184846764542,142
"42931",294,153,6.64685447261902,141
"42932",294,154,4.79750435868204,140
"42933",294,155,5.11083737708874,139
"42934",294,156,5.03531094870752,138
"42935",294,157,4.99060047919613,137
"42936",294,158,4.72514600582422,136
"42937",294,159,6.81820880766726,135
"42938",294,160,6.90375602140637,134
"42939",294,161,6.22853918284291,133
"42940",294,162,5.92722358507569,132
"42941",294,163,5.82452756787177,131
"42942",294,164,4.79078149635067,130
"42943",294,165,4.05806572797907,129
"42944",294,166,4.30157914100821,128
"42945",294,167,4.01342776019342,127
"42946",294,168,5.24736932906986,126
"42947",294,169,5.88898779964078,125
"42948",294,170,6.12379624141179,124
"42949",294,171,5.06603374973321,123
"42950",294,172,5.77788978018247,122
"42951",294,173,6.33711607697613,121
"42952",294,174,5.89655772768174,120
"42953",294,175,4.15367954422144,119
"42954",294,176,4.66856487863765,118
"42955",294,177,5.86200970915622,117
"42956",294,178,5.83798048449993,116
"42957",294,179,6.18540003662059,115
"42958",294,180,5.14459638019498,114
"42959",294,181,5.20257611436573,113
"42960",294,182,6.80237155001065,112
"42961",294,183,6.58458502697066,111
"42962",294,184,5.17834128440198,110
"42963",294,185,6.54514847076203,109
"42964",294,186,6.19286191486363,108
"42965",294,187,6.72343885354019,107
"42966",294,188,6.0051932416001,106
"42967",294,189,5.67077185457678,105
"42968",294,190,5.20538427278647,104
"42969",294,191,5.2553595036764,103
"42970",294,192,6.64808989917892,102
"42971",294,193,5.98503536459751,101
"42972",294,194,6.08848962588987,100
"42973",294,195,4.66715929489813,99
"42974",294,196,4.18390681321986,98
"42975",294,197,4.05697284913064,97
"42976",294,198,4.88442985758943,96
"42977",294,199,5.57205430092992,95
"42978",294,200,7.44848196338243,94
"42979",294,201,8.03654126427047,93
"42980",294,202,7.95208869130894,92
"42981",294,203,8.60526581747478,91
"42982",294,204,8.43580978051329,90
"42983",294,205,7.43244295356886,89
"42984",294,206,8.21186170957475,88
"42985",294,207,5.35669427181803,87
"42986",294,208,6.39017030465083,86
"42987",294,209,6.2401154683423,85
"42988",294,210,7.26639987295543,84
"42989",294,211,6.8342129604268,83
"42990",294,212,6.80417218408331,82
"42991",294,213,5.96791460339679,81
"42992",294,214,5.79663408638009,80
"42993",294,215,6.23115575124454,79
"42994",294,216,5.83355858565172,78
"42995",294,217,4.99787566540887,77
"42996",294,218,5.79251806117814,76
"42997",294,219,6.64373596957745,75
"42998",294,220,5.47017803316492,74
"42999",294,221,6.27913701031923,73
"43000",294,222,5.9278810856474,72
"43001",294,223,5.79730969683518,71
"43002",294,224,6.41042403884246,70
"43003",294,225,5.12347916245872,69
"43004",294,226,5.21983273519584,68
"43005",294,227,4.51076877294854,67
"43006",294,228,4.17116899569684,66
"43007",294,229,5.33845740202827,65
"43008",294,230,4.93498532005485,64
"43009",294,231,5.79242013007923,63
"43010",294,232,6.19810531811572,62
"43011",294,233,6.14885221271451,61
"43012",294,234,5.23442955465102,60
"43013",294,235,5.01128160379431,59
"43014",294,236,4.29956272390104,58
"43015",294,237,5.41441363745591,57
"43016",294,238,7.24101699026448,56
"43017",294,239,7.62641533239955,55
"43018",294,240,5.15291551201879,54
"43019",294,241,4.20831439009129,53
"43020",294,242,4.46764071291357,52
"43021",294,243,5.28734333816351,51
"43022",294,244,4.87184581690882,50
"43023",294,245,5.30748750173787,49
"43024",294,246,5.15178196745219,48
"43025",294,247,5.62012754285733,47
"43026",294,248,5.15716849477543,46
"43027",294,249,5.32435933087292,45
"43028",294,250,6.066481626616,44
"43029",294,251,5.17044196699963,43
"43030",294,252,6.19869859716584,42
"43031",294,253,5.36490814840773,41
"43032",294,254,5.61991964684967,40
"43033",294,255,5.68870326755606,39
"43034",294,256,5.16277907485539,38
"43035",294,257,5.14237073852208,37
"43036",294,258,3.86589961782868,36
"43037",294,259,1.52639921596344,35
"43038",294,260,2.35756190234138,34
"43039",294,261,2.55992288301402,33
"43040",294,262,3.56952420241306,32
"43041",294,263,5.11879627253773,31
"43042",294,264,6.07166683900643,30
"43043",294,265,5.75183919442064,29
"43044",294,266,6.28889437353198,28
"43045",294,267,6.30054069435763,27
"43046",294,268,6.69324639907043,26
"43047",294,269,6.22264403834684,25
"43048",294,270,6.11684446380846,24
"43049",294,271,5.4854575072152,23
"43050",294,272,4.15290101939456,22
"43051",294,273,2.84123219041705,21
"43052",294,274,2.32013689777093,20
"43053",294,275,2.86118988217857,19
"43054",294,276,3.61097499259848,18
"43055",294,277,1.99065766664235,17
"43056",294,278,2.90977628502125,16
"43057",294,279,2.44774288841542,15
"43058",294,280,4.76354954053671,14
"43059",294,281,4.73614748366933,13
"43060",294,282,4.86878356167096,12
"43061",294,283,5.5223913525915,11
"43062",294,284,4.7728052592949,10
"43063",294,285,4.25294644056904,9
"43064",294,286,5.48161394363436,8
"43065",294,287,2.87245652704239,7
"43066",294,288,2.42275875002813,6
"43067",294,289,2.78641601425789,5
"43068",294,290,2.18306410196014,4
"43069",294,291,4.06614416300691,3
"43070",294,292,4.04745482941254,2
"43071",294,293,3.7927237851042,1
"43072",295,1,3.16852773871227,294
"43073",295,2,3.75207175821539,293
"43074",295,3,7.50928861589003,292
"43075",295,4,4.93127375570711,291
"43076",295,5,6.00440180733724,290
"43077",295,6,4.20258562687268,289
"43078",295,7,5.71600332761087,288
"43079",295,8,7.56965151529649,287
"43080",295,9,10.3093435109965,286
"43081",295,10,7.56113985802566,285
"43082",295,11,4.92613571863296,284
"43083",295,12,7.66487423609252,283
"43084",295,13,8.65622801062752,282
"43085",295,14,5.26732962573825,281
"43086",295,15,4.87782844390298,280
"43087",295,16,5.62184974268583,279
"43088",295,17,6.35385839863019,278
"43089",295,18,5.69899550215323,277
"43090",295,19,4.5187931395121,276
"43091",295,20,4.9818782537723,275
"43092",295,21,9.30181623592737,274
"43093",295,22,8.72756520319522,273
"43094",295,23,9.10135555300206,272
"43095",295,24,7.24291000205745,271
"43096",295,25,3.95820588168801,270
"43097",295,26,8.12794057763757,269
"43098",295,27,4.3241728144856,268
"43099",295,28,5.09253639411961,267
"43100",295,29,4.62837340379756,266
"43101",295,30,3.98083507196171,265
"43102",295,31,5.65126903464339,264
"43103",295,32,5.25354553799116,263
"43104",295,33,6.25531878364538,262
"43105",295,34,8.09331453435229,261
"43106",295,35,4.25166947019588,260
"43107",295,36,6.14825705584486,259
"43108",295,37,3.42582576576687,258
"43109",295,38,3.51338153412046,257
"43110",295,39,8.15353570534036,256
"43111",295,40,7.15097201248642,255
"43112",295,41,7.87369610324263,254
"43113",295,42,4.79884808250496,253
"43114",295,43,5.43233581050638,252
"43115",295,44,5.14397289726369,251
"43116",295,45,6.41538435599178,250
"43117",295,46,7.74315139197552,249
"43118",295,47,5.39432625741764,248
"43119",295,48,2.67847681213565,247
"43120",295,49,4.53348976809382,246
"43121",295,50,8.96687234680014,245
"43122",295,51,5.81883890147042,244
"43123",295,52,5.47381009149899,243
"43124",295,53,5.94016392942859,242
"43125",295,54,4.59895393841528,241
"43126",295,55,4.93322888320931,240
"43127",295,56,5.19301632303986,239
"43128",295,57,4.38101406459777,238
"43129",295,58,2.08718110192987,237
"43130",295,59,4.67510963062294,236
"43131",295,60,5.11429281221686,235
"43132",295,61,5.87889884625911,234
"43133",295,62,7.82495351609982,233
"43134",295,63,4.58287126435959,232
"43135",295,64,3.97624957071806,231
"43136",295,65,6.45733925215711,230
"43137",295,66,7.08107558134692,229
"43138",295,67,3.95175349357523,228
"43139",295,68,5.10902420962868,227
"43140",295,69,7.13816571783748,226
"43141",295,70,4.10285439732448,225
"43142",295,71,3.67092139598237,224
"43143",295,72,3.80513268903412,223
"43144",295,73,3.1256979891828,222
"43145",295,74,3.27675598340611,221
"43146",295,75,3.46770610556094,220
"43147",295,76,1.96634607697569,219
"43148",295,77,4.30200895996277,218
"43149",295,78,5.992885703982,217
"43150",295,79,4.3135021709368,216
"43151",295,80,3.55817329782054,215
"43152",295,81,2.03083962606555,214
"43153",295,82,4.81172170484199,213
"43154",295,83,5.9012248710359,212
"43155",295,84,5.70364723269642,211
"43156",295,85,6.0840527582681,210
"43157",295,86,5.21330416524622,209
"43158",295,87,6.73670847518895,208
"43159",295,88,6.22061678812607,207
"43160",295,89,3.43790142899998,206
"43161",295,90,6.5531575972916,205
"43162",295,91,5.06706957580294,204
"43163",295,92,3.47607190829746,203
"43164",295,93,2.99769067450022,202
"43165",295,94,7.26030254226981,201
"43166",295,95,4.41096419213736,200
"43167",295,96,3.9537270459593,199
"43168",295,97,1.22802981712902,198
"43169",295,98,4.93406519595173,197
"43170",295,99,3.68708936580823,196
"43171",295,100,2.26080142315483,195
"43172",295,101,6.08773024372473,194
"43173",295,102,4.30979483027378,193
"43174",295,103,3.4774607431518,192
"43175",295,104,1.49308283491926,191
"43176",295,105,2.31365652737397,190
"43177",295,106,4.9695829785658,189
"43178",295,107,4.10660368930428,188
"43179",295,108,2.88457392319495,187
"43180",295,109,2.22886730156222,186
"43181",295,110,4.51011626311422,185
"43182",295,111,5.02267849047471,184
"43183",295,112,4.16464861665266,183
"43184",295,113,3.9727206072391,182
"43185",295,114,4.75917617886389,181
"43186",295,115,4.84450384820996,180
"43187",295,116,6.70908688738406,179
"43188",295,117,6.90086353146919,178
"43189",295,118,6.17660342185508,177
"43190",295,119,4.35272356818585,176
"43191",295,120,3.38269166105579,175
"43192",295,121,1.4751645449498,174
"43193",295,122,3.765954674764,173
"43194",295,123,6.49035222772995,172
"43195",295,124,4.16944996823131,171
"43196",295,125,4.17215872462918,170
"43197",295,126,2.89061122635505,169
"43198",295,127,3.02079833213044,168
"43199",295,128,1.91161900646847,167
"43200",295,129,3.12802506897371,166
"43201",295,130,2.96803826423066,165
"43202",295,131,2.21759438118847,164
"43203",295,132,3.7961398850648,163
"43204",295,133,3.92916548042149,162
"43205",295,134,3.85707686379842,161
"43206",295,135,4.34748714764831,160
"43207",295,136,3.73356806071649,159
"43208",295,137,5.81391077176027,158
"43209",295,138,4.84092599249894,157
"43210",295,139,3.06436502167635,156
"43211",295,140,2.86850142879259,155
"43212",295,141,2.98356881612378,154
"43213",295,142,4.17698611803367,153
"43214",295,143,5.98016317158456,152
"43215",295,144,5.42520623639242,151
"43216",295,145,4.62865594170369,150
"43217",295,146,5.78874675681986,149
"43218",295,147,5.84863435275151,148
"43219",295,148,5.7831396348212,147
"43220",295,149,6.22885861370311,146
"43221",295,150,5.24084547600479,145
"43222",295,151,5.62182991664607,144
"43223",295,152,7.06053102337406,143
"43224",295,153,8.65712619840709,142
"43225",295,154,6.80777608447011,141
"43226",295,155,4.56540973398159,140
"43227",295,156,4.15483095805197,139
"43228",295,157,4.0654144449479,138
"43229",295,158,5.54241463619994,137
"43230",295,159,5.9842088245796,136
"43231",295,160,7.05389249603109,135
"43232",295,161,5.72143954482836,134
"43233",295,162,5.4670317292809,133
"43234",295,163,5.59107489214761,132
"43235",295,164,6.80105322213873,131
"43236",295,165,6.06833745376714,130
"43237",295,166,4.92067060903586,129
"43238",295,167,4.89595739280357,128
"43239",295,168,4.47969968876034,127
"43240",295,169,4.50690882441692,126
"43241",295,170,4.28891519590348,125
"43242",295,171,4.62209886165026,124
"43243",295,172,5.7384282487702,123
"43244",295,173,6.32983033605914,122
"43245",295,174,7.16730374925072,121
"43246",295,175,6.1639512700095,120
"43247",295,176,6.37125477531763,119
"43248",295,177,4.57243692656455,118
"43249",295,178,4.14844973590967,117
"43250",295,179,5.45034837632811,116
"43251",295,180,7.15486810598305,115
"43252",295,181,6.27426156349112,114
"43253",295,182,5.7228309869115,113
"43254",295,183,5.8289873052848,112
"43255",295,184,6.44908730597097,111
"43256",295,185,4.4674975744618,110
"43257",295,186,5.50998877918866,109
"43258",295,187,6.13404962394584,108
"43259",295,188,5.65814988107974,107
"43260",295,189,6.94151787614577,106
"43261",295,190,5.35386847449289,105
"43262",295,191,6.22314271809566,104
"43263",295,192,7.9188359207479,103
"43264",295,193,7.44537939220349,102
"43265",295,194,5.40155859002445,101
"43266",295,195,6.67743102068619,100
"43267",295,196,4.96141394188254,99
"43268",295,197,5.58203537261468,98
"43269",295,198,6.49132392653072,97
"43270",295,199,6.6973459809875,96
"43271",295,200,6.35751976036809,95
"43272",295,201,6.50903395868354,94
"43273",295,202,9.22283471287793,93
"43274",295,203,8.23482017768382,92
"43275",295,204,8.10052620483652,91
"43276",295,205,8.08428245735525,90
"43277",295,206,6.13421081327452,89
"43278",295,207,6.81714234401737,88
"43279",295,208,7.4137611404975,87
"43280",295,209,7.01082142077905,86
"43281",295,210,8.04743675054139,85
"43282",295,211,7.46956139616629,84
"43283",295,212,7.34265510340856,83
"43284",295,213,6.2958112657699,82
"43285",295,214,7.40253650009083,81
"43286",295,215,5.26980710040319,80
"43287",295,216,6.47363830459452,79
"43288",295,217,5.31401254293839,78
"43289",295,218,7.06326408274713,77
"43290",295,219,7.39662603886628,76
"43291",295,220,6.47948085667164,75
"43292",295,221,6.46147528658757,74
"43293",295,222,7.38832915784673,73
"43294",295,223,6.33535042663866,72
"43295",295,224,5.92947803246758,71
"43296",295,225,6.13562234724186,70
"43297",295,226,6.49057875676483,69
"43298",295,227,5.45788408688431,68
"43299",295,228,6.12542501087079,67
"43300",295,229,5.31010117620946,66
"43301",295,230,6.20573134162384,65
"43302",295,231,4.92796300680047,64
"43303",295,232,4.42739377555961,63
"43304",295,233,7.4195982342835,62
"43305",295,234,7.24470128043909,61
"43306",295,235,5.08026329560151,60
"43307",295,236,5.89525633990389,59
"43308",295,237,6.41040389912057,58
"43309",295,238,5.16336609396425,57
"43310",295,239,8.89716135396854,56
"43311",295,240,7.16318723780685,55
"43312",295,241,4.61705370150185,54
"43313",295,242,3.97074987260691,53
"43314",295,243,3.62987750107867,52
"43315",295,244,4.07210443069737,51
"43316",295,245,4.4591833015776,50
"43317",295,246,5.48427985728691,49
"43318",295,247,6.50255313087413,48
"43319",295,248,6.20161752579555,47
"43320",295,249,6.59510535244191,46
"43321",295,250,4.10208587129839,45
"43322",295,251,5.69602061095437,44
"43323",295,252,4.9459210403349,43
"43324",295,253,4.87241044637597,42
"43325",295,254,4.12458813175802,41
"43326",295,255,3.61105237125583,40
"43327",295,256,4.36324577783066,39
"43328",295,257,5.00601767954722,38
"43329",295,258,5.13664563939767,37
"43330",295,259,1.82999888104315,36
"43331",295,260,2.80320828745053,35
"43332",295,261,2.71445249591364,34
"43333",295,262,3.02848969758081,33
"43334",295,263,4.14108660939118,32
"43335",295,264,4.09123260962303,31
"43336",295,265,4.5964993992674,30
"43337",295,266,4.21124347723175,29
"43338",295,267,4.22288979805739,28
"43339",295,268,4.6155955027702,27
"43340",295,269,4.6140599833874,26
"43341",295,270,4.70258969808932,25
"43342",295,271,4.8634502976038,24
"43343",295,272,4.16176820159606,23
"43344",295,273,3.72386586762056,22
"43345",295,274,3.65826208985208,21
"43346",295,275,4.19931507425972,20
"43347",295,276,1.60070326681042,19
"43348",295,277,2.85713842072738,18
"43349",295,278,3.03223415201894,17
"43350",295,279,1.58209153834091,16
"43351",295,280,2.68589864423648,15
"43352",295,281,2.6584965873691,14
"43353",295,282,2.79113266537073,13
"43354",295,283,3.44474045629127,12
"43355",295,284,4.00547376391378,11
"43356",295,285,5.52369246213802,10
"43357",295,286,4.68163845708786,9
"43358",295,287,4.14320254861138,8
"43359",295,288,4.4330304758162,7
"43360",295,289,4.79668774004595,6
"43361",295,290,2.923557701652,5
"43362",295,291,2.44161527411569,4
"43363",295,292,5.31820085098153,3
"43364",295,293,5.06346980667318,2
"43365",295,294,2.07765089630023,1
"43366",296,1,2.26983300719873,295
"43367",296,2,3.46063519724087,294
"43368",296,3,8.11765314812171,293
"43369",296,4,5.53963828793878,292
"43370",296,5,6.61276633956892,291
"43371",296,6,4.98901727840314,290
"43372",296,7,6.32436785984254,289
"43373",296,8,8.17801604752816,288
"43374",296,9,10.9177080432282,287
"43375",296,10,8.16950439025733,286
"43376",296,11,4.76543385624247,285
"43377",296,12,8.27323876832419,284
"43378",296,13,9.26459254285919,283
"43379",296,14,5.87569415796992,282
"43380",296,15,5.48619297613465,281
"43381",296,16,6.2302142749175,280
"43382",296,17,6.96222293086186,279
"43383",296,18,4.80030077063969,278
"43384",296,19,3.62009840799855,277
"43385",296,20,5.59024278600397,276
"43386",296,21,9.91018076815904,275
"43387",296,22,9.33592973542689,274
"43388",296,23,9.70972008523373,273
"43389",296,24,7.85127453428912,272
"43390",296,25,4.56657041391968,271
"43391",296,26,7.22924584612403,270
"43392",296,27,4.14819638482251,269
"43393",296,28,4.19384166260606,268
"43394",296,29,4.93323658701773,267
"43395",296,30,3.51670186581392,266
"43396",296,31,6.25963356687507,265
"43397",296,32,4.5329179257764,264
"43398",296,33,5.35662405213183,263
"43399",296,34,8.70167906658396,262
"43400",296,35,4.86003400242755,261
"43401",296,36,5.24956232433132,260
"43402",296,37,4.03419029799854,259
"43403",296,38,2.8319756760731,258
"43404",296,39,8.76190023757203,257
"43405",296,40,7.75933654471809,256
"43406",296,41,8.4820606354743,255
"43407",296,42,5.40721261473663,254
"43408",296,43,6.04070034273805,253
"43409",296,44,5.75233742949536,252
"43410",296,45,7.02374888822345,251
"43411",296,46,8.35151592420719,250
"43412",296,47,6.00269078964931,249
"43413",296,48,3.39910442435041,248
"43414",296,49,5.25411738030858,247
"43415",296,50,9.57523687903182,246
"43416",296,51,6.42720343370209,245
"43417",296,52,6.08217462373066,244
"43418",296,53,6.54852846166026,243
"43419",296,54,5.34776566610312,242
"43420",296,55,4.62425884008385,241
"43421",296,56,4.6852752165422,240
"43422",296,57,4.98937859682945,239
"43423",296,58,2.01204908647848,238
"43424",296,59,3.7764148991094,237
"43425",296,60,5.72265734444853,236
"43426",296,61,6.48726337849079,235
"43427",296,62,8.43331804833149,234
"43428",296,63,5.19123579659126,233
"43429",296,64,3.07755483920452,232
"43430",296,65,5.55864452064357,231
"43431",296,66,7.68944011357859,230
"43432",296,67,4.5601180258069,229
"43433",296,68,4.21032947811514,228
"43434",296,69,7.74653025006915,227
"43435",296,70,4.43694901474414,226
"43436",296,71,4.27928592821404,225
"43437",296,72,4.41349722126579,224
"43438",296,73,3.73406252141447,223
"43439",296,74,3.52900527425156,222
"43440",296,75,2.5690113740474,221
"43441",296,76,2.57471060920736,220
"43442",296,77,5.02263657217753,219
"43443",296,78,6.71351331619676,218
"43444",296,79,4.92186670316847,217
"43445",296,80,2.71136637889939,216
"43446",296,81,2.75146723828031,215
"43447",296,82,3.91302697332845,214
"43448",296,83,5.00253013952236,213
"43449",296,84,6.31201176492809,212
"43450",296,85,6.69241729049977,211
"43451",296,86,5.8216686974779,210
"43452",296,87,7.34507300742063,209
"43453",296,88,6.82898132035775,208
"43454",296,89,3.81096232807104,207
"43455",296,90,5.65446286577805,206
"43456",296,91,4.90790054850848,205
"43457",296,92,3.753895342587,204
"43458",296,93,3.60605520673189,203
"43459",296,94,7.98093015448457,202
"43460",296,95,4.8456611971746,201
"43461",296,96,4.56209157819097,200
"43462",296,97,1.94865742934378,199
"43463",296,98,4.03537046443818,198
"43464",296,99,2.78839463429469,197
"43465",296,100,1.47436977162437,196
"43466",296,101,5.62795381870879,195
"43467",296,102,3.55137103405038,194
"43468",296,103,2.57876601163826,193
"43469",296,104,2.21371044713401,192
"43470",296,105,2.46843940848598,191
"43471",296,106,4.18315132703534,190
"43472",296,107,4.82723130151904,189
"43473",296,108,3.60520153540971,188
"43474",296,109,2.45648674157886,187
"43475",296,110,5.23074387532897,186
"43476",296,111,5.74330610268946,185
"43477",296,112,3.42282745588683,184
"43478",296,113,3.18628895570865,183
"43479",296,114,3.97274452733343,182
"43480",296,115,4.0580721966795,181
"43481",296,116,6.08512231010958,180
"43482",296,117,6.11443187993874,179
"43483",296,118,5.93361559555049,178
"43484",296,119,5.07335118040061,177
"43485",296,120,4.10331927327055,176
"43486",296,121,0.688732893419344,175
"43487",296,122,3.13078964455108,174
"43488",296,123,6.2977866085312,173
"43489",296,124,3.32678439325378,172
"43490",296,125,4.89278633684394,171
"43491",296,126,3.61123883856981,170
"43492",296,127,3.7414259443452,169
"43493",296,128,2.77669893324478,168
"43494",296,129,3.84865268118847,167
"43495",296,130,3.68866587644541,166
"43496",296,131,2.88779978629738,165
"43497",296,132,3.00970823353434,164
"43498",296,133,3.14273382889104,163
"43499",296,134,3.07064521226796,162
"43500",296,135,3.56105549611786,161
"43501",296,136,2.94713640918603,160
"43502",296,137,5.02747912022981,159
"43503",296,138,4.05449434096848,158
"43504",296,139,2.27793337014589,157
"43505",296,140,2.37340256695877,156
"43506",296,141,3.70419642833854,155
"43507",296,142,3.39055446650321,154
"43508",296,143,5.1937315200541,153
"43509",296,144,4.64438153429213,152
"43510",296,145,4.44729077544338,151
"43511",296,146,5.85949262608879,150
"43512",296,147,6.23872086702413,149
"43513",296,148,5.15358155403845,148
"43514",296,149,5.44242696217265,147
"43515",296,150,5.21074693106202,146
"43516",296,151,6.24161311464914,145
"43517",296,152,7.13688384207316,144
"43518",296,153,9.37775381062185,143
"43519",296,154,7.52840369668487,142
"43520",296,155,5.28603734619635,141
"43521",296,156,4.5617248746932,140
"43522",296,157,4.78604205716266,139
"43523",296,158,6.26304224841469,138
"43524",296,159,6.70483643679435,137
"43525",296,160,7.77452010824585,136
"43526",296,161,6.44206715704311,135
"43527",296,162,5.84591779061508,134
"43528",296,163,4.80464324061715,133
"43529",296,164,7.52168083435349,132
"43530",296,165,6.78896506598189,131
"43531",296,166,5.64129822125062,130
"43532",296,167,4.82104359018513,129
"43533",296,168,3.76610459613452,128
"43534",296,169,4.67289215846737,127
"43535",296,170,4.50532073705977,126
"43536",296,171,3.8356672101198,125
"43537",296,172,4.95199659723974,124
"43538",296,173,5.9971985484813,123
"43539",296,174,6.8907011182089,122
"43540",296,175,6.88457888222426,121
"43541",296,176,7.09188238753238,120
"43542",296,177,5.42257924858861,119
"43543",296,178,4.476913590138,118
"43544",296,179,6.1037463790684,117
"43545",296,180,7.87549571819781,116
"43546",296,181,6.99488917570588,115
"43547",296,182,6.44345859912626,114
"43548",296,183,6.54961491749955,113
"43549",296,184,6.45260356576543,112
"43550",296,185,5.24854048939504,111
"43551",296,186,6.23061639140341,110
"43552",296,187,5.34761797241538,109
"43553",296,188,6.08185120008959,108
"43554",296,189,6.15508622461531,107
"43555",296,190,6.07449608670765,106
"43556",296,191,6.94377033031042,105
"43557",296,192,8.54983301761131,104
"43558",296,193,8.16600700441825,103
"43559",296,194,6.08857139750198,102
"43560",296,195,7.39805863290095,101
"43561",296,196,5.6820415540973,100
"43562",296,197,6.30266298482944,99
"43563",296,198,7.21195153874548,98
"43564",296,199,7.12104729999735,97
"43565",296,200,6.79242153231639,96
"43566",296,201,6.18200912053586,95
"43567",296,202,9.10869915609209,94
"43568",296,203,8.95544778989858,93
"43569",296,204,8.82115381705128,92
"43570",296,205,8.80491006957001,91
"43571",296,206,5.52584628104284,90
"43572",296,207,7.53776995623212,89
"43573",296,208,8.13438875271225,88
"43574",296,209,7.73144903299381,87
"43575",296,210,8.76806436275614,86
"43576",296,211,8.19018900838105,85
"43577",296,212,8.06328271562331,84
"43578",296,213,7.01643887798465,83
"43579",296,214,8.12316411230559,82
"43580",296,215,5.60947140756997,81
"43581",296,216,5.68720665306407,80
"43582",296,217,6.01223924927625,79
"43583",296,218,6.27683243121667,78
"43584",296,219,6.61019438733582,77
"43585",296,220,7.20010846888639,76
"43586",296,221,7.18210289880233,75
"43587",296,222,8.10895677006149,74
"43588",296,223,7.05597803885342,73
"43589",296,224,6.65010564468233,72
"43590",296,225,5.50606426645912,71
"43591",296,226,5.70414710523437,70
"43592",296,227,5.06362963926218,69
"43593",296,228,6.84605262308554,68
"43594",296,229,6.03072878842422,67
"43595",296,230,6.58461740295802,66
"43596",296,231,4.38803544136908,65
"43597",296,232,4.54295490250421,64
"43598",296,233,6.63316658275304,63
"43599",296,234,7.96532889265385,62
"43600",296,235,5.80089090781627,61
"43601",296,236,6.61588395211865,60
"43602",296,237,5.62397224759011,59
"43603",296,238,4.55500156173258,58
"43604",296,239,8.11072970243808,57
"43605",296,240,7.88381485002161,56
"43606",296,241,5.33768131371661,55
"43607",296,242,4.69137748482167,54
"43608",296,243,4.52857223259221,53
"43609",296,244,4.65827282396321,52
"43610",296,245,3.86324002553209,51
"43611",296,246,5.02838930369859,50
"43612",296,247,5.71612147934367,49
"43613",296,248,5.41518587426509,48
"43614",296,249,5.80867370091145,47
"43615",296,250,3.3804661980841,46
"43616",296,251,4.90958895942392,45
"43617",296,252,4.15948938880444,44
"43618",296,253,4.08597879484551,43
"43619",296,254,3.7079193323371,42
"43620",296,255,3.66255990193789,41
"43621",296,256,3.96338438077835,40
"43622",296,257,4.81345206034848,39
"43623",296,258,4.78159950002104,38
"43624",296,259,2.5506264932579,37
"43625",296,260,2.32491682798532,36
"43626",296,261,2.54989473202195,35
"43627",296,262,2.93116154316359,34
"43628",296,263,3.35465495786073,33
"43629",296,264,3.38565141047453,32
"43630",296,265,3.81006774773695,31
"43631",296,266,3.60287894500008,30
"43632",296,267,3.61452526582572,29
"43633",296,268,4.00723097053852,28
"43634",296,269,3.82762833185694,27
"43635",296,270,3.91615804655886,26
"43636",296,271,4.07701864607334,25
"43637",296,272,3.94118128116835,24
"43638",296,273,4.19798939373626,23
"43639",296,274,2.75956735833854,22
"43640",296,275,3.30062034274618,21
"43641",296,276,0.880075654595658,20
"43642",296,277,2.49089182841231,19
"43643",296,278,3.50075072870447,18
"43644",296,279,2.30271915055567,17
"43645",296,280,2.84506767153095,16
"43646",296,281,2.58796893093312,15
"43647",296,282,2.36764955919382,14
"43648",296,283,2.93722033827129,13
"43649",296,284,3.21904211238333,12
"43650",296,285,4.73726081060757,11
"43651",296,286,3.89520680555741,10
"43652",296,287,3.69291894445323,9
"43653",296,288,5.15365808803095,8
"43654",296,289,5.51731535226071,7
"43655",296,290,3.64418531386676,6
"43656",296,291,2.18741354895076,5
"43657",296,292,4.53176919945107,4
"43658",296,293,5.68885995410642,3
"43659",296,294,2.73089933800282,2
"43660",296,295,0.898694731513543,1
"43661",297,1,2.42898339348377,296
"43662",297,2,4.03436369331112,295
"43663",297,3,8.69138164419196,294
"43664",297,4,6.11336678400904,293
"43665",297,5,7.18649483563917,292
"43666",297,6,6.06422770887419,291
"43667",297,7,6.8980963559128,290
"43668",297,8,8.75174454359842,289
"43669",297,9,11.4914365392985,288
"43670",297,10,8.74323288632759,287
"43671",297,11,5.33916235231273,286
"43672",297,12,8.84696726439445,285
"43673",297,13,9.83832103892945,284
"43674",297,14,6.44942265404017,283
"43675",297,15,6.05992147220491,282
"43676",297,16,6.80394277098776,281
"43677",297,17,7.53595142693211,280
"43678",297,18,4.95945115692473,279
"43679",297,19,4.18725184826221,278
"43680",297,20,6.16397128207423,277
"43681",297,21,10.4839092642293,276
"43682",297,22,9.90965823149715,275
"43683",297,23,10.283448581304,274
"43684",297,24,8.42500303035938,273
"43685",297,25,5.14029890998994,272
"43686",297,26,7.38839623240907,271
"43687",297,27,4.85081012091227,270
"43688",297,28,4.35299204889111,269
"43689",297,29,5.50696508308799,268
"43690",297,30,4.59191229628496,267
"43691",297,31,6.83336206294532,266
"43692",297,32,5.19355024646223,265
"43693",297,33,5.51577443841687,264
"43694",297,34,9.27540756265422,263
"43695",297,35,5.43376249849781,262
"43696",297,36,5.40871271061636,261
"43697",297,37,4.60791879406879,260
"43698",297,38,3.90718610654414,259
"43699",297,39,9.33562873364229,258
"43700",297,40,8.33306504078835,257
"43701",297,41,9.05578913154456,256
"43702",297,42,6.24734729209441,255
"43703",297,43,6.61442883880831,254
"43704",297,44,6.32606592556562,253
"43705",297,45,7.59747738429371,252
"43706",297,46,8.92524442027745,251
"43707",297,47,6.57641928571957,250
"43708",297,48,3.74805799769417,249
"43709",297,49,4.59348505962275,248
"43710",297,50,10.1489653751021,247
"43711",297,51,7.00093192977235,246
"43712",297,52,6.65590311980092,245
"43713",297,53,7.12225695773052,244
"43714",297,54,6.42297609657416,243
"43715",297,55,5.1979873361541,242
"43716",297,56,5.25900371261246,241
"43717",297,57,5.5631070928997,240
"43718",297,58,2.58577758254873,239
"43719",297,59,3.93556528539444,238
"43720",297,60,6.29638584051879,237
"43721",297,61,7.06099187456104,236
"43722",297,62,9.00704654440175,235
"43723",297,63,5.76496429266151,234
"43724",297,64,3.23670522548956,233
"43725",297,65,5.71779490692861,232
"43726",297,66,8.26316860964885,231
"43727",297,67,5.13384652187716,230
"43728",297,68,4.36947986440019,229
"43729",297,69,8.32025874613941,228
"43730",297,70,5.0106775108144,227
"43731",297,71,4.8530144242843,226
"43732",297,72,4.98722571733605,225
"43733",297,73,4.30779101748473,224
"43734",297,74,4.10273377032182,223
"43735",297,75,2.72816176033244,222
"43736",297,76,3.14843910527762,221
"43737",297,77,4.36200425149169,220
"43738",297,78,6.05288099551093,219
"43739",297,79,5.49559519923873,218
"43740",297,80,3.28509487496965,217
"43741",297,81,2.67453896593958,216
"43742",297,82,4.07217735961349,215
"43743",297,83,5.1616805258074,214
"43744",297,84,6.88574026099834,213
"43745",297,85,7.26614578657002,212
"43746",297,86,6.39539719354815,211
"43747",297,87,7.91880150349088,210
"43748",297,88,7.402709816428,209
"43749",297,89,4.38469082414129,208
"43750",297,90,5.8136132520631,207
"43751",297,91,5.48162904457873,206
"43752",297,92,4.32762383865726,205
"43753",297,93,4.17978370280215,204
"43754",297,94,7.32029783379874,203
"43755",297,95,5.41938969324486,202
"43756",297,96,5.13582007426123,201
"43757",297,97,2.11857289032451,200
"43758",297,98,4.19452085072323,199
"43759",297,99,2.94754502057973,198
"43760",297,100,1.47701284412483,197
"43761",297,101,4.96732149802296,196
"43762",297,102,2.89073871336455,195
"43763",297,103,2.7379163979233,194
"43764",297,104,1.76356033880697,193
"43765",297,105,2.34634292637681,192
"43766",297,106,4.2300386333373,191
"43767",297,107,4.57069631622025,190
"43768",297,108,2.94456921472387,189
"43769",297,109,1.79585442089303,188
"43770",297,110,4.57011155464314,187
"43771",297,111,5.19550546258175,186
"43772",297,112,3.99655595195709,185
"43773",297,113,2.35792225855907,184
"43774",297,114,2.89753409686238,183
"43775",297,115,2.98286176620846,182
"43776",297,116,5.42448998942375,181
"43777",297,117,5.03922144946769,180
"43778",297,118,5.27298327486465,179
"43779",297,119,4.41271885971478,178
"43780",297,120,3.44268695258472,177
"43781",297,121,0.386477537051703,176
"43782",297,122,2.47015732386525,175
"43783",297,123,5.63715428784537,174
"43784",297,124,3.90051288932404,173
"43785",297,125,4.77054770458601,172
"43786",297,126,2.95060651788398,171
"43787",297,127,3.08079362365937,170
"43788",297,128,2.61754854695974,169
"43789",297,129,3.18802036050264,168
"43790",297,130,3.10921434972544,167
"43791",297,131,2.22716746561155,166
"43792",297,132,2.26503890100543,165
"43793",297,133,2.06752339841999,164
"43794",297,134,1.99543478179692,163
"43795",297,135,2.48584506564681,162
"43796",297,136,1.87192597871498,161
"43797",297,137,3.95226868975876,160
"43798",297,138,2.97928391049744,159
"43799",297,139,1.4778948779526,158
"43800",297,140,1.71277024627293,157
"43801",297,141,3.04356410765271,156
"43802",297,142,2.61787727866724,155
"43803",297,143,4.11852108958305,154
"43804",297,144,3.9837492136063,153
"43805",297,145,3.78665845475755,152
"43806",297,146,5.19886030540296,151
"43807",297,147,5.5780885463383,150
"43808",297,148,4.49294923335262,149
"43809",297,149,4.36721653170161,148
"43810",297,150,4.55011461037619,147
"43811",297,151,5.77510199401689,146
"43812",297,152,6.47625152138733,145
"43813",297,153,8.71712148993601,144
"43814",297,154,6.86777137599903,143
"43815",297,155,4.62540502551052,142
"43816",297,156,3.90109255400737,141
"43817",297,157,4.12540973647682,140
"43818",297,158,5.60240992772886,139
"43819",297,159,6.04420411610852,138
"43820",297,160,7.11388778756002,137
"43821",297,161,5.78143483635728,136
"43822",297,162,5.18528546992924,135
"43823",297,163,4.05436695865807,134
"43824",297,164,6.86104851366766,133
"43825",297,165,6.12833274529606,132
"43826",297,166,4.98066590056479,131
"43827",297,167,4.1604112694993,130
"43828",297,168,3.10547227544868,129
"43829",297,169,4.01225983778154,128
"43830",297,170,4.28146761928159,127
"43831",297,171,3.10780527995951,126
"43832",297,172,3.89918707264558,125
"43833",297,173,5.33656622779547,124
"43834",297,174,6.23006879752307,123
"43835",297,175,6.22394656153843,122
"43836",297,176,6.43125006684655,121
"43837",297,177,5.26342886230357,120
"43838",297,178,4.10771017544177,119
"43839",297,179,5.44311405838257,118
"43840",297,180,7.21486339751197,117
"43841",297,181,6.33425685502004,116
"43842",297,182,6.20379070315799,115
"43843",297,183,5.98600418011801,114
"43844",297,184,5.7919712450796,113
"43845",297,185,5.08939010310999,112
"43846",297,186,5.56998407071758,111
"43847",297,187,4.65897779642249,110
"43848",297,188,5.42121887940376,109
"43849",297,189,5.27035072370731,108
"43850",297,190,5.41386376602182,107
"43851",297,191,6.28313800962459,106
"43852",297,192,7.88920069692548,105
"43853",297,193,7.50537468373242,104
"43854",297,194,5.42793907681615,103
"43855",297,195,6.73742631221512,102
"43856",297,196,5.02140923341146,101
"43857",297,197,5.64203066414361,100
"43858",297,198,6.55131921805965,99
"43859",297,199,6.46041497931152,98
"43860",297,200,6.13178921163056,97
"43861",297,201,5.65078226283631,96
"43862",297,202,8.44806683540626,95
"43863",297,203,8.29481546921275,94
"43864",297,204,8.16052149636545,93
"43865",297,205,8.14427774888417,92
"43866",297,206,5.15380661339597,91
"43867",297,207,6.87713763554629,90
"43868",297,208,7.47375643202642,89
"43869",297,209,7.07081671230798,88
"43870",297,210,8.10743204207031,87
"43871",297,211,7.52955668769522,86
"43872",297,212,7.40265039493748,85
"43873",297,213,6.35580655729882,84
"43874",297,214,7.46253179161976,83
"43875",297,215,4.94883908688413,82
"43876",297,216,4.80807810158624,81
"43877",297,217,5.35160692859042,80
"43878",297,218,5.43131868447607,79
"43879",297,219,5.79268849590228,78
"43880",297,220,6.53947614820056,77
"43881",297,221,6.5214705781165,76
"43882",297,222,7.44832444937566,75
"43883",297,223,6.39534571816759,74
"43884",297,224,5.9894733239965,73
"43885",297,225,4.84543194577329,72
"43886",297,226,4.62893667476332,71
"43887",297,227,4.40299731857634,70
"43888",297,228,6.18542030239971,69
"43889",297,229,5.37009646773839,68
"43890",297,230,5.92398508227218,67
"43891",297,231,3.72740312068324,66
"43892",297,232,4.25493228177384,65
"43893",297,233,5.58596400758905,64
"43894",297,234,7.30469657196801,63
"43895",297,235,5.14025858713043,62
"43896",297,236,5.95525163143281,61
"43897",297,237,4.55435532062734,60
"43898",297,238,4.12693273754969,59
"43899",297,239,7.03551927196704,58
"43900",297,240,7.22318252933578,57
"43901",297,241,4.67704899303078,56
"43902",297,242,4.03074516413584,55
"43903",297,243,4.36942184630717,54
"43904",297,244,3.99764050327738,53
"43905",297,245,3.20260770484625,52
"43906",297,246,4.36775698301276,51
"43907",297,247,5.04428870571939,50
"43908",297,248,4.33997544379405,49
"43909",297,249,4.7334632704404,48
"43910",297,250,2.80673770201384,47
"43911",297,251,3.83437852895287,46
"43912",297,252,3.0842789583334,45
"43913",297,253,3.25727245047352,44
"43914",297,254,3.14451668414226,43
"43915",297,255,3.50340951565285,42
"43916",297,256,3.30275206009252,41
"43917",297,257,4.15281973966264,40
"43918",297,258,4.1209671793352,39
"43919",297,259,1.88999417257207,38
"43920",297,260,1.66428450729949,37
"43921",297,261,1.88926241133612,36
"43922",297,262,2.27052922247775,35
"43923",297,263,2.27944452738968,34
"43924",297,264,2.81192291440427,33
"43925",297,265,2.7348573172659,32
"43926",297,266,3.02915044892982,31
"43927",297,267,3.04079676975547,30
"43928",297,268,3.43350247446827,29
"43929",297,269,2.96290011374468,28
"43930",297,270,2.8571005392063,27
"43931",297,271,3.0018082156023,26
"43932",297,272,3.28054896048252,25
"43933",297,273,3.53735707305043,24
"43934",297,274,3.16522183072264,23
"43935",297,275,3.45977072903122,22
"43936",297,276,1.69197459659903,21
"43937",297,277,1.83025950772647,20
"43938",297,278,2.84011840801864,19
"43939",297,279,1.64208682986984,18
"43940",297,280,2.68591728524591,17
"43941",297,281,2.42881854464807,16
"43942",297,282,2.20849917290878,15
"43943",297,283,2.77806995198625,14
"43944",297,284,2.14383168191228,13
"43945",297,285,3.66205038013652,12
"43946",297,286,2.81999637508636,11
"43947",297,287,3.0322866237674,10
"43948",297,288,4.49302576734512,9
"43949",297,289,4.85668303157488,8
"43950",297,290,2.98355299318092,7
"43951",297,291,1.75320827455548,6
"43952",297,292,3.45655876898002,5
"43953",297,293,5.02822763342059,4
"43954",297,294,3.25974392460216,3
"43955",297,295,1.8616420820015,2
"43956",297,296,1.07521043047105,1
"43957",298,1,3.08296241875312,297
"43958",298,2,3.50492518477468,296
"43959",298,3,7.17810503060625,295
"43960",298,4,4.76557309615573,294
"43961",298,5,5.67321822205346,293
"43962",298,6,5.79600072168066,292
"43963",298,7,5.38481974232708,291
"43964",298,8,7.23846793001271,290
"43965",298,9,9.97815992571274,289
"43966",298,10,7.22995627274188,288
"43967",298,11,5.83716153613234,287
"43968",298,12,7.33369065080874,286
"43969",298,13,8.32504442534374,285
"43970",298,14,5.97945320032975,284
"43971",298,15,4.77281179342637,283
"43972",298,16,5.29066615740205,282
"43973",298,17,6.0226748133464,281
"43974",298,18,5.96902859113588,280
"43975",298,19,4.27164656607139,279
"43976",298,20,4.65069466848852,278
"43977",298,21,8.97063265064359,277
"43978",298,22,8.39638161791144,276
"43979",298,23,8.77017196771827,275
"43980",298,24,7.12834726014044,274
"43981",298,25,4.58584524647461,273
"43982",298,26,7.88079400419687,272
"43983",298,27,5.45096110745658,271
"43984",298,28,5.9731811903591,270
"43985",298,29,4.93508221193812,269
"43986",298,30,5.65828717861277,268
"43987",298,31,5.32008544935961,267
"43988",298,32,6.93099764464221,266
"43989",298,33,6.00817221020467,265
"43990",298,34,7.7621309490685,264
"43991",298,35,4.9302126522818,263
"43992",298,36,6.04622667898716,262
"43993",298,37,3.74122730589271,261
"43994",298,38,5.19083364077151,260
"43995",298,39,7.82235212005658,259
"43996",298,40,6.81978842720264,258
"43997",298,41,7.54251251795885,257
"43998",298,42,5.97912030490089,256
"43999",298,43,5.1011522252226,255
"44000",298,44,4.81278931197991,254
"44001",298,45,6.084200770708,253
"44002",298,46,7.41196780669174,252
"44003",298,47,5.06314267213386,251
"44004",298,48,2.23478138410846,250
"44005",298,49,2.85603766144276,249
"44006",298,50,8.63568876151636,248
"44007",298,51,5.48765531618664,247
"44008",298,52,5.1426265062152,246
"44009",298,53,5.60898034414481,245
"44010",298,54,6.15474910938064,244
"44011",298,55,4.6860823097686,243
"44012",298,56,4.94586974959915,242
"44013",298,57,4.04983047931399,241
"44014",298,58,2.91715618120509,240
"44015",298,59,4.42796305718224,239
"44016",298,60,4.78310922693308,238
"44017",298,61,5.54771526097533,237
"44018",298,62,7.49376993081604,236
"44019",298,63,4.2516876790758,235
"44020",298,64,3.72910299727736,234
"44021",298,65,6.21019267871641,233
"44022",298,66,6.74989199606314,232
"44023",298,67,4.81729082106987,231
"44024",298,68,4.86187763618798,230
"44025",298,69,6.8069821325537,229
"44026",298,70,3.85570782388378,228
"44027",298,71,3.33973781069858,227
"44028",298,72,3.47394910375034,226
"44029",298,73,3.56787786631268,225
"44030",298,74,3.0296094099654,224
"44031",298,75,3.22055953212023,223
"44032",298,76,1.63516249169191,222
"44033",298,77,2.62455685331171,221
"44034",298,78,4.31543359733095,220
"44035",298,79,3.98231858565302,219
"44036",298,80,3.31102672437984,218
"44037",298,81,1.18366325823075,217
"44038",298,82,4.56457513140129,216
"44039",298,83,5.6540782975952,215
"44040",298,84,5.37246364741263,214
"44041",298,85,5.75286917298431,213
"44042",298,86,4.88212057996244,212
"44043",298,87,6.40552488990517,211
"44044",298,88,5.88943320284229,210
"44045",298,89,3.19075485555928,209
"44046",298,90,6.30601102385089,208
"44047",298,91,4.81992300236224,207
"44048",298,92,3.22892533485676,206
"44049",298,93,2.66650708921644,205
"44050",298,94,5.58285043561876,204
"44051",298,95,4.16381761869665,203
"44052",298,96,3.62254346067552,202
"44053",298,97,0.71834072741988,201
"44054",298,98,4.68691862251102,200
"44055",298,99,4.31326709784778,199
"44056",298,100,2.48679836752268,198
"44057",298,101,4.49431514891675,197
"44058",298,102,2.7163797354658,196
"44059",298,103,3.2303141697111,195
"44060",298,104,1.29365782806042,194
"44061",298,105,1.48294805573693,193
"44062",298,106,4.72243640512509,192
"44063",298,107,3.05741970263454,191
"44064",298,108,1.28752227605959,190
"44065",298,109,0.861411052374704,189
"44066",298,110,2.83266415646316,188
"44067",298,111,3.68222884899604,187
"44068",298,112,3.91750204321196,186
"44069",298,113,2.85032003034686,185
"44070",298,114,3.1657610840559,184
"44071",298,115,3.25108875340198,183
"44072",298,116,5.11567179257607,182
"44073",298,117,5.30744843666121,181
"44074",298,118,4.5831883270471,180
"44075",298,119,2.67527146153479,179
"44076",298,120,1.70523955440474,178
"44077",298,121,1.98946571628276,177
"44078",298,122,2.17253957995602,176
"44079",298,123,4.89693713292197,175
"44080",298,124,3.9223033947906,174
"44081",298,125,3.25727109100029,173
"44082",298,126,1.213159119704,172
"44083",298,127,1.50482343436759,171
"44084",298,128,2.24280259175225,170
"44085",298,129,1.45057296232265,169
"44086",298,130,2.61681657793765,168
"44087",298,131,1.82110828834562,167
"44088",298,132,2.20272479025681,166
"44089",298,133,2.33575038561351,165
"44090",298,134,3.08842326052187,164
"44091",298,135,3.10987855096883,163
"44092",298,136,3.17505852487032,162
"44093",298,137,4.22049567695229,161
"44094",298,138,3.24751089769096,160
"44095",298,139,2.99117149153831,159
"44096",298,140,2.35832060656019,158
"44097",298,141,2.55325982935699,157
"44098",298,142,3.06867893974711,156
"44099",298,143,4.38674807677658,155
"44100",298,144,3.83179114158444,154
"44101",298,145,3.35842936500716,153
"44102",298,146,4.19533166201188,152
"44103",298,147,4.25521925794353,151
"44104",298,148,4.18972454001322,150
"44105",298,149,4.63544351889513,149
"44106",298,150,4.56908340029083,148
"44107",298,151,5.46758564828387,147
"44108",298,152,5.46711592856608,146
"44109",298,153,6.97967409175603,145
"44110",298,154,5.13032397781905,144
"44111",298,155,4.01985875844829,143
"44112",298,156,3.28884363769107,142
"44113",298,157,3.55227336024493,141
"44114",298,158,3.86496252954888,140
"44115",298,159,5.08295539551115,139
"44116",298,160,5.81277740276593,138
"44117",298,161,4.72298245441725,137
"44118",298,162,4.18075627405925,136
"44119",298,163,4.07806025685532,135
"44120",298,164,5.12360111548767,134
"44121",298,165,4.39088534711608,133
"44122",298,166,3.24321850238481,132
"44123",298,167,3.30254229799559,131
"44124",298,168,3.50090201805341,130
"44125",298,169,4.14252048862433,129
"44126",298,170,4.37732893039534,128
"44127",298,171,3.31956643871676,127
"44128",298,172,4.14501315396221,126
"44129",298,173,4.73641524125116,125
"44130",298,174,5.57388865444274,124
"44131",298,175,4.48649916335845,123
"44132",298,176,4.69380266866657,122
"44133",298,177,4.77103109051577,121
"44134",298,178,4.09151317348348,120
"44135",298,179,4.43893272560414,119
"44136",298,180,5.47741599933199,118
"44137",298,181,4.59680945684006,117
"44138",298,182,5.7113929313702,116
"44139",298,183,5.49360640833021,115
"44140",298,184,4.85567221116299,114
"44141",298,185,4.79868115974558,113
"44142",298,186,4.88338706543119,112
"44143",298,187,4.97697154252375,111
"44144",298,188,4.25872593058365,110
"44145",298,189,5.34810278133779,109
"44146",298,190,3.67641636784183,108
"44147",298,191,4.5456906114446,107
"44148",298,192,6.32542082593992,106
"44149",298,193,5.76792728555244,105
"44150",298,194,4.34202231487343,104
"44151",298,195,4.99997891403514,103
"44152",298,196,3.28396183523148,102
"44153",298,197,3.90458326596363,101
"44154",298,198,4.81387181987967,100
"44155",298,199,5.10393088617952,99
"44156",298,200,5.70201465236598,98
"44157",298,201,6.29007395325402,97
"44158",298,202,7.62941961806995,96
"44159",298,203,7.43025018699126,95
"44160",298,204,7.34483116187284,94
"44161",298,205,6.40683035070419,93
"44162",298,206,6.4653943985583,92
"44163",298,207,5.13969023736631,91
"44164",298,208,5.73630903384644,90
"44165",298,209,5.33336931412799,89
"44166",298,210,6.36998464389033,88
"44167",298,211,5.79210928951524,87
"44168",298,212,5.71319356544286,86
"44169",298,213,4.87693598475634,85
"44170",298,214,5.72508439343977,84
"44171",298,215,4.48468844022809,83
"44172",298,216,4.88022320978654,82
"44173",298,217,3.72059744813041,81
"44174",298,218,5.46984898793915,80
"44175",298,219,5.80321094405829,79
"44176",298,220,4.80202875002058,78
"44177",298,221,5.18815839167879,77
"44178",298,222,5.71087705119568,76
"44179",298,223,4.70633107819473,75
"44180",298,224,5.31944542020202,74
"44181",298,225,4.54220725243388,73
"44182",298,226,4.89716366195684,72
"44183",298,227,3.86446899207633,71
"44184",298,228,4.44797290421973,70
"44185",298,229,4.23067138101921,69
"44186",298,230,4.61231624681586,68
"44187",298,231,4.04595281906278,67
"44188",298,232,4.45163800709928,66
"44189",298,233,5.82618313947552,65
"44190",298,234,5.56724917378803,64
"44191",298,235,3.92030298515387,63
"44192",298,236,4.21780423325283,62
"44193",298,237,4.81698880431258,61
"44194",298,238,5.49454967924803,60
"44195",298,239,7.30374625916056,59
"44196",298,240,5.4857351311558,58
"44197",298,241,3.11733577145084,57
"44198",298,242,3.37666209427313,56
"44199",298,243,3.87702407451937,55
"44200",298,244,3.12537850589237,54
"44201",298,245,3.56102019072142,53
"44202",298,246,3.89086476247893,52
"44203",298,247,4.90913803606615,51
"44204",298,248,4.60820243098757,50
"44205",298,249,5.00169025763393,49
"44206",298,250,4.32001431559955,48
"44207",298,251,4.10260551614639,47
"44208",298,252,4.4522312861494,46
"44209",298,253,3.61844083739129,45
"44210",298,254,3.87345233583322,44
"44211",298,255,3.94223595653961,43
"44212",298,256,3.41631176383894,42
"44213",298,257,3.41260258473924,41
"44214",298,258,3.54323054458968,40
"44215",298,259,0.284445687191913,39
"44216",298,260,1.20979319264255,38
"44217",298,261,1.12103740110566,37
"44218",298,262,1.82305689139661,36
"44219",298,263,3.37232896152128,35
"44220",298,264,4.32519952798998,34
"44221",298,265,4.00537188340419,33
"44222",298,266,4.54242706251553,32
"44223",298,267,4.55407338334118,31
"44224",298,268,4.94677908805398,30
"44225",298,269,4.47617672733039,29
"44226",298,270,4.37037715279201,28
"44227",298,271,3.73899019619875,27
"44228",298,272,2.56835310678807,26
"44229",298,273,2.13045077281258,25
"44230",298,274,3.41111551641138,24
"44231",298,275,3.95216850081901,23
"44232",298,276,3.27815537346147,22
"44233",298,277,1.2637233259194,21
"44234",298,278,1.43881905721096,20
"44235",298,279,0.72929687862793,19
"44236",298,280,3.01708222952027,18
"44237",298,281,2.98968017265288,17
"44238",298,282,3.12231625065451,16
"44239",298,283,3.77592404157505,15
"44240",298,284,3.02633794827845,14
"44241",298,285,3.93027736733004,13
"44242",298,286,3.73514663261791,12
"44243",298,287,2.5497874538034,11
"44244",298,288,2.75557836916514,10
"44245",298,289,3.11923563339489,9
"44246",298,290,1.24610559500094,8
"44247",298,291,2.31967685199046,7
"44248",298,292,3.72478575617355,6
"44249",298,293,3.4700547118652,5
"44250",298,294,1.74646731101645,4
"44251",298,295,1.67745210665106,3
"44252",298,296,2.39807971886582,2
"44253",298,297,1.73744739817998,1
"44254",299,1,2.66848890449589,298
"44255",299,2,3.57917220370173,297
"44256",299,3,8.23619015458257,296
"44257",299,4,5.65817529439965,295
"44258",299,5,6.73130334602978,294
"44259",299,6,6.38546899718246,293
"44260",299,7,6.4429048663034,292
"44261",299,8,8.29655305398903,291
"44262",299,9,11.0362450496891,290
"44263",299,10,8.2880413967182,289
"44264",299,11,5.57352640516891,288
"44265",299,12,8.39177577478506,287
"44266",299,13,9.38312954932006,286
"44267",299,14,6.56892147583155,285
"44268",299,15,5.60472998259552,284
"44269",299,16,6.34875128137837,283
"44270",299,17,7.08075993732272,282
"44271",299,18,5.24751948188567,281
"44272",299,19,4.01875430529571,280
"44273",299,20,5.70877979246484,279
"44274",299,21,10.0287177746199,278
"44275",299,22,9.45446674188776,277
"44276",299,23,9.8282570916946,276
"44277",299,24,7.96981154074999,275
"44278",299,25,5.17531352197641,274
"44279",299,26,7.62790174342119,273
"44280",299,27,5.17205140922054,272
"44281",299,28,5.2516720811089,271
"44282",299,29,5.13701212658533,270
"44283",299,30,4.93677806936256,269
"44284",299,31,6.37817057333593,268
"44285",299,32,6.20948853539201,267
"44286",299,33,5.75527994942899,266
"44287",299,34,8.82021607304483,265
"44288",299,35,5.5196809277836,264
"44289",299,36,5.64821822162847,263
"44290",299,37,4.3306955813945,262
"44291",299,38,4.46932453152131,261
"44292",299,39,8.8804372440329,260
"44293",299,40,7.87787355117896,259
"44294",299,41,8.60059764193517,258
"44295",299,42,6.56858858040269,257
"44296",299,43,6.15923734919892,256
"44297",299,44,5.87087443595623,255
"44298",299,45,7.14228589468432,254
"44299",299,46,8.47005293066806,253
"44300",299,47,6.12122779611018,252
"44301",299,48,3.29286650808478,251
"44302",299,49,3.57754677069297,250
"44303",299,50,9.69377388549268,249
"44304",299,51,6.54574044016296,248
"44305",299,52,6.20071163019152,247
"44306",299,53,6.66706546812113,246
"44307",299,54,6.74421738488243,245
"44308",299,55,4.74279584654471,244
"44309",299,56,4.80381222300307,243
"44310",299,57,5.10791560329031,242
"44311",299,58,2.73909089718074,241
"44312",299,59,4.17507079640656,240
"44313",299,60,5.8411943509094,239
"44314",299,61,6.60580038495165,238
"44315",299,62,8.55185505479236,237
"44316",299,63,5.30977280305212,236
"44317",299,64,3.47621073650168,235
"44318",299,65,5.95730041794073,234
"44319",299,66,7.80797712003946,233
"44320",299,67,5.40675909657166,232
"44321",299,68,4.6089853754123,231
"44322",299,69,7.86506725653002,230
"44323",299,70,4.55548602120501,229
"44324",299,71,4.39782293467491,228
"44325",299,72,4.53203422772666,227
"44326",299,73,4.15734614181448,226
"44327",299,74,3.64754228071243,225
"44328",299,75,2.96766727134455,224
"44329",299,76,2.69324761566823,223
"44330",299,77,3.34606596256192,222
"44331",299,78,5.26157547915889,221
"44332",299,79,5.04040370962934,220
"44333",299,80,3.05813446360416,219
"44334",299,81,2.21934747633018,218
"44335",299,82,4.31168287062561,217
"44336",299,83,5.40118603681952,216
"44337",299,84,6.43054877138895,215
"44338",299,85,6.81095429696063,214
"44339",299,86,5.94020570393876,213
"44340",299,87,7.46361001388149,212
"44341",299,88,6.94751832681861,211
"44342",299,89,3.9294993345319,210
"44343",299,90,6.05311876307521,209
"44344",299,91,5.02643755496934,208
"44345",299,92,3.87243234904787,207
"44346",299,93,3.72459221319276,206
"44347",299,94,6.30435954486896,205
"44348",299,95,4.96419820363547,204
"44349",299,96,4.68062858465184,203
"44350",299,97,1.66338140071512,202
"44351",299,98,4.43402636173534,201
"44352",299,99,3.59175798859757,200
"44353",299,100,1.76528925827247,199
"44354",299,101,3.95138320909318,198
"44355",299,102,2.126911459964,197
"44356",299,103,2.97742190893542,196
"44357",299,104,1.88312610356221,195
"44358",299,105,1.89115143676742,194
"44359",299,106,4.46954414434942,193
"44360",299,107,4.11550482661086,192
"44361",299,108,1.9286309257941,191
"44362",299,109,0.779916131963251,190
"44363",299,110,3.55417326571336,189
"44364",299,111,4.74031397297236,188
"44365",299,112,3.66460978243628,187
"44366",299,113,2.59742776957118,186
"44367",299,114,2.57629280855411,185
"44368",299,115,2.66162047790018,184
"44369",299,116,4.52620351707428,183
"44370",299,117,4.71798016115942,182
"44371",299,118,4.25704498593487,181
"44372",299,119,3.396780570785,180
"44373",299,120,2.74036742935634,179
"44374",299,121,1.26795660703256,178
"44375",299,122,1.58307130445423,177
"44376",299,123,4.62121599891559,176
"44377",299,124,3.66941113401492,175
"44378",299,125,4.31535621497661,174
"44379",299,126,1.9346682289542,173
"44380",299,127,2.06485533472959,172
"44381",299,128,2.37804303594762,171
"44382",299,129,2.17208207157286,170
"44383",299,130,2.86970883871333,169
"44384",299,131,1.93954133017238,168
"44385",299,132,1.61325651475502,167
"44386",299,133,1.74628211011172,166
"44387",299,134,2.03033813654555,165
"44388",299,135,2.16460377733854,164
"44389",299,136,2.116973400894,163
"44390",299,137,3.63102740145049,162
"44391",299,138,2.65804262218917,161
"44392",299,139,1.93308636756199,160
"44393",299,140,1.31144938144421,159
"44394",299,141,2.75572988302682,158
"44395",299,142,2.01059381577079,157
"44396",299,143,3.79727980127478,156
"44397",299,144,3.24232286608264,155
"44398",299,145,2.77072016582777,154
"44399",299,146,4.18292201647318,153
"44400",299,147,4.56215025740852,152
"44401",299,148,3.60025626451142,151
"44402",299,149,4.04597524339334,150
"44403",299,150,3.98721249206591,149
"44404",299,151,5.53559648300477,148
"44405",299,152,5.46031323245755,147
"44406",299,153,7.70118320100623,146
"44407",299,154,5.85183308706925,145
"44408",299,155,4.27275101922397,144
"44409",299,156,3.14396519105015,143
"44410",299,157,3.8051656210206,142
"44411",299,158,4.58647163879908,141
"44412",299,159,5.33584765628683,140
"44413",299,160,6.09794949863024,139
"44414",299,161,4.97587471519293,138
"44415",299,162,4.16934718099947,137
"44416",299,163,3.40819152183783,136
"44417",299,164,5.84511022473788,135
"44418",299,165,5.11239445636628,134
"44419",299,166,3.96472761163501,133
"44420",299,167,3.14447298056952,132
"44421",299,168,2.44281689407709,131
"44422",299,169,3.75673145939263,130
"44423",299,170,4.04196210826948,129
"44424",299,171,2.43921549134049,128
"44425",299,172,3.55554487846042,127
"44426",299,173,4.32062793886569,126
"44427",299,174,5.21413050859329,125
"44428",299,175,5.20800827260865,124
"44429",299,176,5.41531177791677,123
"44430",299,177,5.02392335129145,122
"44431",299,178,3.86820466442965,121
"44432",299,179,4.54055836506228,120
"44433",299,180,6.19892510858219,119
"44434",299,181,5.31831856609027,118
"44435",299,182,5.96428519214588,117
"44436",299,183,5.74649866910589,116
"44437",299,184,4.77603295614982,115
"44438",299,185,4.84988459209788,114
"44439",299,186,5.13627932620686,113
"44440",299,187,3.95116625363606,112
"44441",299,188,4.40528059047398,111
"44442",299,189,4.75863450583599,110
"44443",299,190,4.39792547709204,109
"44444",299,191,5.26719972069481,108
"44445",299,192,6.8732624079957,107
"44446",299,193,6.48943639480264,106
"44447",299,194,4.4772627590688,105
"44448",299,195,5.72148802328534,104
"44449",299,196,4.00547094448169,103
"44450",299,197,4.62609237521383,102
"44451",299,198,5.53538092912987,101
"44452",299,199,5.44447669038174,100
"44453",299,200,5.58514406103212,99
"44454",299,201,5.41127675182419,98
"44455",299,202,7.43212854647648,97
"44456",299,203,7.68314244776693,96
"44457",299,204,7.59772342264852,95
"44458",299,205,7.1283394599544,94
"44459",299,206,5.40730927458198,93
"44460",299,207,5.86119934661651,92
"44461",299,208,6.45781814309664,91
"44462",299,209,6.0548784233782,90
"44463",299,210,7.09149375314053,89
"44464",299,211,6.51361839876544,88
"44465",299,212,6.3867121060077,87
"44466",299,213,5.33986826836905,86
"44467",299,214,6.44659350268998,85
"44468",299,215,4.27258038411271,84
"44469",299,216,4.29075493428475,83
"44470",299,217,4.33566863966064,82
"44471",299,218,4.88038071243736,81
"44472",299,219,5.2137426685565,80
"44473",299,220,5.52353785927078,79
"44474",299,221,5.50553228918672,78
"44475",299,222,6.43238616044588,77
"44476",299,223,5.37940742923781,76
"44477",299,224,5.57233768097769,75
"44478",299,225,3.95273897693209,74
"44479",299,226,4.30769538645505,73
"44480",299,227,3.38705902964657,72
"44481",299,228,5.16948201346993,71
"44482",299,229,4.48356364179488,70
"44483",299,230,4.9080467933424,69
"44484",299,231,2.98786769508646,68
"44485",299,232,4.01542677076172,67
"44486",299,233,5.23671486397372,66
"44487",299,234,6.28875828303824,65
"44488",299,235,4.17319524592954,64
"44489",299,236,4.93931334250303,63
"44490",299,237,4.22752052881079,62
"44491",299,238,4.43646455527171,61
"44492",299,239,6.71427798365876,60
"44493",299,240,6.207244240406,59
"44494",299,241,3.661110704101,58
"44495",299,242,3.6295543550488,57
"44496",299,243,4.12991633529505,56
"44497",299,244,3.15977453587605,55
"44498",299,245,2.5029350667451,54
"44499",299,246,3.35181869408298,53
"44500",299,247,4.31966976056435,52
"44501",299,248,4.01873415548578,51
"44502",299,249,4.41222198213213,50
"44503",299,250,3.26192919162323,49
"44504",299,251,3.5131372406446,48
"44505",299,252,3.39414616217307,47
"44506",299,253,2.68952707606619,46
"44507",299,254,2.90501117313015,45
"44508",299,255,3.26390400464073,44
"44509",299,256,2.46467800350448,43
"44510",299,257,3.13688145073287,42
"44511",299,258,3.10502889040543,41
"44512",299,259,1.27815321902933,40
"44513",299,260,0.648346218369708,39
"44514",299,261,0.873324122406341,38
"44515",299,262,1.25459093354798,37
"44516",299,263,2.31424383754496,36
"44517",299,264,3.26711440401366,35
"44518",299,265,2.94728675942787,34
"44519",299,266,3.48434193853921,33
"44520",299,267,3.49598825936486,32
"44521",299,268,3.88869396407766,31
"44522",299,269,3.41809160335407,30
"44523",299,270,3.31229202881569,29
"44524",299,271,2.68090507222243,28
"44525",299,272,2.26461067155274,27
"44526",299,273,2.52141878412065,26
"44527",299,274,3.1582232556357,25
"44528",299,275,3.69927624004334,24
"44529",299,276,2.55664626421127,23
"44530",299,277,0.814321218796695,22
"44531",299,278,1.82418011908886,21
"44532",299,279,0.982189139403608,20
"44533",299,280,2.44641177423379,19
"44534",299,281,2.18931303363596,18
"44535",299,282,2.06423112667819,17
"44536",299,283,2.71783891759873,16
"44537",299,284,1.96825282430213,15
"44538",299,285,3.34080909182825,14
"44539",299,286,2.67706150864159,13
"44540",299,287,2.01634833483762,12
"44541",299,288,3.47708747841534,11
"44542",299,289,3.8407447426451,10
"44543",299,290,1.96761470425115,9
"44544",299,291,1.51370276354337,8
"44545",299,292,3.13531748067175,7
"44546",299,293,4.23692211706855,6
"44547",299,294,2.80455243499277,5
"44548",299,295,2.18288337030978,4
"44549",299,296,1.67657060961561,3
"44550",299,297,1.01593828892978,2
"44551",299,298,1.05808512397632,1
"44552",300,1,2.19293059754566,299
"44553",300,2,3.28145273876103,298
"44554",300,3,7.93847068964187,297
"44555",300,4,6.33501552427439,296
"44556",300,5,6.71614298549509,295
"44557",300,6,7.36544314979933,294
"44558",300,7,6.9004711156808,293
"44559",300,8,7.99883358904833,292
"44560",300,9,10.7385255847484,291
"44561",300,10,7.9903219317775,290
"44562",300,11,6.55350055778578,289
"44563",300,12,8.09405630984435,288
"44564",300,13,9.08541008437935,287
"44565",300,14,7.54889562844841,286
"44566",300,15,6.34225422154503,285
"44567",300,16,6.29371583044007,284
"44568",300,17,6.88047823405973,283
"44569",300,18,4.983745859225,282
"44570",300,19,3.43434089371211,281
"44571",300,20,5.45941505228625,280
"44572",300,21,9.73099830967921,279
"44573",300,22,9.8276528260536,278
"44574",300,23,9.53053762675389,277
"44575",300,24,8.6977896882591,276
"44576",300,25,6.15528767459327,275
"44577",300,26,6.08643450320295,274
"44578",300,27,6.15202556183741,273
"44579",300,28,5.25512271018731,272
"44580",300,29,6.1169862792022,271
"44581",300,30,5.8931277372101,270
"44582",300,31,6.35541495748627,269
"44583",300,32,5.94571491273134,268
"44584",300,33,4.71803478026921,267
"44585",300,34,8.52249660810412,266
"44586",300,35,6.49965508040046,265
"44587",300,36,5.06094394707628,264
"44588",300,37,5.31066973401137,263
"44589",300,38,5.20840154746928,262
"44590",300,39,8.5827177790922,261
"44591",300,40,7.81227757401505,260
"44592",300,41,8.30287817699446,259
"44593",300,42,7.54856273301955,258
"44594",300,43,5.86151788425821,257
"44595",300,44,5.57315497101552,256
"44596",300,45,6.84456642974361,255
"44597",300,46,8.17233346572736,254
"44598",300,47,5.82350833116948,253
"44599",300,48,2.99514704314407,252
"44600",300,49,3.84132039335364,251
"44601",300,50,9.39605442055198,250
"44602",300,51,6.24802097522226,249
"44603",300,52,5.90299216525082,248
"44604",300,53,6.42344919172544,247
"44605",300,54,7.7241915374993,246
"44606",300,55,4.44507638160401,245
"44607",300,56,4.50609275806237,244
"44608",300,57,5.10131291055914,243
"44609",300,58,3.71906504979761,242
"44610",300,59,2.63360355618831,241
"44611",300,60,5.54347488596869,240
"44612",300,61,6.30808092001095,239
"44613",300,62,8.25413558985166,238
"44614",300,63,5.01205333811142,237
"44615",300,64,2.25408414128713,236
"44616",300,65,4.41583317772248,235
"44617",300,66,7.51025765509875,234
"44618",300,67,6.38673324918853,233
"44619",300,68,3.57174020625252,232
"44620",300,69,7.56734779158932,231
"44621",300,70,4.25776655626431,230
"44622",300,71,4.1001034697342,229
"44623",300,72,4.23431476278595,228
"44624",300,73,5.13732029443135,227
"44625",300,74,3.69977680552396,226
"44626",300,75,1.91556435849092,225
"44627",300,76,2.39552815072752,224
"44628",300,77,3.60983958522259,223
"44629",300,78,5.30071632924182,222
"44630",300,79,4.74268424468863,221
"44631",300,80,2.53218392041955,220
"44632",300,81,1.92162801138948,219
"44633",300,82,2.77021563040736,218
"44634",300,83,3.95496970730469,217
"44635",300,84,6.13282930644825,216
"44636",300,85,6.51323483201993,215
"44637",300,86,5.99267432908534,214
"44638",300,87,7.16589054894079,213
"44639",300,88,6.64979886187791,212
"44640",300,89,4.27880718452259,211
"44641",300,90,4.51165152285697,210
"44642",300,91,4.72871809002864,209
"44643",300,92,3.59076176263229,208
"44644",300,93,3.83134610492273,207
"44645",300,94,6.56813316752963,206
"44646",300,95,4.66647873869477,205
"44647",300,96,4.38290911971113,204
"44648",300,97,2.28778315553854,203
"44649",300,98,2.8925591215171,202
"44650",300,99,3.3279843659369,201
"44651",300,100,1.5015156356118,200
"44652",300,101,4.21515683175385,199
"44653",300,102,2.13857404709544,198
"44654",300,103,1.43595466871717,197
"44655",300,104,3.0655220680131,196
"44656",300,105,1.59343197182671,195
"44657",300,106,2.92807690413117,194
"44658",300,107,3.81778536167015,193
"44659",300,108,3.08188177705351,192
"44660",300,109,2.07872536932743,191
"44661",300,110,3.81794688837404,190
"44662",300,111,4.44259450803166,189
"44663",300,112,3.24364499740699,188
"44664",300,113,1.05596052935294,187
"44665",300,114,1.76969025408425,186
"44666",300,115,2.49237956782631,185
"44667",300,116,4.67232532315464,184
"44668",300,117,3.73800600854255,183
"44669",300,118,4.52081860859555,182
"44670",300,119,3.66055419344567,181
"44671",300,120,2.69052228631561,180
"44672",300,121,1.68769297797684,179
"44673",300,122,2.09018617917818,178
"44674",300,123,4.88498962157627,177
"44675",300,124,3.14760193477394,176
"44676",300,125,4.01763675003591,175
"44677",300,126,2.19844185161487,174
"44678",300,127,3.29918293536151,173
"44679",300,128,3.91951027616587,172
"44680",300,129,3.0019363155341,171
"44681",300,130,4.41117607893157,170
"44682",300,131,3.48100857039062,169
"44683",300,132,1.72346049168846,168
"44684",300,133,1.23549705123283,167
"44685",300,134,2.32805760148626,166
"44686",300,135,2.34951289193321,165
"44687",300,136,2.75084091320701,164
"44688",300,137,2.65105324883362,163
"44689",300,138,1.6780684695723,162
"44690",300,139,2.23080583250269,161
"44691",300,140,2.85291662166245,160
"44692",300,141,4.29719712324507,159
"44693",300,142,3.1598972980026,158
"44694",300,143,2.85652740282531,157
"44695",300,144,3.23158454733719,156
"44696",300,145,4.16675907568295,155
"44697",300,146,4.44669563913385,154
"44698",300,147,4.8259238800692,153
"44699",300,148,3.74078456708351,152
"44700",300,149,3.06600109077647,151
"44701",300,150,5.52867973228415,150
"44702",300,151,7.07706372322302,149
"44703",300,152,5.72408685511822,148
"44704",300,153,7.96495682366691,147
"44705",300,154,6.11560670972993,146
"44706",300,155,5.81421825944221,145
"44707",300,156,4.68543243126839,144
"44708",300,157,5.34663286123885,143
"44709",300,158,5.109186243174,142
"44710",300,159,6.87731489650507,141
"44711",300,160,7.60713690375985,140
"44712",300,161,6.51734195541118,139
"44713",300,162,5.54933721232951,138
"44714",300,163,4.1916795209877,137
"44715",300,164,6.10888384739855,136
"44716",300,165,5.37616807902695,135
"44717",300,166,5.00496002336168,134
"44718",300,167,3.40824660323019,133
"44719",300,168,3.77700180236368,132
"44720",300,169,5.29819869961087,131
"44721",300,170,5.58342934848772,130
"44722",300,171,3.45560005464793,129
"44723",300,172,3.84250849066332,128
"44724",300,173,5.24771185531793,127
"44725",300,174,5.47790413125396,126
"44726",300,175,5.47178189526932,125
"44727",300,176,5.67908540057745,124
"44728",300,177,6.5653905915097,123
"44729",300,178,5.40967190464789,122
"44730",300,179,6.08202560528052,121
"44731",300,180,6.46269873124287,120
"44732",300,181,5.90595699671921,119
"44733",300,182,7.50575243236412,118
"44734",300,183,7.28796590932414,117
"44735",300,184,5.0398065788105,116
"44736",300,185,6.39135183231612,115
"44737",300,186,6.67774656642511,114
"44738",300,187,5.15222691262232,113
"44739",300,188,5.67212212652959,112
"44740",300,189,4.5181860574382,111
"44741",300,190,5.43815788881871,110
"44742",300,191,5.90272467541576,109
"44743",300,192,7.13703603065637,108
"44744",300,193,6.75321001746331,107
"44745",300,194,6.01872999928704,106
"44746",300,195,5.98526164594601,105
"44747",300,196,4.65759101184289,104
"44748",300,197,4.8898659978745,103
"44749",300,198,5.79915455179054,102
"44750",300,199,5.70825031304241,101
"44751",300,200,7.12661130125036,100
"44752",300,201,6.95274399204244,99
"44753",300,202,7.69590216913715,98
"44754",300,203,9.22460968798518,97
"44755",300,204,9.13919066286677,96
"44756",300,205,8.13582383592233,95
"44757",300,206,6.4557683426021,94
"44758",300,207,6.12497296927718,93
"44759",300,208,7.0935511870043,92
"44760",300,209,6.82025103060719,91
"44761",300,210,7.9697807553089,90
"44762",300,211,7.53759384278027,89
"44763",300,212,7.50755306643679,88
"44764",300,213,6.67129548575027,87
"44765",300,214,6.71036712535065,86
"44766",300,215,5.81404762433095,85
"44767",300,216,4.07185826924891,84
"44768",300,217,4.93932993766638,83
"44769",300,218,4.67915401820697,82
"44770",300,219,5.04052382963317,81
"44771",300,220,5.93266177884951,80
"44772",300,221,6.98251789267271,79
"44773",300,222,6.69615978310655,78
"44774",300,223,6.50069057918865,77
"44775",300,224,7.11380492119594,76
"44776",300,225,4.09326727950418,75
"44777",300,226,3.32772123383818,74
"44778",300,227,3.65083265230724,73
"44779",300,228,5.43325563613061,72
"44780",300,229,6.02503088201313,71
"44781",300,230,5.17182041600308,70
"44782",300,231,4.49572013056747,69
"44783",300,232,5.55689401097997,68
"44784",300,233,4.83379934131995,67
"44785",300,234,6.55253190569891,66
"44786",300,235,5.71466248614779,65
"44787",300,236,5.20308696516371,64
"44788",300,237,3.80219065435823,63
"44789",300,238,5.42889446675582,62
"44790",300,239,5.7343038310419,61
"44791",300,240,6.47101786306667,60
"44792",300,241,4.91169527244476,59
"44793",300,242,5.17102159526705,58
"44794",300,243,5.67138357551329,57
"44795",300,244,4.70124177609429,56
"44796",300,245,3.95477179161199,55
"44797",300,246,3.93911897978351,54
"44798",300,247,4.29212403945029,53
"44799",300,248,3.34129324550399,52
"44800",300,249,3.43224782951526,51
"44801",300,250,3.55964865656393,50
"44802",300,251,2.66360899694756,49
"44803",300,252,3.69186562711378,48
"44804",300,253,3.65363003911076,47
"44805",300,254,4.44647841334839,46
"44806",300,255,4.80537124485897,45
"44807",300,256,4.00614524372273,44
"44808",300,257,4.19303268524298,43
"44809",300,258,3.3688025130661,42
"44810",300,259,2.01128386752491,41
"44811",300,260,1.12249800879581,40
"44812",300,261,1.63859268504197,39
"44813",300,262,2.71542361391548,38
"44814",300,263,2.61196330248566,37
"44815",300,264,3.56483386895437,36
"44816",300,265,3.24500622436857,35
"44817",300,266,3.78206140347992,34
"44818",300,267,3.79370772430556,33
"44819",300,268,4.18641342901836,32
"44820",300,269,3.71581106829478,31
"44821",300,270,3.61001149375639,30
"44822",300,271,2.97862453716314,29
"44823",300,272,3.17554166488649,28
"44824",300,273,2.78519240678132,27
"44825",300,274,2.41231087617255,26
"44826",300,275,2.44353484009155,25
"44827",300,276,2.99319003752417,24
"44828",300,277,1.07809484145737,23
"44829",300,278,2.62152042762642,22
"44830",300,279,2.52365637962185,21
"44831",300,280,3.98787901445204,20
"44832",300,281,3.7307802738542,19
"44833",300,282,3.51046090211491,18
"44834",300,283,4.08003168119237,17
"44835",300,284,2.32200144577885,16
"44836",300,285,2.36083493921138,15
"44837",300,286,2.97478097358229,14
"44838",300,287,2.28012195749829,13
"44839",300,288,3.74086110107601,12
"44840",300,289,4.10451836530577,11
"44841",300,290,2.81362187133088,10
"44842",300,291,3.05517000376161,9
"44843",300,292,2.15534332805488,8
"44844",300,293,4.27606296715148,7
"44845",300,294,2.50683297005207,6
"44846",300,295,3.16285752292664,5
"44847",300,296,2.37642587139619,4
"44848",300,297,1.30196172920613,3
"44849",300,298,1.79435950099392,2
"44850",300,299,1.54146724021824,1
"44851",301,1,3.17313703712638,300
"44852",301,2,1.6097293606868,299
"44853",301,3,3.54306107753443,298
"44854",301,4,2.82645362544539,297
"44855",301,5,3.1457029541058,296
"44856",301,6,3.79500311841003,295
"44857",301,7,3.3300310842915,294
"44858",301,8,3.60342397694089,293
"44859",301,9,6.34311597264092,292
"44860",301,10,3.75649357315162,291
"44861",301,11,4.3347925004119,290
"44862",301,12,3.88301717875968,289
"44863",301,13,4.69000047227192,288
"44864",301,14,3.97845559705912,287
"44865",301,15,2.77181419015574,286
"44866",301,16,2.72327579905078,285
"44867",301,17,3.31003820267043,284
"44868",301,18,4.46665955541543,283
"44869",301,19,1.68567910169862,282
"44870",301,20,1.88897502089695,281
"44871",301,21,5.33558869757177,280
"44872",301,22,6.2572127946643,279
"44873",301,23,5.13512801464645,278
"44874",301,24,5.12734965686981,277
"44875",301,25,3.00333851626061,276
"44876",301,26,4.74437861867523,275
"44877",301,27,3.94859207173613,274
"44878",301,28,4.47081215463866,273
"44879",301,29,3.43271317621768,272
"44880",301,30,4.15591814289232,271
"44881",301,31,3.02588550868776,270
"44882",301,32,5.42862860892177,269
"44883",301,33,2.87175682468303,268
"44884",301,34,4.12708699599668,267
"44885",301,35,2.92921504901117,266
"44886",301,36,4.54385764326671,265
"44887",301,37,1.74022970262207,264
"44888",301,38,3.68846460505107,263
"44889",301,39,4.18730816698476,262
"44890",301,40,4.24183754262575,261
"44891",301,41,4.10369666795606,260
"44892",301,42,3.97812270163026,259
"44893",301,43,2.14531137757744,258
"44894",301,44,1.36612984355207,257
"44895",301,45,5.27574145065126,256
"44896",301,46,3.77692385361992,255
"44897",301,47,1.42809871906204,254
"44898",301,48,2.50339374120504,253
"44899",301,49,4.35840669716321,252
"44900",301,50,7.58038570813816,251
"44901",301,51,2.01502497334322,250
"44902",301,52,1.76530053810278,249
"44903",301,53,2.85300916033615,248
"44904",301,54,4.15375150611001,247
"44905",301,55,1.54966692424697,246
"44906",301,56,2.93418187860258,245
"44907",301,57,1.53087287916984,244
"44908",301,58,2.5625429841088,243
"44909",301,59,4.18096267042753,242
"44910",301,60,1.48761480427791,241
"44911",301,61,1.95741306722567,240
"44912",301,62,3.95561750530681,239
"44913",301,63,1.6269476094098,238
"44914",301,64,2.72376710442608,237
"44915",301,65,4.7596780574865,236
"44916",301,66,3.11484804299132,235
"44917",301,67,2.81629321779924,234
"44918",301,68,1.96812025352041,233
"44919",301,69,5.54783576585388,232
"44920",301,70,0.719292438362142,231
"44921",301,71,0.295306142373236,230
"44922",301,72,2.01660989214211,229
"44923",301,73,2.03554930350325,228
"44924",301,74,1.06811759491415,227
"44925",301,75,2.47984525361652,226
"44926",301,76,1.99988146137991,225
"44927",301,77,4.12692588903216,224
"44928",301,78,5.81780263305139,223
"44929",301,79,1.15978463116402,222
"44930",301,80,3.40579083278099,221
"44931",301,81,2.47378160071796,220
"44932",301,82,2.10788621971203,219
"44933",301,83,2.51766291207356,218
"44934",301,84,1.73741969434081,217
"44935",301,85,2.63565516104431,216
"44936",301,86,2.42223429769605,215
"44937",301,87,3.21982352438871,214
"44938",301,88,2.31897493109608,213
"44939",301,89,1.52633636568717,212
"44940",301,90,3.47738555662405,211
"44941",301,91,1.6835076168406,210
"44942",301,92,0.9335284085784,209
"44943",301,93,2.39155911575752,208
"44944",301,94,7.0852194713392,207
"44945",301,95,3.8539868661901,206
"44946",301,96,2.43233991612422,205
"44947",301,97,3.02974767633302,204
"44948",301,98,1.81658418616386,203
"44949",301,99,3.61820429447167,202
"44950",301,100,4.81981803302872,201
"44951",301,101,6.49531275218738,200
"44952",301,102,4.71737733873643,199
"44953",301,103,3.59331560882207,198
"44954",301,104,4.40757795254081,197
"44955",301,105,2.80197764028073,196
"44956",301,106,5.37716548702845,195
"44957",301,107,3.93152061837367,194
"44958",301,108,4.42393766158122,193
"44959",301,109,4.49645500544652,192
"44960",301,110,4.71600994315348,191
"44961",301,111,4.84759541954409,190
"44962",301,112,1.15176461470045,189
"44963",301,113,4.38030311570175,188
"44964",301,114,6.13707856496273,187
"44965",301,115,6.4003745112439,186
"44966",301,116,7.11666939584671,185
"44967",301,117,7.30844603993184,184
"44968",301,118,6.58418593031773,183
"44969",301,119,4.17764049725524,182
"44970",301,120,3.20760859012518,181
"44971",301,121,5.08536969264569,180
"44972",301,122,5.37070028552683,179
"44973",301,123,6.8979347361926,178
"44974",301,124,3.8363591265808,177
"44975",301,125,3.99707565369857,176
"44976",301,126,2.80362905786238,175
"44977",301,127,4.64123881988922,174
"44978",301,128,5.87784654482407,173
"44979",301,129,4.38321395422922,172
"44980",301,130,5.75323196345928,171
"44981",301,131,5.45615224141744,170
"44982",301,132,5.23927823119773,169
"44983",301,133,5.63090666334027,168
"44984",301,134,6.72346721359369,167
"44985",301,135,6.74492250404065,166
"44986",301,136,6.81010247794214,165
"44987",301,137,6.22149328022292,164
"44988",301,138,5.97648250952379,163
"44989",301,139,6.62621544461013,162
"44990",301,140,5.99336455963201,161
"44991",301,141,6.18830378242881,160
"44992",301,142,6.70372289281893,159
"44993",301,143,6.38774568004721,158
"44994",301,144,6.41510032271915,157
"44995",301,145,6.99347331807898,156
"44996",301,146,6.97242389827177,155
"44997",301,147,6.25621686121416,154
"44998",301,148,6.19072214328385,153
"44999",301,149,7.04068037850139,152
"45000",301,150,8.20412735336265,151
"45001",301,151,9.10262960135569,150
"45002",301,152,8.05042510970079,149
"45003",301,153,8.48204312747647,148
"45004",301,154,6.6326930135395,147
"45005",301,155,7.15627414396993,146
"45006",301,156,6.92388759076289,145
"45007",301,157,6.8791771212515,144
"45008",301,158,6.6137226478796,143
"45009",301,159,8.70678544972263,142
"45010",301,160,8.94919278828756,141
"45011",301,161,8.11711582489829,140
"45012",301,162,7.81580022713107,139
"45013",301,163,7.71310420992714,138
"45014",301,164,6.62597015120812,137
"45015",301,165,5.89325438283652,136
"45016",301,166,6.3470159078894,135
"45017",301,167,5.90200440224879,134
"45018",301,168,7.13594597112524,133
"45019",301,169,7.77756444169616,132
"45020",301,170,8.01237288346716,131
"45021",301,171,6.95461039178858,130
"45022",301,172,7.66646642223784,129
"45023",301,173,8.22569271903151,128
"45024",301,174,7.57488625771338,127
"45025",301,175,6.18275529879743,126
"45026",301,176,6.71400164551884,125
"45027",301,177,7.90744647603741,124
"45028",301,178,7.7265571265553,123
"45029",301,179,8.07397667867596,122
"45030",301,180,6.97978503505244,121
"45031",301,181,7.24801288124692,120
"45032",301,182,8.84780831689183,119
"45033",301,183,8.63002179385185,118
"45034",301,184,6.87282273755211,117
"45035",301,185,8.4337251128174,116
"45036",301,186,8.081438556919,115
"45037",301,187,8.61201549559557,114
"45038",301,188,7.89376988365547,113
"45039",301,189,7.46224887988285,112
"45040",301,190,7.09396091484184,111
"45041",301,191,7.24478055994347,110
"45042",301,192,8.32641842921055,109
"45043",301,193,8.0304721314787,108
"45044",301,194,7.97706626794525,107
"45045",301,195,6.50234794975558,106
"45046",301,196,6.07248345527523,105
"45047",301,197,5.95674994412446,104
"45048",301,198,6.56275838762106,103
"45049",301,199,7.4606309429853,102
"45050",301,200,9.3370586054378,101
"45051",301,201,9.92511790632584,100
"45052",301,202,9.82440836565247,99
"45053",301,203,10.5666655725129,98
"45054",301,204,10.4812465473945,97
"45055",301,205,9.47787972045005,96
"45056",301,206,10.1004383516301,95
"45057",301,207,7.40213103869922,94
"45058",301,208,8.43560707153202,93
"45059",301,209,8.1623069151349,92
"45060",301,210,9.31183663983662,91
"45061",301,211,8.87964972730798,90
"45062",301,212,8.8496089509645,89
"45063",301,213,8.01335137027798,88
"45064",301,214,7.84207085326127,87
"45065",301,215,8.11973239329991,86
"45066",301,216,7.72213522770709,85
"45067",301,217,6.88645230746424,84
"45068",301,218,7.50281429251835,83
"45069",301,219,8.53231261163282,82
"45070",301,220,7.3587546752203,81
"45071",301,221,8.32457377720042,80
"45072",301,222,7.97331785252859,79
"45073",301,223,7.84274646371637,78
"45074",301,224,8.45586080572365,77
"45075",301,225,7.01205580451409,76
"45076",301,226,7.07623358675593,75
"45077",301,227,6.39934541500391,74
"45078",301,228,5.95034193994017,73
"45079",301,229,7.36708676654084,72
"45080",301,230,6.61331385008649,71
"45081",301,231,7.6809967721346,70
"45082",301,232,8.0866819601711,69
"45083",301,233,7.82718074274615,68
"45084",301,234,7.06961820950848,67
"45085",301,235,7.0567183706755,66
"45086",301,236,5.97789125393268,65
"45087",301,237,7.30299027951128,64
"45088",301,238,9.12959363231985,63
"45089",301,239,9.30474386243119,62
"45090",301,240,6.98810416687624,61
"45091",301,241,6.25375115697248,60
"45092",301,242,6.51307747979476,59
"45093",301,243,7.17591998021888,58
"45094",301,244,6.76042245896419,57
"45095",301,245,7.19606414379324,56
"45096",301,246,7.04035860950757,55
"45097",301,247,7.5087041849127,54
"45098",301,248,7.0457451368308,53
"45099",301,249,7.00268786090456,52
"45100",301,250,7.95505826867137,51
"45101",301,251,7.059018609055,50
"45102",301,252,8.08727523922122,49
"45103",301,253,7.25348479046311,48
"45104",301,254,7.50849628890504,47
"45105",301,255,7.57727990961143,46
"45106",301,256,7.05135571691076,45
"45107",301,257,7.03094738057746,44
"45108",301,258,5.54422814786031,43
"45109",301,259,3.41497585801881,42
"45110",301,260,4.24613854439675,41
"45111",301,261,4.44849952506939,40
"45112",301,262,5.45810084446843,39
"45113",301,263,7.0073729145931,38
"45114",301,264,7.96024348106181,37
"45115",301,265,7.64041583647601,36
"45116",301,266,8.17747101558736,35
"45117",301,267,8.189117336413,34
"45118",301,268,8.5818230411258,33
"45119",301,269,8.11122068040222,32
"45120",301,270,8.00542110586383,31
"45121",301,271,7.37403414927057,30
"45122",301,272,6.04147766144993,29
"45123",301,273,4.72980883247242,28
"45124",301,274,3.61704104114272,27
"45125",301,275,1.95187477201589,26
"45126",301,276,4.3783423363106,25
"45127",301,277,3.87923430869773,24
"45128",301,278,4.79835292707662,23
"45129",301,279,4.33631953047079,22
"45130",301,280,6.65212618259209,21
"45131",301,281,6.6247241257247,20
"45132",301,282,6.75736020372633,19
"45133",301,283,7.41096799464687,18
"45134",301,284,6.66138190135027,17
"45135",301,285,5.93127497060067,16
"45136",301,286,7.37019058568973,15
"45137",301,287,4.69634344317879,14
"45138",301,288,4.25794740488558,13
"45139",301,289,4.62160466911534,12
"45140",301,290,4.15567775585859,11
"45141",301,291,5.95472080506228,10
"45142",301,292,5.72578335944418,9
"45143",301,293,5.47105231513583,8
"45144",301,294,2.04543676688119,7
"45145",301,295,3.9662275383556,6
"45146",301,296,4.57459207058728,5
"45147",301,297,5.14832056665753,4
"45148",301,298,3.63504395307182,3
"45149",301,299,4.69312907704814,2
"45150",301,300,4.39540961210744,1
"45151",302,1,5.40995361882685,301
"45152",302,2,4.82640959932373,300
"45153",302,3,5.01786395985855,299
"45154",302,4,4.72916829843165,298
"45155",302,5,5.15852019761913,297
"45156",302,6,5.94780272091462,296
"45157",302,7,5.29462388983806,295
"45158",302,8,4.59715067073613,294
"45159",302,9,5.13715788485616,293
"45160",302,10,5.72108637869817,292
"45161",302,11,4.94765333194304,291
"45162",302,12,3.70855372790804,290
"45163",302,13,4.79424993746842,289
"45164",302,14,5.94304840260568,288
"45165",302,15,5.45422970940231,287
"45166",302,16,4.91189723904284,286
"45167",302,17,5.27463100821699,285
"45168",302,18,2.87948585538588,284
"45169",302,19,4.05968821802702,283
"45170",302,20,4.81794997316747,282
"45171",302,21,4.12963060978701,281
"45172",302,22,8.22180560021086,280
"45173",302,23,6.65438394948184,279
"45174",302,24,7.09194246241636,278
"45175",302,25,4.78445018218774,277
"45176",302,26,1.31456492160106,276
"45177",302,27,4.54617833599467,275
"45178",302,28,3.64927548434457,274
"45179",302,29,4.51113905335946,273
"45180",302,30,5.08364118225719,272
"45181",302,31,4.74956773164353,271
"45182",302,32,4.3511718627684,270
"45183",302,33,2.32316257389374,269
"45184",302,34,4.8360436377771,268
"45185",302,35,4.91776015462376,267
"45186",302,36,3.0577051387632,266
"45187",302,37,5.97062480432613,265
"45188",302,38,6.29434507608011,264
"45189",302,39,2.9813500792,263
"45190",302,40,6.20643034817231,262
"45191",302,41,6.06828947350262,261
"45192",302,42,5.94271550717681,260
"45193",302,43,4.28904890809859,259
"45194",302,44,5.74419513969245,258
"45195",302,45,7.30010995589672,257
"45196",302,46,5.0683616505917,256
"45197",302,47,5.94983332875998,255
"45198",302,48,7.68205617206998,254
"45199",302,49,8.63133493171756,253
"45200",302,50,9.60475421338362,252
"45201",302,51,5.73577625420606,251
"45202",302,52,3.42961886047399,250
"45203",302,53,4.8176019658827,249
"45204",302,54,6.75105462378662,248
"45205",302,55,3.64525247432981,247
"45206",302,56,3.38546503449926,246
"45207",302,57,5.42440766585027,245
"45208",302,58,6.49130025560925,244
"45209",302,59,3.90337172691618,243
"45210",302,60,4.73035067239858,242
"45211",302,61,5.11425494885235,241
"45212",302,62,5.92021031085336,240
"45213",302,63,4.24772112870876,239
"45214",302,64,4.60223178682106,238
"45215",302,65,3.00535937511202,237
"45216",302,66,2.5443455926942,236
"45217",302,67,7.42797055601438,235
"45218",302,68,3.46945714791043,234
"45219",302,69,9.90004598054535,233
"45220",302,70,4.47562696021464,232
"45221",302,71,5.37257372436971,231
"45222",302,72,6.14182081527956,230
"45223",302,73,7.23046870208003,229
"45224",302,74,5.30172537413301,228
"45225",302,75,5.11077525197818,227
"45226",302,76,6.96509073030435,226
"45227",302,77,9.28184014146363,225
"45228",302,78,7.84217113829686,224
"45229",302,79,6.3547040297408,223
"45230",302,80,5.02030805971857,222
"45231",302,81,7.14767152586766,221
"45232",302,82,3.76675965269713,220
"45233",302,83,2.67725648650321,219
"45234",302,84,4.67883312771472,218
"45235",302,85,5.65422024457072,217
"45236",302,86,5.18379191226466,216
"45237",302,87,6.23849522052669,215
"45238",302,88,6.59332996630412,214
"45239",302,89,5.14057992853914,213
"45240",302,90,2.5071314795072,212
"45241",302,91,3.51141178173618,211
"45242",302,92,5.10240944924165,210
"45243",302,93,7.5864785143343,209
"45244",302,94,9.10958797658466,208
"45245",302,95,5.12202226484787,207
"45246",302,96,6.7537009088857,206
"45247",302,97,7.99495694525746,205
"45248",302,98,3.64441616158739,204
"45249",302,99,4.89139199173089,203
"45250",302,100,6.36192416818579,202
"45251",302,101,7.45623349768162,201
"45252",302,102,6.66967361489345,200
"45253",302,103,5.10102061438732,199
"45254",302,104,9.60249735111759,198
"45255",302,105,6.84838672836149,197
"45256",302,106,3.68732844138623,196
"45257",302,107,7.20117285034637,195
"45258",302,108,9.618857060158,194
"45259",302,109,8.61570065243192,193
"45260",302,110,9.20621783853381,192
"45261",302,111,7.55119304136456,191
"45262",302,112,4.41383274088645,190
"45263",302,113,5.55385131265618,189
"45264",302,114,8.30666553718874,188
"45265",302,115,9.0293548509308,187
"45266",302,116,7.8607034025477,186
"45267",302,117,6.99581026654752,185
"45268",302,118,7.85465102950002,184
"45269",302,119,9.09725790181257,183
"45270",302,120,8.2569696025972,182
"45271",302,121,7.9104453572477,181
"45272",302,122,8.62716146228267,180
"45273",302,123,7.65284546577352,179
"45274",302,124,4.40903138930781,178
"45275",302,125,7.47752223181012,177
"45276",302,126,7.94251929990314,176
"45277",302,127,9.836158218466,175
"45278",302,128,10.4564855592704,174
"45279",302,129,9.5389115986386,173
"45280",302,130,10.9481513620361,172
"45281",302,131,10.0179838534951,171
"45282",302,132,8.26043577479295,170
"45283",302,133,7.09458273608443,169
"45284",302,134,7.92942530137845,168
"45285",302,135,8.15817636967897,167
"45286",302,136,9.2878161963115,166
"45287",302,137,6.78162717712042,165
"45288",302,138,7.35051462099471,164
"45289",302,139,8.54369138130691,163
"45290",302,140,9.38989190476694,162
"45291",302,141,10.8341724063496,161
"45292",302,142,9.69687258110709,160
"45293",302,143,8.45504646500882,159
"45294",302,144,9.52590182758762,158
"45295",302,145,10.7037343587874,157
"45296",302,146,10.9347959745095,156
"45297",302,147,10.2466047210593,155
"45298",302,148,9.43684543553808,154
"45299",302,149,9.10381598708553,153
"45300",302,150,12.0656550153886,152
"45301",302,151,13.6140390063275,151
"45302",302,152,12.0184041353686,150
"45303",302,153,12.0432543211805,149
"45304",302,154,11.2126568430868,148
"45305",302,155,12.3511935425467,147
"45306",302,156,11.2224077143729,146
"45307",302,157,11.8836081443433,145
"45308",302,158,11.6461615262785,144
"45309",302,159,13.4142901796096,143
"45310",302,160,14.1441121868643,142
"45311",302,161,13.0543172385157,141
"45312",302,162,12.086312495434,140
"45313",302,163,10.7286548040922,139
"45314",302,164,9.84739771416041,138
"45315",302,165,10.0528260329297,137
"45316",302,166,11.5419353064662,136
"45317",302,167,9.71871680659911,135
"45318",302,168,10.3139770854682,134
"45319",302,169,11.8351739827154,133
"45320",302,170,12.1204046315922,132
"45321",302,171,9.99257533775242,131
"45322",302,172,10.3794837737678,130
"45323",302,173,11.7846871384224,129
"45324",302,174,10.9473558753796,128
"45325",302,175,11.3776746973742,127
"45326",302,176,11.9089210440956,126
"45327",302,177,13.1023658746142,125
"45328",302,178,11.9466471877524,124
"45329",302,179,12.619000888385,123
"45330",302,180,11.3334518740509,122
"45331",302,181,12.4429322798237,121
"45332",302,182,14.0427277154686,120
"45333",302,183,13.8249411924286,119
"45334",302,184,10.7679652043153,118
"45335",302,185,12.9283271154206,117
"45336",302,186,13.2147218495296,116
"45337",302,187,11.6892021957268,115
"45338",302,188,12.2090974096341,114
"45339",302,189,10.343340255099,113
"45340",302,190,11.9751331719232,112
"45341",302,191,12.4396999585202,111
"45342",302,192,11.4741444541425,110
"45343",302,193,13.2253915300555,109
"45344",302,194,12.5557052823915,108
"45345",302,195,11.4062546207162,107
"45346",302,196,11.1945662949474,106
"45347",302,197,11.1516693427012,105
"45348",302,198,11.1065828529129,104
"45349",302,199,11.7759584689639,103
"45350",302,200,13.6635865843549,102
"45351",302,201,13.4897192751469,101
"45352",302,202,13.6018990158354,100
"45353",302,203,15.7615849710897,99
"45354",302,204,15.6761659459713,98
"45355",302,205,14.6727991190268,97
"45356",302,206,12.9927436257066,96
"45357",302,207,12.597050437276,95
"45358",302,208,13.6305264701088,94
"45359",302,209,13.3572263137117,93
"45360",302,210,14.5067560384134,92
"45361",302,211,14.0745691258848,91
"45362",302,212,14.0445283495413,90
"45363",302,213,13.2082707688548,89
"45364",302,214,13.0369902518381,88
"45365",302,215,12.3510229074354,87
"45366",302,216,10.6088335523534,86
"45367",302,217,11.4763052207709,85
"45368",302,218,10.4231274219019,84
"45369",302,219,11.4806335963234,83
"45370",302,220,12.469637061954,82
"45371",302,221,13.5194931757772,81
"45372",302,222,13.1682372511054,80
"45373",302,223,13.0376658622931,79
"45374",302,224,13.6507802043004,78
"45375",302,225,10.2741239307001,77
"45376",302,226,9.15617659770869,76
"45377",302,227,9.89671717435054,75
"45378",302,228,10.9670849723951,74
"45379",302,229,12.5620061651176,73
"45380",302,230,10.7868305462335,72
"45381",302,231,11.032695413672,71
"45382",302,232,12.0938692940845,70
"45383",302,233,10.044440159473,69
"45384",302,234,11.0349646149547,68
"45385",302,235,12.2516377692523,67
"45386",302,236,10.300475243449,66
"45387",302,237,9.99920022867264,65
"45388",302,238,11.9658697498603,64
"45389",302,239,7.77714351846864,63
"45390",302,240,10.2275054333307,62
"45391",302,241,11.4486705555493,61
"45392",302,242,11.7079968783715,60
"45393",302,243,12.2083588586178,59
"45394",302,244,11.2382170591988,58
"45395",302,245,10.4917470747165,57
"45396",302,246,10.476094262888,56
"45397",302,247,10.6026982874126,55
"45398",302,248,9.48984405046293,54
"45399",302,249,5.23130586521973,53
"45400",302,250,9.16101635645613,52
"45401",302,251,8.26497669683976,51
"45402",302,252,9.29323332700598,50
"45403",302,253,10.1906053222153,49
"45404",302,254,10.9834536964529,48
"45405",302,255,11.3423465279635,47
"45406",302,256,10.5431205268272,46
"45407",302,257,10.7300079683475,45
"45408",302,258,7.99700169761341,44
"45409",302,259,8.5482591506294,43
"45410",302,260,7.6594732919003,42
"45411",302,261,8.17556796814646,41
"45412",302,262,9.25239889701997,40
"45413",302,263,8.23013840474648,39
"45414",302,264,9.16620156884657,38
"45415",302,265,8.84637392426077,37
"45416",302,266,9.38342910337212,36
"45417",302,267,9.66399386209561,35
"45418",302,268,10.292003199969,34
"45419",302,269,9.77658558156976,33
"45420",302,270,9.21137919364859,32
"45421",302,271,9.03379210100795,31
"45422",302,272,9.71251694799098,30
"45423",302,273,9.09555856555688,29
"45424",302,274,4.92021926768703,28
"45425",302,275,4.3791662832794,27
"45426",302,276,7.22022540328122,26
"45427",302,277,7.40461392335141,25
"45428",302,278,9.15849571073091,24
"45429",302,279,9.06063166272634,23
"45430",302,280,10.5248542975565,22
"45431",302,281,10.2677555569587,21
"45432",302,282,10.0474361852194,20
"45433",302,283,10.6170069642969,19
"45434",302,284,8.85897672888334,18
"45435",302,285,6.6515789077489,17
"45436",302,286,8.57614867347449,16
"45437",302,287,8.1376860459894,15
"45438",302,288,8.70884391637503,14
"45439",302,289,8.45775370076204,13
"45440",302,290,9.35059715443537,12
"45441",302,291,9.5921452868661,11
"45442",302,292,6.57122693125109,10
"45443",302,293,6.81751777620651,9
"45444",302,294,7.24035616545797,8
"45445",302,295,8.57848135753912,7
"45446",302,296,7.67978662602558,6
"45447",302,297,7.83893701231062,5
"45448",302,298,8.33133478409841,4
"45449",302,299,8.07844252332273,3
"45450",302,300,6.53697528310449,2
"45451",302,301,5.19491939857678,1
"45452",303,1,2.18599787458171,302
"45453",303,2,1.99759152163571,301
"45454",303,3,4.5302002400791,300
"45455",303,4,2.37671333193618,299
"45456",303,5,3.02531343152631,298
"45457",303,6,3.40714095746112,297
"45458",303,7,2.94216892334259,296
"45459",303,8,4.59056313948556,295
"45460",303,9,7.33025513518559,294
"45461",303,10,4.58205148221473,293
"45462",303,11,3.43710131897436,292
"45463",303,12,4.68578586028159,291
"45464",303,13,5.67713963481659,290
"45465",303,14,3.59059343611021,289
"45466",303,15,2.38395202920683,288
"45467",303,16,2.6427613668749,287
"45468",303,17,3.37477002281926,286
"45469",303,18,3.56896837397789,285
"45470",303,19,1.6125413226058,284
"45471",303,20,2.00278987796137,283
"45472",303,21,6.32272786011644,282
"45473",303,22,5.86935063371539,281
"45474",303,23,6.12226717719113,280
"45475",303,24,4.7394874959209,279
"45476",303,25,2.19698548225507,278
"45477",303,26,5.22168876073128,277
"45478",303,27,3.05090089029859,276
"45479",303,28,3.57312097320111,275
"45480",303,29,2.53502199478014,274
"45481",303,30,3.25822696145478,273
"45482",303,31,2.67218065883246,272
"45483",303,32,4.53093742748423,271
"45484",303,33,3.34906696673908,270
"45485",303,34,5.11422615854136,269
"45486",303,35,2.54135288806226,268
"45487",303,36,3.64616646182917,267
"45488",303,37,1.35236754167316,266
"45489",303,38,2.79077342361353,265
"45490",303,39,5.17444732952943,264
"45491",303,40,4.17188363667549,263
"45492",303,41,4.8946077274317,262
"45493",303,42,3.59026054068135,261
"45494",303,43,2.45324743469545,260
"45495",303,44,2.26382102498961,259
"45496",303,45,6.1734326320888,258
"45497",303,46,4.76406301616459,257
"45498",303,47,2.41523788160671,256
"45499",303,48,3.40108492264258,255
"45500",303,49,5.25609787860075,254
"45501",303,50,8.4780768895757,253
"45502",303,51,2.83975052565949,252
"45503",303,52,2.49472171568806,251
"45504",303,53,2.96107555361766,250
"45505",303,54,3.7658893451611,249
"45506",303,55,2.02697706630301,248
"45507",303,56,3.32204403955149,247
"45508",303,57,1.40192568878684,246
"45509",303,58,1.57540382156413,245
"45510",303,59,4.56882483137644,244
"45511",303,60,2.13520443640593,243
"45512",303,61,2.89981047044818,242
"45513",303,62,4.84586514028889,241
"45514",303,63,1.60378288854865,240
"45515",303,64,3.111629265375,239
"45516",303,65,5.14754021843541,238
"45517",303,66,4.10198720553599,237
"45518",303,67,2.42843105685033,236
"45519",303,68,2.20277239272239,235
"45520",303,69,6.44552694729142,234
"45521",303,70,1.19660258041818,233
"45522",303,71,0.84894447208825,232
"45523",303,72,2.91430107357965,231
"45524",303,73,1.55823916144721,230
"45525",303,74,0.370504166499812,229
"45526",303,75,2.18200152205403,228
"45527",303,76,2.15024066122001,227
"45528",303,77,5.0246170704697,226
"45529",303,78,6.71549381448893,225
"45530",303,79,1.49152524704268,224
"45531",303,80,3.7936529937299,223
"45532",303,81,2.76464818951092,222
"45533",303,82,2.49574838066094,221
"45534",303,83,2.9949730541296,220
"45535",303,84,2.72455885688548,219
"45536",303,85,3.10496438245717,218
"45537",303,86,2.23421578943529,217
"45538",303,87,3.75762009937802,216
"45539",303,88,3.24152841231514,215
"45540",303,89,0.628645184249629,214
"45541",303,90,3.6469057803853,213
"45542",303,91,2.16081775889664,212
"45543",303,92,0.569820091391166,211
"45544",303,93,2.05980735980625,210
"45545",303,94,7.98291065277674,209
"45546",303,95,4.24184902713901,208
"45547",303,96,3.33003109756177,207
"45548",303,97,2.32272740462464,206
"45549",303,98,2.1397566211938,205
"45550",303,99,2.63106513192699,204
"45551",303,100,3.83267887048405,203
"45552",303,101,6.88317491313629,202
"45553",303,102,5.10523949968534,201
"45554",303,103,3.98117776977098,200
"45555",303,104,3.93026781048477,199
"45556",303,105,3.10910119678553,198
"45557",303,106,5.76502764797736,197
"45558",303,107,4.82921179981121,196
"45559",303,108,3.94662751952518,195
"45560",303,109,3.50931584290185,194
"45561",303,110,5.23272437362115,193
"45562",303,111,5.74528660098163,192
"45563",303,112,1.28060776049009,191
"45564",303,113,4.76816527665067,190
"45565",303,114,5.55462084827545,189
"45566",303,115,5.63994851762152,188
"45567",303,116,7.50453155679562,187
"45568",303,117,7.69630820088075,186
"45569",303,118,6.97204809126664,185
"45570",303,119,5.07533167869278,184
"45571",303,120,4.10529977156273,183
"45572",303,121,4.09823053010102,182
"45573",303,122,4.56139934417556,181
"45574",303,123,7.28579689714151,180
"45575",303,124,4.22422128752971,179
"45576",303,125,4.89476683513611,178
"45577",303,126,3.61321933686198,177
"45578",303,127,4.16392867783318,176
"45579",303,128,4.8907073822794,175
"45580",303,129,3.86668205800577,174
"45581",303,130,5.27592182140324,173
"45582",303,131,4.46901307887277,172
"45583",303,132,4.59158455447636,171
"45584",303,133,4.72461014983305,170
"45585",303,134,5.73632805104902,169
"45586",303,135,5.75778334149598,168
"45587",303,136,5.82296331539747,167
"45588",303,137,6.60935544117183,166
"45589",303,138,5.6363706619105,165
"45590",303,139,5.63907628206546,164
"45591",303,140,5.00622539708734,163
"45592",303,141,5.20116461988414,162
"45593",303,142,5.71658373027426,161
"45594",303,143,6.77560784099612,160
"45595",303,144,6.22065090580398,159
"45596",303,145,6.00633415553431,158
"45597",303,146,6.58419142623142,157
"45598",303,147,6.64407902216308,156
"45599",303,148,6.57858430423276,155
"45600",303,149,7.02430328311467,154
"45601",303,150,7.21698819081798,153
"45602",303,151,8.11549043881101,152
"45603",303,152,7.85597569278563,151
"45604",303,153,9.37973430891402,150
"45605",303,154,7.53038419497704,149
"45606",303,155,6.67896400191388,148
"45607",303,156,5.93674842821822,147
"45608",303,157,6.21137860371052,146
"45609",303,158,6.26502274670687,145
"45610",303,159,7.74206063897674,144
"45611",303,160,8.47188264623152,143
"45612",303,161,7.38208769788285,142
"45613",303,162,6.82866106458639,141
"45614",303,163,6.72596504738247,140
"45615",303,164,7.52366133264566,139
"45616",303,165,6.79094556427407,138
"45617",303,166,5.86970576583335,137
"45618",303,167,5.69140206221513,136
"45619",303,168,6.14880680858056,135
"45620",303,169,6.79042527915148,134
"45621",303,170,7.02523372092249,133
"45622",303,171,5.96747122924391,132
"45623",303,172,6.67932725969317,131
"45624",303,173,7.23855355648683,130
"45625",303,174,7.96274841866229,129
"45626",303,175,6.88655938051643,128
"45627",303,176,7.09386288582456,127
"45628",303,177,7.43013633398137,126
"45629",303,178,6.73941796401063,125
"45630",303,179,7.08683751613129,124
"45631",303,180,7.87747621648998,123
"45632",303,181,6.99686967399805,122
"45633",303,182,8.37049817483579,121
"45634",303,183,8.15271165179581,120
"45635",303,184,7.24453197538253,119
"45636",303,185,7.44658595027273,118
"45637",303,186,7.54249230889678,117
"45638",303,187,7.6248763330509,116
"45639",303,188,6.9066307211108,115
"45640",303,189,7.73696254555733,114
"45641",303,190,6.30290363129038,113
"45642",303,191,6.94575082860259,112
"45643",303,192,8.71428059015947,111
"45644",303,193,8.16798750271042,110
"45645",303,194,6.98992710540057,109
"45646",303,195,7.40003913119312,108
"45647",303,196,5.68402205238947,107
"45648",303,197,6.30464348312162,106
"45649",303,198,7.21393203703765,105
"45650",303,199,7.49279065039906,104
"45651",303,200,8.34991944289313,103
"45652",303,201,8.93797874378117,102
"45653",303,202,10.0182793822895,101
"45654",303,203,10.0893554304568,100
"45655",303,204,10.0039364053384,99
"45656",303,205,9.000569578394,98
"45657",303,206,9.11329918908545,97
"45658",303,207,7.5397504545243,96
"45659",303,208,8.13636925100443,95
"45660",303,209,7.73342953128598,94
"45661",303,210,8.83452649778057,93
"45662",303,211,8.40233958525194,92
"45663",303,212,8.37229880890846,91
"45664",303,213,7.53604122822194,90
"45665",303,214,8.12514461059776,89
"45666",303,215,7.13259323075524,88
"45667",303,216,7.26908297400609,87
"45668",303,217,6.10945721234995,86
"45669",303,218,7.85870875215869,85
"45670",303,219,8.19207070827784,84
"45671",303,220,7.20208896717857,83
"45672",303,221,7.84726363514438,82
"45673",303,222,8.11093726835366,81
"45674",303,223,7.36543632166032,80
"45675",303,224,7.97855066366761,79
"45676",303,225,6.93106701665343,78
"45677",303,226,7.28602342617639,77
"45678",303,227,6.25332875629587,76
"45679",303,228,6.84803312137772,75
"45680",303,229,6.8897766244848,74
"45681",303,230,7.0011760110354,73
"45682",303,231,6.69385760958993,72
"45683",303,232,7.09954279762642,71
"45684",303,233,8.21504290369506,70
"45685",303,234,7.96730939094602,69
"45686",303,235,6.57940822861946,68
"45687",303,236,6.61786445041082,67
"45688",303,237,7.20584856853213,66
"45689",303,238,8.14245446977518,65
"45690",303,239,9.6926060233801,64
"45691",303,240,7.88579534831379,63
"45692",303,241,5.77644101491644,62
"45693",303,242,6.03576733773872,61
"45694",303,243,6.53612931798497,60
"45695",303,244,5.77328329641952,59
"45696",303,245,6.20892498124857,58
"45697",303,246,6.27972452669847,57
"45698",303,247,7.29799780028569,56
"45699",303,248,6.99706219520711,55
"45700",303,249,7.39055002185347,54
"45701",303,250,6.9679191061267,53
"45702",303,251,6.49146528036593,52
"45703",303,252,7.10013607667654,51
"45704",303,253,6.26634562791843,50
"45705",303,254,6.52135712636037,49
"45706",303,255,6.59014074706676,48
"45707",303,256,6.06421655436609,47
"45708",303,257,6.04380821803279,46
"45709",303,258,5.93209030880923,45
"45710",303,259,2.87602960999658,44
"45711",303,260,3.59865295686209,43
"45712",303,261,3.5098971653252,42
"45713",303,262,4.47096168192376,41
"45714",303,263,6.02023375204843,40
"45715",303,264,6.97310431851713,39
"45716",303,265,6.65327667393134,38
"45717",303,266,7.19033185304268,37
"45718",303,267,7.20197817386833,36
"45719",303,268,7.59468387858113,35
"45720",303,269,7.12408151785754,34
"45721",303,270,7.01828194331916,33
"45722",303,271,6.3868949867259,32
"45723",303,272,5.05433849890526,31
"45724",303,273,4.51931053703212,30
"45725",303,274,4.00490320209163,29
"45726",303,275,2.14553769946619,28
"45727",303,276,3.39120317376593,27
"45728",303,277,3.65258309013894,26
"45729",303,278,3.8276788214305,25
"45730",303,279,3.38840212209352,24
"45731",303,280,5.66498702004741,23
"45732",303,281,5.63758496318003,22
"45733",303,282,5.77022104118166,21
"45734",303,283,6.4238288321022,20
"45735",303,284,5.6742427388056,19
"45736",303,285,6.31913713154959,18
"45737",303,286,6.38305142314506,17
"45738",303,287,4.93864721802294,16
"45739",303,288,5.15563858632312,15
"45740",303,289,5.51929585055288,14
"45741",303,290,3.67836761380255,13
"45742",303,291,4.96758164251761,12
"45743",303,292,6.11364552039309,11
"45744",303,293,5.85891447608475,10
"45745",303,294,2.732879836295,9
"45746",303,295,2.97908837581093,8
"45747",303,296,3.5874529080426,7
"45748",303,297,4.16118140411286,6
"45749",303,298,2.65910524346559,5
"45750",303,299,3.70598991450347,4
"45751",303,300,3.95830219233821,3
"45752",303,301,0.987139162544672,2
"45753",303,302,5.67222954063282,1
"45754",304,1,1.5270204655004,303
"45755",304,2,1.93925877882342,302
"45756",304,3,6.59627672970426,301
"45757",304,4,4.01826186952134,300
"45758",304,5,5.09138992115147,299
"45759",304,6,3.64549208675327,298
"45760",304,7,4.80299144142509,297
"45761",304,8,6.65663962911072,296
"45762",304,9,9.39633162481075,295
"45763",304,10,6.64812797183989,294
"45764",304,11,3.24405743782503,293
"45765",304,12,6.75186234990675,292
"45766",304,13,7.74321612444175,291
"45767",304,14,4.35431773955247,290
"45768",304,15,3.96481655771721,289
"45769",304,16,4.70883785650006,288
"45770",304,17,5.44084651244441,287
"45771",304,18,3.78875337271088,286
"45772",304,19,2.60855101006974,285
"45773",304,20,4.06886636758653,284
"45774",304,21,8.3888043497416,283
"45775",304,22,7.81455331700945,282
"45776",304,23,8.18834366681629,281
"45777",304,24,6.32989811587167,280
"45778",304,25,3.04519399550224,279
"45779",304,26,6.21769844819522,278
"45780",304,27,2.62681996640507,277
"45781",304,28,3.18229426467725,276
"45782",304,29,3.41186016860028,275
"45783",304,30,2.42651128858571,274
"45784",304,31,4.73825714845762,273
"45785",304,32,3.69922175461516,272
"45786",304,33,4.34507665420302,271
"45787",304,34,7.18030264816652,270
"45788",304,35,3.33865758401011,269
"45789",304,36,4.2380149264025,268
"45790",304,37,2.51281387958109,267
"45791",304,38,1.95905775074446,266
"45792",304,39,7.24052381915459,265
"45793",304,40,6.23796012630065,264
"45794",304,41,6.96068421705686,263
"45795",304,42,3.88583619631919,262
"45796",304,43,4.51932392432061,261
"45797",304,44,4.23096101107792,260
"45798",304,45,7.00514830495787,259
"45799",304,46,6.83013950578975,258
"45800",304,47,4.48131437123187,257
"45801",304,48,4.23280059551165,256
"45802",304,49,6.08781355146982,255
"45803",304,50,9.30979256244477,254
"45804",304,51,4.90582701528465,253
"45805",304,52,4.56079820531322,252
"45806",304,53,5.02715204324282,251
"45807",304,54,4.00424047445324,250
"45808",304,55,3.1028824216664,249
"45809",304,56,3.2827741935975,248
"45810",304,57,3.468002178412,247
"45811",304,58,0.490672668061034,246
"45812",304,59,4.3304737020843,245
"45813",304,60,4.20128092603109,244
"45814",304,61,4.96588696007334,243
"45815",304,62,6.91194162991405,242
"45816",304,63,3.66985937817381,241
"45817",304,64,2.87327813608285,240
"45818",304,65,4.90918908914326,239
"45819",304,66,6.16806369516115,238
"45820",304,67,3.03874160738946,237
"45821",304,68,3.19878208018633,236
"45822",304,69,7.27724262016049,235
"45823",304,70,2.9155725963267,234
"45824",304,71,2.7579095097966,233
"45825",304,72,3.74601674644872,232
"45826",304,73,2.21268610299703,231
"45827",304,74,2.00762885583412,230
"45828",304,75,1.94365039276188,229
"45829",304,76,2.98195633408907,228
"45830",304,77,5.85633274333877,227
"45831",304,78,7.547209487358,226
"45832",304,79,3.40049028475103,225
"45833",304,80,3.55530186443775,224
"45834",304,81,3.58516340944155,223
"45835",304,82,2.90147957539964,222
"45836",304,83,3.99098274159355,221
"45837",304,84,4.79063534651064,220
"45838",304,85,5.17104087208232,219
"45839",304,86,4.30029227906045,218
"45840",304,87,5.82369658900318,217
"45841",304,88,5.3076049019403,216
"45842",304,89,2.28958590965359,215
"45843",304,90,4.64291546784924,214
"45844",304,91,3.38652413009103,213
"45845",304,92,2.23251892416956,212
"45846",304,93,2.89152303267531,211
"45847",304,94,8.81462632564581,210
"45848",304,95,4.82706061390902,209
"45849",304,96,4.16174677043083,208
"45850",304,97,2.78235360050502,207
"45851",304,98,3.02382306650937,206
"45852",304,99,1.77684723636588,205
"45853",304,100,2.81789496327424,204
"45854",304,101,6.64482378384415,203
"45855",304,102,4.8668883703932,202
"45856",304,103,3.74282664047883,201
"45857",304,104,3.04740661829525,200
"45858",304,105,3.30213557964722,199
"45859",304,106,5.52667651868521,198
"45860",304,107,5.66092747268028,197
"45861",304,108,4.43889770657095,196
"45862",304,109,3.2901829127401,195
"45863",304,110,6.06444004649021,194
"45864",304,111,6.5770022738507,193
"45865",304,112,2.25440648721031,192
"45866",304,113,4.52981414735852,191
"45867",304,114,5.3162697189833,190
"45868",304,115,5.40159738832937,189
"45869",304,116,7.26618042750347,188
"45870",304,117,7.45795707158861,187
"45871",304,118,6.76731176671173,186
"45872",304,119,5.90704735156185,185
"45873",304,120,4.93701544443179,184
"45874",304,121,2.03225808506922,183
"45875",304,122,4.32304821488342,182
"45876",304,123,7.13148277969244,181
"45877",304,124,3.98587015823757,180
"45878",304,125,5.72648250800517,179
"45879",304,126,4.44493500973105,178
"45880",304,127,4.57512211550644,177
"45881",304,128,3.78824633117359,176
"45882",304,129,4.68234885234971,175
"45883",304,130,4.52236204760665,174
"45884",304,131,3.72149595745862,173
"45885",304,132,4.35323342518421,172
"45886",304,133,4.48625902054091,171
"45887",304,134,4.41417040391784,170
"45888",304,135,4.90458068776773,169
"45889",304,136,4.2906616008359,168
"45890",304,137,6.37100431187968,167
"45891",304,138,5.39801953261836,166
"45892",304,139,3.62145856179576,165
"45893",304,140,3.42559496891201,164
"45894",304,141,4.53789259949978,163
"45895",304,142,4.73407965815309,162
"45896",304,143,6.53725671170397,161
"45897",304,144,5.98229977651183,160
"45898",304,145,5.28098694660462,159
"45899",304,146,6.69318879725003,158
"45900",304,147,7.07241703818537,157
"45901",304,148,6.34023317494061,156
"45902",304,149,6.78595215382253,155
"45903",304,150,6.04444310222326,154
"45904",304,151,7.07530928581038,153
"45905",304,152,7.9705800132344,152
"45906",304,153,10.2114499817831,151
"45907",304,154,8.3620998678461,150
"45908",304,155,6.11973351735759,149
"45909",304,156,5.39542104585444,148
"45910",304,157,5.61973822832389,147
"45911",304,158,7.09673841957593,146
"45912",304,159,7.53853260795559,145
"45913",304,160,8.60821627940709,144
"45914",304,161,7.27576332820435,143
"45915",304,162,6.67961396177632,142
"45916",304,163,6.14816843226702,141
"45917",304,164,8.35537700551473,140
"45918",304,165,7.62266123714313,139
"45919",304,166,6.47499439241186,138
"45920",304,167,5.65473976134637,137
"45921",304,168,5.03679322887976,136
"45922",304,169,5.50658832962861,135
"45923",304,170,5.45216540349545,134
"45924",304,171,5.17919240176968,133
"45925",304,172,6.29552178888961,132
"45926",304,173,6.88692387617856,131
"45927",304,174,7.72439728937014,130
"45928",304,175,7.7182750533855,129
"45929",304,176,7.92557855869362,128
"45930",304,177,6.43412664651742,127
"45931",304,178,5.31060976129924,126
"45932",304,179,6.93744255022964,125
"45933",304,180,8.70919188935905,124
"45934",304,181,7.82858534686712,123
"45935",304,182,7.37448848737185,122
"45936",304,183,7.3833110886608,121
"45937",304,184,7.28629973692668,120
"45938",304,185,6.26008788732385,119
"45939",304,186,7.06431256256465,118
"45940",304,187,6.69114316406525,117
"45941",304,188,6.91554737125083,116
"45942",304,189,7.49861141626518,115
"45943",304,190,6.90819225786889,114
"45944",304,191,7.77746650147166,113
"45945",304,192,9.38352918877255,112
"45946",304,193,8.99970317557949,111
"45947",304,194,6.92226756866322,110
"45948",304,195,8.23175480406219,109
"45949",304,196,6.51573772525854,108
"45950",304,197,7.13635915599068,107
"45951",304,198,8.04564770990672,106
"45952",304,199,7.95474347115859,105
"45953",304,200,7.62611770347763,104
"45954",304,201,7.06612749880295,103
"45955",304,202,9.94239532725333,102
"45956",304,203,9.78914396105982,101
"45957",304,204,9.65484998821252,100
"45958",304,205,9.63860624073125,99
"45959",304,206,7.04722269946029,98
"45960",304,207,8.37146612739336,97
"45961",304,208,8.96808492387349,96
"45962",304,209,8.56514520415505,95
"45963",304,210,9.60176053391739,94
"45964",304,211,9.02388517954229,93
"45965",304,212,8.89697888678456,92
"45966",304,213,7.8501350491459,91
"45967",304,214,8.95686028346683,90
"45968",304,215,6.44316757873121,89
"45969",304,216,7.03073184471394,88
"45970",304,217,6.84593542043749,87
"45971",304,218,7.62035762286655,86
"45972",304,219,7.95371957898569,85
"45973",304,220,8.03380464004763,84
"45974",304,221,8.01579906996357,83
"45975",304,222,8.94265294122273,82
"45976",304,223,7.88967421001466,81
"45977",304,224,7.48380181584357,80
"45978",304,225,6.69271588736128,79
"45979",304,226,7.04767229688424,78
"45980",304,227,6.01497762700373,77
"45981",304,228,7.67974879424678,76
"45982",304,229,6.86442495958546,75
"45983",304,230,7.41831357411925,74
"45984",304,231,5.48505654691989,73
"45985",304,232,5.42563006598769,72
"45986",304,233,7.97669177440291,71
"45987",304,234,8.79902506381509,70
"45988",304,235,6.63458707897751,69
"45989",304,236,7.44958012327989,68
"45990",304,237,6.96749743923998,67
"45991",304,238,6.07637798015002,66
"45992",304,239,9.45425489408795,65
"45993",304,240,8.71751102118285,64
"45994",304,241,6.17137748487785,63
"45995",304,242,5.52507365598291,62
"45996",304,243,5.54011963052102,61
"45997",304,244,5.49196899512445,60
"45998",304,245,5.01627684169702,59
"45999",304,246,6.04137339740632,58
"46000",304,247,7.05964667099355,57
"46001",304,248,6.75871106591497,56
"46002",304,249,7.15219889256132,55
"46003",304,250,4.90184261650154,54
"46004",304,251,6.25311415107379,53
"46005",304,252,5.50301458045432,52
"46006",304,253,5.42950398649538,51
"46007",304,254,4.68168167187743,50
"46008",304,255,4.6741072998667,49
"46009",304,256,4.92033931795007,48
"46010",304,257,5.64714823150972,47
"46011",304,258,5.69373917951708,46
"46012",304,259,3.38432266441914,45
"46013",304,260,3.36030182756994,44
"46014",304,261,3.38359090318319,43
"46015",304,262,3.76485771432483,42
"46016",304,263,4.6981801495106,41
"46017",304,264,4.90702782889197,40
"46018",304,265,5.15359293938682,39
"46019",304,266,5.12425536341752,38
"46020",304,267,5.13590168424317,37
"46021",304,268,5.52860738895597,36
"46022",304,269,5.17115352350682,35
"46023",304,270,5.25968323820873,34
"46024",304,271,5.42054383772322,33
"46025",304,272,4.77487745232959,32
"46026",304,273,5.0316855648975,31
"46027",304,274,3.76655207279949,30
"46028",304,275,2.28907294481737,29
"46029",304,276,1.32512668414077,28
"46030",304,277,3.41423196084679,27
"46031",304,278,4.33444689986571,26
"46032",304,279,3.13641532171691,25
"46033",304,280,3.85661506945976,24
"46034",304,281,3.59951632886193,23
"46035",304,282,3.7041445515565,22
"46036",304,283,4.35775234247704,21
"46037",304,284,4.5625673040332,20
"46038",304,285,6.08078600225744,19
"46039",304,286,5.23873199720728,18
"46040",304,287,4.70029608873079,17
"46041",304,288,5.98735425919219,16
"46042",304,289,6.35101152342195,15
"46043",304,290,4.477881485028,14
"46044",304,291,3.021109720112,13
"46045",304,292,5.87529439110094,12
"46046",304,293,6.52255612526766,11
"46047",304,294,3.56459550916406,10
"46048",304,295,1.91024212944235,9
"46049",304,296,1.52137641841744,8
"46050",304,297,2.41873562212092,7
"46051",304,298,3.23177589002706,6
"46052",304,299,2.73997691042919,5
"46053",304,300,3.71995106304606,4
"46054",304,301,3.05321565216983,3
"46055",304,302,6.66823922809676,2
"46056",304,303,2.06607648962516,1
"46057",305,1,1.73886920230659,304
"46058",305,2,2.3224132218097,303
"46059",305,3,6.81354883427326,302
"46060",305,4,4.23553397409033,301
"46061",305,5,5.30866202572047,300
"46062",305,6,4.62283595693473,299
"46063",305,7,5.02026354599409,298
"46064",305,8,6.87391173367971,297
"46065",305,9,9.61360372937975,296
"46066",305,10,6.86540007640888,295
"46067",305,11,3.84604100475442,294
"46068",305,12,6.96913445447574,293
"46069",305,13,7.96048822901074,292
"46070",305,14,4.80628843558381,291
"46071",305,15,4.18208866228621,290
"46072",305,16,4.92610996106905,289
"46073",305,17,5.65811861701341,288
"46074",305,18,4.26933696574755,287
"46075",305,19,3.08913460310641,286
"46076",305,20,4.28613847215553,285
"46077",305,21,8.60607645431059,284
"46078",305,22,8.03182542157844,283
"46079",305,23,8.40561577138528,282
"46080",305,24,6.54717022044067,281
"46081",305,25,3.41268048172867,280
"46082",305,26,6.69828204123189,279
"46083",305,27,3.45984057607865,278
"46084",305,28,3.98206065898118,277
"46085",305,29,3.62913227316928,276
"46086",305,30,3.66716664723485,275
"46087",305,31,4.95552925302662,274
"46088",305,32,4.93987711326429,273
"46089",305,33,4.82566024723969,272
"46090",305,34,7.39757475273551,271
"46091",305,35,3.75704788753586,270
"46092",305,36,4.71859851943917,269
"46093",305,37,2.73008598415009,268
"46094",305,38,3.19971310939359,267
"46095",305,39,7.45779592372358,266
"46096",305,40,6.45523223086964,265
"46097",305,41,7.17795632162585,264
"46098",305,42,4.80595554015495,263
"46099",305,43,4.7365960288896,262
"46100",305,44,4.44823311564691,261
"46101",305,45,5.76449294630873,260
"46102",305,46,7.04741161035874,259
"46103",305,47,4.69858647580087,258
"46104",305,48,2.99214523686252,257
"46105",305,49,4.84715819282069,256
"46106",305,50,8.27113256518337,255
"46107",305,51,5.12309911985364,254
"46108",305,52,4.77807030988221,253
"46109",305,53,5.24442414781181,252
"46110",305,54,4.9815843446347,251
"46111",305,55,3.50357034680362,250
"46112",305,56,3.76335778663417,249
"46113",305,57,3.685274282981,248
"46114",305,58,0.976457856933012,247
"46115",305,59,3.35312983190284,246
"46116",305,60,4.41855303060008,245
"46117",305,61,5.18315906464234,244
"46118",305,62,7.12921373448305,243
"46119",305,63,3.88713148274281,242
"46120",305,64,2.54659103431238,241
"46121",305,65,5.02768071575143,240
"46122",305,66,6.38533579973014,239
"46123",305,67,3.64412605632393,238
"46124",305,68,3.679365673223,237
"46125",305,69,6.4424259362207,236
"46126",305,70,3.13284470089569,235
"46127",305,71,2.97518161436559,234
"46128",305,72,3.10939290741734,233
"46129",305,73,2.42995820756602,232
"46130",305,74,2.22490096040311,231
"46131",305,75,2.03804756915525,230
"46132",305,76,1.74130097543994,229
"46133",305,77,4.61567738468963,228
"46134",305,78,6.30655412870887,227
"46135",305,79,3.61776238932002,226
"46136",305,80,2.57795799425629,225
"46137",305,81,2.34450805079241,224
"46138",305,82,3.38206316843631,223
"46139",305,83,4.47156633463022,222
"46140",305,84,5.00790745107964,221
"46141",305,85,5.38831297665132,220
"46142",305,86,4.51756438362945,219
"46143",305,87,6.04096869357218,218
"46144",305,88,5.5248770065093,217
"46145",305,89,2.50685801422259,216
"46146",305,90,5.12349906088591,215
"46147",305,91,3.63741103939726,214
"46148",305,92,2.44979102873855,213
"46149",305,93,2.30195089288344,212
"46150",305,94,7.57397096699668,211
"46151",305,95,3.58640525525989,210
"46152",305,96,3.25798726434252,209
"46153",305,97,1.54169824185589,208
"46154",305,98,3.50440665954604,207
"46155",305,99,2.32214656646986,206
"46156",305,100,1.84055109309278,205
"46157",305,101,5.66747991366269,204
"46158",305,102,3.88954450021174,203
"46159",305,103,2.76548277029737,202
"46160",305,104,2.45367452998415,201
"46161",305,105,2.06148022099808,200
"46162",305,106,4.54933264850376,199
"46163",305,107,4.42027211403115,198
"46164",305,108,3.19824234792181,197
"46165",305,109,2.04952755409097,196
"46166",305,110,4.82378468784108,195
"46167",305,111,5.33634691520157,194
"46168",305,112,2.73499008024698,193
"46169",305,113,3.55247027717706,192
"46170",305,114,4.33892584880184,191
"46171",305,115,4.42425351814792,190
"46172",305,116,6.28883655732201,189
"46173",305,117,6.48061320140715,188
"46174",305,118,5.75635309179304,187
"46175",305,119,4.66639199291271,186
"46176",305,120,3.69636008578266,185
"46177",305,121,1.81488193590687,184
"46178",305,122,3.34570434470196,183
"46179",305,123,6.07010189766791,182
"46180",305,124,3.00852628805611,181
"46181",305,125,4.48582714935604,180
"46182",305,126,3.20427965108192,179
"46183",305,127,3.3344667568573,178
"46184",305,128,3.30766273813692,177
"46185",305,129,3.44169349370058,176
"46186",305,130,3.79932854090263,175
"46187",305,131,2.86916103236167,174
"46188",305,132,3.37588955500275,173
"46189",305,133,3.50891515035945,172
"46190",305,134,3.45297945685487,171
"46191",305,135,3.92723681758627,170
"46192",305,136,3.53961472120331,169
"46193",305,137,5.39366044169823,168
"46194",305,138,4.4206756624369,167
"46195",305,139,3.3557276878713,166
"46196",305,140,2.72287680289318,165
"46197",305,141,3.68534958521612,164
"46198",305,142,3.75673578797163,163
"46199",305,143,5.55991284152251,162
"46200",305,144,5.00495590633038,161
"46201",305,145,4.20840561164164,160
"46202",305,146,5.4525334386009,159
"46203",305,147,5.83176167953624,158
"46204",305,148,5.36288930475915,157
"46205",305,149,5.80860828364107,156
"46206",305,150,4.93363959662382,155
"46207",305,151,6.46521618519407,154
"46208",305,152,6.72992465458527,153
"46209",305,153,8.97079462313395,152
"46210",305,154,7.12144450919697,151
"46211",305,155,5.20237072141327,150
"46212",305,156,4.15476568720531,149
"46213",305,157,4.7347853232099,148
"46214",305,158,5.8560830609268,147
"46215",305,159,6.29787724930646,146
"46216",305,160,7.36756092075796,145
"46217",305,161,6.03510796955522,144
"46218",305,162,5.43895860312718,143
"46219",305,163,5.17082456208556,142
"46220",305,164,7.11472164686559,141
"46221",305,165,6.382005878494,140
"46222",305,166,5.23433903376273,139
"46223",305,167,4.47570706274153,138
"46224",305,168,4.0594493586983,137
"46225",305,169,4.68635116158193,136
"46226",305,170,4.97158181045878,135
"46227",305,171,4.20184853158822,134
"46228",305,172,5.31817791870815,133
"46229",305,173,5.9095800059971,132
"46230",305,174,6.74705341918868,131
"46231",305,175,6.47761969473637,130
"46232",305,176,6.68492320004449,129
"46233",305,177,5.95354305348075,128
"46234",305,178,4.79782436661895,127
"46235",305,179,5.69678719158051,126
"46236",305,180,7.46853653070991,125
"46237",305,181,6.58792998821798,124
"46238",305,182,6.89390489433518,123
"46239",305,183,6.67611837129519,122
"46240",305,184,6.04564437827754,121
"46241",305,185,5.77950429428718,120
"46242",305,186,6.06589902839616,119
"46243",305,187,5.7137992938838,118
"46244",305,188,5.6748920126017,117
"46245",305,189,6.52126754608372,116
"46246",305,190,5.66753689921975,115
"46247",305,191,6.53681114282253,114
"46248",305,192,8.14287383012342,113
"46249",305,193,7.75904781693036,112
"46250",305,194,5.68161221001409,111
"46251",305,195,6.99109944541306,110
"46252",305,196,5.2750823666094,109
"46253",305,197,5.89570379734155,108
"46254",305,198,6.80499235125759,107
"46255",305,199,6.71408811250946,106
"46256",305,200,6.51476376322142,105
"46257",305,201,6.65463014958701,104
"46258",305,202,8.80258438281589,103
"46259",305,203,8.61276214995623,102
"46260",305,204,8.52734312483782,101
"46261",305,205,8.39795088208211,100
"46262",305,206,6.82995059489129,99
"46263",305,207,7.13081076874423,98
"46264",305,208,7.72742956522436,97
"46265",305,209,7.32448984550592,96
"46266",305,210,8.36110517526825,95
"46267",305,211,7.78322982089316,94
"46268",305,212,7.65632352813542,93
"46269",305,213,6.60947969049676,92
"46270",305,214,7.7162049248177,91
"46271",305,215,5.20251222008207,90
"46272",305,216,6.05338797453248,89
"46273",305,217,5.60528006178836,88
"46274",305,218,6.64301375268509,87
"46275",305,219,6.97637570880423,86
"46276",305,220,6.7931492813985,85
"46277",305,221,6.77514371131444,84
"46278",305,222,7.7019975825736,83
"46279",305,223,6.64901885136553,82
"46280",305,224,6.50195738316699,81
"46281",305,225,5.71537201717982,80
"46282",305,226,6.07032842670278,79
"46283",305,227,5.03763375682227,78
"46284",305,228,6.43909343559765,77
"46285",305,229,5.62376960093632,76
"46286",305,230,6.17765821547012,75
"46287",305,231,4.50771267673843,74
"46288",305,232,4.94504647295102,73
"46289",305,233,6.99934790422146,72
"46290",305,234,7.55836970516595,71
"46291",305,235,5.39393172032837,70
"46292",305,236,6.20892476463075,69
"46293",305,237,5.99015356905852,68
"46294",305,238,5.85910587558103,67
"46295",305,239,8.4769110239065,66
"46296",305,240,7.47685566253372,65
"46297",305,241,4.93072212622872,64
"46298",305,242,4.5591740572381,63
"46299",305,243,5.05953603748435,62
"46300",305,244,4.25131363647531,61
"46301",305,245,4.03893297151556,60
"46302",305,246,5.06402952722487,59
"46303",305,247,6.08230280081209,58
"46304",305,248,5.78136719573351,57
"46305",305,249,6.17485502237987,56
"46306",305,250,4.68457051193255,55
"46307",305,251,5.27577028089233,54
"46308",305,252,4.81678748248239,53
"46309",305,253,4.45216011631392,52
"46310",305,254,4.23800853216622,51
"46311",305,255,4.3067921528726,50
"46312",305,256,3.94299544776861,49
"46313",305,257,4.58576734948518,48
"46314",305,258,4.71639530933562,47
"46315",305,259,2.14366730577001,46
"46316",305,260,2.38295795738848,45
"46317",305,261,2.2942021658516,44
"46318",305,262,2.60823936751877,43
"46319",305,263,3.73688515785427,42
"46320",305,264,4.68975572432298,41
"46321",305,265,4.36992807973718,40
"46322",305,266,4.90698325884853,39
"46323",305,267,4.91862957967417,38
"46324",305,268,5.31133528438697,37
"46325",305,269,4.84073292366339,36
"46326",305,270,4.73493334912501,35
"46327",305,271,4.44319996754176,34
"46328",305,272,3.74151787153401,33
"46329",305,273,3.79103020624837,32
"46330",305,274,2.78920820261803,31
"46331",305,275,2.76965653785404,30
"46332",305,276,1.28703484208355,29
"46333",305,277,2.43688809066534,28
"46334",305,278,3.09379154121658,27
"46335",305,279,1.91180884159291,26
"46336",305,280,3.38163842585326,25
"46337",305,281,3.35423636898587,24
"46338",305,282,3.4868724469875,23
"46339",305,283,4.14048023790805,22
"46340",305,284,3.58522343385174,21
"46341",305,285,5.10344213207598,20
"46342",305,286,4.26138812702582,19
"46343",305,287,3.72295221854933,18
"46344",305,288,4.74669890054306,17
"46345",305,289,5.11035616477282,16
"46346",305,290,3.23722612637886,15
"46347",305,291,2.68423304832345,14
"46348",305,292,4.89795052091949,13
"46349",305,293,5.28190076661853,12
"46350",305,294,2.32394015051493,11
"46351",305,295,1.42965853640568,10
"46352",305,296,1.30410431384845,9
"46353",305,297,1.87783280991871,8
"46354",305,298,1.99112053137792,7
"46355",305,299,1.76263304024773,6
"46356",305,300,2.7426071928646,5
"46357",305,301,3.27048775673883,4
"46358",305,302,7.14882282113344,3
"46359",305,303,2.28334859419415,2
"46360",305,304,1.24065535864913,1
"46361",306,1,2.07551278624949,305
"46362",306,2,2.96378173365655,304
"46363",306,3,7.62079968453739,303
"46364",306,4,5.04278482435447,302
"46365",306,5,6.1159128759846,301
"46366",306,6,4.23342311894679,300
"46367",306,7,5.82751439625823,299
"46368",306,8,7.68116258394385,298
"46369",306,9,10.4208545796439,297
"46370",306,10,7.67265092667302,296
"46371",306,11,4.26858039265816,295
"46372",306,12,7.77638530473988,294
"46373",306,13,8.76773907927488,293
"46374",306,14,5.37884069438561,292
"46375",306,15,4.98933951255034,291
"46376",306,16,5.73336081133319,290
"46377",306,17,6.46536946727755,289
"46378",306,18,4.60598054969046,288
"46379",306,19,3.42577818704932,287
"46380",306,20,5.09338932241966,286
"46381",306,21,9.41332730457473,285
"46382",306,22,8.83907627184258,284
"46383",306,23,9.21286662164942,283
"46384",306,24,7.35442107070481,282
"46385",306,25,4.06971695033537,281
"46386",306,26,7.0349256251748,280
"46387",306,27,3.6513429212382,279
"46388",306,28,3.99952144165683,278
"46389",306,29,4.43638312343342,277
"46390",306,30,2.61275222581453,276
"46391",306,31,5.76278010329075,275
"46392",306,32,3.88546269184398,274
"46393",306,33,5.1623038311826,273
"46394",306,34,8.20482560299965,272
"46395",306,35,4.36318053884324,271
"46396",306,36,5.05524210338208,270
"46397",306,37,3.53733683441423,269
"46398",306,38,2.14529868797328,268
"46399",306,39,8.26504677398772,267
"46400",306,40,7.26248308113378,266
"46401",306,41,7.98520717188999,265
"46402",306,42,4.91035915115232,264
"46403",306,43,5.54384687915374,263
"46404",306,44,5.25548396591105,262
"46405",306,45,6.81890736772904,261
"46406",306,46,7.85466246062288,260
"46407",306,47,5.505837326065,259
"46408",306,48,4.04655965828283,258
"46409",306,49,5.901572614241,257
"46410",306,50,9.12355162521594,256
"46411",306,51,5.93034997011778,255
"46412",306,52,5.58532116014635,254
"46413",306,53,6.05167499807595,253
"46414",306,54,4.71046500706264,252
"46415",306,55,4.12740537649954,251
"46416",306,56,4.18842175295789,250
"46417",306,57,4.49252513324513,249
"46418",306,58,1.51519562289417,248
"46419",306,59,3.93693698700192,247
"46420",306,60,5.22580388086422,246
"46421",306,61,5.99040991490647,245
"46422",306,62,7.93646458474718,244
"46423",306,63,4.69438233300695,243
"46424",306,64,2.88323461825528,242
"46425",306,65,5.36432429969433,241
"46426",306,66,7.19258664999428,240
"46427",306,67,4.06326456222259,239
"46428",306,68,4.01600925716591,238
"46429",306,69,7.24967678648484,237
"46430",306,70,3.94009555115983,236
"46431",306,71,3.78243246462973,235
"46432",306,72,3.91664375768148,234
"46433",306,73,3.23720905783016,233
"46434",306,74,3.03215181066725,232
"46435",306,75,2.37469115309816,231
"46436",306,76,2.79571539686025,230
"46437",306,77,5.67009180610994,229
"46438",306,78,7.36096855012918,228
"46439",306,79,4.42501323958416,227
"46440",306,80,3.16176514935537,226
"46441",306,81,3.39892247221272,225
"46442",306,82,3.71870675237921,224
"46443",306,83,4.80820991857313,223
"46444",306,84,5.81515830134378,222
"46445",306,85,6.19556382691546,221
"46446",306,86,5.32481523389358,220
"46447",306,87,6.84821954383631,219
"46448",306,88,6.33212785677343,218
"46449",306,89,3.31410886448673,217
"46450",306,90,5.46014264482882,216
"46451",306,91,4.41104708492416,215
"46452",306,92,3.25704187900269,214
"46453",306,93,3.10920174314758,213
"46454",306,94,8.62838538841699,212
"46455",306,95,4.6408196766802,211
"46456",306,96,4.06523811460666,210
"46457",306,97,2.5961126632762,209
"46458",306,98,3.84105024348895,208
"46459",306,99,2.59407441334545,207
"46460",306,100,2.42435824819186,206
"46461",306,101,6.27540905264121,205
"46462",306,102,4.47335165531082,204
"46463",306,103,3.34928992539645,203
"46464",306,104,2.86116568106643,202
"46465",306,105,3.1158946424184,201
"46466",306,106,5.13313980360284,200
"46467",306,107,5.47468653545146,199
"46468",306,108,4.25265676934212,198
"46469",306,109,3.10394197551128,197
"46470",306,110,5.87819910926139,196
"46471",306,111,6.39076133662188,195
"46472",306,112,3.07163366418989,194
"46473",306,113,4.13627743227614,193
"46474",306,114,4.92273300390092,192
"46475",306,115,5.008060673247,191
"46476",306,116,6.87264371242109,190
"46477",306,117,7.06442035650623,189
"46478",306,118,6.5810708294829,188
"46479",306,119,5.72080641433303,187
"46480",306,120,4.75077450720297,186
"46481",306,121,1.63872136998684,185
"46482",306,122,3.92951149980104,184
"46483",306,123,6.94524184246362,183
"46484",306,124,3.59233344315519,182
"46485",306,125,5.54024157077635,181
"46486",306,126,4.25869407250223,180
"46487",306,127,4.38888117827762,179
"46488",306,128,2.97101915419401,178
"46489",306,129,4.49610791512089,177
"46490",306,130,4.33612111037783,176
"46491",306,131,3.5352550202298,175
"46492",306,132,3.95969671010183,174
"46493",306,133,4.09272230545853,173
"46494",306,134,4.02063368883546,172
"46495",306,135,4.51104397268535,171
"46496",306,136,3.89712488575353,170
"46497",306,137,5.97746759679731,169
"46498",306,138,5.00448281753598,168
"46499",306,139,3.22792184671339,167
"46500",306,140,3.03205825382963,166
"46501",306,141,4.35165166227096,165
"46502",306,142,4.34054294307071,164
"46503",306,143,6.14371999662159,163
"46504",306,144,5.58876306142946,162
"46505",306,145,5.0947460093758,161
"46506",306,146,6.50694786002121,160
"46507",306,147,6.88617610095655,159
"46508",306,148,5.94669645985823,158
"46509",306,149,6.39241543874015,157
"46510",306,150,5.85820216499444,156
"46511",306,151,6.88906834858156,155
"46512",306,152,7.78433907600558,154
"46513",306,153,10.0252090445543,153
"46514",306,154,8.17585893061728,152
"46515",306,155,5.93349258012877,151
"46516",306,156,5.20918010862562,150
"46517",306,157,5.43349729109507,149
"46518",306,158,6.91049748234711,148
"46519",306,159,7.35229167072677,147
"46520",306,160,8.42197534217827,146
"46521",306,161,7.08952239097553,145
"46522",306,162,6.49337302454749,144
"46523",306,163,5.75463171718464,143
"46524",306,164,8.16913606828591,142
"46525",306,165,7.43642029991431,141
"46526",306,166,6.28875345518304,140
"46527",306,167,5.46849882411755,139
"46528",306,168,4.64325651379738,138
"46529",306,169,5.32034739239979,137
"46530",306,170,5.15277597099219,136
"46531",306,171,4.7856556866873,135
"46532",306,172,5.90198507380723,134
"46533",306,173,6.64465378241372,133
"46534",306,174,7.53815635214132,132
"46535",306,175,7.53203411615668,131
"46536",306,176,7.7393376214648,130
"46537",306,177,5.94051977271173,129
"46538",306,178,5.12436882407042,128
"46539",306,179,6.75120161300082,127
"46540",306,180,8.52295095213022,126
"46541",306,181,7.64234440963829,125
"46542",306,182,7.09091383305867,124
"46543",306,183,7.19707015143197,123
"46544",306,184,7.10005879969785,122
"46545",306,185,5.44286071034427,121
"46546",306,186,6.87807162533583,120
"46547",306,187,6.29760644898288,119
"46548",306,188,6.72930643402201,118
"46549",306,189,7.1050747011828,117
"46550",306,190,6.72195132064007,116
"46551",306,191,7.59122556424284,115
"46552",306,192,9.19728825154373,114
"46553",306,193,8.81346223835067,113
"46554",306,194,6.7360266314344,112
"46555",306,195,8.04551386683337,111
"46556",306,196,6.32949678802972,110
"46557",306,197,6.95011821876186,109
"46558",306,198,7.8594067726779,108
"46559",306,199,7.76850253392977,107
"46560",306,200,7.43987676624881,106
"46561",306,201,6.82946435446828,105
"46562",306,202,9.75615439002451,104
"46563",306,203,9.602903023831,103
"46564",306,204,9.4686090509837,102
"46565",306,205,9.45236530350243,101
"46566",306,206,6.24942852023845,100
"46567",306,207,8.18522519016454,99
"46568",306,208,8.78184398664467,98
"46569",306,209,8.37890426692623,97
"46570",306,210,9.41551959668856,96
"46571",306,211,8.83764424231347,95
"46572",306,212,8.71073794955573,94
"46573",306,213,7.66389411191707,93
"46574",306,214,8.77061934623801,92
"46575",306,215,6.25692664150238,91
"46576",306,216,6.63719512963156,90
"46577",306,217,6.65969448320867,89
"46578",306,218,7.22682090778417,88
"46579",306,219,7.56018286390331,87
"46580",306,220,7.84756370281881,86
"46581",306,221,7.82955813273475,85
"46582",306,222,8.75641200399391,84
"46583",306,223,7.70343327278584,83
"46584",306,224,7.29756087861475,82
"46585",306,225,6.2991791722789,81
"46586",306,226,6.65413558180186,80
"46587",306,227,5.71108487319459,79
"46588",306,228,7.49350785701796,78
"46589",306,229,6.67818402235664,77
"46590",306,230,7.23207263689043,76
"46591",306,231,5.09151983183751,75
"46592",306,232,5.19041013643663,74
"46593",306,233,7.58315505932054,73
"46594",306,234,8.61278412658626,72
"46595",306,235,6.44834614174868,71
"46596",306,236,7.26333918605106,70
"46597",306,237,6.5739607241576,69
"46598",306,238,5.1005166816294,68
"46599",306,239,9.06071817900558,67
"46600",306,240,8.53127008395403,66
"46601",306,241,5.98513654764903,65
"46602",306,242,5.33883271875408,64
"46603",306,243,4.75518789531908,63
"46604",306,244,5.30572805789563,62
"46605",306,245,4.62274012661464,61
"46606",306,246,5.67584453763101,60
"46607",306,247,6.66610995591117,59
"46608",306,248,6.36517435083259,58
"46609",306,249,6.75866217747895,57
"46610",306,250,4.26564269633543,56
"46611",306,251,5.85957743599141,55
"46612",306,252,5.10947786537194,54
"46613",306,253,5.035967271413,53
"46614",306,254,4.35537456626952,52
"46615",306,255,4.0343099690516,51
"46616",306,256,4.61083961471077,50
"46617",306,257,5.46090729428089,49
"46618",306,258,5.42905473395345,48
"46619",306,259,3.19808172719032,47
"46620",306,260,2.97237206191774,46
"46621",306,261,3.19734996595437,45
"46622",306,262,3.57861677709601,44
"46623",306,263,4.30464343442822,43
"46624",306,264,4.25478943466006,42
"46625",306,265,4.76005622430444,41
"46626",306,266,4.09973240858439,40
"46627",306,267,4.11137872941003,39
"46628",306,268,4.50408443412284,38
"46629",306,269,4.77761680842444,37
"46630",306,270,4.86614652312635,36
"46631",306,271,5.02700712264084,35
"46632",306,272,4.58863651510077,34
"46633",306,273,4.84544462766868,33
"46634",306,274,3.37301535771711,32
"46635",306,275,3.10630012179694,31
"46636",306,276,0.333224310439512,30
"46637",306,277,3.13834706234472,29
"46638",306,278,4.14820596263689,28
"46639",306,279,2.95017438448809,27
"46640",306,280,3.03938789248018,26
"46641",306,281,2.78228915188235,25
"46642",306,282,2.67962159672337,24
"46643",306,283,3.33322938764391,23
"46644",306,284,4.16903058895082,22
"46645",306,285,5.68724928717506,21
"46646",306,286,4.8451952821249,20
"46647",306,287,4.34037417838565,19
"46648",306,288,5.80111332196337,18
"46649",306,289,6.16477058619313,17
"46650",306,290,4.29164054779917,16
"46651",306,291,2.83486878288317,15
"46652",306,292,5.48175767601857,14
"46653",306,293,6.33631518803884,13
"46654",306,294,3.37835457193524,12
"46655",306,295,1.36808284614717,11
"46656",306,296,0.949988476567495,10
"46657",306,297,2.02519890703854,9
"46658",306,298,3.04553495279823,8
"46659",306,299,2.34644019534681,7
"46660",306,300,3.32641434796368,6
"46661",306,301,4.07773860700296,5
"46662",306,302,7.48546640507634,4
"46663",306,303,3.09059944445829,3
"46664",306,304,1.02452295483313,2
"46665",306,305,1.05441442142031,1
"46666",307,1,1.75636374684135,306
"46667",307,2,2.42052951402624,305
"46668",307,3,7.07754746490708,304
"46669",307,4,4.49953260472416,303
"46670",307,5,5.57266065635429,302
"46671",307,6,4.91924447839888,301
"46672",307,7,5.28426217662791,300
"46673",307,8,7.13791036431354,299
"46674",307,9,9.87760236001357,298
"46675",307,10,7.12939870704271,297
"46676",307,11,4.10730188638533,296
"46677",307,12,7.23313308510957,295
"46678",307,13,8.22448685964457,294
"46679",307,14,5.10269695704797,293
"46680",307,15,4.44608729292003,292
"46681",307,16,5.19010859170288,291
"46682",307,17,5.92211724764724,290
"46683",307,18,4.28683151028231,289
"46684",307,19,3.10662914764118,288
"46685",307,20,4.55013710278935,287
"46686",307,21,8.87007508494442,286
"46687",307,22,8.29582405221227,285
"46688",307,23,8.66961440201911,284
"46689",307,24,6.8111688510745,283
"46690",307,25,3.70908900319283,282
"46691",307,26,6.71577658576665,281
"46692",307,27,3.70582689043697,280
"46693",307,28,4.03196509434627,279
"46694",307,29,3.8931309038031,278
"46695",307,30,3.71707108259994,277
"46696",307,31,5.21952788366044,276
"46697",307,32,4.98978154862939,275
"46698",307,33,4.84315479177446,274
"46699",307,34,7.66157338336934,273
"46700",307,35,4.05345640900002,272
"46701",307,36,4.73609306397394,271
"46702",307,37,2.99408461478391,270
"46703",307,38,3.24961754475869,269
"46704",307,39,7.72179455435741,268
"46705",307,40,6.71923086150347,267
"46706",307,41,7.44195495225968,266
"46707",307,42,5.10236406161911,265
"46708",307,43,5.00059465952343,264
"46709",307,44,4.71223174628074,263
"46710",307,45,5.98364320500883,262
"46711",307,46,7.31141024099257,261
"46712",307,47,4.96258510643469,260
"46713",307,48,2.94224080149742,259
"46714",307,49,4.79725375745559,258
"46715",307,50,8.53513119581719,257
"46716",307,51,5.38709775048747,256
"46717",307,52,5.04206894051604,255
"46718",307,53,5.50842277844564,254
"46719",307,54,5.27799286609886,253
"46720",307,55,3.58415315686922,252
"46721",307,56,3.78085233116894,251
"46722",307,57,3.94927291361482,250
"46723",307,58,1.27286637839717,249
"46724",307,59,3.26294563875202,248
"46725",307,60,4.68255166123391,247
"46726",307,61,5.44715769527616,246
"46727",307,62,7.39321236511687,245
"46728",307,63,4.15113011337663,244
"46729",307,64,2.56408557884714,243
"46730",307,65,5.04517526028619,242
"46731",307,66,6.64933443036397,241
"46732",307,67,3.94053457778809,240
"46733",307,68,3.69686021775777,239
"46734",307,69,6.70642456685453,238
"46735",307,70,3.39684333152952,237
"46736",307,71,3.23918024499942,236
"46737",307,72,3.37339153805117,235
"46738",307,73,2.69395683819985,234
"46739",307,74,2.48889959103694,233
"46740",307,75,2.05554211369002,232
"46741",307,76,1.69139654007484,231
"46742",307,77,4.56577294932454,230
"46743",307,78,6.25664969334377,229
"46744",307,79,3.88176101995385,228
"46745",307,80,2.28154947279214,227
"46746",307,81,2.29460361542732,226
"46747",307,82,3.39955771297107,225
"46748",307,83,4.48906087916498,224
"46749",307,84,5.27190608171346,223
"46750",307,85,5.65231160728514,222
"46751",307,86,4.78156301426327,221
"46752",307,87,6.304967324206,220
"46753",307,88,5.78887563714312,219
"46754",307,89,2.77085664485641,218
"46755",307,90,5.14099360542068,217
"46756",307,91,3.86779486529385,216
"46757",307,92,2.71378965937238,215
"46758",307,93,2.56594952351727,214
"46759",307,94,7.52406653163158,213
"46760",307,95,3.80555551395998,212
"46761",307,96,3.52198589497635,211
"46762",307,97,1.49179380649079,210
"46763",307,98,3.52190120408081,209
"46764",307,99,2.37205100183495,208
"46765",307,100,1.54414257162863,207
"46766",307,101,5.37107139219853,206
"46767",307,102,3.59313597874758,205
"46768",307,103,2.46907424883322,204
"46769",307,104,2.43617998544939,203
"46770",307,105,2.01157578563299,202
"46771",307,106,4.2529241270396,201
"46772",307,107,4.37036767866605,200
"46773",307,108,3.14833791255672,199
"46774",307,109,1.99962311872587,198
"46775",307,110,4.77388025247599,197
"46776",307,111,5.28644247983647,196
"46777",307,112,2.75248462478174,195
"46778",307,113,3.2560617557129,194
"46779",307,114,4.04251732733769,193
"46780",307,115,4.12784499668376,192
"46781",307,116,5.99242803585786,191
"46782",307,117,6.18420467994299,190
"46783",307,118,5.4767519726975,189
"46784",307,119,4.61648755754762,188
"46785",307,120,3.64645565041756,187
"46786",307,121,1.55088330527304,186
"46787",307,122,3.0492958232378,185
"46788",307,123,5.84092298567822,184
"46789",307,124,2.75728597636039,183
"46790",307,125,4.43592271399095,182
"46791",307,126,3.15437521571682,181
"46792",307,127,3.28456232149221,180
"46793",307,128,3.29016819360216,179
"46794",307,129,3.39178905833548,178
"46795",307,130,3.78183399636786,177
"46796",307,131,2.85166648782691,176
"46797",307,132,3.07948103353859,175
"46798",307,133,3.21250662889529,174
"46799",307,134,3.18898082622104,173
"46800",307,135,3.63082829612211,172
"46801",307,136,3.27561609056949,171
"46802",307,137,5.09725192023407,170
"46803",307,138,4.12426714097274,169
"46804",307,139,3.09172905723748,168
"46805",307,140,2.45887817225936,167
"46806",307,141,3.66785504068136,166
"46807",307,142,3.46032726650747,165
"46808",307,143,5.26350432005836,164
"46809",307,144,4.70854738486622,163
"46810",307,145,3.99042715259039,162
"46811",307,146,5.4026290032358,161
"46812",307,147,5.78185724417115,160
"46813",307,148,5.066480783295,159
"46814",307,149,5.51219976217691,158
"46815",307,150,4.89933764972044,157
"46816",307,151,6.44772164065931,156
"46817",307,152,6.68002021922017,155
"46818",307,153,8.92089018776885,154
"46819",307,154,7.07154007383188,153
"46820",307,155,5.18487617687851,152
"46821",307,156,4.10486125184021,151
"46822",307,157,4.71729077867514,150
"46823",307,158,5.8061786255617,149
"46824",307,159,6.24797281394137,148
"46825",307,160,7.31765648539286,147
"46826",307,161,5.98520353419012,146
"46827",307,162,5.38905416776209,145
"46828",307,163,4.87441604062141,144
"46829",307,164,7.0648172115005,143
"46830",307,165,6.3321014431289,142
"46831",307,166,5.18443459839763,141
"46832",307,167,4.36417996733214,140
"46833",307,168,3.76304083723414,139
"46834",307,169,4.66885661704716,138
"46835",307,170,4.95408726592401,137
"46836",307,171,3.90544001012406,136
"46837",307,172,5.02176939724399,135
"46838",307,173,5.61317148453294,134
"46839",307,174,6.45064489772453,133
"46840",307,175,6.42771525937127,132
"46841",307,176,6.6350187646794,131
"46842",307,177,5.93604850894599,130
"46843",307,178,4.78032982208419,129
"46844",307,179,5.64688275621541,128
"46845",307,180,7.41863209534482,127
"46846",307,181,6.53802555285289,126
"46847",307,182,6.87641034980041,125
"46848",307,183,6.65862382676043,124
"46849",307,184,5.99573994291245,123
"46850",307,185,5.76200974975241,122
"46851",307,186,6.0484044838614,121
"46852",307,187,5.41739077241964,120
"46853",307,188,5.6249875772366,119
"46854",307,189,6.22485902461957,118
"46855",307,190,5.61763246385466,117
"46856",307,191,6.48690670745743,116
"46857",307,192,8.09296939475832,115
"46858",307,193,7.70914338156526,114
"46859",307,194,5.63170777464899,113
"46860",307,195,6.94119501004796,112
"46861",307,196,5.22517793124431,111
"46862",307,197,5.84579936197645,110
"46863",307,198,6.75508791589249,109
"46864",307,199,6.66418367714436,108
"46865",307,200,6.49726921868665,107
"46866",307,201,6.39063151895319,106
"46867",307,202,8.6518355332391,105
"46868",307,203,8.59526760542147,104
"46869",307,204,8.50984858030306,103
"46870",307,205,8.34804644671702,102
"46871",307,206,6.56595196425747,101
"46872",307,207,7.08090633337913,100
"46873",307,208,7.67752512985927,99
"46874",307,209,7.27458541014082,98
"46875",307,210,8.31120073990315,97
"46876",307,211,7.73332538552806,96
"46877",307,212,7.60641909277033,95
"46878",307,213,6.55957525513167,94
"46879",307,214,7.6663004894526,93
"46880",307,215,5.18470554176724,92
"46881",307,216,5.75697945306832,91
"46882",307,217,5.55537562642326,90
"46883",307,218,6.34660523122093,89
"46884",307,219,6.67996718734007,88
"46885",307,220,6.74324484603341,87
"46886",307,221,6.72523927594934,86
"46887",307,222,7.6520931472085,85
"46888",307,223,6.59911441600043,84
"46889",307,224,6.48446283863223,83
"46890",307,225,5.41896349571566,82
"46891",307,226,5.77391990523862,81
"46892",307,227,4.74122523535811,80
"46893",307,228,6.38918900023256,79
"46894",307,229,5.57386516557123,78
"46895",307,230,6.12775378010503,77
"46896",307,231,4.21130415527427,76
"46897",307,232,4.92755192841626,75
"46898",307,233,6.7029393827573,74
"46899",307,234,7.50846526980086,73
"46900",307,235,5.34402728496328,72
"46901",307,236,6.15902032926566,71
"46902",307,237,5.69374504759437,70
"46903",307,238,5.5951072449472,69
"46904",307,239,8.18050250244234,68
"46905",307,240,7.42695122716862,67
"46906",307,241,4.88081769086362,66
"46907",307,242,4.54167951270334,65
"46908",307,243,5.04204149294959,64
"46909",307,244,4.20140920111022,63
"46910",307,245,3.7425244500514,62
"46911",307,246,4.76762100576071,61
"46912",307,247,5.78589427934793,60
"46913",307,248,5.48495867426935,59
"46914",307,249,5.87844650091571,58
"46915",307,250,4.42057188129872,57
"46916",307,251,4.97936175942817,56
"46917",307,252,4.55278885184856,55
"46918",307,253,4.15575159484977,54
"46919",307,254,3.97400990153239,53
"46920",307,255,4.17602916229527,52
"46921",307,256,3.64658692630446,51
"46922",307,257,4.35658843749549,50
"46923",307,258,4.41998678787146,49
"46924",307,259,2.09376287040491,48
"46925",307,260,2.08654943592433,47
"46926",307,261,2.09303110916896,46
"46927",307,262,2.4742979203106,45
"46928",307,263,3.47288652722045,44
"46929",307,264,4.42575709368915,43
"46930",307,265,4.10592944910336,42
"46931",307,266,4.6429846282147,41
"46932",307,267,4.65463094904035,40
"46933",307,268,5.04733665375315,39
"46934",307,269,4.57673429302956,38
"46935",307,270,4.47093471849118,37
"46936",307,271,4.1467914460776,36
"46937",307,272,3.48431765831536,35
"46938",307,273,3.74112577088327,34
"46939",307,274,2.49279968115387,33
"46940",307,275,2.7871510823888,32
"46941",307,276,1.33693927744865,31
"46942",307,277,2.14047956920118,30
"46943",307,278,3.04388710585148,29
"46944",307,279,1.89431429705814,28
"46945",307,280,3.35853693188833,27
"46946",307,281,3.10143819129049,26
"46947",307,282,3.22287381635368,25
"46948",307,283,3.87648160727422,24
"46949",307,284,3.28881491238758,23
"46950",307,285,4.80703361061182,22
"46951",307,286,3.96497960556166,21
"46952",307,287,3.42654369708518,20
"46953",307,288,4.69679446517796,19
"46954",307,289,5.06045172940772,18
"46955",307,290,3.18732169101377,17
"46956",307,291,2.4258279211979,16
"46957",307,292,4.60154199945533,15
"46958",307,293,5.23199633125343,14
"46959",307,294,2.27403571514983,13
"46960",307,295,1.41216399187092,12
"46961",307,296,1.04010568321462,11
"46962",307,297,1.61383417928488,10
"46963",307,298,1.94121609601283,9
"46964",307,299,1.46622451878357,8
"46965",307,300,2.44619867140044,7
"46966",307,301,3.53448638737265,6
"46967",307,302,7.1663173656682,5
"46968",307,303,2.54734722482798,4
"46969",307,304,1.29055979401423,3
"46970",307,305,0.296408521464157,2
"46971",307,306,1.10431885678541,1
"46972",308,1,3.3871008091049,307
"46973",308,2,1.67924473798488,306
"46974",308,3,5.35280019850423,305
"46975",308,4,5.06410453707733,304
"46976",308,5,5.44523199829803,303
"46977",308,6,6.09453216260227,302
"46978",308,7,5.62956012848374,301
"46979",308,8,4.93208690938181,300
"46980",308,9,7.54237344209557,299
"46981",308,10,6.05602261734385,298
"46982",308,11,6.14129992648412,297
"46983",308,12,4.89790416719156,296
"46984",308,13,5.88925794172656,295
"46985",308,14,6.27798464125136,294
"46986",308,15,5.07134323434798,293
"46987",308,16,5.02280484324301,292
"46988",308,17,5.60956724686267,291
"46989",308,18,6.27316698148765,290
"46990",308,19,3.49218652777084,289
"46991",308,20,4.18850406508919,288
"46992",308,21,6.53484616702641,287
"46993",308,22,8.55674183885654,286
"46994",308,23,6.98932018812752,285
"46995",308,24,7.42687870106205,284
"46996",308,25,4.88437668739622,283
"46997",308,26,5.45061447000986,282
"46998",308,27,5.75509949780835,281
"46999",308,28,6.27731958071088,280
"47000",308,29,5.2392206022899,279
"47001",308,30,5.96242556896454,278
"47002",308,31,5.08450397028921,277
"47003",308,32,7.23513603499399,276
"47004",308,33,3.77232196525796,275
"47005",308,34,5.32634446545133,274
"47006",308,35,5.22874409320341,273
"47007",308,36,6.35036506933893,272
"47008",308,37,4.03975874681431,271
"47009",308,38,5.49497203112329,270
"47010",308,39,5.3865656364394,269
"47011",308,40,6.54136658681799,268
"47012",308,41,6.4032257121483,267
"47013",308,42,6.2776517458225,266
"47014",308,43,4.44484042176968,265
"47015",308,44,2.66042030066393,264
"47016",308,45,3.64841428709082,263
"47017",308,46,4.97618132307456,262
"47018",308,47,3.14726702151562,261
"47019",308,48,1.78090092215857,260
"47020",308,49,2.73017968180615,259
"47021",308,50,6.19990227789918,258
"47022",308,51,4.31455401753546,257
"47023",308,52,2.70684002259803,256
"47024",308,53,5.15253820452838,255
"47025",308,54,6.45328055030224,254
"47026",308,55,2.80949804567947,253
"47027",308,56,2.51569021541214,252
"47028",308,57,3.83040192336208,251
"47029",308,58,3.22129457155686,250
"47030",308,59,1.99778352299523,249
"47031",308,60,3.78714384847015,248
"47032",308,61,3.11192877735815,247
"47033",308,62,6.25514654949904,246
"47034",308,63,3.595922109738,245
"47035",308,64,1.81675340422217,244
"47036",308,65,3.7800131445294,243
"47037",308,66,4.31410551244596,242
"47038",308,67,5.11582226199147,241
"47039",308,68,3.77462767959263,240
"47040",308,69,4.62875803978881,239
"47041",308,70,2.43499494558309,238
"47042",308,71,2.23062393696122,237
"47043",308,72,1.06872571943142,236
"47044",308,73,3.86640930723429,235
"47045",308,74,2.87462502098637,234
"47046",308,75,2.57635746518222,233
"47047",308,76,1.06393548039295,232
"47048",308,77,3.38068489155222,231
"47049",308,78,4.01129520697917,230
"47050",308,79,3.21275424233231,229
"47051",308,80,1.10626178858875,228
"47052",308,81,1.27452413126331,227
"47053",308,82,3.11028186059501,226
"47054",308,83,3.95200282771208,225
"47055",308,84,4.00453884770271,224
"47056",308,85,4.93518420523655,223
"47057",308,86,4.72176334188829,222
"47058",308,87,5.51935256858095,221
"47059",308,88,4.61850397528832,220
"47060",308,89,3.33284379175939,219
"47061",308,90,5.28389298269627,218
"47062",308,91,2.72973518811365,217
"47063",308,92,2.74003583465062,216
"47064",308,93,2.56043511772567,215
"47065",308,94,5.27871204526698,214
"47066",308,95,1.73363808450965,213
"47067",308,96,1.41347014598063,212
"47068",308,97,2.09380169534605,211
"47069",308,98,3.42170038898057,210
"47070",308,99,4.61740548819955,209
"47071",308,100,3.62056056357408,208
"47072",308,101,4.19578370799515,207
"47073",308,102,2.41784829454419,206
"47074",308,103,1.8442344857787,205
"47075",308,104,3.70134210120618,204
"47076",308,105,1.60272017082608,203
"47077",308,106,3.07763644283621,202
"47078",308,107,2.12501319230145,201
"47079",308,108,3.71770181024659,200
"47080",308,109,3.29719753599188,199
"47081",308,110,3.3050625886224,198
"47082",308,111,3.04108799347187,197
"47083",308,112,2.84661309892181,196
"47084",308,113,3.14863575541678,195
"47085",308,114,4.93782109550809,194
"47086",308,115,5.20111704178926,193
"47087",308,116,4.81714035165447,192
"47088",308,117,5.00891699573961,191
"47089",308,118,4.2846568861255,190
"47090",308,119,3.19610265190116,189
"47091",308,120,2.35581435268579,188
"47092",308,121,3.88611222319105,187
"47093",308,122,4.17144281607219,186
"47094",308,123,4.59840569200037,185
"47095",308,124,1.53683008238857,184
"47096",308,125,2.19056822762635,183
"47097",308,126,2.04136404999174,182
"47098",308,127,3.93500296855459,181
"47099",308,128,4.67858907536943,180
"47100",308,129,3.63775634872719,179
"47101",308,130,5.04699611212466,178
"47102",308,131,4.2568947719628,177
"47103",308,132,4.04002076174309,176
"47104",308,133,4.43164919388563,175
"47105",308,134,5.52420974413905,174
"47106",308,135,5.54566503458601,173
"47107",308,136,5.61084500848749,172
"47108",308,137,3.92196423603068,171
"47109",308,138,4.77722504006915,170
"47110",308,139,5.42695797515549,169
"47111",308,140,4.79410709017737,168
"47112",308,141,4.98904631297417,167
"47113",308,142,5.50446542336429,166
"47114",308,143,5.07500157038972,165
"47115",308,144,5.2158428532645,164
"47116",308,145,5.79421584862434,163
"47117",308,146,5.77316642881713,162
"47118",308,147,4.76563453036328,161
"47119",308,148,4.97551983989743,160
"47120",308,149,5.84142290904674,159
"47121",308,150,7.00486988390801,158
"47122",308,151,7.90337213190104,157
"47123",308,152,6.85116764024615,156
"47124",308,153,6.67553570140426,155
"47125",308,154,5.31150159317541,154
"47126",308,155,6.4500382926353,153
"47127",308,156,5.72463012130825,152
"47128",308,157,5.98245289443194,151
"47129",308,158,5.74500627636709,150
"47130",308,159,7.51313492969816,149
"47131",308,160,8.24295693695293,148
"47132",308,161,7.15316198860426,147
"47133",308,162,6.61654275767642,146
"47134",308,163,6.5138467404725,145
"47135",308,164,4.8194627251359,144
"47136",308,165,4.15167078301832,143
"47137",308,166,5.64078005655477,142
"47138",308,167,4.70274693279415,141
"47139",308,168,5.93668850167059,140
"47140",308,169,6.57830697224151,139
"47141",308,170,6.81311541401251,138
"47142",308,171,5.75535292233394,137
"47143",308,172,6.46720895278319,136
"47144",308,173,7.02643524957686,135
"47145",308,174,6.13307482999802,134
"47146",308,175,5.4765194474628,133
"47147",308,176,6.00776579418421,132
"47148",308,177,7.20121062470278,131
"47149",308,178,6.52729965710065,130
"47150",308,179,6.87471920922132,129
"47151",308,180,5.43229662413948,128
"47152",308,181,6.54177702991229,127
"47153",308,182,8.14157246555721,126
"47154",308,183,7.92378594251722,125
"47155",308,184,5.67356526809746,124
"47156",308,185,7.23446764336276,123
"47157",308,186,7.31356659961819,122
"47158",308,187,7.41275802614093,121
"47159",308,188,6.69451241420083,120
"47160",308,189,6.26299141042821,119
"47161",308,190,6.0739779220118,118
"47162",308,191,6.53854470860884,117
"47163",308,192,6.02688938501832,116
"47164",308,193,7.32423628014407,115
"47165",308,194,6.7778087984906,114
"47166",308,195,5.50509937080478,113
"47167",308,196,5.29341104503597,112
"47168",308,197,5.25051409278984,111
"47169",308,198,5.20542760300145,110
"47170",308,199,6.26137347353065,109
"47171",308,200,8.13780113598316,108
"47172",308,201,8.7258604368712,107
"47173",308,202,8.62515089619783,106
"47174",308,203,9.86042972117826,105
"47175",308,204,9.77501069605985,104
"47176",308,205,8.77164386911542,103
"47177",308,206,8.90118088217548,102
"47178",308,207,6.69589518736459,101
"47179",308,208,7.72937122019739,100
"47180",308,209,7.45607106380027,99
"47181",308,210,8.60560078850199,98
"47182",308,211,8.17341387597336,97
"47183",308,212,8.14337309962987,96
"47184",308,213,7.30711551894335,95
"47185",308,214,7.13583500192665,94
"47186",308,215,6.92047492384526,93
"47187",308,216,6.52287775825245,92
"47188",308,217,5.6871948380096,91
"47189",308,218,6.30355682306371,90
"47190",308,219,7.33305514217818,89
"47191",308,220,6.56848181204259,88
"47192",308,221,7.61833792586579,87
"47193",308,222,7.26708200119396,86
"47194",308,223,7.13651061238174,85
"47195",308,224,7.74962495438902,84
"47196",308,225,5.81279833505945,83
"47197",308,226,5.87697611730129,82
"47198",308,227,5.20008794554927,81
"47199",308,228,5.06592972248374,80
"47200",308,229,6.66085091520621,79
"47201",308,230,5.3170608084759,78
"47202",308,231,6.48173930267996,77
"47203",308,232,6.88742449071645,76
"47204",308,233,6.12655838905824,75
"47205",308,234,5.26311078343626,74
"47206",308,235,6.35048251934087,73
"47207",308,236,4.39931999353759,72
"47208",308,237,6.10373281005664,71
"47209",308,238,7.93033616286521,70
"47210",308,239,7.00521481823896,69
"47211",308,240,5.18159674080402,68
"47212",308,241,5.54751530563785,67
"47213",308,242,5.80684162846013,66
"47214",308,243,6.30720360870638,65
"47215",308,244,5.56116498950955,64
"47216",308,245,5.9968066743386,63
"47217",308,246,5.84110114005292,62
"47218",308,247,6.30944671545806,61
"47219",308,248,5.84648766737616,60
"47220",308,249,4.70315881671232,59
"47221",308,250,6.75580079921673,58
"47222",308,251,5.85976113960036,57
"47223",308,252,6.88801776976657,56
"47224",308,253,6.05422732100846,55
"47225",308,254,6.3092388194504,54
"47226",308,255,6.37802244015679,53
"47227",308,256,5.85209824745612,52
"47228",308,257,5.83168991112281,51
"47229",308,258,3.26116416056663,50
"47230",308,259,2.647103900718,49
"47231",308,260,3.04688107494211,48
"47232",308,261,3.24924205561475,47
"47233",308,262,4.25884337501379,46
"47234",308,263,5.80811544513846,45
"47235",308,264,6.76098601160716,44
"47236",308,265,6.44115836702137,43
"47237",308,266,6.97821354613271,42
"47238",308,267,6.98985986695835,41
"47239",308,268,7.38256557167116,40
"47240",308,269,6.91196321094757,39
"47241",308,270,6.80616363640919,38
"47242",308,271,6.17477667981593,37
"47243",308,272,4.84222019199529,36
"47244",308,273,3.53055136301778,35
"47245",308,274,1.31751199695049,34
"47246",308,275,2.8164597748682,33
"47247",308,276,3.58229376381325,32
"47248",308,277,2.67997683924308,31
"47249",308,278,3.59909545762198,30
"47250",308,279,3.15947641281494,29
"47251",308,280,5.45286871313744,28
"47252",308,281,5.42546665627006,27
"47253",308,282,5.55810273427169,26
"47254",308,283,6.21171052519223,25
"47255",308,284,5.46212443189563,24
"47256",308,285,4.24636335050949,23
"47257",308,286,6.17093311623509,22
"47258",308,287,3.49708597372415,21
"47259",308,288,2.80768866646362,20
"47260",308,289,2.81509724304312,19
"47261",308,290,3.44944190452396,18
"47262",308,291,4.75546333560764,17
"47263",308,292,4.16601137401169,16
"47264",308,293,3.1715232709436,15
"47265",308,294,1.33920091554656,14
"47266",308,295,2.76697006890096,13
"47267",308,296,3.37533460113263,12
"47268",308,297,3.94906309720289,11
"47269",308,298,2.43578648361718,10
"47270",308,299,3.4938716075935,9
"47271",308,300,3.19615214265279,8
"47272",308,301,2.29952904419224,7
"47273",308,302,5.9011552499114,6
"47274",308,303,2.70419860750976,5
"47275",308,304,3.53591428037883,4
"47276",308,305,2.2952589217297,3
"47277",308,306,3.34967334315001,2
"47278",308,307,2.33522891791801,1
"47279",309,1,3.00609352918526,308
"47280",309,2,2.49397843516103,307
"47281",309,3,3.71010458547555,306
"47282",309,4,2.83859038001605,305
"47283",309,5,2.26145387963157,304
"47284",309,6,2.9107540439358,303
"47285",309,7,2.44578200981727,302
"47286",309,8,3.99455721918228,301
"47287",309,9,6.51015948058204,300
"47288",309,10,3.76195582761118,299
"47289",309,11,4.34692925498256,298
"47290",309,12,4.94644651574569,297
"47291",309,13,4.85704398021304,296
"47292",309,14,3.34509397922169,295
"47293",309,15,1.88756511568151,294
"47294",309,16,1.83902672457655,293
"47295",309,17,2.80117845431476,292
"47296",309,18,4.47879630998609,291
"47297",309,19,2.19866051753577,290
"47298",309,20,1.44039876239532,289
"47299",309,21,5.50263220551289,288
"47300",309,22,5.37296372019007,287
"47301",309,23,5.30217152258757,286
"47302",309,24,4.24310058239558,285
"47303",309,25,3.01547527083127,284
"47304",309,26,5.80780795566124,283
"47305",309,27,3.96072882630679,282
"47306",309,28,4.48294890920932,281
"47307",309,29,3.44484993078834,280
"47308",309,30,4.16805489746298,279
"47309",309,31,3.03802226325842,278
"47310",309,32,5.44076536349243,277
"47311",309,33,3.93518616166905,276
"47312",309,34,4.2941305039378,275
"47313",309,35,2.93306911569458,274
"47314",309,36,4.55599439783737,273
"47315",309,37,1.51706282403212,272
"47316",309,38,3.70060135962173,271
"47317",309,39,4.60646271045511,270
"47318",309,40,3.35758846815152,269
"47319",309,41,4.07451207282814,268
"47320",309,42,3.09387362715603,267
"47321",309,43,1.9692998274642,266
"47322",309,44,1.3539930889814,265
"47323",309,45,5.26360469608059,264
"47324",309,46,3.94396736156104,263
"47325",309,47,1.59514222700316,262
"47326",309,48,2.49125698663438,261
"47327",309,49,4.34626994259255,260
"47328",309,50,7.5682489535675,259
"47329",309,51,2.01965487105594,258
"47330",309,52,2.82872987508879,257
"47331",309,53,2.92905882719564,256
"47332",309,54,3.26950243163578,255
"47333",309,55,2.61309626123298,254
"47334",309,56,3.81843095307681,253
"47335",309,57,0.898734840224845,252
"47336",309,58,2.39549947616768,251
"47337",309,59,5.06521174490176,250
"47338",309,60,1.5279980631642,249
"47339",309,61,2.07971481584463,248
"47340",309,62,4.02576948568534,247
"47341",309,63,2.01062760685402,246
"47342",309,64,3.60801617890031,245
"47343",309,65,5.64392713196073,244
"47344",309,66,3.71400314286859,243
"47345",309,67,1.93204414332501,242
"47346",309,68,2.78889158765235,241
"47347",309,69,5.53569901128322,240
"47348",309,70,1.78272177534815,239
"47349",309,71,0.953154181705244,238
"47350",309,72,2.11505239923504,237
"47351",309,73,0.972119966517243,236
"47352",309,74,1.08025434948481,235
"47353",309,75,2.67838843557935,234
"47354",309,76,2.36650868390903,233
"47355",309,77,4.19613696192559,232
"47356",309,78,5.80566587848073,231
"47357",309,79,0.58169731103448,230
"47358",309,80,4.29003990725522,229
"47359",309,81,3.26103510303624,228
"47360",309,82,2.99213529418626,227
"47361",309,83,3.58109224905957,226
"47362",309,84,1.90446320228193,225
"47363",309,85,2.28486872785361,224
"47364",309,86,1.53798522322182,223
"47365",309,87,2.93752444477447,222
"47366",309,88,2.42143275771159,221
"47367",309,89,1.53847312025783,220
"47368",309,90,4.23302497531526,219
"47369",309,91,2.74693695382661,218
"47370",309,92,1.15593928632113,217
"47371",309,93,1.32812977877151,216
"47372",309,94,7.07308271676854,215
"47373",309,95,4.73823594066433,214
"47374",309,96,2.42020316155356,213
"47375",309,97,2.8627041683919,212
"47376",309,98,2.63614353471912,211
"47377",309,99,3.45116078653055,210
"47378",309,100,4.6527745250876,209
"47379",309,101,7.37956182666161,208
"47380",309,102,5.60162641321066,207
"47381",309,103,4.4775646832963,206
"47382",309,104,3.62987445582126,205
"47383",309,105,3.60548811031085,204
"47384",309,106,6.26141456150268,203
"47385",309,107,3.91938386380301,202
"47386",309,108,3.67424202016873,201
"47387",309,109,4.32941149750541,200
"47388",309,110,5.60025901762771,199
"47389",309,111,4.83545866497343,198
"47390",309,112,1.84451599467633,197
"47391",309,113,5.26455219017599,196
"47392",309,114,6.05100776180077,195
"47393",309,115,6.23333100330279,194
"47394",309,116,8.00091847032094,193
"47395",309,117,8.19269511440607,192
"47396",309,118,7.46843500479196,191
"47397",309,119,4.16550374268458,190
"47398",309,120,3.19547183555452,189
"47399",309,121,4.91832618470457,188
"47400",309,122,5.20365677758571,187
"47401",309,123,7.78218381066683,186
"47402",309,124,4.72060820105503,185
"47403",309,125,3.9849388991279,184
"47404",309,126,3.65580638643469,183
"47405",309,127,3.87473577610812,182
"47406",309,128,5.71080303688295,181
"47407",309,129,4.2161704462881,180
"47408",309,130,4.68980262647327,179
"47409",309,131,5.28910873347632,178
"47410",309,132,5.08797146800168,177
"47411",309,133,5.46386315539915,176
"47412",309,134,6.55642370565258,175
"47413",309,135,6.57787899609953,174
"47414",309,136,6.64305897000102,173
"47415",309,137,7.10574235469715,172
"47416",309,138,6.13275757543582,171
"47417",309,139,6.45917193666901,170
"47418",309,140,5.82632105169089,169
"47419",309,141,6.02126027448769,168
"47420",309,142,6.53667938487781,167
"47421",309,143,7.27199475452144,166
"47422",309,144,6.7170378193293,165
"47423",309,145,6.82642981013786,164
"47424",309,146,7.08057833975674,163
"47425",309,147,7.14046593568839,162
"47426",309,148,7.07497121775808,161
"47427",309,149,7.52069019663999,160
"47428",309,150,8.03708384542153,159
"47429",309,151,8.93558609341457,158
"47430",309,152,8.35236260631094,157
"47431",309,153,8.46990637290581,156
"47432",309,154,6.62055625896883,155
"47433",309,155,6.09284480698392,154
"47434",309,156,6.75684408282177,153
"47435",309,157,6.71213361331038,152
"47436",309,158,6.44667913993848,151
"47437",309,159,8.53974194178151,150
"47438",309,160,8.54684564718582,149
"47439",309,161,7.95007231695717,148
"47440",309,162,7.64875671918995,147
"47441",309,163,7.54606070198602,146
"47442",309,164,6.61383339663746,145
"47443",309,165,5.88111762826586,144
"47444",309,166,5.28358657090339,143
"47445",309,167,6.18778897574045,142
"47446",309,168,6.96890246318412,141
"47447",309,169,7.61052093375504,140
"47448",309,170,7.84532937552604,139
"47449",309,171,6.78756688384746,138
"47450",309,172,7.49942291429672,137
"47451",309,173,8.05864921109039,136
"47452",309,174,8.45913533218761,135
"47453",309,175,6.70504324986697,134
"47454",309,176,6.18403494981635,133
"47455",309,177,6.8440171390514,132
"47456",309,178,7.55951361861418,131
"47457",309,179,7.90693317073484,130
"47458",309,180,6.96764828048177,129
"47459",309,181,6.18458354426091,128
"47460",309,182,7.78437897990582,127
"47461",309,183,7.56659245686584,126
"47462",309,184,7.74091888890785,125
"47463",309,185,8.26668160487628,124
"47464",309,186,7.91439504897789,123
"47465",309,187,8.44497198765445,122
"47466",309,188,7.72672637571435,121
"47467",309,189,8.23334945908265,120
"47468",309,190,6.92691740690072,119
"47469",309,191,6.97689263779066,118
"47470",309,192,9.21066750368479,117
"47471",309,193,7.79599644249791,116
"47472",309,194,7.81002276000413,115
"47473",309,195,6.49021119518492,114
"47474",309,196,5.90543994733411,113
"47475",309,197,6.28000092321986,112
"47476",309,198,7.4470074620953,111
"47477",309,199,7.98917756392438,110
"47478",309,200,9.17001509749668,109
"47479",309,201,9.75807439838472,108
"47480",309,202,10.5146662958148,107
"47481",309,203,10.326798951589,106
"47482",309,204,9.41781721040847,105
"47483",309,205,8.8402289461877,104
"47484",309,206,9.933394843689,103
"47485",309,207,6.92124186229083,102
"47486",309,208,7.37217773454601,101
"47487",309,209,7.96164860245655,100
"47488",309,210,8.56214099842413,99
"47489",309,211,7.81622039032197,98
"47490",309,212,7.78617961397849,97
"47491",309,213,7.37570059601563,96
"47492",309,214,7.21531667458956,95
"47493",309,215,7.95268888535879,94
"47494",309,216,7.76546988753141,93
"47495",309,217,6.71940879952312,92
"47496",309,218,8.35509566568401,91
"47497",309,219,8.68845762180316,90
"47498",309,220,7.27268387205833,89
"47499",309,221,7.95024793732764,88
"47500",309,222,7.20110933234546,87
"47501",309,223,6.77931712673036,86
"47502",309,224,7.39243146873764,85
"47503",309,225,7.42745393017875,84
"47504",309,226,7.78241033970171,83
"47505",309,227,6.74971566982119,82
"47506",309,228,6.73374660020271,81
"47507",309,229,7.05999053614252,80
"47508",309,230,7.49756292456072,79
"47509",309,231,7.51395326419348,78
"47510",309,232,7.91963845222998,77
"47511",309,233,8.71142981722038,76
"47512",309,234,7.05748145493782,75
"47513",309,235,5.99328903368949,74
"47514",309,236,6.86214032840691,73
"47515",309,237,7.70223548205745,72
"47516",309,238,8.96255012437874,71
"47517",309,239,10.1889929369054,70
"47518",309,240,7.5487367931842,69
"47519",309,241,5.66652258981597,68
"47520",309,242,5.84181190079518,67
"47521",309,243,7.00887647227777,66
"47522",309,244,6.59337895102307,65
"47523",309,245,7.02902063585212,64
"47524",309,246,6.87331510156645,63
"47525",309,247,7.79438471381101,62
"47526",309,248,7.49344910873243,61
"47527",309,249,7.88693693537879,60
"47528",309,250,7.78801476073025,59
"47529",309,251,6.98785219389125,58
"47530",309,252,7.9202317312801,57
"47531",309,253,7.08644128252199,56
"47532",309,254,7.34145278096392,55
"47533",309,255,7.41023640167031,54
"47534",309,256,6.88431220896965,53
"47535",309,257,6.86390387263634,52
"47536",309,258,6.42847722233455,51
"47537",309,259,3.24793235007769,50
"47538",309,260,4.09503987038741,49
"47539",309,261,4.28145601712827,48
"47540",309,262,5.29105733652731,47
"47541",309,263,6.84032940665198,46
"47542",309,264,7.79319997312069,45
"47543",309,265,7.47337232853489,44
"47544",309,266,8.01042750764624,43
"47545",309,267,8.02207382847188,42
"47546",309,268,8.41477953318468,41
"47547",309,269,7.9441771724611,40
"47548",309,270,7.83837759792271,39
"47549",309,271,7.20699064132945,38
"47550",309,272,5.87443415350881,37
"47551",309,273,5.01569745055744,36
"47552",309,274,4.50129011561695,35
"47553",309,275,2.64192461299151,34
"47554",309,276,4.21129882836948,33
"47555",309,277,4.14897000366426,32
"47556",309,278,4.6313094191355,31
"47557",309,279,4.16927602252967,30
"47558",309,280,6.48508267465097,29
"47559",309,281,6.45768061778358,28
"47560",309,282,6.59031669578521,27
"47561",309,283,7.24392448670575,26
"47562",309,284,6.49433839340915,25
"47563",309,285,6.81552404507491,24
"47564",309,286,7.20314707774861,23
"47565",309,287,5.43503413154826,22
"47566",309,288,4.24581065031492,21
"47567",309,289,4.60946791454468,20
"47568",309,290,3.90459723607439,19
"47569",309,291,5.78767729712116,18
"47570",309,292,6.61003243391841,17
"47571",309,293,6.35530138961006,16
"47572",309,294,2.56257760450587,15
"47573",309,295,3.79918403041448,14
"47574",309,296,4.40754856264616,13
"47575",309,297,4.98127705871641,12
"47576",309,298,3.4680004451307,11
"47577",309,299,4.52608556910702,10
"47578",309,300,4.45468910586352,9
"47579",309,301,1.06342933698601,8
"47580",309,302,6.25834873556279,7
"47581",309,303,0.909827936008203,6
"47582",309,304,2.88617214422871,5
"47583",309,305,3.10344424879771,4
"47584",309,306,3.91069509906185,3
"47585",309,307,3.36744287943153,2
"47586",309,308,3.18377811866647,1
"47587",310,1,1.39099862479928,309
"47588",310,2,2.4471307939485,308
"47589",310,3,7.10414874482934,307
"47590",310,4,4.52613388464641,306
"47591",310,5,5.59926193627655,305
"47592",310,6,3.78151392745438,304
"47593",310,7,5.31086345655017,303
"47594",310,8,7.16451164423579,302
"47595",310,9,9.90420363993583,301
"47596",310,10,7.15599998696496,300
"47597",310,11,3.7519294529501,299
"47598",310,12,7.25973436503182,298
"47599",310,13,8.25108813956682,297
"47600",310,14,4.86218975467755,296
"47601",310,15,4.47268857284229,295
"47602",310,16,5.21670987162514,294
"47603",310,17,5.94871852756949,293
"47604",310,18,3.87644032862057,292
"47605",310,19,2.69623796597943,291
"47606",310,20,4.57673838271161,290
"47607",310,21,8.89667636486667,289
"47608",310,22,8.32242533213453,288
"47609",310,23,8.69621568194136,287
"47610",310,24,6.83777013099675,286
"47611",310,25,3.55306601062732,285
"47612",310,26,6.30538540410491,284
"47613",310,27,3.13469198153015,283
"47614",310,28,3.26998122058694,282
"47615",310,29,3.91973218372536,281
"47616",310,30,2.30919851486516,280
"47617",310,31,5.2461291635827,279
"47618",310,32,3.41505853610089,278
"47619",310,33,4.43276361011271,277
"47620",310,34,7.68817466329159,276
"47621",310,35,3.84652959913518,275
"47622",310,36,4.3257018823122,274
"47623",310,37,3.02068589470617,273
"47624",310,38,1.67489453223019,272
"47625",310,39,7.74839583427966,271
"47626",310,40,6.74583214142572,270
"47627",310,41,7.46855623218193,269
"47628",310,42,4.39370821144426,268
"47629",310,43,5.02719593944568,267
"47630",310,44,4.73883302620299,266
"47631",310,45,7.28931152347214,265
"47632",310,46,7.33801152091483,264
"47633",310,47,4.98918638635694,263
"47634",310,48,4.51696381402592,262
"47635",310,49,6.37197676998409,261
"47636",310,50,9.59395578095904,260
"47637",310,51,5.41369903040972,259
"47638",310,52,5.06867022043829,258
"47639",310,53,5.53502405836789,257
"47640",310,54,4.19381406735459,256
"47641",310,55,3.61075443679148,255
"47642",310,56,3.67177081324983,254
"47643",310,57,3.97587419353708,253
"47644",310,58,0.998544683186109,252
"47645",310,59,4.19445186138318,251
"47646",310,60,4.70915294115616,250
"47647",310,61,5.47375897519842,249
"47648",310,62,7.41981364503912,248
"47649",310,63,4.17773139329889,247
"47650",310,64,2.73725629538174,246
"47651",310,65,4.77316724844215,245
"47652",310,66,6.67593571028622,244
"47653",310,67,3.54661362251453,243
"47654",310,68,3.28646903609602,242
"47655",310,69,7.56140583867476,241
"47656",310,70,3.42344461145177,240
"47657",310,71,3.26578152492167,239
"47658",310,72,4.03017996496299,238
"47659",310,73,2.7205581181221,237
"47660",310,74,2.51550087095919,236
"47661",310,75,1.80762855206077,235
"47662",310,76,3.26611955260335,234
"47663",310,77,6.14049596185304,233
"47664",310,78,7.83137270587227,232
"47665",310,79,3.9083622998761,231
"47666",310,80,3.41928002373664,230
"47667",310,81,3.86932662795582,229
"47668",310,82,2.98916653130933,228
"47669",310,83,4.07866969750324,227
"47670",310,84,5.29850736163572,226
"47671",310,85,5.6789128872074,225
"47672",310,86,4.80816429418553,224
"47673",310,87,6.33156860412826,223
"47674",310,88,5.81547691706538,222
"47675",310,89,2.79745792477867,221
"47676",310,90,4.73060242375893,220
"47677",310,91,3.89439614521611,219
"47678",310,92,2.74039093929463,218
"47679",310,93,3.17568625118959,217
"47680",310,94,9.09878954416008,216
"47681",310,95,5.11122383242329,215
"47682",310,96,4.44590998894511,214
"47683",310,97,3.06651681901929,213
"47684",310,98,3.11151002241906,212
"47685",310,99,1.86453419227557,211
"47686",310,100,2.68187312257313,210
"47687",310,101,6.7458132083843,209
"47688",310,102,4.73086652969208,208
"47689",310,103,3.60680479977772,207
"47690",310,104,3.33156983680953,206
"47691",310,105,3.58629879816149,205
"47692",310,106,5.3906546779841,204
"47693",310,107,5.94509069119455,203
"47694",310,108,4.72306092508522,202
"47695",310,109,3.57434613125437,201
"47696",310,110,6.34860326500449,200
"47697",310,111,6.86116549236498,199
"47698",310,112,2.40932305259446,198
"47699",310,113,4.39379230665741,197
"47700",310,114,5.18024787828219,196
"47701",310,115,5.26557554762826,195
"47702",310,116,7.2029816997851,194
"47703",310,117,7.3219352308875,193
"47704",310,118,7.051474985226,192
"47705",310,119,6.19121057007612,191
"47706",310,120,5.22117866294607,190
"47707",310,121,1.8962362443681,189
"47708",310,122,4.2486490342266,188
"47709",310,123,7.41564599820672,187
"47710",310,124,3.84984831753645,186
"47711",310,125,6.01064572651945,185
"47712",310,126,4.72909822824533,184
"47713",310,127,4.85928533402071,183
"47714",310,128,3.7005593752639,182
"47715",310,129,4.96651207086398,181
"47716",310,130,4.80652526612093,180
"47717",310,131,4.00565917597289,179
"47718",310,132,4.2172115844831,178
"47719",310,133,4.3502371798398,177
"47720",310,134,4.27814856321673,176
"47721",310,135,4.76855884706662,175
"47722",310,136,4.15463976013479,174
"47723",310,137,6.23498247117857,173
"47724",310,138,5.26199769191725,172
"47725",310,139,3.48543672109465,171
"47726",310,140,3.49126195663428,170
"47727",310,141,4.82205581801405,169
"47728",310,142,4.59805781745197,168
"47729",310,143,6.40123487100286,167
"47730",310,144,5.84627793581072,166
"47731",310,145,5.5651501651189,165
"47732",310,146,6.9773520157643,164
"47733",310,147,7.35658025669965,163
"47734",310,148,6.27144094371396,162
"47735",310,149,6.64993031312141,161
"47736",310,150,6.32860632073754,160
"47737",310,151,7.35947250432465,159
"47738",310,152,8.25474323174867,158
"47739",310,153,10.4956132002974,157
"47740",310,154,8.64626308636038,156
"47741",310,155,6.40389673587187,155
"47742",310,156,5.67958426436872,154
"47743",310,157,5.90390144683817,153
"47744",310,158,7.38090163809021,152
"47745",310,159,7.82269582646987,151
"47746",310,160,8.89237949792136,150
"47747",310,161,7.55992654671863,149
"47748",310,162,6.96377718029059,148
"47749",310,163,6.01214659156591,147
"47750",310,164,8.639540224029,146
"47751",310,165,7.90682445565741,145
"47752",310,166,6.75915761092613,144
"47753",310,167,5.93890297986065,143
"47754",310,168,4.90077138817865,142
"47755",310,169,5.79075154814288,141
"47756",310,170,5.62318012673529,140
"47757",310,171,5.04317056106856,139
"47758",310,172,6.1594999481885,138
"47759",310,173,7.11505793815681,137
"47760",310,174,8.00856050788441,136
"47761",310,175,8.00243827189977,135
"47762",310,176,8.2097417772079,134
"47763",310,177,6.41092392845482,133
"47764",310,178,5.59477297981351,132
"47765",310,179,7.22160576874392,131
"47766",310,180,8.99335510787332,130
"47767",310,181,8.11274856538139,129
"47768",310,182,7.56131798880177,128
"47769",310,183,7.66747430717507,127
"47770",310,184,7.57046295544095,126
"47771",310,185,6.17240093141416,125
"47772",310,186,7.34847578107893,124
"47773",310,187,6.55512132336414,123
"47774",310,188,7.1997105897651,122
"47775",310,189,7.36258957556407,121
"47776",310,190,7.19235547638316,120
"47777",310,191,8.06162971998593,119
"47778",310,192,9.66769240728682,118
"47779",310,193,9.28386639409376,117
"47780",310,194,7.2064307871775,116
"47781",310,195,8.51591802257646,115
"47782",310,196,6.79990094377281,114
"47783",310,197,7.42052237450496,113
"47784",310,198,8.32981092842099,112
"47785",310,199,8.23890668967286,111
"47786",310,200,7.9102809219919,110
"47787",310,201,7.29986851021138,109
"47788",310,202,10.2265585457676,108
"47789",310,203,10.0733071795741,107
"47790",310,204,9.93901320672679,106
"47791",310,205,9.92276945924552,105
"47792",310,206,6.53935068433521,104
"47793",310,207,8.65562934590764,103
"47794",310,208,9.25224814238777,102
"47795",310,209,8.84930842266932,101
"47796",310,210,9.88592375243166,100
"47797",310,211,9.30804839805656,99
"47798",310,212,9.18114210529883,98
"47799",310,213,8.13429826766017,97
"47800",310,214,9.2410235019811,96
"47801",310,215,6.72733079724548,95
"47802",310,216,6.89471000401283,94
"47803",310,217,7.13009863895177,93
"47804",310,218,7.48433578216543,92
"47805",310,219,7.81769773828458,91
"47806",310,220,8.31796785856191,90
"47807",310,221,8.29996228847785,89
"47808",310,222,9.22681615973701,88
"47809",310,223,8.17383742852894,87
"47810",310,224,7.76796503435785,86
"47811",310,225,6.62392365613463,85
"47812",310,226,6.91165045618313,84
"47813",310,227,6.18148902893769,83
"47814",310,228,7.96391201276106,82
"47815",310,229,7.14858817809973,81
"47816",310,230,7.70247679263353,80
"47817",310,231,5.50589483104459,79
"47818",310,232,5.66081429217972,78
"47819",310,233,7.8406699337018,77
"47820",310,234,9.08318828232936,76
"47821",310,235,6.91875029749178,75
"47822",310,236,7.73374334179416,74
"47823",310,237,6.83147559853887,73
"47824",310,238,5.56850596502495,72
"47825",310,239,9.31823305338684,71
"47826",310,240,9.00167423969713,70
"47827",310,241,6.45554070339213,69
"47828",310,242,5.80923687449718,68
"47829",310,243,5.45243267461133,67
"47830",310,244,5.77613221363872,66
"47831",310,245,4.9810994152076,65
"47832",310,246,6.1462486933741,64
"47833",310,247,6.92362483029243,63
"47834",310,248,6.62268922521386,62
"47835",310,249,7.01617705186021,61
"47836",310,250,4.52315757071669,60
"47837",310,251,6.11709231037268,59
"47838",310,252,5.36699273975321,58
"47839",310,253,5.29348214579427,57
"47840",310,254,4.82577872201261,56
"47841",310,255,4.58642034395701,55
"47842",310,256,5.08124377045387,54
"47843",310,257,5.93131145002399,53
"47844",310,258,5.89945888969655,52
"47845",310,259,3.66848588293342,51
"47846",310,260,3.44277621766083,50
"47847",310,261,3.66775412169746,49
"47848",310,262,4.0490209328391,48
"47849",310,263,4.56215830880949,47
"47850",310,264,4.51230430904133,46
"47851",310,265,5.01757109868571,45
"47852",310,266,4.61638334829245,44
"47853",310,267,4.62802966911809,43
"47854",310,268,5.02073537383089,42
"47855",310,269,5.03513168280571,41
"47856",310,270,5.12366139750762,40
"47857",310,271,5.2845219970221,39
"47858",310,272,5.05904067084387,38
"47859",310,273,5.31584878341177,37
"47860",310,274,3.63053023209837,36
"47861",310,275,2.37675990072706,35
"47862",310,276,0.817254669015692,34
"47863",310,277,3.60875121808782,33
"47864",310,278,4.61861011837998,32
"47865",310,279,3.42057854023118,31
"47866",310,280,3.76892811355007,30
"47867",310,281,3.51182937295224,29
"47868",310,282,3.29151000121295,28
"47869",310,283,3.86108078029041,27
"47870",310,284,4.42654546333209,26
"47871",310,285,5.94476416155633,25
"47872",310,286,5.10271015650617,24
"47873",310,287,4.81077833412874,23
"47874",310,288,6.27151747770647,22
"47875",310,289,6.63517474193622,21
"47876",310,290,4.76204470354227,20
"47877",310,291,3.30527293862627,19
"47878",310,292,5.73927255039983,18
"47879",310,293,6.80671934378193,17
"47880",310,294,3.84875872767834,16
"47881",310,295,1.83848700189027,15
"47882",310,296,1.20750335094876,14
"47883",310,297,2.28271378141981,13
"47884",310,298,3.51593910854133,12
"47885",310,299,2.79442999929112,11
"47886",310,300,3.58392922234495,10
"47887",310,301,3.56108766729491,9
"47888",310,302,6.75592618400646,8
"47889",310,303,2.57394850475023,7
"47890",310,304,0.507872015125075,6
"47891",310,305,1.52481857716341,5
"47892",310,306,0.729540221069887,4
"47893",310,307,1.5747230125285,3
"47894",310,308,3.8200774988931,2
"47895",310,309,3.39404415935379,1
"47896",311,1,2.32080109672463,310
"47897",311,2,3.74690691992738,309
"47898",311,3,8.40392487080823,308
"47899",311,4,5.8259100106253,307
"47900",311,5,6.89903806225543,306
"47901",311,6,5.01654830521762,305
"47902",311,7,6.61063958252906,304
"47903",311,8,8.46428777021468,303
"47904",311,9,11.2039797659147,302
"47905",311,10,8.45577611294385,301
"47906",311,11,5.05170557892899,300
"47907",311,12,8.55951049101071,299
"47908",311,13,9.55086426554571,298
"47909",311,14,6.16196588065644,297
"47910",311,15,5.77246469882117,296
"47911",311,16,6.51648599760402,295
"47912",311,17,7.24849465354838,294
"47913",311,18,4.85126886016559,293
"47914",311,19,3.89979507487847,292
"47915",311,20,5.87651450869049,291
"47916",311,21,10.1964524908456,290
"47917",311,22,9.62220145811341,289
"47918",311,23,9.99599180792025,288
"47919",311,24,8.13754625697564,287
"47920",311,25,4.8528421366062,286
"47921",311,26,7.28021393564994,285
"47922",311,27,4.43446810750903,284
"47923",311,28,4.24480975213197,283
"47924",311,29,5.21950830970425,282
"47925",311,30,3.13891157252187,281
"47926",311,31,6.54590528956158,280
"47927",311,32,3.48393957991895,279
"47928",311,33,5.40759214165774,278
"47929",311,34,8.98795078927048,277
"47930",311,35,5.14630572511407,276
"47931",311,36,5.30053041385722,275
"47932",311,37,4.32046202068506,274
"47933",311,38,2.01830096337626,273
"47934",311,39,9.04817196025855,272
"47935",311,40,8.04560826740461,271
"47936",311,41,8.76833235816082,270
"47937",311,42,5.69348433742315,269
"47938",311,43,6.32697206542457,268
"47939",311,44,6.03860915218188,267
"47940",311,45,7.31002061090997,266
"47941",311,46,8.63778764689371,265
"47942",311,47,6.28896251233583,264
"47943",311,48,4.44808277020786,263
"47944",311,49,6.30309572616603,262
"47945",311,50,9.86150860171833,261
"47946",311,51,6.71347515638861,260
"47947",311,52,6.36844634641718,259
"47948",311,53,6.83480018434678,258
"47949",311,54,5.49359019333347,257
"47950",311,55,4.91053056277037,256
"47951",311,56,4.97154693922872,255
"47952",311,57,5.27565031951596,254
"47953",311,58,2.298320809165,253
"47954",311,59,3.8273829886353,252
"47955",311,60,6.00892906713505,251
"47956",311,61,6.7735351011773,250
"47957",311,62,8.71958977101801,249
"47958",311,63,5.47750751927778,248
"47959",311,64,3.12852292873042,247
"47960",311,65,5.60961261016947,246
"47961",311,66,7.97571183626511,245
"47962",311,67,4.84638974849342,244
"47963",311,68,4.26129756764105,243
"47964",311,69,8.03280197275567,242
"47965",311,70,4.72322073743066,241
"47966",311,71,4.56555765090056,240
"47967",311,72,4.69976894395231,239
"47968",311,73,4.02033424410099,238
"47969",311,74,3.81527699693808,237
"47970",311,75,2.6199794635733,236
"47971",311,76,3.19723850878529,235
"47972",311,77,6.07161491803498,234
"47973",311,78,7.76249166205421,233
"47974",311,79,5.20813842585499,232
"47975",311,80,3.31264283123772,231
"47976",311,81,3.80044558413776,230
"47977",311,82,3.96399506285435,229
"47978",311,83,5.05349822904826,228
"47979",311,84,6.59828348761461,227
"47980",311,85,6.97868901318629,226
"47981",311,86,6.10794042016441,225
"47982",311,87,7.63134473010714,224
"47983",311,88,7.11525304304427,223
"47984",311,89,4.09723405075756,222
"47985",311,90,5.70543095530396,221
"47986",311,91,5.19417227119499,220
"47987",311,92,4.04016706527352,219
"47988",311,93,3.89232692941841,218
"47989",311,94,9.02990850034202,217
"47990",311,95,5.13193291986112,216
"47991",311,96,4.84836330087749,215
"47992",311,97,2.99763577520123,214
"47993",311,98,4.08633855396409,213
"47994",311,99,2.83936272382059,212
"47995",311,100,2.28804448432121,211
"47996",311,101,6.67693216456624,210
"47997",311,102,4.60034937990783,209
"47998",311,103,3.2129761615258,208
"47999",311,104,3.26268879299147,207
"48000",311,105,3.51741775434343,206
"48001",311,106,4.99682603973218,205
"48002",311,107,5.87620964737649,204
"48003",311,108,4.65417988126716,203
"48004",311,109,3.50546508743631,202
"48005",311,110,6.27972222118643,201
"48006",311,111,6.79228444854691,200
"48007",311,112,3.70909917857335,199
"48008",311,113,3.99996366840548,198
"48009",311,114,4.78641924003027,197
"48010",311,115,4.87174690937634,196
"48011",311,116,7.13410065596703,195
"48012",311,117,6.92810659263557,194
"48013",311,118,6.98259394140794,193
"48014",311,119,6.12232952625806,192
"48015",311,120,5.152297619128,191
"48016",311,121,1.50240760611618,190
"48017",311,122,4.17976799040853,189
"48018",311,123,7.34676495438866,188
"48019",311,124,3.74735246898116,187
"48020",311,125,5.94176468270139,186
"48021",311,126,4.66021718442726,185
"48022",311,127,4.79040429020265,184
"48023",311,128,3.17864996417085,183
"48024",311,129,4.89763102704592,182
"48025",311,130,4.73764422230287,181
"48026",311,131,3.93677813215483,180
"48027",311,132,3.97464956754871,179
"48028",311,133,3.95640854158787,178
"48029",311,134,3.8843199249648,177
"48030",311,135,4.37473020881469,176
"48031",311,136,3.76081112188287,175
"48032",311,137,5.84115383292665,174
"48033",311,138,4.86816905366532,173
"48034",311,139,3.09160808284273,172
"48035",311,140,3.42238091281622,171
"48036",311,141,4.75317477419599,170
"48037",311,142,4.32748794521053,169
"48038",311,143,6.00740623275094,168
"48039",311,144,5.69335988014958,167
"48040",311,145,5.49626912130084,166
"48041",311,146,6.90847097194624,165
"48042",311,147,7.28769921288159,164
"48043",311,148,6.2025598998959,163
"48044",311,149,6.25610167486949,162
"48045",311,150,6.25972527691948,161
"48046",311,151,7.29059146050659,160
"48047",311,152,8.18586218793061,159
"48048",311,153,10.4267321564793,158
"48049",311,154,8.57738204254232,157
"48050",311,155,6.3350156920538,156
"48051",311,156,5.61070322055066,155
"48052",311,157,5.83502040302011,154
"48053",311,158,7.31202059427215,153
"48054",311,159,7.75381478265181,152
"48055",311,160,8.8234984541033,151
"48056",311,161,7.49104550290057,150
"48057",311,162,6.89489613647253,149
"48058",311,163,5.76397762520135,148
"48059",311,164,8.57065918021094,147
"48060",311,165,7.83794341183935,146
"48061",311,166,6.69027656710807,145
"48062",311,167,5.87002193604259,144
"48063",311,168,4.81508294199197,143
"48064",311,169,5.72187050432482,142
"48065",311,170,5.55429908291723,141
"48066",311,171,4.81741594650279,140
"48067",311,172,5.76567130993658,139
"48068",311,173,7.04617689433875,138
"48069",311,174,7.93967946406635,137
"48070",311,175,7.93355722808171,136
"48071",311,176,8.14086073338984,135
"48072",311,177,6.34204288463676,134
"48073",311,178,5.52589193599545,133
"48074",311,179,7.15272472492586,132
"48075",311,180,8.92447406405526,131
"48076",311,181,8.04386752156333,130
"48077",311,182,7.49243694498371,129
"48078",311,183,7.59859326335701,128
"48079",311,184,7.50158191162289,127
"48080",311,185,5.8284519939117,126
"48081",311,186,7.27959473726087,125
"48082",311,187,6.36858846296577,124
"48083",311,188,7.13082954594704,123
"48084",311,189,6.97996139025059,122
"48085",311,190,7.1234744325651,121
"48086",311,191,7.99274867616787,120
"48087",311,192,9.59881136346876,119
"48088",311,193,9.2149853502757,118
"48089",311,194,7.13754974335943,117
"48090",311,195,8.4470369787584,116
"48091",311,196,6.73101989995475,115
"48092",311,197,7.35164133068689,114
"48093",311,198,8.26092988460293,113
"48094",311,199,8.1700256458548,112
"48095",311,200,7.84139987817384,111
"48096",311,201,7.23098746639331,110
"48097",311,202,10.1576775019495,109
"48098",311,203,10.004426135756,108
"48099",311,204,9.87013216290873,107
"48100",311,205,9.85388841542746,106
"48101",311,206,6.13552910816658,105
"48102",311,207,8.58674830208957,104
"48103",311,208,9.18336709856971,103
"48104",311,209,8.78042737885126,102
"48105",311,210,9.8170427086136,101
"48106",311,211,9.23916735423851,100
"48107",311,212,9.11226106148077,99
"48108",311,213,8.06541722384211,98
"48109",311,214,9.17214245816304,97
"48110",311,215,6.65844975342742,96
"48111",311,216,6.51768876812952,95
"48112",311,217,7.06121759513371,94
"48113",311,218,7.14092935101936,93
"48114",311,219,7.50229916244556,92
"48115",311,220,8.24908681474385,91
"48116",311,221,8.23108124465978,90
"48117",311,222,9.15793511591894,89
"48118",311,223,8.10495638471087,88
"48119",311,224,7.69908399053979,87
"48120",311,225,6.55504261231657,86
"48121",311,226,6.5178218179312,85
"48122",311,227,6.11260798511963,84
"48123",311,228,7.895030968943,83
"48124",311,229,7.07970713428167,82
"48125",311,230,7.63359574881547,81
"48126",311,231,5.43701378722653,80
"48127",311,232,5.59193324836166,79
"48128",311,233,7.44684129544988,78
"48129",311,234,9.0143072385113,77
"48130",311,235,6.84986925367372,76
"48131",311,236,7.6648622979761,75
"48132",311,237,6.43764696028695,74
"48133",311,238,4.96420291775874,73
"48134",311,239,8.92440441513492,72
"48135",311,240,8.93279319587906,71
"48136",311,241,6.38665965957406,70
"48137",311,242,5.74035583067912,69
"48138",311,243,5.15671100724412,68
"48139",311,244,5.70725116982066,67
"48140",311,245,4.91221837138954,66
"48141",311,246,6.07736764955604,65
"48142",311,247,6.75389937226268,64
"48143",311,248,6.22886058696193,63
"48144",311,249,6.62234841360829,62
"48145",311,250,4.12932893246477,61
"48146",311,251,5.72326367212075,60
"48147",311,252,4.97316410150128,59
"48148",311,253,4.96688311701681,58
"48149",311,254,4.75689767819455,57
"48150",311,255,4.43583308097664,56
"48151",311,256,5.01236272663581,55
"48152",311,257,5.86243040620593,54
"48153",311,258,5.83057784587849,53
"48154",311,259,3.59960483911536,52
"48155",311,260,3.37389517384277,51
"48156",311,261,3.5988730778794,50
"48157",311,262,3.98013988902104,49
"48158",311,263,4.16832967055756,48
"48159",311,264,4.11847567078941,47
"48160",311,265,4.62374246043378,46
"48161",311,266,3.86652711715114,45
"48162",311,267,3.87860522303921,44
"48163",311,268,3.720959247852,43
"48164",311,269,4.64130304455378,42
"48165",311,270,4.72983275925569,41
"48166",311,271,4.89069335877018,40
"48167",311,272,4.9901596270258,39
"48168",311,273,5.24696773959371,38
"48169",311,274,3.30393120332091,37
"48170",311,275,3.35158843227208,36
"48171",311,276,0.510529312270256,35
"48172",311,277,3.53987017426976,34
"48173",311,278,4.54972907456192,33
"48174",311,279,3.35169749641312,32
"48175",311,280,2.79409958200505,31
"48176",311,281,2.53700084140721,30
"48177",311,282,2.47860086807789,29
"48178",311,283,2.88625224874539,28
"48179",311,284,4.03271682508016,27
"48180",311,285,5.5509355233044,26
"48181",311,286,4.70888151825424,25
"48182",311,287,4.74189729031068,24
"48183",311,288,6.2026364338884,23
"48184",311,289,6.56629369811816,22
"48185",311,290,4.69316365972421,21
"48186",311,291,3.23639189480821,20
"48187",311,292,5.34544391214791,19
"48188",311,293,6.73783829996387,18
"48189",311,294,3.77987768386028,17
"48190",311,295,1.76960595807221,16
"48191",311,296,1.04897834585745,15
"48192",311,297,1.88888514316788,14
"48193",311,298,3.44705806472327,13
"48194",311,299,2.72554895547306,12
"48195",311,300,3.19010058409302,11
"48196",311,301,4.86086379327379,10
"48197",311,302,7.73075471555148,9
"48198",311,303,3.87372463072912,8
"48199",311,304,1.80764814110396,7
"48200",311,305,1.59037603653497,6
"48201",311,306,0.78312518627083,5
"48202",311,307,1.50584196871044,4
"48203",311,308,3.75119645507504,3
"48204",311,309,4.69382028533268,2
"48205",311,310,1.29977612597889,1
"48206",312,1,2.61860005542975,311
"48207",312,2,3.54609075700422,310
"48208",312,3,8.20310870788506,309
"48209",312,4,5.62509384770213,308
"48210",312,5,6.69822189933226,307
"48211",312,6,4.81573214229445,306
"48212",312,7,6.40982341960589,305
"48213",312,8,8.26347160729151,304
"48214",312,9,11.0031636029915,303
"48215",312,10,8.25495995002068,302
"48216",312,11,4.85088941600582,301
"48217",312,12,8.35869432808754,300
"48218",312,13,9.35004810262254,299
"48219",312,14,5.96114971773327,298
"48220",312,15,5.571648535898,297
"48221",312,16,6.31566983468085,296
"48222",312,17,7.04767849062521,295
"48223",312,18,5.14906781887072,294
"48224",312,19,3.96886545622958,293
"48225",312,20,5.67569834576732,292
"48226",312,21,9.99563632792239,291
"48227",312,22,9.42138529519024,290
"48228",312,23,9.79517564499708,289
"48229",312,24,7.93673009405247,288
"48230",312,25,4.65202597368303,287
"48231",312,26,7.57801289435506,286
"48232",312,27,4.23365194458586,285
"48233",312,28,4.54260871083709,284
"48234",312,29,5.01869214678108,283
"48235",312,30,2.94491249199941,282
"48236",312,31,6.34508912663842,281
"48237",312,32,4.08899522837792,280
"48238",312,33,5.70539110036286,279
"48239",312,34,8.78713462634731,278
"48240",312,35,4.9454895621909,277
"48241",312,36,5.59832937256234,276
"48242",312,37,4.11964585776189,275
"48243",312,38,2.34883122450722,274
"48244",312,39,8.84735579733538,273
"48245",312,40,7.84479210448144,272
"48246",312,41,8.56751619523765,271
"48247",312,42,5.49266817449998,270
"48248",312,43,6.1261559025014,269
"48249",312,44,5.83779298925871,268
"48250",312,45,7.1092044479868,267
"48251",312,46,8.43697148397054,266
"48252",312,47,6.08814634941266,265
"48253",312,48,3.84302712174889,264
"48254",312,49,5.69804007770706,263
"48255",312,50,9.66069243879517,262
"48256",312,51,6.51265899346544,261
"48257",312,52,6.16763018349401,260
"48258",312,53,6.63398402142361,259
"48259",312,54,5.29277403041031,258
"48260",312,55,4.7097143998472,257
"48261",312,56,4.77073077630555,256
"48262",312,57,5.0748341565928,255
"48263",312,58,2.09750464624183,254
"48264",312,59,4.12518194734043,253
"48265",312,60,5.80811290421188,252
"48266",312,61,6.57271893825414,251
"48267",312,62,8.51877360809484,250
"48268",312,63,5.27669135635461,249
"48269",312,64,3.42632188743555,248
"48270",312,65,5.9074115688746,247
"48271",312,66,7.77489567334194,246
"48272",312,67,4.64557358557025,245
"48273",312,68,4.55909652634617,244
"48274",312,69,7.8319858098325,243
"48275",312,70,4.52240457450749,242
"48276",312,71,4.36474148797739,241
"48277",312,72,4.49895278102914,240
"48278",312,73,3.81951808117782,239
"48279",312,74,3.61446083401491,238
"48280",312,75,2.91777842227842,237
"48281",312,76,2.66016616897071,236
"48282",312,77,5.46655926957601,235
"48283",312,78,7.15743601359524,234
"48284",312,79,5.00732226293182,233
"48285",312,80,3.00824561453803,232
"48286",312,81,3.19538993567879,231
"48287",312,82,4.26179402155947,230
"48288",312,83,5.35129718775339,229
"48289",312,84,6.39746732469144,228
"48290",312,85,6.77787285026312,227
"48291",312,86,5.90712425724125,226
"48292",312,87,7.43052856718398,225
"48293",312,88,6.9144368801211,224
"48294",312,89,3.89641788783439,223
"48295",312,90,6.00322991400908,222
"48296",312,91,4.99335610827183,221
"48297",312,92,3.83935090235035,220
"48298",312,93,3.69151076649524,219
"48299",312,94,8.42485285188305,218
"48300",312,95,4.93111675693795,217
"48301",312,96,4.64754713795432,216
"48302",312,97,2.39258012674226,215
"48303",312,98,4.38413751266921,214
"48304",312,99,3.13716168252571,213
"48305",312,100,2.18160395749053,212
"48306",312,101,6.07187651610727,211
"48307",312,102,4.23059736460948,210
"48308",312,103,3.10653563469512,209
"48309",312,104,2.65763314453249,208
"48310",312,105,2.91236210588446,207
"48311",312,106,4.8903855129015,206
"48312",312,107,5.27115399891752,205
"48313",312,108,4.04912423280819,204
"48314",312,109,2.90040943897734,203
"48315",312,110,5.67466657272745,202
"48316",312,111,6.18722880008794,201
"48317",312,112,3.61472093337015,200
"48318",312,113,3.8935231415748,199
"48319",312,114,4.67997871319959,198
"48320",312,115,4.76530638254566,197
"48321",312,116,6.62988942171976,196
"48322",312,117,6.82166606580489,195
"48323",312,118,6.37753829294897,194
"48324",312,119,5.51727387779909,193
"48325",312,120,4.54724197066903,192
"48326",312,121,1.3959670792855,191
"48327",312,122,3.6867572090997,190
"48328",312,123,6.74170930592969,189
"48329",312,124,3.61952228494879,188
"48330",312,125,5.33670903424242,187
"48331",312,126,4.05516153596829,186
"48332",312,127,4.18534864174368,185
"48333",312,128,2.57359431571187,184
"48334",312,129,4.29257537858695,183
"48335",312,130,4.13258857384389,182
"48336",312,131,3.33172248369586,181
"48337",312,132,3.7169424194005,180
"48338",312,133,3.84996801475719,179
"48339",312,134,3.77787939813412,178
"48340",312,135,4.26828968198401,177
"48341",312,136,3.65437059505219,176
"48342",312,137,5.73471330609597,175
"48343",312,138,4.76172852683464,174
"48344",312,139,2.98516755601205,173
"48345",312,140,2.81732526435725,172
"48346",312,141,4.14811912573702,171
"48347",312,142,4.09778865236937,170
"48348",312,143,5.90096570592026,169
"48349",312,144,5.34600877072812,168
"48350",312,145,4.89121347284186,167
"48351",312,146,6.30341532348727,166
"48352",312,147,6.68264356442261,165
"48353",312,148,5.7039421691569,164
"48354",312,149,6.14966114803881,163
"48355",312,150,5.6546696284605,162
"48356",312,151,6.68553581204762,161
"48357",312,152,7.58080653947164,160
"48358",312,153,9.82167650802032,159
"48359",312,154,7.97232639408335,158
"48360",312,155,5.72996004359483,157
"48361",312,156,5.00564757209169,156
"48362",312,157,5.22996475456114,155
"48363",312,158,6.70696494581317,154
"48364",312,159,7.14875913419283,153
"48365",312,160,8.21844280564433,152
"48366",312,161,6.88598985444159,151
"48367",312,162,6.28984048801356,150
"48368",312,163,5.51187742648331,149
"48369",312,164,7.96560353175197,148
"48370",312,165,7.23288776338037,147
"48371",312,166,6.0852209186491,146
"48372",312,167,5.26496628758361,145
"48373",312,168,4.40050222309604,144
"48374",312,169,5.11681485586585,143
"48375",312,170,4.94924343445825,142
"48376",312,171,4.54290139598596,141
"48377",312,172,5.6592307831059,140
"48378",312,173,6.44112124587978,139
"48379",312,174,7.33462381560738,138
"48380",312,175,7.32850157962274,137
"48381",312,176,7.53580508493087,136
"48382",312,177,5.73698723617779,135
"48383",312,178,4.92083628753648,134
"48384",312,179,6.54766907646688,133
"48385",312,180,8.31941841559629,132
"48386",312,181,7.43881187310436,131
"48387",312,182,6.88738129652474,130
"48388",312,183,6.99353761489804,129
"48389",312,184,6.89652626316392,128
"48390",312,185,5.22339634545273,127
"48391",312,186,6.67453908880189,126
"48392",312,187,6.05485215828154,125
"48393",312,188,6.52577389748807,124
"48394",312,189,6.86232041048147,123
"48395",312,190,6.51841878410613,122
"48396",312,191,7.3876930277089,121
"48397",312,192,8.99375571500979,120
"48398",312,193,8.60992970181673,119
"48399",312,194,6.53249409490046,118
"48400",312,195,7.84198133029943,117
"48401",312,196,6.12596425149578,116
"48402",312,197,6.74658568222792,115
"48403",312,198,7.65587423614396,114
"48404",312,199,7.56496999739583,113
"48405",312,200,7.23634422971487,112
"48406",312,201,6.62593181793434,111
"48407",312,202,9.55262185349057,110
"48408",312,203,9.39937048729706,109
"48409",312,204,9.26507651444976,108
"48410",312,205,9.24883276696849,107
"48411",312,206,6.00667422953711,106
"48412",312,207,7.9816926536306,105
"48413",312,208,8.57831145011074,104
"48414",312,209,8.17537173039229,103
"48415",312,210,9.21198706015462,102
"48416",312,211,8.63411170577953,101
"48417",312,212,8.5072054130218,100
"48418",312,213,7.46036157538314,99
"48419",312,214,8.56708680970407,98
"48420",312,215,6.05339410496845,97
"48421",312,216,6.39444083893023,96
"48422",312,217,6.45616194667473,95
"48423",312,218,6.98406661708283,94
"48424",312,219,7.31742857320198,93
"48425",312,220,7.64403116628487,92
"48426",312,221,7.62602559620081,91
"48427",312,222,8.55287946745997,90
"48428",312,223,7.4999007362519,89
"48429",312,224,7.09402834208081,88
"48430",312,225,6.05642488157757,87
"48431",312,226,6.41138129110053,86
"48432",312,227,5.50755233666066,85
"48433",312,228,7.28997532048403,84
"48434",312,229,6.4746514858227,83
"48435",312,230,7.0285401003565,82
"48436",312,231,4.84876554113617,81
"48437",312,232,4.98687759990269,80
"48438",312,233,7.3404007686192,79
"48439",312,234,8.40925159005233,78
"48440",312,235,6.24481360521475,77
"48441",312,236,7.05980664951713,76
"48442",312,237,6.33120643345627,75
"48443",312,238,4.85776239092806,74
"48444",312,239,8.81796388830424,73
"48445",312,240,8.32773754742009,72
"48446",312,241,5.78160401111509,71
"48447",312,242,5.13530018222015,70
"48448",312,243,4.55165535878515,69
"48449",312,244,5.10219552136169,68
"48450",312,245,4.3799858359133,67
"48451",312,246,5.47231200109707,66
"48452",312,247,6.42335566520983,65
"48453",312,248,6.12242006013125,64
"48454",312,249,6.51590788677761,63
"48455",312,250,4.02288840563409,62
"48456",312,251,5.61682314529007,61
"48457",312,252,4.8667235746706,60
"48458",312,253,4.79321298071167,59
"48459",312,254,4.15184202973558,58
"48460",312,255,3.83077743251767,57
"48461",312,256,4.40730707817683,56
"48462",312,257,5.25737475774696,55
"48463",312,258,5.22552219741952,54
"48464",312,259,2.99454919065638,53
"48465",312,260,2.7688395253838,52
"48466",312,261,2.99381742942043,51
"48467",312,262,3.37508424056207,50
"48468",312,263,4.06188914372688,49
"48469",312,264,4.01203514395873,48
"48470",312,265,4.5173019336031,47
"48471",312,266,3.76008659032046,46
"48472",312,267,3.77216469620853,45
"48473",312,268,3.92177541077517,44
"48474",312,269,4.5348625177231,43
"48475",312,270,4.62339223242502,42
"48476",312,271,4.7842528319395,41
"48477",312,272,4.38510397856683,40
"48478",312,273,4.64191209113474,39
"48479",312,274,3.13026106701577,38
"48480",312,275,3.6493873909772,37
"48481",312,276,0.808328270975379,36
"48482",312,277,2.93481452581079,35
"48483",312,278,3.94467342610295,34
"48484",312,279,2.74664184795415,33
"48485",312,280,2.49630062329992,32
"48486",312,281,2.23920188270209,31
"48487",312,282,2.09731257337571,30
"48488",312,283,2.75092036429625,29
"48489",312,284,3.92627629824948,28
"48490",312,285,5.44449499647372,27
"48491",312,286,4.60244099142356,26
"48492",312,287,4.13684164185171,25
"48493",312,288,5.59758078542943,24
"48494",312,289,5.96123804965919,23
"48495",312,290,4.08810801126524,22
"48496",312,291,2.63133624634924,21
"48497",312,292,5.23900338531723,20
"48498",312,293,6.1327826515049,19
"48499",312,294,3.1748220354013,18
"48500",312,295,1.16455030961324,17
"48501",312,296,0.707234185866158,16
"48502",312,297,1.7824446163372,15
"48503",312,298,2.8420024162643,14
"48504",312,299,2.12049330701409,13
"48505",312,300,3.08366005726234,12
"48506",312,301,4.66004763035062,11
"48507",312,302,8.0285536742566,10
"48508",312,303,3.67290846780595,9
"48509",312,304,1.60683197818079,8
"48510",312,305,1.3895598736118,7
"48511",312,306,0.582309023347661,6
"48512",312,307,1.12556124297797,5
"48513",312,308,3.46079016089598,4
"48514",312,309,4.49300412240951,3
"48515",312,310,1.27262749025015,2
"48516",312,311,0.605055648458972,1
"48517",313,1,2.40480251598569,312
"48518",313,2,3.82530138975827,311
"48519",313,3,8.48231934063911,310
"48520",313,4,5.90430448045619,309
"48521",313,5,6.97743253208632,308
"48522",313,6,5.09494277504851,307
"48523",313,7,6.68903405235995,306
"48524",313,8,8.54268224004557,305
"48525",313,9,11.2823742357456,304
"48526",313,10,8.53417058277474,303
"48527",313,11,5.13010004875988,302
"48528",313,12,8.6379049608416,301
"48529",313,13,9.6292587353766,300
"48530",313,14,6.24036035048732,299
"48531",313,15,5.85085916865206,298
"48532",313,16,6.59488046743491,297
"48533",313,17,7.32688912337926,296
"48534",313,18,4.93527027942665,295
"48535",313,19,3.97818954470936,294
"48536",313,20,5.95490897852138,293
"48537",313,21,10.2748469606765,292
"48538",313,22,9.7005959279443,291
"48539",313,23,10.0743862777511,290
"48540",313,24,8.21594072680653,289
"48541",313,25,4.93123660643709,288
"48542",313,26,7.36421535491099,287
"48543",313,27,4.51286257733992,286
"48544",313,28,4.32881117139302,285
"48545",313,29,5.29790277953513,284
"48546",313,30,3.21730604235276,283
"48547",313,31,6.62429975939247,282
"48548",313,32,3.69723721534326,281
"48549",313,33,5.49159356091879,280
"48550",313,34,9.06634525910137,279
"48551",313,35,5.22470019494496,278
"48552",313,36,5.38453183311828,277
"48553",313,37,4.39885649051594,276
"48554",313,38,2.2259916493704,275
"48555",313,39,9.12656643008944,274
"48556",313,40,8.1240027372355,273
"48557",313,41,8.84672682799171,272
"48558",313,42,5.77187880725404,271
"48559",313,43,6.40536653525546,270
"48560",313,44,6.11700362201277,269
"48561",313,45,7.38841508074086,268
"48562",313,46,8.7161821167246,267
"48563",313,47,6.36735698216672,266
"48564",313,48,4.23478513478355,265
"48565",313,49,6.08979809074172,264
"48566",313,50,9.93990307154922,263
"48567",313,51,6.7918696262195,262
"48568",313,52,6.44684081624807,261
"48569",313,53,6.91319465417767,260
"48570",313,54,5.57198466316436,259
"48571",313,55,4.98892503260125,258
"48572",313,56,5.04994140905961,257
"48573",313,57,5.35404478934685,256
"48574",313,58,2.37671527899588,255
"48575",313,59,3.91138440789636,254
"48576",313,60,6.08732353696594,253
"48577",313,61,6.85192957100819,252
"48578",313,62,8.7979842408489,251
"48579",313,63,5.55590198910866,250
"48580",313,64,3.21252434799148,249
"48581",313,65,5.69361402943053,248
"48582",313,66,8.054106306096,247
"48583",313,67,4.92478421832431,246
"48584",313,68,4.3452989869021,245
"48585",313,69,8.11119644258656,244
"48586",313,70,4.80161520726155,243
"48587",313,71,4.64395212073145,242
"48588",313,72,4.7781634137832,241
"48589",313,73,4.09872871393188,240
"48590",313,74,3.89367146676897,239
"48591",313,75,2.70398088283436,238
"48592",313,76,2.98394087336098,237
"48593",313,77,5.85831728261067,236
"48594",313,78,7.5491940266299,235
"48595",313,79,5.28653289568588,234
"48596",313,80,3.09934519581341,233
"48597",313,81,3.58714794871345,232
"48598",313,82,4.04799648211541,231
"48599",313,83,5.13749964830932,230
"48600",313,84,6.67667795744549,229
"48601",313,85,7.05708348301718,228
"48602",313,86,6.1863348899953,227
"48603",313,87,7.70973919993803,226
"48604",313,88,7.19364751287515,225
"48605",313,89,4.17562852058844,224
"48606",313,90,5.78943237456501,223
"48607",313,91,5.27256674102588,222
"48608",313,92,4.11856153510441,221
"48609",313,93,3.9707213992493,220
"48610",313,94,8.81661086491771,219
"48611",313,95,5.21032738969201,218
"48612",313,96,4.92675777070838,217
"48613",313,97,2.78433813977692,216
"48614",313,98,4.17033997322514,215
"48615",313,99,2.92336414308165,214
"48616",313,100,2.08035379832706,213
"48617",313,101,6.46363452914193,212
"48618",313,102,4.38705174448352,211
"48619",313,103,3.00528547553165,210
"48620",313,104,3.04939115756716,209
"48621",313,105,3.30412011891912,208
"48622",313,106,4.78913535373804,207
"48623",313,107,5.66291201195218,206
"48624",313,108,4.44088224584285,205
"48625",313,109,3.292167452012,204
"48626",313,110,6.06642458576212,203
"48627",313,111,6.5789868131226,202
"48628",313,112,3.78749364840424,201
"48629",313,113,3.79227298241134,200
"48630",313,114,4.57872855403612,199
"48631",313,115,4.6640562233822,198
"48632",313,116,6.92080302054272,197
"48633",313,117,6.72041590664143,196
"48634",313,118,6.76929630598363,195
"48635",313,119,5.90903189083375,194
"48636",313,120,4.93899998370369,193
"48637",313,121,1.29471692012204,192
"48638",313,122,3.96647035498422,191
"48639",313,123,7.13346731896435,190
"48640",313,124,3.69145058577119,189
"48641",313,125,5.72846704727708,188
"48642",313,126,4.44691954900295,187
"48643",313,127,4.57710665477834,186
"48644",313,128,2.96535232874654,185
"48645",313,129,4.68433339162161,184
"48646",313,130,4.52434658687855,183
"48647",313,131,3.72348049673052,182
"48648",313,132,3.7613519321244,181
"48649",313,133,3.74871785559373,180
"48650",313,134,3.67662923897066,179
"48651",313,135,4.16703952282055,178
"48652",313,136,3.55312043588873,177
"48653",313,137,5.63346314693251,176
"48654",313,138,4.66047836767118,175
"48655",313,139,2.88391739684859,174
"48656",313,140,3.20908327739191,173
"48657",313,141,4.53987713877168,172
"48658",313,142,4.11419030978622,171
"48659",313,143,5.79971554675679,170
"48660",313,144,5.48006224472527,169
"48661",313,145,5.28297148587653,168
"48662",313,146,6.69517333652193,167
"48663",313,147,7.07440157745727,166
"48664",313,148,5.98926226447159,165
"48665",313,149,6.04841098887535,164
"48666",313,150,6.04642764149516,163
"48667",313,151,7.07729382508228,162
"48668",313,152,7.9725645525063,161
"48669",313,153,10.213434521055,160
"48670",313,154,8.36408440711801,159
"48671",313,155,6.12171805662949,158
"48672",313,156,5.39740558512635,157
"48673",313,157,5.6217227675958,156
"48674",313,158,7.09872295884784,155
"48675",313,159,7.5405171472275,154
"48676",313,160,8.61020081867899,153
"48677",313,161,7.27774786747625,152
"48678",313,162,6.68159850104822,151
"48679",313,163,5.55067998977704,150
"48680",313,164,8.35736154478663,149
"48681",313,165,7.62464577641503,148
"48682",313,166,6.47697893168376,147
"48683",313,167,5.65672430061827,146
"48684",313,168,4.60178530656766,145
"48685",313,169,5.50857286890051,144
"48686",313,170,5.34100144749292,143
"48687",313,171,4.60411831107848,142
"48688",313,172,5.55798062394243,141
"48689",313,173,6.83287925891444,140
"48690",313,174,7.72638182864204,139
"48691",313,175,7.7202595926574,138
"48692",313,176,7.92756309796553,137
"48693",313,177,6.12874524921245,136
"48694",313,178,5.31259430057114,135
"48695",313,179,6.93942708950155,134
"48696",313,180,8.71117642863095,133
"48697",313,181,7.83056988613902,132
"48698",313,182,7.2791393095594,131
"48699",313,183,7.3852956279327,130
"48700",313,184,7.28828427619858,129
"48701",313,185,5.61515435848739,128
"48702",313,186,7.06629710183656,127
"48703",313,187,6.15529082754146,126
"48704",313,188,6.91753191052273,125
"48705",313,189,6.76666375482628,124
"48706",313,190,6.91017679714079,123
"48707",313,191,7.77945104074356,122
"48708",313,192,9.38551372804445,121
"48709",313,193,9.00168771485139,120
"48710",313,194,6.92425210793512,119
"48711",313,195,8.23373934333409,118
"48712",313,196,6.51772226453044,117
"48713",313,197,7.13834369526258,116
"48714",313,198,8.04763224917862,115
"48715",313,199,7.95672801043049,114
"48716",313,200,7.62810224274953,113
"48717",313,201,7.017689830969,112
"48718",313,202,9.94437986652523,111
"48719",313,203,9.79112850033172,110
"48720",313,204,9.65683452748442,109
"48721",313,205,9.64059078000315,108
"48722",313,206,5.92223147274226,107
"48723",313,207,8.37345066666526,106
"48724",313,208,8.9700694631454,105
"48725",313,209,8.56712974342695,104
"48726",313,210,9.60374507318929,103
"48727",313,211,9.02586971881419,102
"48728",313,212,8.89896342605646,101
"48729",313,213,7.8521195884178,100
"48730",313,214,8.95884482273873,99
"48731",313,215,6.44515211800311,98
"48732",313,216,6.30439113270521,97
"48733",313,217,6.8479199597094,96
"48734",313,218,6.92763171559505,95
"48735",313,219,7.28900152702125,94
"48736",313,220,8.03578917931954,93
"48737",313,221,8.01778360923547,92
"48738",313,222,8.94463748049463,91
"48739",313,223,7.89165874928656,90
"48740",313,224,7.48578635511548,89
"48741",313,225,6.34174497689226,88
"48742",313,226,6.31013113193706,87
"48743",313,227,5.89931034969532,86
"48744",313,228,7.68173333351869,85
"48745",313,229,6.86640949885736,84
"48746",313,230,7.42029811339116,83
"48747",313,231,5.22371615180222,82
"48748",313,232,5.37863561293735,81
"48749",313,233,7.23915060945574,80
"48750",313,234,8.80100960308699,79
"48751",313,235,6.63657161824941,78
"48752",313,236,7.45156466255179,77
"48753",313,237,6.2299562742928,76
"48754",313,238,4.7565122317646,75
"48755",313,239,8.71671372914078,74
"48756",313,240,8.71949556045475,73
"48757",313,241,6.17336202414975,72
"48758",313,242,5.52705819525481,71
"48759",313,243,4.94341337181981,70
"48760",313,244,5.49395353439635,69
"48761",313,245,4.69892073596523,68
"48762",313,246,5.86407001413173,67
"48763",313,247,6.54060173683837,66
"48764",313,248,6.02116990096779,65
"48765",313,249,6.41465772761415,64
"48766",313,250,3.92163824647063,63
"48767",313,251,5.51557298612661,62
"48768",313,252,4.76547341550714,61
"48769",313,253,4.7535854815925,60
"48770",313,254,4.54360004277024,59
"48771",313,255,4.22253544555233,58
"48772",313,256,4.79906509121149,57
"48773",313,257,5.64913277078162,56
"48774",313,258,5.61728021045418,55
"48775",313,259,3.38630720369104,54
"48776",313,260,3.16059753841846,53
"48777",313,261,3.38557544245509,52
"48778",313,262,3.76684225359673,51
"48779",313,263,3.96063898456342,50
"48780",313,264,3.91078498479527,49
"48781",313,265,4.41605177443964,48
"48782",313,266,3.658836431157,47
"48783",313,267,3.67091453704507,46
"48784",313,268,3.64256477802112,45
"48785",313,269,4.43361235855964,44
"48786",313,270,4.52214207326155,43
"48787",313,271,4.68300267277604,42
"48788",313,272,4.77686199160149,41
"48789",313,273,5.0336701041694,40
"48790",313,274,3.0906335678966,39
"48791",313,275,3.43558985153314,38
"48792",313,276,0.594530731531313,37
"48793",313,277,3.32657253884545,36
"48794",313,278,4.33643143913761,35
"48795",313,279,3.13839986098881,34
"48796",313,280,2.71009816274399,33
"48797",313,281,2.45299942214616,32
"48798",313,282,2.26530323265358,31
"48799",313,283,2.80225082948433,30
"48800",313,284,3.82502613908602,29
"48801",313,285,5.34324483731026,28
"48802",313,286,4.5011908322601,27
"48803",313,287,4.52859965488637,26
"48804",313,288,5.98933879846409,25
"48805",313,289,6.35299606269385,24
"48806",313,290,4.4798660242999,23
"48807",313,291,3.0230942593839,22
"48808",313,292,5.13775322615377,21
"48809",313,293,6.52454066453956,20
"48810",313,294,3.56658004843597,19
"48811",313,295,1.5563083226479,18
"48812",313,296,0.835680710433142,17
"48813",313,297,1.68119445717374,16
"48814",313,298,3.23376042929896,15
"48815",313,299,2.51225132004875,14
"48816",313,300,2.98240989809888,13
"48817",313,301,4.93925826310468,12
"48818",313,302,7.81475613481254,11
"48819",313,303,3.95211910056001,10
"48820",313,304,1.88604261093485,9
"48821",313,305,1.66877050636586,8
"48822",313,306,0.861519656101718,7
"48823",313,307,1.40477187573203,6
"48824",313,308,3.74000079365004,5
"48825",313,309,4.77221475516356,4
"48826",313,310,1.37817059580978,3
"48827",313,311,0.213297635424311,2
"48828",313,312,0.391758013034661,1
"48829",314,1,0.602048233145314,313
"48830",314,2,1.91676332031619,312
"48831",314,3,6.57378127119703,311
"48832",314,4,4.74413315987404,310
"48833",314,5,5.12526062109474,309
"48834",314,6,5.77456078539898,308
"48835",314,7,5.30958875128045,307
"48836",314,8,6.63414417060349,306
"48837",314,9,9.37383616630352,305
"48838",314,10,6.62563251333266,304
"48839",314,11,4.96261819338543,303
"48840",314,12,6.72936689139951,302
"48841",314,13,7.72072066593452,301
"48842",314,14,5.95801326404807,300
"48843",314,15,4.75137185714469,299
"48844",314,16,4.70283346603972,298
"48845",314,17,5.41835105393718,297
"48846",314,18,3.38726999131638,296
"48847",314,19,2.06965147526727,295
"48848",314,20,4.0463709090793,294
"48849",314,21,8.36630889123437,293
"48850",314,22,8.23677046165325,292
"48851",314,23,8.16584820830905,291
"48852",314,24,7.10690732385876,290
"48853",314,25,4.56440531019292,289
"48854",314,26,4.71615158124983,288
"48855",314,27,4.56114319743706,287
"48856",314,28,3.66424034578696,286
"48857",314,29,4.52610391480185,285
"48858",314,30,4.30224537280976,284
"48859",314,31,4.76453259308592,283
"48860",314,32,4.34923904482272,282
"48861",314,33,3.35334536182437,281
"48862",314,34,7.15780718965928,280
"48863",314,35,4.90877271600012,279
"48864",314,36,3.46446807916766,278
"48865",314,37,3.71978736961102,277
"48866",314,38,3.61751918306894,276
"48867",314,39,7.21802836064736,275
"48868",314,40,6.2213952096147,274
"48869",314,41,6.93818875854962,273
"48870",314,42,5.95768036861921,272
"48871",314,43,4.49682846581337,271
"48872",314,44,4.20846555257068,270
"48873",314,45,6.35513101475031,269
"48874",314,46,6.80764404728252,268
"48875",314,47,4.45881891272464,267
"48876",314,48,3.5827833053041,266
"48877",314,49,5.43779626126226,265
"48878",314,50,8.65977527223721,264
"48879",314,51,4.88333155677742,263
"48880",314,52,4.53830274680598,262
"48881",314,53,5.00465658473558,261
"48882",314,54,6.13330917309895,260
"48883",314,55,3.08038696315917,259
"48884",314,56,3.14140333961753,258
"48885",314,57,3.51043054615879,257
"48886",314,58,2.12818268539726,256
"48887",314,59,2.20140500343859,255
"48888",314,60,4.17878546752385,254
"48889",314,61,4.94339150156611,253
"48890",314,62,6.88944617140682,252
"48891",314,63,3.64736391966658,251
"48892",314,64,1.06914358594911,250
"48893",314,65,3.04555025576937,249
"48894",314,66,6.14556823665392,248
"48895",314,67,4.79585088478818,247
"48896",314,68,2.20705078780768,246
"48897",314,69,6.62722532995294,245
"48898",314,70,2.89307713781947,244
"48899",314,71,2.73541405128936,243
"48900",314,72,3.09599945624116,242
"48901",314,73,3.546437930031,241
"48902",314,74,2.10889444112361,240
"48903",314,75,0.550874940046076,239
"48904",314,76,2.33193904388152,238
"48905",314,77,5.20631545313121,237
"48906",314,78,6.89719219715045,236
"48907",314,79,3.3779948262438,235
"48908",314,80,2.44734336633395,234
"48909",314,81,2.93514611923399,233
"48910",314,82,1.39993270845425,232
"48911",314,83,2.59028028885985,231
"48912",314,84,4.76813988800341,230
"48913",314,85,5.14854541357509,229
"48914",314,86,4.401791964685,228
"48915",314,87,5.80120113049595,227
"48916",314,88,5.28510944343307,226
"48917",314,89,2.68792482012224,225
"48918",314,90,3.14136860090385,224
"48919",314,91,3.3640286715838,223
"48920",314,92,2.21002346566232,222
"48921",314,93,2.41978615318292,221
"48922",314,94,8.16460903543826,220
"48923",314,95,4.17704332370147,219
"48924",314,96,3.51172948022328,218
"48925",314,97,2.82826458410608,217
"48926",314,98,1.52227619956398,216
"48927",314,99,1.73150849802828,215
"48928",314,100,1.78909783936612,214
"48929",314,101,5.81163269966247,213
"48930",314,102,3.73504991500407,212
"48931",314,103,1.61375794183312,211
"48932",314,104,4.43580498996621,210
"48933",314,105,2.65211828943966,209
"48934",314,106,3.3976078200395,208
"48935",314,107,5.01091018247272,207
"48936",314,108,4.45216469900662,206
"48937",314,109,3.44900829128054,205
"48938",314,110,5.41442275628266,204
"48939",314,111,5.92698498364315,203
"48940",314,112,1.87895557896215,202
"48941",314,113,2.40074544871281,201
"48942",314,114,3.22081582507482,200
"48943",314,115,3.86266248977942,199
"48944",314,116,6.26880119106327,198
"48945",314,117,5.3288883729429,197
"48946",314,118,6.11729447650417,196
"48947",314,119,5.25703006135429,195
"48948",314,120,4.28699815422424,194
"48949",314,121,2.74375299609632,193
"48950",314,122,3.46046910113129,192
"48951",314,123,6.48146548948489,191
"48952",314,124,2.88205300407739,190
"48953",314,125,5.07646521779762,189
"48954",314,126,3.7949177195235,188
"48955",314,127,4.66946585731462,187
"48956",314,128,5.28979319811898,186
"48957",314,129,4.37221923748722,185
"48958",314,130,5.78145900088469,184
"48959",314,131,4.85129149234373,183
"48960",314,132,3.10935010264495,182
"48961",314,133,2.60018646967767,181
"48962",314,134,3.69274701993109,180
"48963",314,135,3.71420231037805,179
"48964",314,136,4.12112383516012,178
"48965",314,137,4.24193561323397,177
"48966",314,138,3.26895083397265,176
"48967",314,139,3.59549525094753,175
"48968",314,140,4.22319954361557,174
"48969",314,141,5.66748004519818,173
"48970",314,142,4.53018021995572,172
"48971",314,143,4.45300327073394,171
"48972",314,144,4.82806041524582,170
"48973",314,145,5.53704199763606,169
"48974",314,146,6.04317150704248,168
"48975",314,147,6.42239974797782,167
"48976",314,148,5.33726043499213,166
"48977",314,149,4.65688345517682,165
"48978",314,150,6.89896265423726,164
"48979",314,151,8.44734664517613,163
"48980",314,152,7.32056272302685,162
"48981",314,153,9.56143269157553,161
"48982",314,154,7.71208257763855,160
"48983",314,155,7.18450118139533,159
"48984",314,156,6.0557153532215,158
"48985",314,157,6.71691578319196,157
"48986",314,158,6.47946916512712,156
"48987",314,159,8.24759781845819,155
"48988",314,160,8.97741982571296,154
"48989",314,161,7.88762487736429,153
"48990",314,162,6.91962013428262,152
"48991",314,163,5.56196244294082,151
"48992",314,164,7.70535971530717,150
"48993",314,165,6.97264394693558,149
"48994",314,166,6.3752429453148,148
"48995",314,167,5.00472247113882,147
"48996",314,168,5.14728472431679,146
"48997",314,169,6.66848162156398,145
"48998",314,170,6.95371227044083,144
"48999",314,171,4.82588297660104,143
"49000",314,172,5.21279141261644,142
"49001",314,173,6.61799477727104,141
"49002",314,174,7.07437999916259,140
"49003",314,175,7.06825776317795,139
"49004",314,176,7.27556126848607,138
"49005",314,177,7.93567351346281,137
"49006",314,178,6.77995482660101,136
"49007",314,179,7.45230852723363,135
"49008",314,180,8.05917459915149,134
"49009",314,181,7.27623991867232,133
"49010",314,182,8.87603535431723,132
"49011",314,183,8.65824883127725,131
"49012",314,184,6.63628244671912,130
"49013",314,185,7.76163475426923,129
"49014",314,186,8.04802948837822,128
"49015",314,187,6.52250983457543,127
"49016",314,188,7.0424050484827,126
"49017",314,189,6.11466192534682,125
"49018",314,190,6.80844081077182,124
"49019",314,191,7.27300759736887,123
"49020",314,192,8.73351189856499,122
"49021",314,193,8.34968588537193,121
"49022",314,194,7.38901292124015,120
"49023",314,195,7.58173751385463,119
"49024",314,196,6.027873933796,118
"49025",314,197,6.48634186578313,117
"49026",314,198,7.39563041969916,116
"49027",314,199,7.30472618095103,115
"49028",314,200,8.49689422320348,114
"49029",314,201,8.32302691399555,113
"49030",314,202,9.29237803704577,112
"49031",314,203,10.5948926099383,111
"49032",314,204,10.5094735848199,110
"49033",314,205,9.50610675787545,109
"49034",314,206,7.82605126455521,108
"49035",314,207,7.72144883718581,107
"49036",314,208,8.46383410895742,106
"49037",314,209,8.1905339525603,105
"49038",314,210,9.34006367726202,104
"49039",314,211,8.90787676473338,103
"49040",314,212,8.8778359883899,102
"49041",314,213,8.04157840770338,101
"49042",314,214,8.30684299325927,100
"49043",314,215,7.18433054628406,99
"49044",314,216,5.65238930322575,98
"49045",314,217,6.30961285961949,97
"49046",314,218,6.27562988611559,96
"49047",314,219,6.6369996975418,95
"49048",314,220,7.38378734984008,94
"49049",314,221,8.35280081462582,93
"49050",314,222,8.29263565101517,92
"49051",314,223,7.87097350114177,91
"49052",314,224,8.48408784314905,90
"49053",314,225,5.6897431474128,89
"49054",314,226,4.91860359823853,88
"49055",314,227,5.24730852021586,87
"49056",314,228,7.02973150403923,86
"49057",314,229,7.39531380396624,85
"49058",314,230,6.7682962839117,84
"49059",314,231,5.86600305252058,83
"49060",314,232,6.92717693293308,82
"49061",314,233,6.43027520922857,81
"49062",314,234,8.14900777360753,80
"49063",314,235,7.0849454081009,79
"49064",314,236,6.79956283307233,78
"49065",314,237,5.39866652226685,77
"49066",314,238,6.79917738870893,76
"49067",314,239,7.32518619544224,75
"49068",314,240,8.0674937309753,74
"49069",314,241,6.28197819439788,73
"49070",314,242,6.54130451722016,72
"49071",314,243,7.04166649746641,71
"49072",314,244,6.07152469804741,70
"49073",314,245,5.3250547135651,69
"49074",314,246,5.30940190173663,68
"49075",314,247,5.88859990735891,67
"49076",314,248,4.93776911341261,66
"49077",314,249,5.02313019391561,65
"49078",314,250,4.92433807500877,64
"49079",314,251,4.12404545242808,63
"49080",314,252,5.05655504555862,62
"49081",314,253,5.02391296106387,61
"49082",314,254,5.8167613353015,60
"49083",314,255,6.17565416681209,59
"49084",314,256,5.37642816567584,58
"49085",314,257,5.56331560719609,57
"49086",314,258,4.96527838097472,56
"49087",314,259,3.38156678947802,55
"49088",314,260,2.508595708939,54
"49089",314,261,3.00887560699509,53
"49090",314,262,4.08570653586859,52
"49091",314,263,3.9766527209305,51
"49092",314,264,4.92952328739921,50
"49093",314,265,4.60969564281341,49
"49094",314,266,5.14675082192476,48
"49095",314,267,5.1583971427504,47
"49096",314,268,5.5511028474632,46
"49097",314,269,5.08050048673962,45
"49098",314,270,4.97470091220123,44
"49099",314,271,4.34331395560797,43
"49100",314,272,4.54582458683961,42
"49101",314,273,4.38166827468994,41
"49102",314,274,2.43863173841714,40
"49103",314,275,1.07884542164671,39
"49104",314,276,2.05353304212985,38
"49105",314,277,2.67457070936599,37
"49106",314,278,3.99180334957953,36
"49107",314,279,3.89393930157497,35
"49108",314,280,5.35816193640515,34
"49109",314,281,5.10106319580731,33
"49110",314,282,4.88074382406802,32
"49111",314,283,5.45031460314549,31
"49112",314,284,3.69228436773196,30
"49113",314,285,3.95171730361173,29
"49114",314,286,4.33947039202713,28
"49115",314,287,3.87659782540691,27
"49116",314,288,5.33733696898464,26
"49117",314,289,5.70099423321439,25
"49118",314,290,4.18390479328399,24
"49119",314,291,4.42545292571473,23
"49120",314,292,3.74622569245523,22
"49121",314,293,5.8725388350601,21
"49122",314,294,2.91457821895651,20
"49123",314,295,3.41178899638774,19
"49124",314,296,2.5130942648742,18
"49125",314,297,2.67224465115924,17
"49126",314,298,3.16464242294703,16
"49127",314,299,2.91175016217136,15
"49128",314,300,1.59647586790862,14
"49129",314,301,3.0307201936626,13
"49130",314,302,5.16669236115138,12
"49131",314,303,2.36741982793786,11
"49132",314,304,2.12906869864571,10
"49133",314,305,1.98213045998206,9
"49134",314,306,2.31877404392496,8
"49135",314,307,1.99962500451682,7
"49136",314,308,2.88589699017127,6
"49137",314,309,2.86380674146318,5
"49138",314,310,1.9930468579446,4
"49139",314,311,2.5640623544001,3
"49140",314,312,2.86186131310523,2
"49141",314,313,2.64806377366116,1
"49142",315,1,5.43270737129314,314
"49143",315,2,3.37352720751318,313
"49144",315,3,3.00974661403043,312
"49145",315,4,4.65975120101858,311
"49146",315,5,3.10217841382423,310
"49147",315,6,4.71973285970156,309
"49148",315,7,3.99169136370946,308
"49149",315,8,3.79355934601814,307
"49150",315,9,4.08354563847416,306
"49151",315,10,4.20599065099007,305
"49152",315,11,6.16809007598509,304
"49153",315,12,3.76162897895744,303
"49154",315,13,3.11108018607416,302
"49155",315,14,5.16625480022421,301
"49156",315,15,3.43420054935602,300
"49157",315,16,3.18397332982767,299
"49158",315,17,4.49345403529779,298
"49159",315,18,6.29995713098862,297
"49160",315,19,3.51897667727181,296
"49161",315,20,3.08359130646275,295
"49162",315,21,3.22167803529237,294
"49163",315,22,6.21368825438274,293
"49164",315,23,4.64626660365372,292
"49165",315,24,5.695466657665,291
"49166",315,25,4.83663609183379,290
"49167",315,26,4.90331256452186,289
"49168",315,27,5.78188964730932,288
"49169",315,28,6.30410973021184,287
"49170",315,29,5.26601075179087,286
"49171",315,30,5.98921571846551,285
"49172",315,31,4.85918308426095,284
"49173",315,32,7.26192618449496,283
"49174",315,33,3.79911211475893,282
"49175",315,34,2.82792629194898,281
"49176",315,35,4.7542299366971,280
"49177",315,36,6.3771552188399,279
"49178",315,37,3.33822364503465,278
"49179",315,38,5.52176218062426,277
"49180",315,39,3.16028515515708,276
"49181",315,40,4.85088392966899,275
"49182",315,41,4.0601721276745,274
"49183",315,42,4.74288631013825,273
"49184",315,43,3.41837117147805,272
"49185",315,44,1.08182497525868,271
"49186",315,45,3.44244387507807,270
"49187",315,46,2.12343928689903,269
"49188",315,47,1.13766214849521,268
"49189",315,48,3.65983290313013,267
"49190",315,49,4.76598523352542,266
"49191",315,50,5.74708813256497,265
"49192",315,51,1.97150043306166,264
"49193",315,52,1.56018245179746,263
"49194",315,53,4.57799983504597,262
"49195",315,54,4.11022696582844,261
"49196",315,55,2.83628819518044,260
"49197",315,56,2.97770641888415,259
"49198",315,57,2.71989566122737,258
"49199",315,58,4.82211331827556,257
"49200",315,59,4.87447979655112,256
"49201",315,60,2.63741583216804,255
"49202",315,61,0.346899026263255,254
"49203",315,62,3.91209296502524,253
"49204",315,63,3.46024518498299,252
"49205",315,64,4.40089580498708,251
"49206",315,65,4.80320259776807,250
"49207",315,66,2.26782558757057,249
"49208",315,67,2.77276867751767,248
"49209",315,68,3.8014178290936,247
"49210",315,69,5.08787480028058,246
"49211",315,70,2.46178509508406,245
"49212",315,71,2.55487647654,244
"49213",315,72,2.42066518348825,243
"49214",315,73,3.10009988333957,242
"49215",315,74,3.30515713050248,241
"49216",315,75,4.73941558778329,240
"49217",315,76,4.25945179554668,239
"49218",315,77,5.53145307547282,238
"49219",315,78,3.9845050574782,237
"49220",315,79,1.91229570158557,236
"49221",315,80,4.12279602585465,235
"49222",315,81,4.73335193488472,234
"49223",315,82,4.24307124252193,233
"49224",315,83,3.97879297721305,232
"49225",315,84,2.31697395560491,231
"49226",315,85,2.59213062076275,230
"49227",315,86,3.01958273269074,229
"49228",315,87,3.17629898410715,228
"49229",315,88,2.27545039081452,227
"49230",315,89,3.35963394126036,226
"49231",315,90,5.31068313219724,225
"49232",315,91,2.75652533761461,224
"49233",315,92,3.08026706216704,223
"49234",315,93,3.22810719802215,222
"49235",315,94,5.25192189576601,221
"49236",315,95,3.89751140647167,220
"49237",315,96,2.27207082656307,219
"49238",315,97,5.28931801049978,218
"49239",315,98,4.07615452033063,217
"49240",315,99,5.87777462863843,216
"49241",315,100,7.07938836719549,215
"49242",315,101,6.53883729246895,214
"49243",315,102,5.79604153831486,213
"49244",315,103,5.30306228940011,212
"49245",315,104,6.05648829792914,211
"49246",315,105,5.06154797444749,210
"49247",315,106,5.42069002731002,209
"49248",315,107,2.83719458460405,208
"49249",315,108,6.10085586227662,207
"49250",315,109,6.75602533961329,206
"49251",315,110,6.65184552509367,205
"49252",315,111,3.0142978439709,204
"49253",315,112,3.41133494886721,203
"49254",315,113,6.60746355903819,202
"49255",315,114,8.3966488991295,201
"49256",315,115,8.65994484541067,200
"49257",315,116,7.16019393612827,199
"49258",315,117,7.41634817235231,198
"49259",315,118,6.6277104705993,197
"49260",315,119,4.43074639343517,196
"49261",315,120,4.21233198185857,195
"49262",315,121,7.34494002681246,194
"49263",315,122,7.6302706196936,193
"49264",315,123,6.94145927647417,192
"49265",315,124,3.87988366686237,191
"49266",315,125,2.66535105154535,190
"49267",315,126,5.06319939202915,189
"49268",315,127,6.301349618216,188
"49269",315,128,8.13741687899084,187
"49270",315,129,6.64278428839598,186
"49271",315,130,6.71303881173439,185
"49272",315,131,7.7157225755842,184
"49273",315,132,7.4988485653645,183
"49274",315,133,7.89047699750704,182
"49275",315,134,8.98303754776046,181
"49276",315,135,9.00449283820742,180
"49277",315,136,9.0696728121089,179
"49278",315,137,7.23577988766244,178
"49279",315,138,8.23605284369056,177
"49280",315,139,8.8857857787769,176
"49281",315,140,8.25293489379878,175
"49282",315,141,8.44787411659558,174
"49283",315,142,8.96329322698569,173
"49284",315,143,8.53382937401113,172
"49285",315,144,8.67467065688591,171
"49286",315,145,9.25304365224575,170
"49287",315,146,9.23199423243853,169
"49288",315,147,8.22446233398469,168
"49289",315,148,8.43434764351884,167
"49290",315,149,9.30025071266815,166
"49291",315,150,10.4636976875294,165
"49292",315,151,11.3621999355225,164
"49293",315,152,10.3099954438676,163
"49294",315,153,7.2310831409157,162
"49295",315,154,6.40048566282205,161
"49296",315,155,7.67348158123086,160
"49297",315,156,9.18345792492966,159
"49298",315,157,9.13874745541827,158
"49299",315,158,8.87329298204636,157
"49300",315,159,10.9663557838894,156
"49301",315,160,10.9734594892937,155
"49302",315,161,10.3766861590651,154
"49303",315,162,10.0753705612978,153
"49304",315,163,9.97267454409391,152
"49305",315,164,5.68510827684147,151
"49306",315,165,6.05861061929694,150
"49307",315,166,7.07151912300388,149
"49308",315,167,8.16157473641555,148
"49309",315,168,9.395516305292,147
"49310",315,169,10.0371347758629,146
"49311",315,170,10.2719432176339,145
"49312",315,171,9.21418072595534,144
"49313",315,172,9.9260367564046,143
"49314",315,173,10.4852630531983,142
"49315",315,174,9.59190263361943,141
"49316",315,175,8.27425160927804,140
"49317",315,176,7.59536498545914,139
"49318",315,177,9.19218747282448,138
"49319",315,178,9.98612746072206,137
"49320",315,179,10.3335470128427,136
"49321",315,180,7.21599114032952,135
"49322",315,181,7.63076109955893,134
"49323",315,182,9.23055653520385,133
"49324",315,183,9.01277001216386,132
"49325",315,184,9.13239307171887,131
"49326",315,185,10.6932954469842,130
"49327",315,186,10.3410088910858,129
"49328",315,187,10.8715858297623,128
"49329",315,188,10.1533402178222,127
"49330",315,189,9.72181921404962,126
"49331",315,190,9.3535312490086,125
"49332",315,191,9.40350647989854,124
"49333",315,192,9.21109148447709,123
"49334",315,193,9.93149351239627,122
"49335",315,194,10.236636602112,121
"49336",315,195,6.99746109729819,120
"49337",315,196,8.33205378944199,119
"49338",315,197,8.20511982535278,118
"49339",315,198,8.4177513205238,117
"49340",315,199,9.72020127715206,116
"49341",315,200,11.5966289396046,115
"49342",315,201,12.1846882404926,114
"49343",315,202,12.0839786998192,113
"49344",315,203,12.7534127936969,112
"49345",315,204,11.5867130675569,111
"49346",315,205,11.2668427882956,110
"49347",315,206,12.3600086857969,109
"49348",315,207,9.05663488759583,108
"49349",315,208,8.81835528984403,107
"49350",315,209,10.3882624445644,106
"49351",315,210,10.988754840532,105
"49352",315,211,9.52570943408767,104
"49353",315,212,9.69735748616757,103
"49354",315,213,9.80231443812351,102
"49355",315,214,8.82988555684344,101
"49356",315,215,10.3793027274667,100
"49357",315,216,9.98170556187386,99
"49358",315,217,9.14602264163101,98
"49359",315,218,9.76238462668512,97
"49360",315,219,10.7918829457996,96
"49361",315,220,9.61832500938706,95
"49362",315,221,10.3768617794355,94
"49363",315,222,8.3560660708406,93
"49364",315,223,8.22549468202838,92
"49365",315,224,8.83860902403566,91
"49366",315,225,9.27162613868086,90
"49367",315,226,9.33580392092269,89
"49368",315,227,8.65891574917068,88
"49369",315,228,7.93089149377344,87
"49370",315,229,9.48660437825041,86
"49371",315,230,8.77588861209731,85
"49372",315,231,9.94056710630137,84
"49373",315,232,10.3462522943379,83
"49374",315,233,9.58538619267965,82
"49375",315,234,6.54213407969367,81
"49376",315,235,7.56272535499799,80
"49377",315,236,7.62284416399839,79
"49378",315,237,9.56256061367805,78
"49379",315,238,11.3891639664866,77
"49380",315,239,9.34826840271276,76
"49381",315,240,6.96853992075446,75
"49382",315,241,8.09313643192386,74
"49383",315,242,8.26842574290306,73
"49384",315,243,9.43549031438565,72
"49385",315,244,9.01999279313096,71
"49386",315,245,9.45563447796001,70
"49387",315,246,9.29992894367433,69
"49388",315,247,9.76827451907947,68
"49389",315,248,9.30531547099757,67
"49390",315,249,7.04621240118612,66
"49391",315,250,10.2146286028381,65
"49392",315,251,9.31858894322177,64
"49393",315,252,10.346845573388,63
"49394",315,253,9.51305512462987,62
"49395",315,254,9.76806662307181,61
"49396",315,255,9.83685024377819,60
"49397",315,256,9.31092605107753,59
"49398",315,257,9.29051771474422,58
"49399",315,258,6.71999196418804,57
"49400",315,259,5.67454619218557,56
"49401",315,260,6.50570887856352,55
"49402",315,261,6.70806985923616,54
"49403",315,262,7.7176711786352,53
"49404",315,263,9.26694324875987,52
"49405",315,264,10.2198138152286,51
"49406",315,265,9.89998617064278,50
"49407",315,266,10.4370413497541,49
"49408",315,267,10.4486876705798,48
"49409",315,268,10.8413933752926,47
"49410",315,269,10.370791014569,46
"49411",315,270,10.2649914400306,45
"49412",315,271,9.63360448343734,44
"49413",315,272,8.30104799561669,43
"49414",315,273,6.98937916663919,42
"49415",315,274,4.24266907010165,41
"49416",315,275,4.21144510618265,40
"49417",315,276,6.63791267047736,39
"49418",315,277,6.13880464286449,38
"49419",315,278,7.05792326124339,37
"49420",315,279,6.59588986463756,36
"49421",315,280,8.91169651675885,35
"49422",315,281,8.88429445989147,34
"49423",315,282,9.0169305378931,33
"49424",315,283,9.67053832881364,32
"49425",315,284,8.92095223551703,31
"49426",315,285,7.7051911541309,30
"49427",315,286,9.6297609198565,29
"49428",315,287,6.95591377734556,28
"49429",315,288,4.39528785773855,27
"49430",315,289,4.18902634572313,26
"49431",315,290,6.33121107818228,25
"49432",315,291,8.21429113922905,24
"49433",315,292,7.6248391776331,23
"49434",315,293,5.5145768554174,22
"49435",315,294,4.14814697622214,21
"49436",315,295,6.22579787252237,20
"49437",315,296,6.83416240475404,19
"49438",315,297,7.4078909008243,18
"49439",315,298,5.89461428723859,17
"49440",315,299,6.95269941121491,16
"49441",315,300,6.6549799462742,15
"49442",315,301,2.25957033416677,14
"49443",315,302,4.81217118026477,13
"49444",315,303,3.24670949671144,12
"49445",315,304,5.3127859863366,11
"49446",315,305,5.53005809090559,10
"49447",315,306,6.33730894116973,9
"49448",315,307,5.79405672153942,8
"49449",315,308,3.45882780362141,7
"49450",315,309,2.42661384210788,6
"49451",315,310,5.82065800146167,5
"49452",315,311,7.12043412744056,4
"49453",315,312,6.91961796451739,3
"49454",315,313,7.19882859727145,2
"49455",315,314,5.29029052782936,1
"49456",316,1,2.47262001924119,315
"49457",316,2,1.51161278223051,314
"49458",316,3,4.24357809541962,313
"49459",316,4,3.51652043780336,312
"49460",316,5,3.39318380137149,311
"49461",316,6,4.04248396567572,310
"49462",316,7,3.57751193155719,309
"49463",316,8,4.30394099482607,308
"49464",316,9,7.04363299052611,307
"49465",316,10,4.29542933755524,306
"49466",316,11,5.02485931276987,305
"49467",316,12,5.02612016173714,304
"49468",316,13,5.3905174901571,303
"49469",316,14,4.22593644432481,302
"49470",316,15,3.01929503742143,301
"49471",316,16,2.97075664631647,300
"49472",316,17,3.55751904993613,299
"49473",316,18,5.1567263677734,298
"49474",316,19,2.37574591405659,297
"49475",316,20,2.13645586816264,296
"49476",316,21,6.03610571545696,295
"49477",316,22,6.50469364192999,294
"49478",316,23,5.83564503253164,293
"49479",316,24,5.3748305041355,292
"49480",316,25,3.69340532861857,291
"49481",316,26,5.8874816016527,290
"49482",316,27,4.6386588840941,289
"49483",316,28,5.16087896699662,288
"49484",316,29,4.12277998857565,287
"49485",316,30,4.84598495525029,286
"49486",316,31,3.71595232104573,285
"49487",316,32,6.11869542127974,284
"49488",316,33,4.0148598076605,283
"49489",316,34,4.82760401388187,282
"49490",316,35,3.61099917348188,281
"49491",316,36,5.23392445562468,280
"49492",316,37,2.19499288181943,279
"49493",316,38,4.37853141740904,278
"49494",316,39,4.88782518486994,277
"49495",316,40,4.48931838989145,276
"49496",316,41,4.60798558277221,275
"49497",316,42,4.22560354889595,274
"49498",316,43,2.39279222484313,273
"49499",316,44,1.87826237679327,272
"49500",316,45,4.58567463829329,271
"49501",316,46,4.4774408715051,270
"49502",316,47,2.12861573694722,269
"49503",316,48,1.81332692884707,268
"49504",316,49,3.66833988480524,267
"49505",316,50,6.89031889578019,266
"49506",316,51,2.553128381,265
"49507",316,52,2.90840352108025,264
"49508",316,53,3.43476907183076,263
"49509",316,54,4.4012323533757,262
"49510",316,55,2.69276990722443,261
"49511",316,56,2.95255734705498,260
"49512",316,57,1.77835372643554,259
"49513",316,58,2.10485395784261,258
"49514",316,59,3.93348182316184,257
"49515",316,60,1.84858229174644,256
"49516",316,61,2.6131883257887,255
"49517",316,62,4.5592429956294,254
"49518",316,63,2.31701442176777,253
"49519",316,64,2.47628625716039,252
"49520",316,65,4.51219721022081,251
"49521",316,66,3.8153650608765,250
"49522",316,67,3.06377406506493,249
"49523",316,68,2.86856523364381,248
"49524",316,69,4.85776895349591,247
"49525",316,70,1.86239542133961,246
"49526",316,71,0.965448657184533,245
"49527",316,72,1.32654307978414,244
"49528",316,73,1.81436111030774,243
"49529",316,74,1.75818440727212,242
"49530",316,75,1.77932823573134,241
"49531",316,76,1.29936444349473,240
"49532",316,77,3.43685907667419,239
"49533",316,78,5.12773582069342,238
"49534",316,79,1.16070604540577,237
"49535",316,80,3.1583099855153,236
"49536",316,81,2.12930518129632,235
"49537",316,82,2.57126272885711,234
"49538",316,83,3.66076589505103,233
"49539",316,84,2.437936712226,232
"49540",316,85,2.88313600831,231
"49541",316,86,2.66971514496174,230
"49542",316,87,3.47099795471854,229
"49543",316,88,2.95490626765566,228
"49544",316,89,2.21640317804514,227
"49545",316,90,4.31269862130672,226
"49546",316,91,2.82661059981806,225
"49547",316,92,1.62359522093637,224
"49548",316,93,1.24845613278006,223
"49549",316,94,6.39515265898123,222
"49550",316,95,3.60650601892441,221
"49551",316,96,1.74227310376625,220
"49552",316,97,2.32923065844783,219
"49553",316,98,2.69360621996685,218
"49554",316,99,3.5009648744853,217
"49555",316,100,4.11930101514354,216
"49556",316,101,6.24783190492169,215
"49557",316,102,4.46989649147074,214
"49558",316,103,3.34583476155638,213
"49559",316,104,3.26447496956334,212
"49560",316,105,2.47375818857093,211
"49561",316,106,5.12968463976276,210
"49562",316,107,3.2414538060157,209
"49563",316,108,3.28083467860376,208
"49564",316,109,3.79593798756134,207
"49565",316,110,4.46852909588779,206
"49566",316,111,4.15752860718612,205
"49567",316,112,1.92418964066779,204
"49568",316,113,4.13282226843606,203
"49569",316,114,5.43656154707755,202
"49570",316,115,5.69985749335872,201
"49571",316,116,6.86918854858101,200
"49572",316,117,7.06096519266615,199
"49573",316,118,6.33670508305204,198
"49574",316,119,3.48757368489727,197
"49575",316,120,2.51754177776721,196
"49576",316,121,4.3848526747605,195
"49577",316,122,4.67018326764165,194
"49578",316,123,6.65045388892691,193
"49579",316,124,3.58887827931511,192
"49580",316,125,3.3070088413406,191
"49581",316,126,2.52407646469477,190
"49582",316,127,3.49813583691176,189
"49583",316,128,5.17732952693888,188
"49584",316,129,3.68269693634403,187
"49585",316,130,4.61012898048182,186
"49586",316,131,4.75563522353225,185
"49587",316,132,4.53876121331254,184
"49588",316,133,4.93038964545508,183
"49589",316,134,6.02295019570851,182
"49590",316,135,6.04440548615546,181
"49591",316,136,6.10958546005695,180
"49592",316,137,5.97401243295723,179
"49593",316,138,5.2759654916386,178
"49594",316,139,5.92569842672494,177
"49595",316,140,5.29284754174682,176
"49596",316,141,5.48778676454362,175
"49597",316,142,6.00320587493374,174
"49598",316,143,6.14026483278152,173
"49599",316,144,5.71458330483396,172
"49600",316,145,6.2929563001938,171
"49601",316,146,6.27190688038658,170
"49602",316,147,6.00873601394847,169
"49603",316,148,5.94324129601815,168
"49604",316,149,6.38896027490007,167
"49605",316,150,7.50361033547746,166
"49606",316,151,8.4021125834705,165
"49607",316,152,7.34990809181561,164
"49608",316,153,7.79197631511851,163
"49609",316,154,5.94262620118153,162
"49610",316,155,6.01317116099246,161
"49611",316,156,6.2233705728777,160
"49612",316,157,6.17866010336631,159
"49613",316,158,5.91320562999441,158
"49614",316,159,8.00626843183744,157
"49615",316,160,8.01337213724175,156
"49616",316,161,7.4165988070131,155
"49617",316,162,7.11528320924588,154
"49618",316,163,7.01258719204195,153
"49619",316,164,5.93590333885015,152
"49620",316,165,5.20318757047855,151
"49621",316,166,5.20391292491193,150
"49622",316,167,5.2014873843636,149
"49623",316,168,6.43542895324005,148
"49624",316,169,7.07704742381097,147
"49625",316,170,7.31185586558197,146
"49626",316,171,6.25409337390339,145
"49627",316,172,6.96594940435265,144
"49628",316,173,7.52517570114632,143
"49629",316,174,7.32740541044768,142
"49630",316,175,5.57331332812704,141
"49631",316,176,5.57089866254137,140
"49632",316,177,6.76434349305994,139
"49633",316,178,7.02604010867011,138
"49634",316,179,7.37345966079077,137
"49635",316,180,6.28971822269447,136
"49636",316,181,6.10490989826945,135
"49637",316,182,7.70470533391437,134
"49638",316,183,7.48691881087439,133
"49639",316,184,6.60918896716793,132
"49640",316,185,7.73320809493222,131
"49641",316,186,7.38092153903382,130
"49642",316,187,7.91149847771038,129
"49643",316,188,7.19325286577028,128
"49644",316,189,7.10161953734273,127
"49645",316,190,6.39344389695665,126
"49646",316,191,6.44341912784659,125
"49647",316,192,8.07893758194486,124
"49648",316,193,6.97140616034431,123
"49649",316,194,7.27654925006006,122
"49650",316,195,5.81228113739761,121
"49651",316,196,5.37196643739004,120
"49652",316,197,5.24503247330083,119
"49653",316,198,6.31527754035537,118
"49654",316,199,6.85744764218446,117
"49655",316,200,8.63654158755261,116
"49656",316,201,9.22460088844065,115
"49657",316,202,9.38293637407489,114
"49658",316,203,9.79332544164497,113
"49659",316,204,9.33814356441701,112
"49660",316,205,8.33477673747258,111
"49661",316,206,9.39992133374493,110
"49662",316,207,6.25902805572175,109
"49663",316,208,7.29250408855455,108
"49664",316,209,7.42817509251248,107
"49665",316,210,8.16873365685915,106
"49666",316,211,7.73654674433052,105
"49667",316,212,7.70650596798704,104
"49668",316,213,6.87024838730052,103
"49669",316,214,6.69896787028381,102
"49670",316,215,7.41921537541472,101
"49671",316,216,7.02161820982191,100
"49672",316,217,6.18593528957906,99
"49673",316,218,7.22336574394409,98
"49674",316,219,7.83179559374763,97
"49675",316,220,6.65823765733511,96
"49676",316,221,7.41677442738357,95
"49677",316,222,6.83021486955112,94
"49678",316,223,6.6996434807389,93
"49679",316,224,7.31275782274619,92
"49680",316,225,6.31153878662891,91
"49681",316,226,6.65068041796178,90
"49682",316,227,5.69882839711873,89
"49683",316,228,5.60201667846279,88
"49684",316,229,6.52651702619845,87
"49685",316,230,6.3658330028208,86
"49686",316,231,6.98047975424941,85
"49687",316,232,7.38616494228591,84
"49688",316,233,7.57969989548046,83
"49689",316,234,6.37955139715051,82
"49690",316,235,5.91361538769804,81
"49691",316,236,5.73041040666698,80
"49692",316,237,6.6024732616261,79
"49693",316,238,8.42907661443467,78
"49694",316,239,9.0572630151655,77
"49695",316,240,6.41700687144428,76
"49696",316,241,5.1330490798719,75
"49697",316,242,5.3699744968173,74
"49698",316,243,6.4754029623337,73
"49699",316,244,6.05990544107901,72
"49700",316,245,6.49554712590806,71
"49701",316,246,6.33984159162238,70
"49702",316,247,6.80818716702751,69
"49703",316,248,6.36171918699251,68
"49704",316,249,6.75520701363887,67
"49705",316,250,7.25454125078619,66
"49706",316,251,6.35850159116981,65
"49707",316,252,7.38675822133603,64
"49708",316,253,6.55296777257792,63
"49709",316,254,6.80797927101986,62
"49710",316,255,6.87676289172624,61
"49711",316,256,6.35083869902558,60
"49712",316,257,6.33043036269227,59
"49713",316,258,5.29674730059462,58
"49714",316,259,2.71445884013362,57
"49715",316,260,3.54562152651156,56
"49716",316,261,3.74798250718421,55
"49717",316,262,4.75758382658325,54
"49718",316,263,6.30685589670791,53
"49719",316,264,7.25972646317662,52
"49720",316,265,6.93989881859082,51
"49721",316,266,7.47695399770217,50
"49722",316,267,7.48860031852781,49
"49723",316,268,7.88130602324061,48
"49724",316,269,7.41070366251703,47
"49725",316,270,7.30490408797865,46
"49726",316,271,6.67351713138539,45
"49727",316,272,5.34096064356474,44
"49728",316,273,4.02929181458724,43
"49729",316,274,3.36956019387703,42
"49730",316,275,1.95885609827484,41
"49731",316,276,3.67782531842541,40
"49732",316,277,3.17871729081254,39
"49733",316,278,4.09783590919143,38
"49734",316,279,3.63580251258561,37
"49735",316,280,5.9516091647069,36
"49736",316,281,5.92420710783951,35
"49737",316,282,6.05684318584114,34
"49738",316,283,6.71045097676168,33
"49739",316,284,5.96086488346508,32
"49740",316,285,5.68379412333498,31
"49741",316,286,6.66967356780455,30
"49742",316,287,4.30330420980834,29
"49743",316,288,3.56788059252761,28
"49744",316,289,3.93153785675737,27
"49745",316,290,3.37112372613033,26
"49746",316,291,5.2542037871771,25
"49747",316,292,5.47830251217849,24
"49748",316,293,5.22357146787014,23
"49749",316,294,1.43084768276595,22
"49750",316,295,3.26571052047042,21
"49751",316,296,3.87407505270209,20
"49752",316,297,4.44780354877235,19
"49753",316,298,2.93452693518663,18
"49754",316,299,3.99261205916295,17
"49755",316,300,3.69489259422225,16
"49756",316,301,1.14310298297746,15
"49757",316,302,6.33802238155424,14
"49758",316,303,1.58775799379551,13
"49759",316,304,2.41947366666458,12
"49760",316,305,2.56997073885364,11
"49761",316,306,3.37722158911778,10
"49762",316,307,2.83396936948747,9
"49763",316,308,2.05204819692654,8
"49764",316,309,1.13172992173992,7
"49765",316,310,2.86057064940972,6
"49766",316,311,4.16034677538861,5
"49767",316,312,3.95953061246544,4
"49768",316,313,4.2387412452195,3
"49769",316,314,2.33020317577741,2
"49770",316,315,2.96008735205195,1
"49771",317,1,5.10265477485969,316
"49772",317,2,3.39479870373966,315
"49773",317,3,4.86097750454024,314
"49774",317,4,6.3485150172724,313
"49775",317,5,4.95340930433404,312
"49776",317,6,6.40849667595538,311
"49777",317,7,5.68045517996328,310
"49778",317,8,5.48232316227196,309
"49779",317,9,6.79194791134572,308
"49780",317,10,5.89475446724389,307
"49781",317,11,7.85685389223891,306
"49782",317,12,6.04620415906325,305
"49783",317,13,5.3013129311546,304
"49784",317,14,6.85501861647803,303
"49785",317,15,5.12296436560984,302
"49786",317,16,4.87273714608149,301
"49787",317,17,6.18221785155161,300
"49788",317,18,7.98872094724244,299
"49789",317,19,5.20774049352563,298
"49790",317,20,4.77235512271657,297
"49791",317,21,5.78442063627657,296
"49792",317,22,8.06491914489254,295
"49793",317,23,6.49749749416352,294
"49794",317,24,7.38423047391882,293
"49795",317,25,6.52539990808762,292
"49796",317,26,6.90756559897881,291
"49797",317,27,7.47065346356314,290
"49798",317,28,7.99287354646566,289
"49799",317,29,6.95477456804469,288
"49800",317,30,7.67797953471933,287
"49801",317,31,6.54794690051477,286
"49802",317,32,8.95069000074878,285
"49803",317,33,5.48787593101275,284
"49804",317,34,4.67915718245878,283
"49805",317,35,6.44299375295092,282
"49806",317,36,8.06591903509372,281
"49807",317,37,5.02698746128847,280
"49808",317,38,7.21052599687808,279
"49809",317,39,5.70622035377267,278
"49810",317,40,6.53964774592282,277
"49811",317,41,5.9114030181843,276
"49812",317,42,6.43165012639207,275
"49813",317,43,5.10713498773187,274
"49814",317,44,2.16859760669993,273
"49815",317,45,2.89798875634098,272
"49816",317,46,4.22575579232472,271
"49817",317,47,2.65544432755162,270
"49818",317,48,1.01866765062197,269
"49819",317,49,2.05758296065386,268
"49820",317,50,5.44947674714934,267
"49821",317,51,3.82273132357146,266
"49822",317,52,3.92848751840636,265
"49823",317,53,6.2667636512998,264
"49824",317,54,5.96145785633825,263
"49825",317,55,4.52505201143426,262
"49826",317,56,3.97264134438109,261
"49827",317,57,4.40865947748119,260
"49828",317,58,4.93684853731165,259
"49829",317,59,3.45473465196417,258
"49830",317,60,4.32617964842186,257
"49831",317,61,2.36150324660831,256
"49832",317,62,5.76332385553504,255
"49833",317,63,5.14900900123681,254
"49834",317,64,3.53230736997696,253
"49835",317,65,5.23696427349835,252
"49836",317,66,4.81376078618615,251
"49837",317,67,4.62399956802748,250
"49838",317,68,5.49018164534742,249
"49839",317,69,4.13693534582481,248
"49840",317,70,4.15054891133788,247
"49841",317,71,3.5708081011763,246
"49842",317,72,1.5054514996849,245
"49843",317,73,3.89392190053861,244
"49844",317,74,4.59017898674116,243
"49845",317,75,4.29191143093701,242
"49846",317,76,2.26951191204454,241
"49847",317,77,2.82305080260126,240
"49848",317,78,2.29574124122438,239
"49849",317,79,2.92822732622187,238
"49850",317,80,2.33779831916178,237
"49851",317,81,2.02494966201315,236
"49852",317,82,4.8258358263498,235
"49853",317,83,5.66755679346687,234
"49854",317,84,4.00573777185873,233
"49855",317,85,4.44336151127255,232
"49856",317,86,4.70834654894456,231
"49857",317,87,5.02752987461695,230
"49858",317,88,4.12668128132432,229
"49859",317,89,5.04839775751418,228
"49860",317,90,6.99944694845106,227
"49861",317,91,4.44528915386844,226
"49862",317,92,4.45558980040541,225
"49863",317,93,2.35994521345831,224
"49864",317,94,3.56315807951219,223
"49865",317,95,3.19058921347859,222
"49866",317,96,1.08972147570279,221
"49867",317,97,2.58091573762822,220
"49868",317,98,5.13725435473536,219
"49869",317,99,6.33295945395434,218
"49870",317,100,4.50649072362924,217
"49871",317,101,4.68760640195914,216
"49872",317,102,3.08763926544329,215
"49873",317,103,3.06613652242774,214
"49874",317,104,3.34808602505758,213
"49875",317,105,2.35314570157592,212
"49876",317,106,3.74920799990703,211
"49877",317,107,0.695185066813123,210
"49878",317,108,3.39245358940505,209
"49879",317,109,4.04762306674172,208
"49880",317,110,3.9434432522221,207
"49881",317,111,1.32553402771708,206
"49882",317,112,4.5621670646766,205
"49883",317,113,3.89906128616662,204
"49884",317,114,5.68824662625793,203
"49885",317,115,5.9515425725391,202
"49886",317,116,5.30896304561847,201
"49887",317,117,5.50073968970361,200
"49888",317,118,4.77647958008949,199
"49889",317,119,1.73915152293222,198
"49890",317,120,1.503929708987,197
"49891",317,121,4.63653775394089,196
"49892",317,122,4.92186834682203,195
"49893",317,123,5.09022838596437,194
"49894",317,124,2.94907498957254,193
"49895",317,125,0.475014261871557,192
"49896",317,126,2.35479711915758,191
"49897",317,127,3.59294734534443,190
"49898",317,128,5.42901460611927,189
"49899",317,129,3.93438201552441,188
"49900",317,130,4.00463653886282,187
"49901",317,131,5.00732030271264,186
"49902",317,132,4.79044629249293,185
"49903",317,133,5.18207472463547,184
"49904",317,134,6.27463527488889,183
"49905",317,135,6.29609056533585,182
"49906",317,136,6.36127053923733,181
"49907",317,137,4.52737761479088,180
"49908",317,138,5.52765057081899,179
"49909",317,139,6.17738350590533,178
"49910",317,140,5.54453262092721,177
"49911",317,141,5.73947184372401,176
"49912",317,142,6.25489095411413,175
"49913",317,143,5.82542710113956,174
"49914",317,144,5.96626838401434,173
"49915",317,145,6.54464137937418,172
"49916",317,146,6.52359195956697,171
"49917",317,147,5.51606006111312,170
"49918",317,148,5.72594537064727,169
"49919",317,149,6.59184843979658,168
"49920",317,150,7.75529541465785,167
"49921",317,151,8.65379766265088,166
"49922",317,152,7.60159317099599,165
"49923",317,153,4.95998173564947,164
"49924",317,154,3.85455046420646,163
"49925",317,155,4.99308716366635,162
"49926",317,156,6.47505565205809,161
"49927",317,157,6.4303451825467,160
"49928",317,158,6.16489070917479,159
"49929",317,159,8.25795351101783,158
"49930",317,160,8.26505721642214,157
"49931",317,161,7.66828388619349,156
"49932",317,162,7.36696828842626,155
"49933",317,163,7.26427227122234,154
"49934",317,164,3.59132342807096,153
"49935",317,165,3.35020834642537,152
"49936",317,166,4.36311685013231,151
"49937",317,167,5.45317246354399,150
"49938",317,168,6.68711403242043,149
"49939",317,169,7.32873250299135,148
"49940",317,170,7.56354094476236,147
"49941",317,171,6.50577845308378,146
"49942",317,172,7.21763448353304,145
"49943",317,173,7.7768607803267,144
"49944",317,174,6.88350036074786,143
"49945",317,175,5.56584933640647,142
"49946",317,176,4.88696271258757,141
"49947",317,177,6.48378519995291,140
"49948",317,178,7.27772518785049,139
"49949",317,179,7.62514473997116,138
"49950",317,180,4.50758886745795,137
"49951",317,181,5.08482590094334,136
"49952",317,182,6.68462133658826,135
"49953",317,183,6.46683481354827,134
"49954",317,184,6.4239907988473,133
"49955",317,185,7.9848931741126,132
"49956",317,186,7.6326066182142,131
"49957",317,187,8.16318355689076,130
"49958",317,188,7.44493794495067,129
"49959",317,189,7.01341694117805,128
"49960",317,190,6.64512897613704,127
"49961",317,191,6.69510420702697,126
"49962",317,192,6.51871207898232,125
"49963",317,193,7.2230912395247,124
"49964",317,194,7.52823432924044,123
"49965",317,195,4.28905882442662,122
"49966",317,196,5.62365151657043,121
"49967",317,197,5.49671755248121,120
"49968",317,198,5.70934904765223,119
"49969",317,199,7.01179900428049,118
"49970",317,200,8.888226666733,117
"49971",317,201,9.47628596762104,116
"49972",317,202,9.37557642694767,115
"49973",317,203,10.0450105208253,114
"49974",317,204,8.87831079468538,113
"49975",317,205,8.55844051542401,112
"49976",317,206,9.65160641292532,111
"49977",317,207,6.34823261472426,110
"49978",317,208,6.27242009122844,109
"49979",317,209,7.67986017169286,108
"49980",317,210,8.28035256766044,107
"49981",317,211,6.8173071612161,106
"49982",317,212,6.988955213296,105
"49983",317,213,7.09391216525194,104
"49984",317,214,6.12148328397187,103
"49985",317,215,7.67090045459511,102
"49986",317,216,7.27330328900229,101
"49987",317,217,6.43762036875944,100
"49988",317,218,7.05398235381355,99
"49989",317,219,8.08348067292802,98
"49990",317,220,6.90992273651549,97
"49991",317,221,7.66845950656395,96
"49992",317,222,5.81013087222501,95
"49993",317,223,5.67955948341279,94
"49994",317,224,6.29267382542008,93
"49995",317,225,6.56322386580929,92
"49996",317,226,6.62740164805113,91
"49997",317,227,5.95051347629911,90
"49998",317,228,5.22248922090187,89
"49999",317,229,6.77820210537884,88
"50000",317,230,6.06748633922574,87
"50001",317,231,7.2321648334298,86
"50002",317,232,7.63785002146629,85
"50003",317,233,6.87698391980808,84
"50004",317,234,3.8337318068221,83
"50005",317,235,4.89353139037193,82
"50006",317,236,4.91444189112682,81
"50007",317,237,6.85415834080648,80
"50008",317,238,8.68076169361505,79
"50009",317,239,7.49703751220295,78
"50010",317,240,4.85678136848174,77
"50011",317,241,5.38473415905229,76
"50012",317,242,5.56002347003149,75
"50013",317,243,6.72708804151408,74
"50014",317,244,6.31159052025939,73
"50015",317,245,6.74723220508844,72
"50016",317,246,6.59152667080276,71
"50017",317,247,7.0598722462079,70
"50018",317,248,6.596913198126,69
"50019",317,249,5.19498151067632,68
"50020",317,250,7.50622632996657,67
"50021",317,251,6.6101866703502,66
"50022",317,252,7.63844330051641,65
"50023",317,253,6.8046528517583,64
"50024",317,254,7.05966435020024,63
"50025",317,255,7.12844797090663,62
"50026",317,256,6.60252377820596,61
"50027",317,257,6.58211544187265,60
"50028",317,258,4.01158969131648,59
"50029",317,259,2.96614391931401,58
"50030",317,260,3.79730660569195,57
"50031",317,261,3.99966758636459,56
"50032",317,262,5.00926890576363,55
"50033",317,263,6.5585409758883,54
"50034",317,264,7.511411542357,53
"50035",317,265,7.19158389777121,52
"50036",317,266,7.72863907688255,51
"50037",317,267,7.7402853977082,50
"50038",317,268,8.132991102421,49
"50039",317,269,7.66238874169741,48
"50040",317,270,7.55658916715903,47
"50041",317,271,6.92520221056577,46
"50042",317,272,5.59264572274513,45
"50043",317,273,4.28097689376762,44
"50044",317,274,2.43788711119332,43
"50045",317,275,4.53201374062299,42
"50046",317,276,5.29784772956804,41
"50047",317,277,3.43040236999292,40
"50048",317,278,4.34952098837182,39
"50049",317,279,3.88748759176599,38
"50050",317,280,6.20329424388728,37
"50051",317,281,6.1758921870199,36
"50052",317,282,6.30852826502153,35
"50053",317,283,6.96213605594207,34
"50054",317,284,6.21254996264547,33
"50055",317,285,4.99678888125933,32
"50056",317,286,6.92135864698493,31
"50057",317,287,4.24751150447399,30
"50058",317,288,1.68688558486699,29
"50059",317,289,1.48062407285156,28
"50060",317,290,3.62280880531071,27
"50061",317,291,5.50588886635748,26
"50062",317,292,4.91643690476153,25
"50063",317,293,3.6633459649076,24
"50064",317,294,1.68687273696956,23
"50065",317,295,3.69714446275762,22
"50066",317,296,4.41777207497238,21
"50067",317,297,4.69948862795273,20
"50068",317,298,3.18621201436702,19
"50069",317,299,4.24429713834334,18
"50070",317,300,3.94657767340264,17
"50071",317,301,3.52206139182701,16
"50072",317,302,7.35810637888035,15
"50073",317,303,4.41975257326455,14
"50074",317,304,5.25146824613362,13
"50075",317,305,4.01081288748448,12
"50076",317,306,5.0652273089048,11
"50077",317,307,3.96090845211939,10
"50078",317,308,1.71555396575479,9
"50079",317,309,3.50992463725635,8
"50080",317,310,5.53563146464789,7
"50081",317,311,5.46675042082983,6
"50082",317,312,4.86169477237086,5
"50083",317,313,5.25345278540552,4
"50084",317,314,4.60145095592606,3
"50085",317,315,2.70840227287157,2
"50086",317,316,2.83199457946904,1
"50087",318,1,6.23195312192272,317
"50088",318,2,4.5240970508027,316
"50089",318,3,7.72143829557066,315
"50090",318,4,7.47781336433543,314
"50091",318,5,7.81387009536446,313
"50092",318,6,8.46317025966869,312
"50093",318,7,7.99819822555016,311
"50094",318,8,7.30072500644823,310
"50095",318,9,9.00538138744476,309
"50096",318,10,8.42466071441027,308
"50097",318,11,8.98615223930194,307
"50098",318,12,6.57969114227429,306
"50099",318,13,7.49782427318052,305
"50100",318,14,8.64662273831778,304
"50101",318,15,7.4399813314144,303
"50102",318,16,7.39144294030944,302
"50103",318,17,7.97820534392909,301
"50104",318,18,9.11801929430547,300
"50105",318,19,6.33703884058866,299
"50106",318,20,6.55714216215561,298
"50107",318,21,7.99785411237561,297
"50108",318,22,10.925379935923,296
"50109",318,23,9.35795828519394,295
"50110",318,24,9.79551679812847,294
"50111",318,25,7.65469825515065,293
"50112",318,26,7.72137472783871,292
"50113",318,27,8.59995181062617,291
"50114",318,28,9.1221718935287,290
"50115",318,29,8.08407291510772,289
"50116",318,30,8.80727788178237,288
"50117",318,31,7.6772452475778,287
"50118",318,32,10.0799883478118,286
"50119",318,33,6.61717427807578,285
"50120",318,34,7.5396179734892,284
"50121",318,35,7.59738219026983,283
"50122",318,36,9.19521738215675,282
"50123",318,37,6.40839684388073,281
"50124",318,38,8.33982434394111,280
"50125",318,39,6.84957358178859,279
"50126",318,40,8.91000468388441,278
"50127",318,41,8.77186380921472,277
"50128",318,42,8.64628984288892,276
"50129",318,43,6.8134785188361,275
"50130",318,44,5.02905839773035,274
"50131",318,45,5.11142223244001,273
"50132",318,46,6.83513096843925,272
"50133",318,47,5.51590511858204,271
"50134",318,48,3.25164760458345,270
"50135",318,49,1.23976107787757,269
"50136",318,50,7.66291022324838,268
"50137",318,51,6.68319211460188,267
"50138",318,52,4.41075855053801,266
"50139",318,53,7.5211763015948,265
"50140",318,54,8.82191864736867,264
"50141",318,55,5.65435035849729,263
"50142",318,56,4.45491237651274,262
"50143",318,57,6.1990400204285,261
"50144",318,58,6.06614688437468,260
"50145",318,59,4.37685420250747,259
"50146",318,60,6.15578194553657,258
"50147",318,61,4.57493672270735,257
"50148",318,62,8.62378464656546,256
"50149",318,63,6.27830734829984,255
"50150",318,64,4.66160571703999,254
"50151",318,65,5.71923530562999,253
"50152",318,66,5.77711345779515,252
"50153",318,67,7.48446035905789,251
"50154",318,68,6.61947999241045,250
"50155",318,69,6.99739613685523,249
"50156",318,70,5.27984725840091,248
"50157",318,71,4.70010644823934,247
"50158",318,72,3.43736381649785,246
"50159",318,73,6.23504740430071,245
"50160",318,74,5.71947733380419,244
"50161",318,75,5.42120977800004,243
"50162",318,76,3.39881025910758,242
"50163",318,77,1.44146273045163,241
"50164",318,78,3.23071181691458,240
"50165",318,79,5.58139233939873,239
"50166",318,80,3.28340593665515,238
"50167",318,81,2.79560318375511,237
"50168",318,82,5.95513417341283,236
"50169",318,83,6.79685514052991,235
"50170",318,84,6.37317694476914,234
"50171",318,85,7.30382230230297,233
"50172",318,86,7.09040143895471,232
"50173",318,87,7.88799066564737,231
"50174",318,88,6.98714207235474,230
"50175",318,89,6.17769610457721,229
"50176",318,90,8.1287452955141,228
"50177",318,91,5.57458750093147,227
"50178",318,92,5.58488814746844,226
"50179",318,93,4.92907321479209,225
"50180",318,94,2.43385973244916,224
"50181",318,95,3.67286024561024,223
"50182",318,96,3.78210824304705,222
"50183",318,97,3.59841299269163,221
"50184",318,98,6.2665527017984,220
"50185",318,99,7.46225780101737,219
"50186",318,100,5.63578907069228,218
"50187",318,101,1.82714561092872,217
"50188",318,102,1.99569938798503,216
"50189",318,103,4.19543486949078,215
"50190",318,104,3.96082736604844,214
"50191",318,105,3.07863101354944,213
"50192",318,106,4.23147903203868,212
"50193",318,107,2.1652757242173,211
"50194",318,108,2.54132842246569,210
"50195",318,109,3.09058368045655,209
"50196",318,110,1.73000977612307,208
"50197",318,111,2.70945031072806,207
"50198",318,112,5.69146541173963,206
"50199",318,113,4.33285449288494,205
"50200",318,114,3.4748131501589,204
"50201",318,115,3.73810909644007,203
"50202",318,116,2.44850225458805,202
"50203",318,117,2.64027889867319,201
"50204",318,118,1.91601878905907,200
"50205",318,119,2.22168908797081,199
"50206",318,120,2.56984710746209,198
"50207",318,121,5.13845641945236,197
"50208",318,122,2.708434870723,196
"50209",318,123,2.22976759493394,195
"50210",318,124,3.43134602170419,194
"50211",318,125,2.57592145872191,193
"50212",318,126,1.9358315834656,192
"50213",318,127,2.42191141589881,191
"50214",318,128,3.41739880372202,190
"50215",318,129,1.72094853942538,189
"50216",318,130,3.17497543385028,188
"50217",318,131,2.7938868266136,187
"50218",318,132,2.62139920034415,186
"50219",318,133,4.04585507583852,185
"50220",318,134,4.91349855321668,184
"50221",318,135,4.08265708923681,183
"50222",318,136,4.1478370631383,182
"50223",318,137,2.31394413869184,181
"50224",318,138,3.31421709471995,180
"50225",318,139,4.45685567063104,179
"50226",318,140,3.33109914482817,178
"50227",318,141,3.52603836762497,177
"50228",318,142,4.04145747801509,176
"50229",318,143,3.61199362504053,175
"50230",318,144,3.75283490791531,174
"50231",318,145,4.33120790327514,173
"50232",318,146,4.31015848346793,172
"50233",318,147,3.30262658501409,171
"50234",318,148,3.51251189454823,170
"50235",318,149,4.37841496369755,169
"50236",318,150,5.54186193855881,168
"50237",318,151,6.44036418655185,167
"50238",318,152,5.38815969489696,166
"50239",318,153,4.20287691016847,165
"50240",318,154,3.37227943207481,164
"50241",318,155,4.5108161315347,163
"50242",318,156,4.26162217595905,162
"50243",318,157,4.21691170644766,161
"50244",318,158,3.95145723307576,160
"50245",318,159,6.0445200349188,159
"50246",318,160,6.30373477585234,158
"50247",318,161,5.45485041009445,157
"50248",318,162,5.15353481232723,156
"50249",318,163,5.0508387951233,155
"50250",318,164,2.00702030314841,154
"50251",318,165,2.21244862191773,153
"50252",318,166,3.70155789545417,152
"50253",318,167,3.23973898744495,151
"50254",318,168,4.4736805563214,150
"50255",318,169,5.11529902689232,149
"50256",318,170,5.35010746866332,148
"50257",318,171,4.29234497698474,147
"50258",318,172,5.004201007434,146
"50259",318,173,5.56342730422767,145
"50260",318,174,4.67006688464883,144
"50261",318,175,3.5372972863622,143
"50262",318,176,4.06854363308361,142
"50263",318,177,5.26198846360218,141
"50264",318,178,5.06429171175146,140
"50265",318,179,5.41171126387212,139
"50266",318,180,3.49307446303889,138
"50267",318,181,4.6025548688117,137
"50268",318,182,6.20235030445661,136
"50269",318,183,5.98456378141662,135
"50270",318,184,4.21055732274827,134
"50271",318,185,5.77145969801357,133
"50272",318,186,5.41917314211517,132
"50273",318,187,5.94975008079173,131
"50274",318,188,5.23150446885163,130
"50275",318,189,4.79998346507901,129
"50276",318,190,4.431695500038,128
"50277",318,191,4.59932254750825,127
"50278",318,192,4.28925573550649,126
"50279",318,193,5.38501411904348,125
"50280",318,194,5.31480085314141,124
"50281",318,195,3.56587720970418,123
"50282",318,196,3.41021804047139,122
"50283",318,197,3.31129193168924,121
"50284",318,198,3.4959155715532,120
"50285",318,199,4.79836552818146,119
"50286",318,200,6.67479319063396,118
"50287",318,201,7.262852491522,117
"50288",318,202,7.16214295084863,116
"50289",318,203,7.92120756007767,115
"50290",318,204,7.83578853495925,114
"50291",318,205,6.83242170801482,113
"50292",318,206,7.43817293682628,112
"50293",318,207,4.75667302626399,111
"50294",318,208,5.79014905909679,110
"50295",318,209,5.51684890269968,109
"50296",318,210,6.66637862740139,108
"50297",318,211,6.23419171487276,107
"50298",318,212,6.20415093852928,106
"50299",318,213,5.36789335784276,105
"50300",318,214,5.19661284082605,104
"50301",318,215,5.45746697849607,103
"50302",318,216,5.05986981290326,102
"50303",318,217,4.2241868926604,101
"50304",318,218,4.84054887771451,100
"50305",318,219,5.87004719682898,99
"50306",318,220,4.69648926041646,98
"50307",318,221,5.6791157647652,97
"50308",318,222,5.32785984009336,96
"50309",318,223,5.19728845128114,95
"50310",318,224,5.81040279328843,94
"50311",318,225,4.34979038971026,93
"50312",318,226,4.41396817195209,92
"50313",318,227,3.73708000020008,91
"50314",318,228,3.12670756138314,90
"50315",318,229,4.72162875410562,89
"50316",318,230,3.85405286312671,88
"50317",318,231,5.01873135733076,87
"50318",318,232,5.42441654536726,86
"50319",318,233,4.66355044370905,85
"50320",318,234,3.19458720394274,84
"50321",318,235,4.41126035824028,83
"50322",318,236,2.70100841502778,82
"50323",318,237,4.64072486470744,81
"50324",318,238,6.46732821751602,80
"50325",318,239,4.63657672117253,79
"50326",318,240,2.38712802231875,78
"50327",318,241,3.60829314453725,77
"50328",318,242,3.86761946735954,76
"50329",318,243,4.51365456541505,75
"50330",318,244,4.09815704416036,74
"50331",318,245,4.53379872898941,73
"50332",318,246,4.37809319470373,72
"50333",318,247,4.84643877010886,71
"50334",318,248,4.38347972202697,70
"50335",318,249,2.66900001967781,69
"50336",318,250,5.29279285386754,68
"50337",318,251,4.39675319425116,67
"50338",318,252,5.42500982441738,66
"50339",318,253,4.59121937565927,65
"50340",318,254,4.84623087410121,64
"50341",318,255,4.91501449480759,63
"50342",318,256,4.38909030210693,62
"50343",318,257,4.36868196577362,61
"50344",318,258,1.79815621521744,60
"50345",318,259,2.99644392877751,59
"50346",318,260,3.22215359405009,58
"50347",318,261,2.99717569001346,57
"50348",318,262,2.7958354296646,56
"50349",318,263,4.34510749978926,55
"50350",318,264,5.29797806625797,54
"50351",318,265,4.97815042167217,53
"50352",318,266,5.60358745577495,52
"50353",318,267,5.52685192160916,51
"50354",318,268,5.91955762632196,50
"50355",318,269,5.44895526559838,49
"50356",318,270,5.34315569106,48
"50357",318,271,4.71176873446674,47
"50358",318,272,3.37921224664609,46
"50359",318,273,2.06754341766859,45
"50360",318,274,3.29211756457195,44
"50361",318,275,5.66131208768602,43
"50362",318,276,6.42714607663107,42
"50363",318,277,3.05617859362311,41
"50364",318,278,2.13608751227278,40
"50365",318,279,3.24435127147974,39
"50366",318,280,4.70800331932297,38
"50367",318,281,4.36652050877071,37
"50368",318,282,4.11744789981498,36
"50369",318,283,4.74870257984304,35
"50370",318,284,3.99911648654643,34
"50371",318,285,3.02838672408508,33
"50372",318,286,4.7079251708859,32
"50373",318,287,2.03407802837496,31
"50374",318,288,1.78842673059954,30
"50375",318,289,1.37994076277221,29
"50376",318,290,2.00372952238035,28
"50377",318,291,3.35965687308466,27
"50378",318,292,3.08552947897523,26
"50379",318,293,2.86715409663041,25
"50380",318,294,2.98983861122702,24
"50381",318,295,4.82644280982066,23
"50382",318,296,5.54707042203541,22
"50383",318,297,4.88643810134958,21
"50384",318,298,3.1489907031696,20
"50385",318,299,3.8704998124198,19
"50386",318,300,4.13427343508048,18
"50387",318,301,4.66816714125866,17
"50388",318,302,7.840377411012,16
"50389",318,303,5.54905092032759,15
"50390",318,304,6.38076659319665,14
"50391",318,305,5.14011123454752,13
"50392",318,306,6.19452565596783,12
"50393",318,307,5.09020679918242,11
"50394",318,308,2.84485231281782,10
"50395",318,309,5.55241621573289,9
"50396",318,310,6.66492981171093,8
"50397",318,311,6.59604876789287,7
"50398",318,312,5.99099311943389,6
"50399",318,313,6.38275113246855,5
"50400",318,314,5.7307493029891,4
"50401",318,315,4.9218357489706,3
"50402",318,316,4.42068629399297,2
"50403",318,317,2.86046079103042,1
"50404",319,1,3.85467918591085,318
"50405",319,2,3.41892433545553,317
"50406",319,3,7.97728955739354,316
"50407",319,4,6.4224752394199,315
"50408",319,5,6.8036027006406,314
"50409",319,6,7.45290286494484,313
"50410",319,7,6.98793083082631,312
"50411",319,8,8.0376524568,311
"50412",319,9,10.7773444525,310
"50413",319,10,8.02914079952917,309
"50414",319,11,6.64096027293129,308
"50415",319,12,8.13287517759603,307
"50416",319,13,9.12422895213103,306
"50417",319,14,7.63635534359392,305
"50418",319,15,6.42971393669054,304
"50419",319,16,6.38117554558558,303
"50420",319,17,6.96793794920524,302
"50421",319,18,6.7407453582936,301
"50422",319,19,4.18564571675224,300
"50423",319,20,5.54687476743176,299
"50424",319,21,9.76981717743088,298
"50425",319,22,9.91511254119911,297
"50426",319,23,9.56935649450556,296
"50427",319,24,8.78524940340461,295
"50428",319,25,6.24274738973878,294
"50429",319,26,7.79479315487771,293
"50430",319,27,6.23948527698292,292
"50431",319,28,6.74489795751683,291
"50432",319,29,6.20444599434771,290
"50433",319,30,6.43000394577049,289
"50434",319,31,6.44287467263178,288
"50435",319,32,7.70271441179994,287
"50436",319,33,5.92217136088551,286
"50437",319,34,8.56131547585579,285
"50438",319,35,6.58711479554597,284
"50439",319,36,6.81794344614488,283
"50440",319,37,5.39812944915688,282
"50441",319,38,5.96255040792924,281
"50442",319,39,8.62153664684387,280
"50443",319,40,7.89973728916056,279
"50444",319,41,8.34169704474614,278
"50445",319,42,7.63602244816506,277
"50446",319,43,5.90033675200988,276
"50447",319,44,5.6119738387672,275
"50448",319,45,6.88338529749528,274
"50449",319,46,8.21115233347903,273
"50450",319,47,5.86232719892115,272
"50451",319,48,3.03396591089574,271
"50452",319,49,2.08432089428504,270
"50453",319,50,9.43487328830365,269
"50454",319,51,6.28683984297393,268
"50455",319,52,5.94181103300249,267
"50456",319,53,6.51090890687095,266
"50457",319,54,7.81165125264481,265
"50458",319,55,4.60008146044945,264
"50459",319,56,4.85986890028,263
"50460",319,57,5.18877262570465,262
"50461",319,58,3.80652476494312,261
"50462",319,59,4.34196220786308,260
"50463",319,60,5.58229375372037,259
"50464",319,61,6.34689978776262,258
"50465",319,62,8.29295445760333,257
"50466",319,63,5.05087220586309,256
"50467",319,64,3.6431021479582,255
"50468",319,65,6.12419182939725,254
"50469",319,66,7.54907652285043,253
"50470",319,67,6.47419296433404,252
"50471",319,68,4.77587678686882,251
"50472",319,69,7.60616665934099,250
"50473",319,70,4.29658542401598,249
"50474",319,71,4.13892233748587,248
"50475",319,72,4.27313363053763,247
"50476",319,73,5.22478000957686,246
"50477",319,74,3.78723652066947,245
"50478",319,75,3.13455868280108,244
"50479",319,76,2.4343470184792,243
"50480",319,77,1.85284008615398,242
"50481",319,78,5.00267488196986,241
"50482",319,79,4.78150311244031,240
"50483",319,80,3.22502587506068,239
"50484",319,81,1.96044687914115,238
"50485",319,82,4.47857428208213,237
"50486",319,83,5.56807744827604,236
"50487",319,84,6.17164817419992,235
"50488",319,85,6.5520536997716,234
"50489",319,86,6.08013404423085,233
"50490",319,87,7.20470941669246,232
"50491",319,88,6.68861772962958,231
"50492",319,89,4.3662668996681,230
"50493",319,90,6.22001017453173,229
"50494",319,91,4.76753695778031,228
"50495",319,92,3.6782214777778,227
"50496",319,93,3.91880582006824,226
"50497",319,94,4.81113366846103,225
"50498",319,95,4.70529760644644,224
"50499",319,96,4.42172798746281,223
"50500",319,97,2.37524287068405,222
"50501",319,98,4.60091777319187,221
"50502",319,99,5.0849838650055,220
"50503",319,100,3.2585151346804,219
"50504",319,101,2.83741300565258,218
"50505",319,102,1.5756603198858,217
"50506",319,103,3.14431332039194,216
"50507",319,104,2.95055997132459,215
"50508",319,105,1.63225083957839,214
"50509",319,106,4.63643555580594,213
"50510",319,107,3.85660422942183,212
"50511",319,108,1.53106102774184,211
"50512",319,109,1.02144993650993,210
"50513",319,110,2.06094738930543,209
"50514",319,111,4.48141337578333,208
"50515",319,112,3.8315011938928,207
"50516",319,113,2.76431918102771,206
"50517",319,114,1.70285008510362,205
"50518",319,115,1.96614603138479,204
"50519",319,116,3.4587696493119,203
"50520",319,117,3.65054629339704,202
"50521",319,118,2.92628618378293,201
"50522",319,119,2.26305242059071,200
"50523",319,120,2.48146683216731,199
"50524",319,121,2.76118248344049,198
"50525",319,122,0.936471805667723,197
"50526",319,123,3.2400349896578,196
"50527",319,124,3.83630254547145,195
"50528",319,125,4.05645561778758,194
"50529",319,126,1.63059942199673,193
"50530",319,127,1.59082428368674,192
"50531",319,128,2.2111516244911,191
"50532",319,129,1.29357766385934,190
"50533",319,130,2.70281742725681,189
"50534",319,131,1.77264991871585,188
"50535",319,132,0.805049751338619,187
"50536",319,133,1.66858113982665,186
"50537",319,134,2.53622461720481,185
"50538",319,135,2.31069402418154,184
"50539",319,136,2.37587399808303,183
"50540",319,137,2.56359353368812,182
"50541",319,138,1.59060875442679,181
"50542",319,139,2.19198696475102,180
"50543",319,140,1.5591360797729,179
"50544",319,141,2.5888384715703,178
"50545",319,142,2.26949441295982,177
"50546",319,143,2.7298459335124,176
"50547",319,144,2.17488899832027,175
"50548",319,145,2.55924483821987,174
"50549",319,146,2.68969614006525,173
"50550",319,147,3.06892438100059,172
"50551",319,148,2.53282239674904,171
"50552",319,149,2.97854137563096,170
"50553",319,150,3.82032108060938,169
"50554",319,151,5.36870507154825,168
"50555",319,152,3.96708735604962,167
"50556",319,153,6.2079573245983,166
"50557",319,154,4.35860721066132,165
"50558",319,155,4.10585960776745,164
"50559",319,156,2.97707377959363,163
"50560",319,157,3.63827420956408,162
"50561",319,158,3.40082759149924,161
"50562",319,159,5.16895624483031,160
"50563",319,160,5.89877825208508,159
"50564",319,161,4.80898330373641,158
"50565",319,162,3.84097856065474,157
"50566",319,163,3.27887573006803,156
"50567",319,164,4.35188434832995,155
"50568",319,165,3.61916857995835,154
"50569",319,166,3.29660137168692,153
"50570",319,167,1.65124710416159,152
"50571",319,168,2.70171749126612,151
"50572",319,169,3.58984004793611,150
"50573",319,170,3.87507069681295,149
"50574",319,171,2.52038191192947,148
"50575",319,172,3.23223794237873,147
"50576",319,173,3.7914642391724,146
"50577",319,174,3.91698651117857,145
"50578",319,175,3.71478239620072,144
"50579",319,176,3.92208590150884,143
"50580",319,177,4.85703193983493,142
"50581",319,178,3.70131325297313,141
"50582",319,179,4.37366695360576,140
"50583",319,180,4.70569923217426,139
"50584",319,181,4.19759834504444,138
"50585",319,182,5.79739378068935,137
"50586",319,183,5.57960725764937,136
"50587",319,184,3.28280707974189,135
"50588",319,185,4.68299318064135,134
"50589",319,186,4.96938791475034,133
"50590",319,187,4.17778701573646,132
"50591",319,188,3.96376347485482,131
"50592",319,189,3.69120063807361,130
"50593",319,190,3.72979923714394,129
"50594",319,191,4.19436602374099,128
"50595",319,192,5.38003653158777,127
"50596",319,193,4.99621051839471,126
"50597",319,194,4.31037134761227,125
"50598",319,195,4.22826214687741,124
"50599",319,196,2.94923236016812,123
"50600",319,197,3.1328664988059,122
"50601",319,198,4.04215505272194,121
"50602",319,199,3.95125081397381,120
"50603",319,200,5.41825264957559,119
"50604",319,201,5.49088942646673,118
"50605",319,202,5.97251747480578,117
"50606",319,203,7.51625103631041,116
"50607",319,204,7.430832011192,115
"50608",319,205,6.42746518424757,114
"50609",319,206,5.66620987177101,113
"50610",319,207,4.36797347020858,112
"50611",319,208,5.38519253532954,111
"50612",319,209,5.11189237893242,110
"50613",319,210,6.26142210363414,109
"50614",319,211,5.8292351911055,108
"50615",319,212,5.79919441476202,107
"50616",319,213,4.9629368340755,106
"50617",319,214,4.95336762628205,105
"50618",319,215,4.10568897265618,104
"50619",319,216,3.28790674784799,103
"50620",319,217,3.23097128599161,102
"50621",319,218,3.81294684467498,101
"50622",319,219,4.14630880079412,100
"50623",319,220,4.22430312717474,99
"50624",319,221,5.27415924099794,98
"50625",319,222,4.93916028403795,97
"50626",319,223,4.79233192751389,96
"50627",319,224,5.40544626952117,95
"50628",319,225,2.88530510916971,94
"50629",319,226,3.24026151869267,93
"50630",319,227,2.20756684881216,92
"50631",319,228,3.676256137062,91
"50632",319,229,4.31667223033836,90
"50633",319,230,3.41482091693447,89
"50634",319,231,3.24676829227549,88
"50635",319,232,3.8485353593052,87
"50636",319,233,4.16928099621135,86
"50637",319,234,4.79553240663031,85
"50638",319,235,4.00630383447302,84
"50639",319,236,3.4460874660951,83
"50640",319,237,3.16008666104841,82
"50641",319,238,4.69536515246074,81
"50642",319,239,5.64684411589639,80
"50643",319,240,4.71401836399807,79
"50644",319,241,3.20333662077,78
"50645",319,242,3.46266294359228,77
"50646",319,243,3.96302492383853,76
"50647",319,244,2.99288312441953,75
"50648",319,245,2.76183566393413,74
"50649",319,246,2.60613012964846,73
"50650",319,247,3.25223589280198,72
"50651",319,248,2.9513002877234,71
"50652",319,249,3.34478811436975,70
"50653",319,250,3.52082978881226,69
"50654",319,251,2.62479012919589,68
"50655",319,252,3.6530467593621,67
"50656",319,253,2.819256310604,66
"50657",319,254,3.07426780904593,65
"50658",319,255,3.14305142975232,64
"50659",319,256,2.61712723705165,63
"50660",319,257,2.59671890071835,62
"50661",319,258,1.88632840132551,61
"50662",319,259,1.94134783045609,60
"50663",319,260,0.844879658038224,59
"50664",319,261,0.619901754001591,58
"50665",319,262,1.02387236460932,57
"50666",319,263,2.57314443473399,56
"50667",319,264,3.52601500120269,55
"50668",319,265,3.2061873566169,54
"50669",319,266,3.74324253572825,53
"50670",319,267,3.75488885655389,52
"50671",319,268,4.14759456126669,51
"50672",319,269,3.67699220054311,50
"50673",319,270,3.57119262600472,49
"50674",319,271,2.93980566941146,48
"50675",319,272,1.60724918159082,47
"50676",319,273,1.02819290771272,46
"50677",319,274,3.32511466709222,45
"50678",319,275,3.86616765149986,44
"50679",319,276,4.0498721406192,43
"50680",319,277,0.840720011427845,42
"50681",319,278,0.91316177595165,41
"50682",319,279,1.78028401280328,40
"50683",319,280,2.39235204335539,39
"50684",319,281,2.19049564586559,38
"50685",319,282,2.32313172386722,37
"50686",319,283,2.97673951478776,36
"50687",319,284,2.22715342149116,35
"50688",319,285,2.27337522406587,34
"50689",319,286,2.93596210583062,33
"50690",319,287,0.892885310539225,32
"50691",319,288,2.29851095628732,31
"50692",319,289,2.50477246830274,30
"50693",319,290,1.10526321965611,29
"50694",319,291,1.52049232520317,28
"50695",319,292,2.06788361290938,27
"50696",319,293,3.97802151987952,26
"50697",319,294,2.54565183780374,25
"50698",319,295,3.25031723807215,24
"50699",319,296,3.16979648602354,23
"50700",319,297,2.50916416533771,22
"50701",319,298,1.65690214326417,21
"50702",319,299,1.49322587640793,20
"50703",319,300,1.7569994990686,19
"50704",319,301,4.43422847985911,18
"50705",319,302,8.24533393477926,17
"50706",319,303,4.04576190748371,16
"50707",319,304,4.00349265718478,15
"50708",319,305,2.83006690801011,14
"50709",319,306,3.81725171995596,13
"50710",319,307,2.71293286317055,12
"50711",319,308,3.23497101040447,11
"50712",319,309,4.54214882100903,10
"50713",319,310,4.28765587569906,9
"50714",319,311,4.21877483188099,8
"50715",319,312,3.61371918342202,7
"50716",319,313,4.00547719645668,6
"50717",319,314,3.35347536697723,5
"50718",319,315,6.69379881402588,4
"50719",319,316,3.73371146197392,3
"50720",319,317,3.98539654115431,2
"50721",319,318,2.37727393601187,1
"50722",320,1,2.71202423648028,319
"50723",320,2,4.77120440026025,318
"50724",320,3,9.42822235114109,317
"50725",320,4,6.85020749095816,316
"50726",320,5,7.9233355425883,315
"50727",320,6,7.27023149841296,314
"50728",320,7,7.63493706286192,313
"50729",320,8,9.48858525054755,312
"50730",320,9,12.2282772462476,311
"50731",320,10,9.48007359327672,310
"50732",320,11,6.45828890639941,309
"50733",320,12,9.58380797134358,308
"50734",320,13,10.5751617458786,307
"50735",320,14,7.45368397706205,306
"50736",320,15,6.79676217915404,305
"50737",320,16,7.54078347793689,304
"50738",320,17,8.27279213388124,303
"50739",320,18,4.49175239684183,302
"50740",320,19,4.92409255521134,301
"50741",320,20,6.90081198902336,300
"50742",320,21,11.2207499711784,299
"50743",320,22,10.6464989384463,298
"50744",320,23,11.0202892882531,297
"50745",320,24,9.16184373730851,296
"50746",320,25,6.06007602320691,295
"50747",320,26,6.90949701938772,294
"50748",320,27,6.05681391045104,293
"50749",320,28,5.15991105880095,292
"50750",320,29,6.24380579003711,291
"50751",320,30,5.79791608582374,290
"50752",320,31,7.57020276989445,289
"50753",320,32,5.6266555536388,288
"50754",320,33,6.20778644176843,287
"50755",320,34,10.0122482696033,286
"50756",320,35,6.4044434290141,285
"50757",320,36,4.03341422262822,284
"50758",320,37,5.34475950101792,283
"50759",320,38,5.11318989608292,282
"50760",320,39,10.0724694405914,281
"50761",320,40,9.06990574773748,280
"50762",320,41,9.79262983849368,279
"50763",320,42,7.45335108163319,278
"50764",320,43,7.35126954575744,277
"50765",320,44,7.06290663251475,276
"50766",320,45,8.33431809124284,275
"50767",320,46,9.66208512722658,274
"50768",320,47,7.3132599926687,273
"50769",320,48,4.4848987046433,272
"50770",320,49,5.51082091795968,271
"50771",320,50,10.8858060820512,270
"50772",320,51,7.73777263672148,269
"50773",320,52,7.39274382675004,268
"50774",320,53,7.85909766467965,267
"50775",320,54,7.62897988611294,266
"50776",320,55,5.93482804310323,265
"50777",320,56,5.99584441956159,264
"50778",320,57,6.29994779984883,263
"50779",320,58,3.62385339841125,262
"50780",320,59,3.2702518112223,261
"50781",320,60,7.03322654746792,260
"50782",320,61,7.79783258151017,259
"50783",320,62,9.74388725135088,258
"50784",320,63,6.50180499961064,257
"50785",320,64,3.74383580278635,256
"50786",320,65,4.33129596600203,255
"50787",320,66,9.00000931659798,254
"50788",320,67,6.29152159780216,253
"50789",320,68,5.06149186775174,252
"50790",320,69,9.05709945308854,251
"50791",320,70,5.74751821776353,250
"50792",320,71,5.58985513123342,249
"50793",320,72,5.72406642428518,248
"50794",320,73,5.04463172443386,247
"50795",320,74,4.83957447727095,246
"50796",320,75,3.40531601999014,245
"50797",320,76,3.88527981222675,244
"50798",320,77,5.27934010982863,243
"50799",320,78,6.97021685384787,242
"50800",320,79,6.23243590618786,241
"50801",320,80,4.02193558191878,240
"50802",320,81,3.4113796728887,239
"50803",320,82,3.90166036525149,238
"50804",320,83,5.44472136880391,237
"50805",320,84,7.62258096794747,236
"50806",320,85,8.00298649351915,235
"50807",320,86,7.13223790049728,234
"50808",320,87,8.65564221044001,233
"50809",320,88,8.13955052337713,232
"50810",320,89,5.12153153109042,231
"50811",320,90,4.58398788188422,230
"50812",320,91,6.21846975152786,229
"50813",320,92,5.06446454560638,228
"50814",320,93,4.91662440975128,227
"50815",320,94,8.23763369213568,226
"50816",320,95,6.15623040019399,225
"50817",320,96,5.87266078121036,224
"50818",320,97,2.85541359727364,223
"50819",320,98,4.0685770874428,222
"50820",320,99,2.3643947408127,221
"50821",320,100,1.06534324057794,220
"50822",320,101,5.88465735635989,219
"50823",320,102,3.80807457170149,218
"50824",320,103,2.84166931837332,217
"50825",320,104,3.15005927973355,216
"50826",320,105,3.08318363332594,215
"50827",320,106,3.40379092000519,214
"50828",320,107,5.30753702316938,213
"50829",320,108,3.86190507306081,212
"50830",320,109,2.71319027922997,211
"50831",320,110,5.48744741298008,210
"50832",320,111,6.00000964034057,209
"50833",320,112,4.73339665890622,208
"50834",320,113,1.53726804873524,207
"50835",320,114,3.29384048177224,206
"50836",320,115,3.83856151857921,205
"50837",320,116,6.34182584776069,204
"50838",320,117,5.10497329051352,203
"50839",320,118,6.19031913320159,202
"50840",320,119,5.33005471805171,201
"50841",320,120,4.36002281092166,200
"50842",320,121,1.59248132659048,199
"50843",320,122,3.38749318220219,198
"50844",320,123,6.55449014618231,197
"50845",320,124,4.63735359627316,196
"50846",320,125,5.50738841153513,195
"50847",320,126,3.86794237622092,194
"50848",320,127,3.9981294819963,193
"50849",320,128,4.00404748788632,192
"50850",320,129,4.10535621883957,191
"50851",320,130,4.49571329065203,190
"50852",320,131,3.56554578211107,189
"50853",320,132,3.18237475934237,188
"50854",320,133,1.757918883848,187
"50855",320,134,0.939150354198726,186
"50856",320,135,2.12581834396898,185
"50857",320,136,2.83537812492746,184
"50858",320,137,3.98440572606736,183
"50859",320,138,2.58003543465221,182
"50860",320,139,2.09125330992287,181
"50861",320,140,2.93745383338291,180
"50862",320,141,4.38173433496552,179
"50863",320,142,3.53521313700418,178
"50864",320,143,4.52602792743136,177
"50865",320,144,4.90108507194324,176
"50866",320,145,4.70399431309449,175
"50867",320,146,6.11619616373989,174
"50868",320,147,6.49542440467524,173
"50869",320,148,5.41028509168955,172
"50870",320,149,4.6570715529696,171
"50871",320,150,5.6132169440046,170
"50872",320,151,7.16160093494347,169
"50873",320,152,7.39358737972427,168
"50874",320,153,9.63445734827295,167
"50875",320,154,7.78510723433597,166
"50876",320,155,5.89875547116267,165
"50877",320,156,4.81842841234431,164
"50878",320,157,5.4311700729593,163
"50879",320,158,6.5197457860658,162
"50880",320,159,6.96185210822553,161
"50881",320,160,8.03122364589696,160
"50882",320,161,6.69877069469422,159
"50883",320,162,6.10262132826618,158
"50884",320,163,4.97170281699501,157
"50885",320,164,7.77838437200459,156
"50886",320,165,7.045668603633,155
"50887",320,166,5.89800175890173,154
"50888",320,167,5.07774712783624,153
"50889",320,168,4.02280813378562,152
"50890",320,169,5.38273591133133,151
"50891",320,170,5.66796656020817,150
"50892",320,171,4.02514113829645,149
"50893",320,172,4.81652293098252,148
"50894",320,173,6.25390208613241,147
"50895",320,174,7.14740465586001,146
"50896",320,175,7.14128241987537,145
"50897",320,176,7.34858592518349,144
"50898",320,177,6.64992780323015,143
"50899",320,178,5.49420911636835,142
"50900",320,179,6.36044991671951,141
"50901",320,180,8.13219925584891,140
"50902",320,181,7.25159271335698,139
"50903",320,182,7.59028964408458,138
"50904",320,183,7.37250312104459,137
"50905",320,184,6.70930710341654,136
"50906",320,185,6.47588904403657,135
"50907",320,186,6.76228377814556,134
"50908",320,187,5.57631365475943,133
"50909",320,188,6.3385547377407,132
"50910",320,189,6.18768658204425,131
"50911",320,190,6.33119962435875,130
"50912",320,191,7.20047386796152,129
"50913",320,192,8.80653655526242,128
"50914",320,193,8.42271054206936,127
"50915",320,194,6.34527493515309,126
"50916",320,195,7.65476217055206,125
"50917",320,196,5.9387450917484,124
"50918",320,197,6.55936652248055,123
"50919",320,198,7.46865507639659,122
"50920",320,199,7.37775083764846,121
"50921",320,200,7.21114851297081,120
"50922",320,201,7.03728120376289,119
"50923",320,202,9.36540269374319,118
"50924",320,203,9.30914689970563,117
"50925",320,204,9.22372787458722,116
"50926",320,205,9.06161360722111,115
"50927",320,206,6.54030555432255,114
"50928",320,207,7.79447349388323,113
"50929",320,208,8.39109229036336,112
"50930",320,209,7.98815257064491,111
"50931",320,210,9.02476790040725,110
"50932",320,211,8.44689254603216,109
"50933",320,212,8.31998625327442,108
"50934",320,213,7.27314241563576,107
"50935",320,214,8.3798676499567,106
"50936",320,215,5.8985848360514,105
"50937",320,216,5.72541395992317,104
"50938",320,217,6.26894278692736,103
"50939",320,218,6.34865454281301,102
"50940",320,219,6.71002435423922,101
"50941",320,220,7.4568120065375,100
"50942",320,221,7.43880643645344,99
"50943",320,222,8.3656603077126,98
"50944",320,223,7.31268157650453,97
"50945",320,224,7.19834213291639,96
"50946",320,225,5.76276780411022,95
"50947",320,226,4.93559909839994,94
"50948",320,227,5.32033317691328,93
"50949",320,228,7.10275616073665,92
"50950",320,229,6.28743232607532,91
"50951",320,230,6.84132094060912,90
"50952",320,231,4.64473897902018,89
"50953",320,232,5.64143122270042,88
"50954",320,233,6.50329986592599,87
"50955",320,234,8.22203243030495,86
"50956",320,235,6.05759444546737,85
"50957",320,236,6.87258748976975,84
"50958",320,237,5.47169117896427,83
"50959",320,238,5.51343167847627,82
"50960",320,239,6.90518923401965,81
"50961",320,240,8.14051838767272,80
"50962",320,241,5.59438485136772,79
"50963",320,242,5.2555588069875,78
"50964",320,243,5.75592078723375,77
"50965",320,244,4.91497636161431,76
"50966",320,245,4.11994356318319,75
"50967",320,246,5.2850928413497,74
"50968",320,247,5.96162456405633,73
"50969",320,248,5.01079377011003,72
"50970",320,249,4.10621229702348,71
"50971",320,250,2.24357796818104,70
"50972",320,251,2.6283747394141,69
"50973",320,252,2.63349947776839,68
"50974",320,253,4.17460830881046,67
"50975",320,254,4.53101562506884,66
"50976",320,255,4.88990845657943,65
"50977",320,256,4.22008791842946,64
"50978",320,257,5.07015559799958,63
"50979",320,258,5.03830303767214,62
"50980",320,259,2.80733003090901,61
"50981",320,260,2.58162036563642,60
"50982",320,261,2.80659826967306,59
"50983",320,262,3.18786508081469,58
"50984",320,263,1.77770033336244,57
"50985",320,264,2.47845986430191,56
"50986",320,265,2.13062436440906,55
"50987",320,266,2.2923097419807,54
"50988",320,267,3.21155579071157,53
"50989",320,268,3.83956512858498,52
"50990",320,269,3.32414751018573,51
"50991",320,270,2.71971936809715,50
"50992",320,271,2.88828558002353,49
"50993",320,272,4.19788481881946,48
"50994",320,273,4.45469293138737,47
"50995",320,274,3.90206253767177,46
"50996",320,275,3.93328650159077,45
"50997",320,276,2.8979783861378,44
"50998",320,277,2.74759536606341,43
"50999",320,278,3.75745426635558,42
"51000",320,279,2.60819359134231,41
"51001",320,280,4.07241622617249,40
"51002",320,281,3.81531748557466,39
"51003",320,282,3.59499811383536,38
"51004",320,283,4.16456889291283,37
"51005",320,284,2.5681459221292,36
"51006",320,285,2.77538723560144,35
"51007",320,286,2.06218550007003,34
"51008",320,287,3.94962248210433,33
"51009",320,288,5.41036162568206,32
"51010",320,289,5.77401888991181,31
"51011",320,290,3.90088885151786,30
"51012",320,291,3.13970721548207,29
"51013",320,292,2.71824448071129,28
"51014",320,293,5.94556349175752,27
"51015",320,294,3.99658463155129,26
"51016",320,295,3.06764587154028,25
"51017",320,296,2.28121422000982,24
"51018",320,297,1.38649894092658,23
"51019",320,298,2.65478325651692,22
"51020",320,299,1.93327414726672,21
"51021",320,300,1.66950052460604,20
"51022",320,301,5.88516127360666,19
"51023",320,302,7.09111936139142,18
"51024",320,303,4.89802211106199,17
"51025",320,304,3.62473941165969,16
"51026",320,305,2.64739554147823,15
"51027",320,306,3.23120269657731,14
"51028",320,307,2.35098702001408,13
"51029",320,308,4.68590380415202,12
"51030",320,309,5.71811776566554,11
"51031",320,310,3.48871757095858,10
"51032",320,311,3.09488893270666,9
"51033",320,312,2.98844840587598,8
"51034",320,313,2.88719824671251,7
"51035",320,314,2.85444107994406,6
"51036",320,315,8.14473160777343,5
"51037",320,316,5.18464425572147,4
"51038",320,317,5.43632933490186,3
"51039",320,318,5.80377395968652,2
"51040",320,319,3.42650002367465,1
"51041",321,1,4.14892613056785,320
"51042",321,2,2.08974596678788,319
"51043",321,3,4.05128603027508,318
"51044",321,4,3.9589277203574,317
"51045",321,5,4.14371783006888,316
"51046",321,6,4.79301799437312,315
"51047",321,7,4.32804596025459,314
"51048",321,8,3.63057274115266,313
"51049",321,9,5.36732687919945,312
"51050",321,10,4.7545084491147,311
"51051",321,11,5.46726659532391,310
"51052",321,12,3.06080549829626,309
"51053",321,13,3.82767200788495,308
"51054",321,14,4.97647047302221,307
"51055",321,15,3.76982906611882,306
"51056",321,16,3.72129067501386,305
"51057",321,17,4.30805307863352,304
"51058",321,18,5.59913365032744,303
"51059",321,19,2.81815319661063,302
"51060",321,20,2.88698989686004,301
"51061",321,21,4.3597996041303,300
"51062",321,22,7.25522767062739,299
"51063",321,23,5.68780601989837,298
"51064",321,24,6.12536453283289,297
"51065",321,25,4.13581261117261,296
"51066",321,26,4.20248908386068,295
"51067",321,27,5.08106616664814,294
"51068",321,28,5.60328624955066,293
"51069",321,29,4.56518727112969,292
"51070",321,30,5.28839223780433,291
"51071",321,31,4.15835960359977,290
"51072",321,32,6.56110270383378,289
"51073",321,33,3.09828863409775,288
"51074",321,34,3.86946570819363,287
"51075",321,35,4.05340645603592,286
"51076",321,36,5.67633173817872,285
"51077",321,37,2.73824457858516,284
"51078",321,38,4.82093869996308,283
"51079",321,39,3.21151907354328,282
"51080",321,40,5.23985241858884,281
"51081",321,41,5.10171154391915,280
"51082",321,42,4.97613757759334,279
"51083",321,43,3.14332625354053,278
"51084",321,44,1.39060561560822,277
"51085",321,45,4.14326735573925,276
"51086",321,46,3.16497870314368,275
"51087",321,47,1.84575285328647,274
"51088",321,48,3.32846664798575,273
"51089",321,49,4.27774540763333,272
"51090",321,50,6.44791161322615,271
"51091",321,51,3.01303984930631,270
"51092",321,52,0.923970663610235,269
"51093",321,53,3.8771763543848,268
"51094",321,54,5.15176638207309,267
"51095",321,55,2.13546471451926,266
"51096",321,56,1.93616700263949,265
"51097",321,57,2.52888775513293,264
"51098",321,58,3.53833207755027,263
"51099",321,59,3.59069855582583,262
"51100",321,60,2.48562968024099,261
"51101",321,61,0.936882214462038,260
"51102",321,62,4.95363238126989,259
"51103",321,63,2.75942170432181,258
"51104",321,64,3.11711456426178,257
"51105",321,65,3.76166318152342,256
"51106",321,66,2.13905894954984,255
"51107",321,67,3.81430809376232,254
"51108",321,68,3.10059434843242,253
"51109",321,69,5.54645645646112,252
"51110",321,70,1.76096161442288,251
"51111",321,71,1.27109523581471,250
"51112",321,72,1.78823129119533,249
"51113",321,73,2.8768791779958,248
"51114",321,74,2.20059168982616,247
"51115",321,75,3.455634347058,246
"51116",321,76,2.97567055482139,245
"51117",321,77,4.9282506173794,244
"51118",321,78,4.68532853813938,243
"51119",321,79,2.00111450565657,242
"51120",321,80,2.83901478512936,241
"51121",321,81,3.44957069415943,240
"51122",321,82,2.95929000179664,239
"51123",321,83,3.27796949655187,238
"51124",321,84,2.70302467947356,237
"51125",321,85,3.6336700370074,236
"51126",321,86,3.42024917365914,235
"51127",321,87,4.2178384003518,234
"51128",321,88,3.31698980705917,233
"51129",321,89,2.65881046059918,232
"51130",321,90,4.60985965153606,231
"51131",321,91,2.05570185695343,230
"51132",321,92,2.06600250349041,229
"51133",321,93,3.23288899025007,228
"51134",321,94,5.95274537642719,227
"51135",321,95,2.85597199022702,226
"51136",321,96,2.40011138480147,225
"51137",321,97,4.00553676977449,224
"51138",321,98,2.79237327960533,223
"51139",321,99,4.59399338791314,222
"51140",321,100,5.7956071264702,221
"51141",321,101,5.4972978762243,220
"51142",321,102,4.51226029758957,219
"51143",321,103,4.01928104867481,218
"51144",321,104,5.24890782703336,217
"51145",321,105,3.7777667337222,216
"51146",321,106,4.37915061106537,215
"51147",321,107,2.84758332626214,214
"51148",321,108,5.26526753607377,213
"51149",321,109,5.472244098888,212
"51150",321,110,5.36806428436838,211
"51151",321,111,3.71512132463208,210
"51152",321,112,2.1725797677616,209
"51153",321,113,5.32368231831289,208
"51154",321,114,7.11286765840421,207
"51155",321,115,7.37616360468538,206
"51156",321,116,6.11865451988362,205
"51157",321,117,6.31043116396876,204
"51158",321,118,5.58617105435465,203
"51159",321,119,4.74366837772834,202
"51160",321,120,3.90338007851297,201
"51161",321,121,6.06115878608716,200
"51162",321,122,6.34648937896831,199
"51163",321,123,5.89991986022952,198
"51164",321,124,2.83834425061772,197
"51165",321,125,3.12393270772589,196
"51166",321,126,3.77941815130386,195
"51167",321,127,5.48256869438177,194
"51168",321,128,6.85363563826554,193
"51169",321,129,5.35900304767069,192
"51170",321,130,6.59456183795183,191
"51171",321,131,6.43194133485891,190
"51172",321,132,6.2150673246392,189
"51173",321,133,6.60669575678174,188
"51174",321,134,7.69925630703517,187
"51175",321,135,7.72071159748212,186
"51176",321,136,7.78589157138361,185
"51177",321,137,5.95199864693715,184
"51178",321,138,6.95227160296526,183
"51179",321,139,7.6020045380516,182
"51180",321,140,6.96915365307348,181
"51181",321,141,7.16409287587028,180
"51182",321,142,7.6795119862604,179
"51183",321,143,7.25004813328584,178
"51184",321,144,7.39088941616062,177
"51185",321,145,7.96926241152045,176
"51186",321,146,7.94821299171324,175
"51187",321,147,6.9406810932594,174
"51188",321,148,7.15056640279354,173
"51189",321,149,8.01646947194286,172
"51190",321,150,9.17991644680412,171
"51191",321,151,10.0784186947972,170
"51192",321,152,9.02621420314227,169
"51193",321,153,7.68966479709624,168
"51194",321,154,6.85906731900258,167
"51195",321,155,7.99760401846248,166
"51196",321,156,7.89967668420436,165
"51197",321,157,7.85496621469297,164
"51198",321,158,7.58951174132107,163
"51199",321,159,9.6825745431641,162
"51200",321,160,9.79052266278011,161
"51201",321,161,9.09290491833976,160
"51202",321,162,8.79158932057254,159
"51203",321,163,8.68889330336861,158
"51204",321,164,5.49380819007618,157
"51205",321,165,5.6992365088455,156
"51206",321,166,7.18834578238194,155
"51207",321,167,6.87779349569026,154
"51208",321,168,8.11173506456671,153
"51209",321,169,8.75335353513763,152
"51210",321,170,8.98816197690863,151
"51211",321,171,7.93039948523005,150
"51212",321,172,8.64225551567931,149
"51213",321,173,9.20148181247298,148
"51214",321,174,8.30812139289414,147
"51215",321,175,7.02408517328997,146
"51216",321,176,7.55533152001138,145
"51217",321,177,8.74877635052996,144
"51218",321,178,8.70234621999677,143
"51219",321,179,9.04976577211743,142
"51220",321,180,6.97986234996666,141
"51221",321,181,8.08934275573947,140
"51222",321,182,9.68913819138438,139
"51223",321,183,9.4713516683444,138
"51224",321,184,7.84861183099358,137
"51225",321,185,9.40951420625888,136
"51226",321,186,9.05722765036048,135
"51227",321,187,9.58780458903704,134
"51228",321,188,8.86955897709694,133
"51229",321,189,8.43803797332432,132
"51230",321,190,8.06975000828331,131
"51231",321,191,8.11972523917325,130
"51232",321,192,7.9273102437518,129
"51233",321,193,8.87180200597125,128
"51234",321,194,8.95285536138672,127
"51235",321,195,7.05266509663196,126
"51236",321,196,7.0482725487167,125
"51237",321,197,6.92133858462749,124
"51238",321,198,7.13397007979851,123
"51239",321,199,8.43642003642677,122
"51240",321,200,10.3128476988793,121
"51241",321,201,10.9009069997673,120
"51242",321,202,10.8001974590939,119
"51243",321,203,11.4696315529716,118
"51244",321,204,11.322576421887,117
"51245",321,205,10.3192095949426,116
"51246",321,206,11.0762274450716,115
"51247",321,207,8.24346091319176,114
"51248",321,208,9.27693694602457,113
"51249",321,209,9.10448120383914,112
"51250",321,210,10.1531665143292,111
"51251",321,211,9.72097960180053,110
"51252",321,212,9.69093882545705,109
"51253",321,213,8.85468124477053,108
"51254",321,214,8.68340072775382,107
"51255",321,215,9.09552148674138,106
"51256",321,216,8.69792432114857,105
"51257",321,217,7.86224140090571,104
"51258",321,218,8.47860338595982,103
"51259",321,219,9.50810170507429,102
"51260",321,220,8.33454376866177,101
"51261",321,221,9.16590365169297,100
"51262",321,222,8.81464772702114,99
"51263",321,223,8.68407633820891,98
"51264",321,224,9.2971906802162,97
"51265",321,225,7.98784489795557,96
"51266",321,226,8.0520226801974,95
"51267",321,227,7.37513450844539,94
"51268",321,228,6.64711025304815,93
"51269",321,229,8.20841664103339,92
"51270",321,230,7.49210737137202,91
"51271",321,231,8.65678586557607,90
"51272",321,232,9.06247105361257,89
"51273",321,233,8.30160495195436,88
"51274",321,234,6.68137509087051,87
"51275",321,235,7.89804824516805,86
"51276",321,236,6.33906292327309,85
"51277",321,237,8.27877937295276,84
"51278",321,238,10.1053827257613,83
"51279",321,239,8.30672898646811,82
"51280",321,240,5.87391590924652,81
"51281",321,241,7.09508103146503,80
"51282",321,242,7.35440735428731,79
"51283",321,243,8.15170907366036,78
"51284",321,244,7.73621155240567,77
"51285",321,245,8.17185323723472,76
"51286",321,246,8.01614770294904,75
"51287",321,247,8.48449327835418,74
"51288",321,248,8.02153423027228,73
"51289",321,249,6.00467298494147,72
"51290",321,250,8.93084736211284,71
"51291",321,251,8.03480770249647,70
"51292",321,252,9.06306433266269,69
"51293",321,253,8.22927388390458,68
"51294",321,254,8.48428538234652,67
"51295",321,255,8.5530690030529,66
"51296",321,256,8.02714481035224,65
"51297",321,257,8.00673647401893,64
"51298",321,258,5.43621072346275,63
"51299",321,259,4.39076495146028,62
"51300",321,260,5.22192763783822,61
"51301",321,261,5.42428861851087,60
"51302",321,262,6.43388993790991,59
"51303",321,263,7.98316200803457,58
"51304",321,264,8.93603257450328,57
"51305",321,265,8.61620492991748,56
"51306",321,266,9.15326010902883,55
"51307",321,267,9.16490642985447,54
"51308",321,268,9.55761213456727,53
"51309",321,269,9.08700977384369,52
"51310",321,270,8.98121019930531,51
"51311",321,271,8.34982324271205,50
"51312",321,272,7.0172667548914,49
"51313",321,273,5.7055979259139,48
"51314",321,274,2.95888782937636,47
"51315",321,275,2.92766386545736,46
"51316",321,276,5.35413142975207,45
"51317",321,277,4.8550234021392,44
"51318",321,278,5.77414202051809,43
"51319",321,279,5.31210862391227,42
"51320",321,280,7.62791527603356,41
"51321",321,281,7.60051321916617,40
"51322",321,282,7.7331492971678,39
"51323",321,283,8.38675708808834,38
"51324",321,284,7.63717099479174,37
"51325",321,285,6.42140991340561,36
"51326",321,286,8.3459796791312,35
"51327",321,287,5.67213253662027,34
"51328",321,288,4.3552543922908,33
"51329",321,289,4.10416417667781,32
"51330",321,290,5.04742983745698,31
"51331",321,291,6.93050989850375,30
"51332",321,292,6.3410579369078,29
"51333",321,293,4.47303743917275,28
"51334",321,294,2.88676664137374,27
"51335",321,295,4.94201663179708,26
"51336",321,296,5.55038116402875,25
"51337",321,297,6.124109660099,24
"51338",321,298,4.61083304651329,23
"51339",321,299,5.66891817048961,22
"51340",321,300,5.37119870554891,21
"51341",321,301,1.13247409491201,20
"51342",321,302,4.35358952408423,19
"51343",321,303,2.03016527634955,18
"51344",321,304,4.0290047456113,17
"51345",321,305,4.2462768501803,16
"51346",321,306,5.05352770044444,15
"51347",321,307,4.51027548081413,14
"51348",321,308,2.17504656289612,13
"51349",321,309,1.90475921147856,12
"51350",321,310,4.53687676073638,11
"51351",321,311,5.83665288671527,10
"51352",321,312,5.6358367237921,9
"51353",321,313,5.91504735654616,8
"51354",321,314,4.00650928710407,7
"51355",321,315,1.28378124072529,6
"51356",321,316,1.98443285747001,5
"51357",321,317,3.00451685479612,4
"51358",321,318,3.67015226529557,3
"51359",321,319,5.41001757330058,2
"51360",321,320,6.86095036704813,1
"51361",322,1,4.38159801937709,321
"51362",322,2,4.40346578960317,320
"51363",322,3,2.70131072312312,319
"51364",322,4,2.39695398107362,318
"51365",322,5,1.19217500325154,317
"51366",322,6,2.4569356397566,316
"51367",322,7,1.73391429539392,315
"51368",322,8,4.08690368449017,314
"51369",322,9,5.45960258482408,313
"51370",322,10,3.36688762422921,312
"51371",322,11,3.90529285604013,311
"51372",322,12,5.03879298105357,310
"51373",322,13,4.29390175314492,309
"51374",322,14,2.90345758027926,308
"51375",322,15,1.17140332941107,307
"51376",322,16,1.43879796182783,306
"51377",322,17,2.89352491962264,305
"51378",322,18,4.03715991104367,304
"51379",322,19,3.20435722616283,303
"51380",322,20,1.53274522770321,302
"51381",322,21,4.76020205589828,301
"51382",322,22,3.55287668258891,300
"51383",322,23,4.28327977289208,299
"51384",322,24,3.43266943772005,298
"51385",322,25,2.57383887188884,297
"51386",322,26,5.90015442096913,296
"51387",322,27,3.51909242736437,295
"51388",322,28,4.04131251026689,294
"51389",322,29,3.00321353184591,293
"51390",322,30,3.72641849852056,292
"51391",322,31,3.08172788117247,291
"51392",322,32,4.99912896455001,290
"51393",322,33,4.02753262697693,289
"51394",322,34,3.29277223639325,288
"51395",322,35,2.49143271675215,287
"51396",322,36,4.11435799889495,286
"51397",322,37,1.74886275483945,285
"51398",322,38,4.35838974872511,284
"51399",322,39,4.69880917576299,283
"51400",322,40,3.11626908789476,282
"51401",322,41,3.06730482925931,281
"51402",322,42,2.4800890901933,280
"51403",322,43,2.06164629277208,279
"51404",322,44,2.43284517244467,278
"51405",322,45,5.70524109502302,277
"51406",322,46,2.56846287136921,276
"51407",322,47,1.94599845159298,275
"51408",322,48,4.21025596559157,274
"51409",322,49,6.22214249229745,273
"51410",322,50,8.00988535250992,272
"51411",322,51,0.807942889772638,271
"51412",322,52,3.32456953765149,270
"51413",322,53,3.02140529250352,269
"51414",322,54,1.53539023646872,268
"51415",322,55,3.29074596405951,267
"51416",322,56,5.72791830751894,266
"51417",322,57,1.26286354974652,265
"51418",322,58,3.77100396635951,264
"51419",322,59,6.9746990993439,263
"51420",322,60,1.62034452847209,262
"51421",322,61,2.91914263796296,261
"51422",322,62,2.65026499549351,260
"51423",322,63,2.10297407216191,259
"51424",322,64,5.51750353334245,258
"51425",322,65,7.55341448640287,257
"51426",322,66,3.80634960817647,256
"51427",322,67,1.22293502703108,255
"51428",322,68,3.37474783191722,254
"51429",322,69,5.97733541022564,253
"51430",322,70,3.02218440361077,252
"51431",322,71,2.86264153614738,251
"51432",322,72,4.02453975367718,250
"51433",322,73,2.04899053142351,249
"51434",322,74,2.6643996547817,248
"51435",322,75,4.58787579002148,247
"51436",322,76,4.27599603835117,246
"51437",322,77,6.10562431636773,245
"51438",322,78,6.24730227742316,244
"51439",322,79,1.88051123077629,243
"51440",322,80,6.19952726169735,242
"51441",322,81,5.17052245747838,241
"51442",322,82,4.90162264862839,240
"51443",322,83,3.67343871436746,239
"51444",322,84,1.67186207315595,238
"51445",322,85,0.909364237661785,237
"51446",322,86,1.16690328860601,236
"51447",322,87,1.56201995458264,235
"51448",322,88,1.7633245307735,234
"51449",322,89,2.08536927578307,233
"51450",322,90,4.32537144062315,232
"51451",322,91,3.22070780579434,231
"51452",322,92,2.77341469767337,230
"51453",322,93,2.53283035538293,229
"51454",322,94,7.73321534650297,228
"51455",322,95,6.64772329510647,227
"51456",322,96,3.67979532712797,226
"51457",322,97,4.23820865858373,225
"51458",322,98,4.54563088916126,224
"51459",322,99,4.82666527672237,223
"51460",322,100,6.02827901527943,222
"51461",322,101,9.28904918110375,221
"51462",322,102,7.5111137676528,220
"51463",322,103,6.38705203773843,219
"51464",322,104,5.00537894601309,218
"51465",322,105,5.51497546475299,217
"51466",322,106,8.17090191594482,216
"51467",322,107,5.29662784595773,215
"51468",322,108,5.04974651036056,214
"51469",322,109,5.70491598769723,213
"51470",322,110,7.50974637206985,212
"51471",322,111,5.27709506391586,211
"51472",322,112,3.68648202845754,210
"51473",322,113,7.17403954461812,209
"51474",322,114,7.9604951162429,208
"51475",322,115,8.04582278558897,207
"51476",322,116,9.91040582476307,206
"51477",322,117,10.1021824688482,205
"51478",322,118,9.3779223592341,204
"51479",322,119,5.24021448220422,203
"51480",322,120,4.89205646271293,202
"51481",322,121,6.2938306748964,201
"51482",322,122,6.96727361214302,200
"51483",322,123,9.69167116510897,199
"51484",322,124,6.63009555549717,198
"51485",322,125,4.88598211145312,197
"51486",322,126,5.56529374087682,196
"51487",322,127,5.25024026629994,195
"51488",322,128,7.08630752707478,194
"51489",322,129,5.78590018112687,193
"51490",322,130,5.66192945981833,192
"51491",322,131,6.66461322366815,191
"51492",322,132,6.99745882244381,190
"51493",322,133,7.13048441780051,189
"51494",322,134,7.9319281958444,188
"51495",322,135,7.95338348629136,187
"51496",322,136,8.01856346019285,186
"51497",322,137,9.01522970913928,185
"51498",322,138,8.04224492987796,184
"51499",322,139,7.83467642686084,183
"51500",322,140,7.20182554188272,182
"51501",322,141,7.39676476467952,181
"51502",322,142,7.91218387506964,180
"51503",322,143,9.18148210896357,179
"51504",322,144,8.62652517377143,178
"51505",322,145,8.20193430032969,177
"51506",322,146,8.99006569419888,176
"51507",322,147,9.04995329013053,175
"51508",322,148,8.98445857220021,174
"51509",322,149,9.43017755108213,173
"51510",322,150,9.41258833561336,172
"51511",322,151,10.3110905836064,171
"51512",322,152,10.2618499607531,170
"51513",322,153,8.91154277184824,169
"51514",322,154,7.06219265791126,168
"51515",322,155,6.6223722293148,167
"51516",322,156,8.1323485730136,166
"51517",322,157,8.08763810350221,165
"51518",322,158,8.32354851436357,164
"51519",322,159,9.91524643197334,163
"51520",322,160,9.92235013737765,162
"51521",322,161,9.32557680714899,161
"51522",322,162,9.02426120938177,160
"51523",322,163,8.92156519217785,159
"51524",322,164,8.19276620721556,158
"51525",322,165,7.62812446253012,157
"51526",322,166,6.02040977108783,156
"51527",322,167,8.09727633018259,155
"51528",322,168,8.34440695337594,154
"51529",322,169,8.98602542394686,153
"51530",322,170,9.22083386571787,152
"51531",322,171,8.16307137403929,151
"51532",322,172,8.93974718614921,150
"51533",322,173,9.53114927343816,149
"51534",322,174,10.3686226866297,148
"51535",322,175,8.6145306043091,147
"51536",322,176,7.61170113907692,146
"51537",322,177,8.14107812090842,145
"51538",322,178,8.93501810880601,144
"51539",322,179,9.28243766092667,143
"51540",322,180,8.59140979465745,142
"51541",322,181,6.85362573136613,141
"51542",322,182,7.69203251459794,140
"51543",322,183,7.93924630844901,139
"51544",322,184,9.65040624334998,138
"51545",322,185,9.64218609506811,137
"51546",322,186,9.28989953916971,136
"51547",322,187,9.82047647784628,135
"51548",322,188,9.10223086590618,134
"51549",322,189,10.1428368135248,133
"51550",322,190,8.30242189709255,132
"51551",322,191,8.74095166186972,131
"51552",322,192,11.1201548581269,130
"51553",322,193,9.70548379694005,129
"51554",322,194,9.18552725019596,128
"51555",322,195,7.82263991966396,127
"51556",322,196,7.65290385877293,126
"51557",322,197,8.18948827766199,125
"51558",322,198,9.35649481653743,124
"51559",322,199,9.89866491836652,123
"51560",322,200,10.5455195876885,122
"51561",322,201,11.1335788885765,121
"51562",322,202,12.4241536502569,120
"51563",322,203,11.7023034417809,119
"51564",322,204,10.5356037156409,118
"51565",322,205,10.2323285490198,117
"51566",322,206,11.3088993338808,116
"51567",322,207,8.83072921673296,115
"51568",322,208,7.66817771393865,114
"51569",322,209,9.59585997402757,113
"51570",322,210,10.0834379750558,112
"51571",322,211,8.47470412676497,111
"51572",322,212,8.64624813425151,110
"51573",322,213,8.75120508620745,109
"51574",322,214,8.74943422749199,108
"51575",322,215,9.32819337555062,107
"51576",322,216,9.67495724197354,106
"51577",322,217,8.5153314803174,105
"51578",322,218,10.2645830201261,104
"51579",322,219,10.5979449762453,103
"51580",322,220,9.18217122650046,102
"51581",322,221,9.32575242751947,101
"51582",322,222,7.83323410677283,100
"51583",322,223,6.87185208747724,99
"51584",322,224,7.36731461290422,98
"51585",322,225,9.33694128462088,97
"51586",322,226,9.69189769414384,96
"51587",322,227,8.65920302426333,95
"51588",322,228,8.64323395464485,94
"51589",322,229,8.43549502633435,93
"51590",322,230,9.40705027900286,92
"51591",322,231,8.88945775438531,91
"51592",322,232,9.2951429424218,90
"51593",322,233,10.6209171716625,89
"51594",322,234,8.30587316757378,88
"51595",322,235,6.51161600308193,87
"51596",322,236,8.77162768284904,86
"51597",322,237,9.61172283649958,85
"51598",322,238,10.3380546145706,84
"51599",322,239,12.0984802913476,83
"51600",322,240,9.45822414762634,82
"51601",322,241,7.0420270800078,81
"51602",322,242,7.217316390987,80
"51603",322,243,8.38438096246959,79
"51604",322,244,7.9688834412149,78
"51605",322,245,8.40452512604395,77
"51606",322,246,8.68559879466593,76
"51607",322,247,9.70387206825315,75
"51608",322,248,9.40293646317457,74
"51609",322,249,9.79642428982092,73
"51610",322,250,9.16351925092208,72
"51611",322,251,8.89733954833339,71
"51612",322,252,9.29573622147192,70
"51613",322,253,8.46194577271381,69
"51614",322,254,8.71695727115575,68
"51615",322,255,8.78574089186214,67
"51616",322,256,8.25981669916147,66
"51617",322,257,8.23940836282816,65
"51618",322,258,8.33796457677668,64
"51619",322,259,4.62343684026952,63
"51620",322,260,6.00452722482954,62
"51621",322,261,5.91577143329266,61
"51622",322,262,6.66656182671914,60
"51623",322,263,8.21583389684381,59
"51624",322,264,9.16870446331251,58
"51625",322,265,8.84887681872672,57
"51626",322,266,9.38593199783806,56
"51627",322,267,9.3975783186637,55
"51628",322,268,9.79028402337651,54
"51629",322,269,9.31968166265292,53
"51630",322,270,9.21388208811454,52
"51631",322,271,8.58249513152128,51
"51632",322,272,7.36308713897507,50
"51633",322,273,6.92518480499958,49
"51634",322,274,6.41077747005909,48
"51635",322,275,4.55141196743365,47
"51636",322,276,5.58680331856131,46
"51637",322,277,6.05845735810639,45
"51638",322,278,6.23355308939796,44
"51639",322,279,5.5447805127215,43
"51640",322,280,7.86058716484279,42
"51641",322,281,7.83318510797541,41
"51642",322,282,7.96582118597704,40
"51643",322,283,8.61942897689758,39
"51644",322,284,7.86984288360098,38
"51645",322,285,8.72501139951704,37
"51646",322,286,8.57865156794044,36
"51647",322,287,7.34452148599039,35
"51648",322,288,5.67347683957549,34
"51649",322,289,6.08196280740281,33
"51650",322,290,5.45817404779467,32
"51651",322,291,7.16318178731299,31
"51652",322,292,8.51951978836054,30
"51653",322,293,8.2647887440522,29
"51654",322,294,4.472064958948,28
"51655",322,295,5.17468852060631,27
"51656",322,296,5.78305305283798,26
"51657",322,297,6.35678154890824,25
"51658",322,298,4.84350493532253,24
"51659",322,299,5.90159005929885,23
"51660",322,300,6.36417646030566,22
"51661",322,301,2.79373642891637,21
"51662",322,302,6.35069520087067,20
"51663",322,303,2.40587426796745,19
"51664",322,304,4.26167663442054,18
"51665",322,305,4.47894873898953,17
"51666",322,306,5.28619958925367,16
"51667",322,307,4.74294736962336,15
"51668",322,308,5.0932654731086,14
"51669",322,309,1.90948735444214,13
"51670",322,310,4.76954864954561,12
"51671",322,311,6.0693247755245,11
"51672",322,312,5.86850861260133,10
"51673",322,313,6.14771924535539,9
"51674",322,314,4.77329409590531,8
"51675",322,315,2.7502118886348,7
"51676",322,316,3.04121727618206,6
"51677",322,317,4.6014427791446,5
"51678",322,318,7.46190357017502,4
"51679",322,319,6.45163617545117,3
"51680",322,320,7.09362225585737,2
"51681",322,321,3.79175130487945,1
"51682",323,1,3.57061155368637,322
"51683",323,2,2.13681742941978,321
"51684",323,3,3.14558656097444,320
"51685",323,4,3.42546151540964,319
"51686",323,5,2.61861488537282,318
"51687",323,6,3.48544317409262,317
"51688",323,7,2.80294301555853,316
"51689",323,8,3.65974932433352,315
"51690",323,9,5.94564145608093,314
"51691",323,10,3.22940550441864,313
"51692",323,11,4.93380039037615,312
"51693",323,12,4.61163862089692,311
"51694",323,13,4.29252595571193,310
"51695",323,14,3.93196511461528,309
"51696",323,15,2.24472612142276,308
"51697",323,16,2.1961877303178,307
"51698",323,17,3.25916434968886,306
"51699",323,18,5.06566744537968,305
"51700",323,19,2.28468699166288,304
"51701",323,20,1.84930162085382,303
"51702",323,21,4.93811418101178,302
"51703",323,22,5.73012472593133,301
"51704",323,23,4.73765349808647,300
"51705",323,24,4.60026158813683,299
"51706",323,25,3.60234640622486,298
"51707",323,26,5.47300006081248,297
"51708",323,27,4.54759996170039,296
"51709",323,28,5.06982004460291,295
"51710",323,29,4.03172106618193,294
"51711",323,30,4.75492603285658,293
"51712",323,31,3.62489339865202,292
"51713",323,32,6.02763649888603,291
"51714",323,33,3.60037826682028,290
"51715",323,34,3.7296124794367,289
"51716",323,35,3.51994025108817,288
"51717",323,36,5.14286553323097,287
"51718",323,37,2.10393395942571,286
"51719",323,38,4.28747249501532,285
"51720",323,39,4.27165481560634,284
"51721",323,40,3.71474947389278,283
"51722",323,41,3.57660859922309,282
"51723",323,42,3.50859662452932,281
"51724",323,43,2.18408148586911,280
"51725",323,44,0.780270842348096,279
"51726",323,45,4.676733560687,278
"51727",323,46,3.37944933705993,277
"51728",323,47,1.03062420250205,276
"51729",323,48,1.94360760540819,275
"51730",323,49,3.95549413211406,274
"51731",323,50,6.9813778181739,273
"51732",323,51,1.48793690461025,272
"51733",323,52,2.49392198024003,271
"51734",323,53,3.34371014943704,270
"51735",323,54,3.62666343737703,269
"51736",323,55,2.27828836638421,268
"51737",323,56,3.46126994733556,267
"51738",323,57,1.48560597561844,266
"51739",323,58,2.96001750066879,265
"51740",323,59,4.70805073916051,264
"51741",323,60,1.4031261465591,263
"51742",323,61,1.51519679134352,262
"51743",323,62,3.46125146118423,261
"51744",323,63,2.22595549937405,260
"51745",323,64,3.25085517315906,259
"51746",323,65,5.28676612621948,258
"51747",323,66,3.37919524801982,257
"51748",323,67,2.28920514906626,256
"51749",323,68,2.56712814348467,255
"51750",323,69,4.94882787588962,254
"51751",323,70,1.44791388049939,253
"51752",323,71,0.692780658933225,252
"51753",323,72,1.75789139349379,251
"51754",323,73,1.30692786136601,250
"51755",323,74,1.66712548487841,249
"51756",323,75,2.87731977017651,248
"51757",323,76,2.3973559779399,247
"51758",323,77,3.83897595618434,246
"51759",323,78,5.21879474308713,245
"51760",323,79,0.431163189026775,244
"51761",323,80,3.93287890151396,243
"51762",323,81,2.90387409729499,242
"51763",323,82,2.634974288445,241
"51764",323,83,3.24628435421081,240
"51765",323,84,1.33994517778082,239
"51766",323,85,2.10856709231134,238
"51767",323,86,1.89514622896307,237
"51768",323,87,2.69273545565574,236
"51769",323,88,1.85691473321048,235
"51770",323,89,2.12534425565143,234
"51771",323,90,4.07639344658831,233
"51772",323,91,2.41212905897785,232
"51773",323,92,1.53253629854266,231
"51774",323,93,1.66293767362028,230
"51775",323,94,6.48621158137494,229
"51776",323,95,4.38107493492308,228
"51777",323,96,1.83333202615997,227
"51778",323,97,3.42722219289301,226
"51779",323,98,2.27912467912663,225
"51780",323,99,4.01567881103165,224
"51781",323,100,5.21729254958871,223
"51782",323,101,7.02240082092036,222
"51783",323,102,5.24446540746941,221
"51784",323,103,4.12040367755504,220
"51785",323,104,4.19439248032237,219
"51786",323,105,3.2483271045696,218
"51787",323,106,5.90425355576143,217
"51788",323,107,3.33251272840941,216
"51789",323,108,4.23876004466984,215
"51790",323,109,4.89392952200651,214
"51791",323,110,5.24309801188646,213
"51792",323,111,4.24858752957984,212
"51793",323,112,1.63911356281385,211
"51794",323,113,4.90739118443473,210
"51795",323,114,6.53455308152272,209
"51796",323,115,6.79784902780389,208
"51797",323,116,7.64375746457968,207
"51798",323,117,7.83553410866482,206
"51799",323,118,7.11127399905071,205
"51800",323,119,3.57863260729098,204
"51801",323,120,2.62540810252954,203
"51802",323,121,5.48284420920568,202
"51803",323,122,5.76817480208682,201
"51804",323,123,7.42502280492558,200
"51805",323,124,4.36344719531378,199
"51806",323,125,3.39806776373431,198
"51807",323,126,3.29864538069343,197
"51808",323,127,4.43925380060922,196
"51809",323,128,6.27532106138406,195
"51810",323,129,4.78068847078921,194
"51811",323,130,5.02461052132204,193
"51812",323,131,5.85362675797743,192
"51813",323,132,5.63675274775772,191
"51814",323,133,6.02838117990026,190
"51815",323,134,7.12094173015368,189
"51816",323,135,7.14239702060064,188
"51817",323,136,7.20757699450213,187
"51818",323,137,6.7485813489559,186
"51819",323,138,6.37395702608378,185
"51820",323,139,7.02368996117012,184
"51821",323,140,6.390839076192,183
"51822",323,141,6.5857782989888,182
"51823",323,142,7.10119740937892,181
"51824",323,143,6.91483374878018,180
"51825",323,144,6.81257483927914,179
"51826",323,145,7.39094783463897,178
"51827",323,146,7.36989841483176,177
"51828",323,147,6.78330492994714,176
"51829",323,148,6.71781021201682,175
"51830",323,149,7.43815489506138,174
"51831",323,150,8.60160186992264,173
"51832",323,151,9.50010411791567,172
"51833",323,152,8.44789962626078,171
"51834",323,153,7.88303523751222,170
"51835",323,154,6.03368512357524,169
"51836",323,155,6.42765270183268,168
"51837",323,156,7.32136210732288,167
"51838",323,157,7.27665163781149,166
"51839",323,158,7.01119716443958,165
"51840",323,159,9.10425996628262,164
"51841",323,160,9.11136367168693,163
"51842",323,161,8.51459034145828,162
"51843",323,162,8.21327474369106,161
"51844",323,163,8.11057872648713,160
"51845",323,164,6.02696226124386,159
"51846",323,165,5.36147610234673,158
"51847",323,166,5.61839446575215,157
"51848",323,167,6.29947891880878,156
"51849",323,168,7.53342048768522,155
"51850",323,169,8.17503895825614,154
"51851",323,170,8.40984740002715,153
"51852",323,171,7.35208490834857,152
"51853",323,172,8.06394093879783,151
"51854",323,173,8.6231672355915,150
"51855",323,174,8.10197432644635,149
"51856",323,175,6.41215579167126,148
"51857",323,176,5.98538020338159,147
"51858",323,177,7.3300916552177,146
"51859",323,178,8.12403164311529,145
"51860",323,179,8.47145119523595,144
"51861",323,180,6.38077714508818,143
"51862",323,181,6.51939143910967,142
"51863",323,182,8.11918687475459,141
"51864",323,183,7.9014003517146,140
"51865",323,184,7.3837578831666,139
"51866",323,185,8.83119962937739,138
"51867",323,186,8.47891307347899,137
"51868",323,187,9.00949001215556,136
"51869",323,188,8.29124440021546,135
"51870",323,189,7.87618845334139,134
"51871",323,190,7.49143543140183,133
"51872",323,191,7.54141066229177,132
"51873",323,192,8.85350649794353,131
"51874",323,193,8.06939769478949,130
"51875",323,194,8.37454078450524,129
"51876",323,195,5.90334005979133,128
"51877",323,196,6.46995797183522,127
"51878",323,197,6.34302400774601,126
"51879",323,198,7.08984645635404,125
"51880",323,199,7.85810545954528,124
"51881",323,200,9.73453312199779,123
"51882",323,201,10.3225924228858,122
"51883",323,202,10.2218828822125,121
"51884",323,203,10.8913169760901,120
"51885",323,204,9.75262510525723,119
"51886",323,205,9.4047469706888,118
"51887",323,206,10.4979128681901,117
"51888",323,207,7.19453906998905,116
"51889",323,208,7.70698562939477,115
"51890",323,209,8.52616662695766,114
"51891",323,210,9.12665902292524,113
"51892",323,211,8.15102828517074,112
"51893",323,212,8.12098750882725,111
"51894",323,213,7.94021862051673,110
"51895",323,214,7.11344941112403,109
"51896",323,215,8.5172069098599,108
"51897",323,216,8.11960974426709,107
"51898",323,217,7.28392682402423,106
"51899",323,218,7.99793465994276,105
"51900",323,219,8.92978712819281,104
"51901",323,220,7.75622919178029,103
"51902",323,221,8.51476596182875,102
"51903",323,222,7.24469641039134,101
"51904",323,223,7.11412502157912,100
"51905",323,224,7.72723936358641,99
"51906",323,225,7.40953032107408,98
"51907",323,226,7.47370810331592,97
"51908",323,227,6.7968199315639,96
"51909",323,228,6.37658559446146,95
"51910",323,229,7.62450856064363,94
"51911",323,230,7.14040191881947,93
"51912",323,231,8.07847128869459,92
"51913",323,232,8.48415647673109,91
"51914",323,233,8.35426881147913,90
"51915",323,234,6.47061031954422,89
"51916",323,235,6.32809692853826,88
"51917",323,236,6.50497932266565,87
"51918",323,237,7.70046479607127,86
"51919",323,238,9.52706814887984,85
"51920",323,239,9.83183193116417,84
"51921",323,240,7.19157578744295,83
"51922",323,241,6.23104061431708,82
"51923",323,242,6.40632992529629,81
"51924",323,243,7.57339449677887,80
"51925",323,244,7.15789697552418,79
"51926",323,245,7.59353866035323,78
"51927",323,246,7.43783312606756,77
"51928",323,247,7.90617870147269,76
"51929",323,248,7.44321965339079,75
"51930",323,249,7.52977592963753,74
"51931",323,250,8.35253278523136,73
"51932",323,251,7.45649312561499,72
"51933",323,252,8.4847497557812,71
"51934",323,253,7.6509593070231,70
"51935",323,254,7.90597080546503,69
"51936",323,255,7.97475442617142,68
"51937",323,256,7.44883023347075,67
"51938",323,257,7.42842189713745,66
"51939",323,258,6.07131621659329,65
"51940",323,259,3.8124503745788,64
"51941",323,260,4.64361306095674,63
"51942",323,261,4.84597404162938,62
"51943",323,262,5.85557536102842,61
"51944",323,263,7.40484743115309,60
"51945",323,264,8.35771799762179,59
"51946",323,265,8.037890353036,58
"51947",323,266,8.57494553214735,57
"51948",323,267,8.58659185297299,56
"51949",323,268,8.97929755768579,55
"51950",323,269,8.5086951969622,54
"51951",323,270,8.40289562242382,53
"51952",323,271,7.77150866583056,52
"51953",323,272,6.43895217800992,51
"51954",323,273,5.12728334903241,50
"51955",323,274,4.1441291098757,49
"51956",323,275,2.34934928857587,48
"51957",323,276,4.77581685287059,47
"51958",323,277,4.27670882525772,46
"51959",323,278,5.19582744363661,45
"51960",323,279,4.73379404703078,44
"51961",323,280,7.04960069915207,43
"51962",323,281,7.02219864228469,42
"51963",323,282,7.15483472028632,41
"51964",323,283,7.80844251120686,40
"51965",323,284,7.05885641791026,39
"51966",323,285,6.45836303933365,38
"51967",323,286,7.76766510224972,37
"51968",323,287,5.09381795973878,36
"51969",323,288,3.65893951492133,35
"51970",323,289,4.02259677915108,34
"51971",323,290,4.4691152605755,33
"51972",323,291,6.35219532162227,32
"51973",323,292,6.25287142817716,31
"51974",323,293,5.99814038386881,30
"51975",323,294,2.28605115861536,29
"51976",323,295,4.36370205491559,28
"51977",323,296,4.97206658714726,27
"51978",323,297,5.54579508321752,26
"51979",323,298,4.03251846963181,25
"51980",323,299,5.09060359360813,24
"51981",323,300,4.79288412866743,23
"51982",323,301,0.728621442137244,22
"51983",323,302,5.92354084071402,21
"51984",323,303,1.4966990714018,20
"51985",323,304,3.45069016872982,19
"51986",323,305,3.66796227329882,18
"51987",323,306,4.47521312356295,17
"51988",323,307,3.93196090393264,16
"51989",323,308,2.82661711292521,15
"51990",323,309,0.586871135393595,14
"51991",323,310,3.9585621838549,13
"51992",323,311,5.25833830983378,12
"51993",323,312,5.05752214691061,11
"51994",323,313,5.33673277966467,10
"51995",323,314,3.42819471022259,9
"51996",323,315,1.86209581760678,8
"51997",323,316,1.09799153444518,7
"51998",323,317,2.92305350186275,6
"51999",323,318,5.19525520999164,5
"52000",323,319,4.8317029964191,4
"52001",323,320,6.28263579016665,3
"52002",323,321,1.56995131662979,2
"52003",323,322,2.26664836018339,1
"52004",324,1,2.80704253463093,323
"52005",324,2,2.72719822689746,322
"52006",324,3,7.22953429229946,321
"52007",324,4,5.31880943160396,320
"52008",324,5,5.72464748374667,319
"52009",324,6,6.3492370571289,318
"52010",324,7,5.88426502301037,317
"52011",324,8,7.28989719170592,316
"52012",324,9,10.029589187406,315
"52013",324,10,7.28138553443509,314
"52014",324,11,5.56124165201015,313
"52015",324,12,7.38511991250195,312
"52016",324,13,8.37647368703695,311
"52017",324,14,6.53268953577799,310
"52018",324,15,5.32604812887461,309
"52019",324,16,5.34209541909526,308
"52020",324,17,6.07410407503961,307
"52021",324,18,5.69310870701368,306
"52022",324,19,3.49391960819417,305
"52023",324,20,4.70212393018173,304
"52024",324,21,9.0220619123368,303
"52025",324,22,8.81144673338317,302
"52026",324,23,8.82160122941149,301
"52027",324,24,7.68158359558868,300
"52028",324,25,5.13908158192285,299
"52029",324,26,7.10306704631965,298
"52030",324,27,5.17504122333439,297
"52031",324,28,5.69726130623691,296
"52032",324,29,5.10078018653178,295
"52033",324,30,5.38236729449058,294
"52034",324,31,5.37151471105282,293
"52035",324,32,6.65507776052003,292
"52036",324,33,5.23044525232745,291
"52037",324,34,7.81356021076172,290
"52038",324,35,5.48344898773004,289
"52039",324,36,5.77030679486496,288
"52040",324,37,4.29446364134095,287
"52041",324,38,4.91491375664932,286
"52042",324,39,7.87378138174979,285
"52043",324,40,6.87121768889585,284
"52044",324,41,7.59394177965206,283
"52045",324,42,6.53235664034913,282
"52046",324,43,5.15258148691581,281
"52047",324,44,4.86421857367312,280
"52048",324,45,6.13563003240121,279
"52049",324,46,7.46339706838495,278
"52050",324,47,5.11457193382707,277
"52051",324,48,2.28621064580167,276
"52052",324,49,3.13195754556495,275
"52053",324,50,8.68711802320957,274
"52054",324,51,5.53908457787985,273
"52055",324,52,5.19405576790842,272
"52056",324,53,5.66040960583802,271
"52057",324,54,6.70798544482888,270
"52058",324,55,3.90835535189138,269
"52059",324,56,4.16814279172193,268
"52060",324,57,4.1012597410072,267
"52061",324,58,2.70285895712719,266
"52062",324,59,3.65023609930502,265
"52063",324,60,4.83453848862629,264
"52064",324,61,5.59914452266854,263
"52065",324,62,7.54519919250925,262
"52066",324,63,4.30311694076901,261
"52067",324,64,2.95137603940014,260
"52068",324,65,5.43246572083919,259
"52069",324,66,6.80132125775635,258
"52070",324,67,5.37052715651811,257
"52071",324,68,4.08415067831076,256
"52072",324,69,6.85841139424691,255
"52073",324,70,3.5488301589219,254
"52074",324,71,3.3911670723918,253
"52075",324,72,3.52537836544355,252
"52076",324,73,4.12111420176092,251
"52077",324,74,2.68357071285353,250
"52078",324,75,2.44283257424301,249
"52079",324,76,1.68659175338512,248
"52080",324,77,2.9004767374339,247
"52081",324,78,4.59135348145314,246
"52082",324,79,4.03374784734623,245
"52083",324,80,2.53329976650262,244
"52084",324,81,1.21269161404708,243
"52085",324,82,3.78684817352407,242
"52086",324,83,4.87635133971798,241
"52087",324,84,5.42389290910584,240
"52088",324,85,5.80429843467753,239
"52089",324,86,4.97646823641492,238
"52090",324,87,6.45695415159838,237
"52091",324,88,5.9408624645355,236
"52092",324,89,3.26260109185216,235
"52093",324,90,5.52828406597367,234
"52094",324,91,4.04219604448502,233
"52095",324,92,2.86577648676476,232
"52096",324,93,2.81514001225231,231
"52097",324,94,5.85877031974095,230
"52098",324,95,3.95754234135236,229
"52099",324,96,3.67397272236873,228
"52100",324,97,1.27157706286812,227
"52101",324,98,3.9091916646338,226
"52102",324,99,4.03734721372559,225
"52103",324,100,2.21087848340049,224
"52104",324,101,3.94107881346851,223
"52105",324,102,2.16314340001756,222
"52106",324,103,2.45258721183388,221
"52107",324,104,2.04888952489639,220
"52108",324,105,0.884495574484307,219
"52109",324,106,3.94470944724788,218
"52110",324,107,3.10884896432775,217
"52111",324,108,2.0652492339368,216
"52112",324,109,1.06209282621072,215
"52113",324,110,3.10858404058535,214
"52114",324,111,3.73365811068925,213
"52115",324,112,3.13977508533474,212
"52116",324,113,2.07259307246964,211
"52117",324,114,2.61252474860767,210
"52118",324,115,2.71390129647887,209
"52119",324,116,4.56243545712784,208
"52120",324,117,4.75421210121297,207
"52121",324,118,4.02995199159886,206
"52122",324,119,2.95119134565698,205
"52123",324,120,1.98115943852693,204
"52124",324,121,1.71354583216057,203
"52125",324,122,1.6842270707618,202
"52126",324,123,4.34370079747373,201
"52127",324,124,3.14457643691338,200
"52128",324,125,3.30870035269351,199
"52129",324,126,1.48907900382619,198
"52130",324,127,2.2825503922448,197
"52131",324,128,2.90287773304916,196
"52132",324,129,1.9853037724174,195
"52133",324,130,3.39454353581487,194
"52134",324,131,2.46437602727392,193
"52135",324,132,1.64948845480858,192
"52136",324,133,1.94443344857524,191
"52137",324,134,3.03699399882866,190
"52138",324,135,3.05844928927562,189
"52139",324,136,3.12362926317711,188
"52140",324,137,3.66725934150405,187
"52141",324,138,2.69427456224272,186
"52142",324,139,2.9397422298451,185
"52143",324,140,2.30689134486698,184
"52144",324,141,3.28056458012836,183
"52145",324,142,3.0172496780539,182
"52146",324,143,3.83351174132834,181
"52147",324,144,3.2785548061362,180
"52148",324,145,3.30700010331395,179
"52149",324,146,3.73733279134517,178
"52150",324,147,4.11656103228051,177
"52151",324,148,3.63648820456498,176
"52152",324,149,4.08220718344689,175
"52153",324,150,4.51765413859762,174
"52154",324,151,6.06043118010631,173
"52155",324,152,5.01472400732954,172
"52156",324,153,7.25559397587822,171
"52157",324,154,5.40624386194124,170
"52158",324,155,4.79758571632551,169
"52159",324,156,3.66879988815169,168
"52160",324,157,4.33000031812215,167
"52161",324,158,4.14088241367107,166
"52162",324,159,5.86068235338837,165
"52163",324,160,6.59050436064314,164
"52164",324,161,5.50070941229447,163
"52165",324,162,4.5327046692128,162
"52166",324,163,4.02663099516211,161
"52167",324,164,5.39952099960986,160
"52168",324,165,4.66680523123827,159
"52169",324,166,3.98832748024498,158
"52170",324,167,2.74930596254735,157
"52171",324,168,3.4494727563602,156
"52172",324,169,4.28156615649417,155
"52173",324,170,4.56679680537102,154
"52174",324,171,3.26813717702355,153
"52175",324,172,3.97999320747281,152
"52176",324,173,4.53921950426647,151
"52177",324,174,5.02065231899451,150
"52178",324,175,4.76241904748064,149
"52179",324,176,4.96972255278876,148
"52180",324,177,5.54875804839299,147
"52181",324,178,4.39303936153119,146
"52182",324,179,5.06539306216382,145
"52183",324,180,5.75333588345418,144
"52184",324,181,4.8893244536025,143
"52185",324,182,6.48911988924742,142
"52186",324,183,6.27133336620743,141
"52187",324,184,4.33044373102181,140
"52188",324,185,5.37471928919942,139
"52189",324,186,5.6611140233084,138
"52190",324,187,4.92554228083053,137
"52191",324,188,4.65548958341288,136
"52192",324,189,4.79486644588955,135
"52193",324,190,4.42152534570201,134
"52194",324,191,4.88609213229905,133
"52195",324,192,6.42767318286769,132
"52196",324,193,6.04384716967463,131
"52197",324,194,5.00209745617034,130
"52198",324,195,5.27589879815733,129
"52199",324,196,3.64095846872618,128
"52200",324,197,4.18050315008582,127
"52201",324,198,5.08979170400185,126
"52202",324,199,4.99888746525373,125
"52203",324,200,6.10997875813366,124
"52204",324,201,6.23864469156081,123
"52205",324,202,7.07618328262171,122
"52206",324,203,8.20797714486847,121
"52207",324,204,8.12255811975006,120
"52208",324,205,7.11919129280563,119
"52209",324,206,6.41396513686509,118
"52210",324,207,5.4156101214885,117
"52211",324,208,6.0769186438876,116
"52212",324,209,5.80361848749048,115
"52213",324,210,6.9531482121922,114
"52214",324,211,6.52096129966357,113
"52215",324,212,6.49092052332008,112
"52216",324,213,5.65466294263356,111
"52217",324,214,6.00100427756197,110
"52218",324,215,4.79741508121425,109
"52219",324,216,4.3269868743383,108
"52220",324,217,3.92269739454967,107
"52221",324,218,4.91661265249091,106
"52222",324,219,5.24997460861005,105
"52223",324,220,5.07794863414277,104
"52224",324,221,5.965885349556,103
"52225",324,222,5.98679693531787,102
"52226",324,223,5.48405803607195,101
"52227",324,224,6.09717237807923,100
"52228",324,225,3.98897091698565,99
"52229",324,226,4.34392732650861,98
"52230",324,227,3.31123265662809,97
"52231",324,228,4.72389278834192,96
"52232",324,229,5.00839833889642,95
"52233",324,230,4.46245756821439,94
"52234",324,231,3.99452355736957,93
"52235",324,232,4.54026146786326,92
"52236",324,233,5.27294680402728,91
"52237",324,234,5.84316905791022,90
"52238",324,235,4.69802994303108,89
"52239",324,236,4.49372411737502,88
"52240",324,237,4.26375246886435,87
"52241",324,238,5.44312041755482,86
"52242",324,239,6.75050992371232,85
"52243",324,240,5.76165501527799,84
"52244",324,241,3.89506272932806,83
"52245",324,242,4.15438905215034,82
"52246",324,243,4.65475103239659,81
"52247",324,244,3.68460923297759,80
"52248",324,245,3.50959092902821,79
"52249",324,246,3.35388539474253,78
"52250",324,247,4.35590170061791,77
"52251",324,248,4.05496609553933,76
"52252",324,249,4.44845392218569,75
"52253",324,250,4.26858505390634,74
"52254",324,251,3.54936918069815,73
"52255",324,252,4.40080202445618,72
"52256",324,253,3.56701157569807,71
"52257",324,254,3.82202307414001,70
"52258",324,255,3.8908066948464,69
"52259",324,256,3.36488250214573,68
"52260",324,257,3.34447416581243,67
"52261",324,258,2.98999420914144,66
"52262",324,259,0.994651324408207,65
"52263",324,260,0.656556857194307,64
"52264",324,261,0.76202631030436,63
"52265",324,262,1.7716276297034,62
"52266",324,263,3.32089969982807,61
"52267",324,264,4.27377026629677,60
"52268",324,265,3.95394262171098,59
"52269",324,266,4.49099780082232,58
"52270",324,267,4.50264412164797,57
"52271",324,268,4.89534982636077,56
"52272",324,269,4.42474746563718,55
"52273",324,270,4.3189478910988,54
"52274",324,271,3.68756093450554,53
"52275",324,272,2.3550044466849,52
"52276",324,273,2.07582955899264,51
"52277",324,274,2.63338855853416,50
"52278",324,275,3.1744415429418,49
"52279",324,276,3.00223548933928,48
"52280",324,277,0.710486990471159,47
"52281",324,278,1.60488788450971,46
"52282",324,279,1.50702383650515,45
"52283",324,280,2.97124647133533,44
"52284",324,281,2.93825091095967,43
"52285",324,282,3.0708869889613,42
"52286",324,283,3.72449477988184,41
"52287",324,284,2.97490868658524,40
"52288",324,285,3.3770410318818,39
"52289",324,286,3.6837173709247,38
"52290",324,287,1.99655111835516,37
"52291",324,288,3.03149825328733,36
"52292",324,289,3.39515551751708,35
"52293",324,290,1.79698932821417,34
"52294",324,291,2.26824759029725,33
"52295",324,292,3.17154942072531,32
"52296",324,293,3.56670011936279,31
"52297",324,294,1.79789657270966,30
"52298",324,295,2.14665143025622,29
"52299",324,296,2.12215983474362,28
"52300",324,297,1.4618473518925,27
"52301",324,298,0.777726957877218,26
"52302",324,299,1.00665586228311,25
"52303",324,300,1.0166325431167,24
"52304",324,301,3.68647321476503,23
"52305",324,302,7.55360782622119,22
"52306",324,303,2.94209609966778,21
"52307",324,304,2.95585600590486,20
"52308",324,305,1.72640110019418,19
"52309",324,306,2.76961506867604,18
"52310",324,307,1.66529621189064,17
"52311",324,308,2.48721574531039,16
"52312",324,309,3.51942970682391,15
"52313",324,310,3.24001922441914,14
"52314",324,311,3.17113818060108,13
"52315",324,312,2.56608253214211,12
"52316",324,313,2.95784054517677,11
"52317",324,314,2.38691546506982,10
"52318",324,315,5.9460435489318,9
"52319",324,316,2.98595619687985,8
"52320",324,317,3.23764127606023,7
"52321",324,318,3.42491058729179,6
"52322",324,319,1.10366580781593,5
"52323",324,320,2.37886337239473,4
"52324",324,321,4.6622623082065,3
"52325",324,322,5.34797036763524,2
"52326",324,323,4.08394773132502,1
"52327",325,1,2.43856669788492,324
"52328",325,2,4.49774686166489,323
"52329",325,3,9.15476481254573,322
"52330",325,4,6.5767499523628,321
"52331",325,5,7.64987800399294,320
"52332",325,6,7.02863761653281,319
"52333",325,7,7.36147952426656,318
"52334",325,8,9.21512771195219,317
"52335",325,9,11.9548197076522,316
"52336",325,10,9.20661605468135,315
"52337",325,11,6.21669502451926,314
"52338",325,12,9.31035043274821,313
"52339",325,13,10.3017042072832,312
"52340",325,14,7.2120900951819,311
"52341",325,15,6.52330464055868,310
"52342",325,16,7.26732593934153,309
"52343",325,17,7.99933459528588,308
"52344",325,18,4.21829485824647,307
"52345",325,19,4.65063501661597,306
"52346",325,20,6.627354450428,305
"52347",325,21,10.9472924325831,304
"52348",325,22,10.3730413998509,303
"52349",325,23,10.7468317496578,302
"52350",325,24,8.88838619871314,301
"52351",325,25,5.81848214132676,300
"52352",325,26,6.63603948079236,299
"52353",325,27,5.81522002857089,298
"52354",325,28,4.9183171769208,297
"52355",325,29,5.97034825144175,296
"52356",325,30,5.55632220394359,295
"52357",325,31,7.29674523129909,294
"52358",325,32,5.38506167175865,293
"52359",325,33,5.93432890317307,292
"52360",325,34,9.73879073100798,291
"52361",325,35,6.16284954713395,290
"52362",325,36,4.01767466899226,289
"52363",325,37,5.07130196242256,288
"52364",325,38,4.87159601420277,287
"52365",325,39,9.79901190199605,286
"52366",325,40,8.79644820914212,285
"52367",325,41,9.51917229989832,284
"52368",325,42,7.21175719975304,283
"52369",325,43,7.07781200716207,282
"52370",325,44,6.78944909391938,281
"52371",325,45,8.06086055264747,280
"52372",325,46,9.38862758863122,279
"52373",325,47,7.03980245407334,278
"52374",325,48,4.21144116604793,277
"52375",325,49,5.48349636194199,276
"52376",325,50,10.6123485434558,275
"52377",325,51,7.46431509812612,274
"52378",325,52,7.11928628815468,273
"52379",325,53,7.58564012608428,272
"52380",325,54,7.38738600423279,271
"52381",325,55,5.66137050450787,270
"52382",325,56,5.72238688096623,269
"52383",325,57,6.02649026125347,268
"52384",325,58,3.3822595165311,267
"52385",325,59,2.99679427262694,266
"52386",325,60,6.75976900887255,265
"52387",325,61,7.52437504291481,264
"52388",325,62,9.47042971275551,263
"52389",325,63,6.22834746101528,262
"52390",325,64,3.47037826419099,261
"52391",325,65,4.32675686530451,260
"52392",325,66,8.72655177800261,259
"52393",325,67,6.04992771592201,258
"52394",325,68,4.78803432915638,257
"52395",325,69,8.78364191449317,256
"52396",325,70,5.47406067916816,255
"52397",325,71,5.31639759263806,254
"52398",325,72,5.45060888568981,253
"52399",325,73,4.80051476116483,252
"52400",325,74,4.56611693867558,251
"52401",325,75,3.13185848139477,250
"52402",325,76,3.61182227363138,249
"52403",325,77,5.25201555381093,248
"52404",325,78,6.94289229783017,247
"52405",325,79,5.95897836759249,246
"52406",325,80,3.74847804332341,245
"52407",325,81,3.13792213429334,244
"52408",325,82,3.62820282665613,243
"52409",325,83,5.17126383020855,242
"52410",325,84,7.34912342935211,241
"52411",325,85,7.72952895492379,240
"52412",325,86,6.85878036190192,239
"52413",325,87,8.38218467184465,238
"52414",325,88,7.86609298478177,237
"52415",325,89,4.84807399249506,236
"52416",325,90,4.422575210439,235
"52417",325,91,5.9450122129325,234
"52418",325,92,4.79100700701102,233
"52419",325,93,4.64316687115592,232
"52420",325,94,8.21030913611798,231
"52421",325,95,5.88277286159863,230
"52422",325,96,5.59920324261499,229
"52423",325,97,2.58195605867828,228
"52424",325,98,3.79511954884743,227
"52425",325,99,2.12280085893255,226
"52426",325,100,0.791885701982574,225
"52427",325,101,5.8573328003422,224
"52428",325,102,3.78075001568379,223
"52429",325,103,2.56821177977796,222
"52430",325,104,3.15459838043107,221
"52431",325,105,2.80972609473057,220
"52432",325,106,3.13033338140983,219
"52433",325,107,5.05661028315245,218
"52434",325,108,3.83458051704311,217
"52435",325,109,2.68586572321227,216
"52436",325,110,5.46012285696238,215
"52437",325,111,5.97268508432287,214
"52438",325,112,4.45993912031085,213
"52439",325,113,1.44359491078389,212
"52440",325,114,3.26651592575454,211
"52441",325,115,3.81123696256151,210
"52442",325,116,6.31450129174299,209
"52443",325,117,5.07764873449582,208
"52444",325,118,6.16299457718389,207
"52445",325,119,5.30273016203402,206
"52446",325,120,4.33269825490396,205
"52447",325,121,1.46254638656118,204
"52448",325,122,3.36016862618449,203
"52449",325,123,6.52716559016461,202
"52450",325,124,4.3638960576778,201
"52451",325,125,5.23393087293977,200
"52452",325,126,3.84061782020322,199
"52453",325,127,3.97080492597861,198
"52454",325,128,4.00858658858384,197
"52455",325,129,4.07803166282188,196
"52456",325,130,4.50025239134954,195
"52457",325,131,3.57008488280859,194
"52458",325,132,3.15505020332467,193
"52459",325,133,1.7305943278303,192
"52460",325,134,1.1117634785824,191
"52461",325,135,2.09849378795128,190
"52462",325,136,2.83991722562498,189
"52463",325,137,3.95708117004966,188
"52464",325,138,2.55271087863451,187
"52465",325,139,2.09579241062039,186
"52466",325,140,2.94199293408042,185
"52467",325,141,4.38627343566304,184
"52468",325,142,3.50788858098648,183
"52469",325,143,4.49870337141366,182
"52470",325,144,4.87376051592554,181
"52471",325,145,4.67666975707679,180
"52472",325,146,6.0888716077222,179
"52473",325,147,6.46809984865754,178
"52474",325,148,5.38296053567186,177
"52475",325,149,4.62974699695191,176
"52476",325,150,5.61775604470212,175
"52477",325,151,7.16614003564099,174
"52478",325,152,7.36626282370657,173
"52479",325,153,9.60713279225525,172
"52480",325,154,7.75778267831827,171
"52481",325,155,5.90329457186018,170
"52482",325,156,4.79110385632661,169
"52483",325,157,5.43570917365682,168
"52484",325,158,6.4924212300481,167
"52485",325,159,6.96639120892305,166
"52486",325,160,8.00389908987926,165
"52487",325,161,6.67144613867652,164
"52488",325,162,6.07529677224848,163
"52489",325,163,4.94437826097731,162
"52490",325,164,7.7510598159869,161
"52491",325,165,7.0183440476153,160
"52492",325,166,5.87067720288403,159
"52493",325,167,5.05042257181854,158
"52494",325,168,3.99548357776792,157
"52495",325,169,5.38727501202884,156
"52496",325,170,5.67250566090569,155
"52497",325,171,3.99781658227875,154
"52498",325,172,4.78919837496482,153
"52499",325,173,6.22657753011471,152
"52500",325,174,7.12008009984231,151
"52501",325,175,7.11395786385767,150
"52502",325,176,7.32126136916579,149
"52503",325,177,6.65446690392767,148
"52504",325,178,5.49874821706586,147
"52505",325,179,6.33312536070181,146
"52506",325,180,8.10487469983121,145
"52507",325,181,7.22426815733929,144
"52508",325,182,7.59482874478209,143
"52509",325,183,7.37704222174211,142
"52510",325,184,6.68198254739884,141
"52511",325,185,6.48042814473409,140
"52512",325,186,6.76682287884308,139
"52513",325,187,5.54898909874173,138
"52514",325,188,6.311230181723,137
"52515",325,189,6.16036202602655,136
"52516",325,190,6.30387506834106,135
"52517",325,191,7.17314931194383,134
"52518",325,192,8.77921199924472,133
"52519",325,193,8.39538598605166,132
"52520",325,194,6.31795037913539,131
"52521",325,195,7.62743761453436,130
"52522",325,196,5.91142053573071,129
"52523",325,197,6.53204196646285,128
"52524",325,198,7.44133052037889,127
"52525",325,199,7.35042628163076,126
"52526",325,200,7.21568761366833,125
"52527",325,201,7.04182030446041,124
"52528",325,202,9.3380781377255,123
"52529",325,203,9.31368600040315,122
"52530",325,204,9.22826697528473,121
"52531",325,205,9.03428905120342,120
"52532",325,206,6.54484465502007,119
"52533",325,207,7.76714893786553,118
"52534",325,208,8.36376773434566,117
"52535",325,209,7.96082801462722,116
"52536",325,210,8.99744334438955,115
"52537",325,211,8.41956799001446,114
"52538",325,212,8.29266169725672,113
"52539",325,213,7.24581785961806,112
"52540",325,214,8.352543093939,111
"52541",325,215,5.90312393674892,110
"52542",325,216,5.69808940390548,109
"52543",325,217,6.24161823090966,108
"52544",325,218,6.32132998679531,107
"52545",325,219,6.68269979822152,106
"52546",325,220,7.4294874505198,105
"52547",325,221,7.41148188043574,104
"52548",325,222,8.3383357516949,103
"52549",325,223,7.28535702048683,102
"52550",325,224,7.20288123361391,101
"52551",325,225,5.73544324809253,100
"52552",325,226,4.90827454238224,99
"52553",325,227,5.29300862089558,98
"52554",325,228,7.07543160471895,97
"52555",325,229,6.26010777005763,96
"52556",325,230,6.81399638459142,95
"52557",325,231,4.61741442300248,94
"52558",325,232,5.64597032339794,93
"52559",325,233,6.4759753099083,92
"52560",325,234,8.19470787428726,91
"52561",325,235,6.03026988944968,90
"52562",325,236,6.84526293375205,89
"52563",325,237,5.44436662294658,88
"52564",325,238,5.51797077917379,87
"52565",325,239,6.87786467800195,86
"52566",325,240,8.11319383165502,85
"52567",325,241,5.56706029535002,84
"52568",325,242,5.26009790768502,83
"52569",325,243,5.76045988793126,82
"52570",325,244,4.88765180559662,81
"52571",325,245,4.09261900716549,80
"52572",325,246,5.257768285332,79
"52573",325,247,5.93430000803863,78
"52574",325,248,4.98346921409233,77
"52575",325,249,4.07888774100578,76
"52576",325,250,2.34335453366007,75
"52577",325,251,2.86996862129425,74
"52578",325,252,2.6380385784659,73
"52579",325,253,4.14728375279276,72
"52580",325,254,4.53555472576636,71
"52581",325,255,4.89444755727695,70
"52582",325,256,4.19276336241176,69
"52583",325,257,5.04283104198189,68
"52584",325,258,5.01097848165445,67
"52585",325,259,2.78000547489131,66
"52586",325,260,2.55429580961873,65
"52587",325,261,2.77927371365536,64
"52588",325,262,3.160540524797,63
"52589",325,263,1.78223943405996,62
"52590",325,264,2.48299896499943,61
"52591",325,265,2.13516346510658,60
"52592",325,266,2.56576728057606,59
"52593",325,267,3.21609489140909,58
"52594",325,268,3.8441042292825,57
"52595",325,269,3.32868661088324,56
"52596",325,270,2.72425846879467,55
"52597",325,271,2.86096102400583,54
"52598",325,272,4.17056026280176,53
"52599",325,273,4.42736837536967,52
"52600",325,274,3.62860499907641,51
"52601",325,275,3.65982896299541,50
"52602",325,276,2.65638450425765,49
"52603",325,277,2.72027081004571,48
"52604",325,278,3.73012971033788,47
"52605",325,279,2.61273269203982,46
"52606",325,280,4.07695532687001,45
"52607",325,281,3.81985658627217,44
"52608",325,282,3.59953721453288,43
"52609",325,283,4.16910799361034,42
"52610",325,284,2.5408213661115,41
"52611",325,285,2.74806267958374,40
"52612",325,286,2.03486094405233,39
"52613",325,287,3.92229792608664,38
"52614",325,288,5.38303706966436,37
"52615",325,289,5.74669433389412,36
"52616",325,290,3.87356429550016,35
"52617",325,291,3.14424631617958,34
"52618",325,292,2.69091992469359,33
"52619",325,293,5.91823893573983,32
"52620",325,294,3.72312709295592,31
"52621",325,295,2.82605198966013,30
"52622",325,296,2.03962033812967,29
"52623",325,297,1.3910380416241,28
"52624",325,298,2.62745870049922,27
"52625",325,299,1.90594959124902,26
"52626",325,300,1.64217596858835,25
"52627",325,301,5.6117037350113,24
"52628",325,302,6.81766182279606,23
"52629",325,303,4.62456457246662,22
"52630",325,304,3.38314552977954,21
"52631",325,305,2.40580165959808,20
"52632",325,306,2.98960881469716,19
"52633",325,307,2.10939313813393,18
"52634",325,308,4.41244626555665,17
"52635",325,309,5.44466022707018,16
"52636",325,310,3.24712368907843,15
"52637",325,311,2.85329505082651,14
"52638",325,312,2.74685452399583,13
"52639",325,313,2.64560436483236,12
"52640",325,314,2.5809835413487,11
"52641",325,315,7.87127406917806,10
"52642",325,316,4.91118671712611,9
"52643",325,317,5.16287179630649,8
"52644",325,318,5.77644940366882,7
"52645",325,319,3.39917546765695,6
"52646",325,320,0.273457538595363,5
"52647",325,321,6.58749282845277,4
"52648",325,322,6.820164717262,3
"52649",325,323,6.00917825157129,2
"52650",325,324,2.35153881637703,1
"52651",326,1,2.62685047028796,325
"52652",326,2,4.68603063406793,324
"52653",326,3,9.34304858494877,323
"52654",326,4,6.76503372476585,322
"52655",326,5,7.83816177639598,321
"52656",326,6,6.715894649631,320
"52657",326,7,7.5497632966696,319
"52658",326,8,9.40341148435523,318
"52659",326,9,12.1431034800553,317
"52660",326,10,9.3948998270844,316
"52661",326,11,5.99082929306954,315
"52662",326,12,9.49863420515126,314
"52663",326,13,10.4899879796863,313
"52664",326,14,7.10108959479698,312
"52665",326,15,6.71158841296172,311
"52666",326,16,7.45560971174457,310
"52667",326,17,8.18761836768892,309
"52668",326,18,4.40657863064951,308
"52669",326,19,4.83891878901902,307
"52670",326,20,6.81563822283104,306
"52671",326,21,11.1355762049861,305
"52672",326,22,10.561325172254,304
"52673",326,23,10.9351155220608,303
"52674",326,24,9.07666997111619,302
"52675",326,25,5.79196585074675,301
"52676",326,26,6.8243232531954,300
"52677",326,27,5.50247706166908,299
"52678",326,28,4.72283246673097,298
"52679",326,29,6.15863202384479,297
"52680",326,30,5.24357923704177,296
"52681",326,31,7.48502900370213,295
"52682",326,32,5.07231870485684,294
"52683",326,33,6.12261267557611,293
"52684",326,34,9.92707450341102,292
"52685",326,35,6.08542943925462,291
"52686",326,36,3.9482404564359,290
"52687",326,37,5.2595857348256,289
"52688",326,38,4.55885304730095,288
"52689",326,39,9.9872956743991,287
"52690",326,40,8.98473198154516,286
"52691",326,41,9.70745607230137,285
"52692",326,42,6.89901423285122,284
"52693",326,43,7.26609577956512,283
"52694",326,44,6.97773286632243,282
"52695",326,45,8.24914432505052,281
"52696",326,46,9.57691136103426,280
"52697",326,47,7.22808622647638,279
"52698",326,48,4.64713727236748,278
"52699",326,49,6.50215022832565,277
"52700",326,50,10.8006323158589,276
"52701",326,51,7.65259887052916,275
"52702",326,52,7.30757006055773,274
"52703",326,53,7.77392389848733,273
"52704",326,54,7.07464303733097,272
"52705",326,55,5.84965427691091,271
"52706",326,56,5.91067065336927,270
"52707",326,57,6.21477403365651,269
"52708",326,58,3.23744452330554,268
"52709",326,59,3.18507804502998,267
"52710",326,60,6.9480527812756,266
"52711",326,61,7.71265881531785,265
"52712",326,62,9.65871348515856,264
"52713",326,63,6.41663123341832,263
"52714",326,64,3.65866203659403,262
"52715",326,65,4.00058622008708,261
"52716",326,66,8.91483555040566,260
"52717",326,67,5.78551346263397,259
"52718",326,68,4.97631810155942,258
"52719",326,69,8.97192568689622,257
"52720",326,70,5.66234445157121,256
"52721",326,71,5.5046813650411,255
"52722",326,72,5.63889265809286,254
"52723",326,73,4.95945795824154,253
"52724",326,74,4.75440071107863,252
"52725",326,75,3.32014225379782,251
"52726",326,76,3.80010604603443,250
"52727",326,77,6.2706694201946,249
"52728",326,78,7.96154616421383,248
"52729",326,79,6.14726213999554,247
"52730",326,80,3.93676181572646,246
"52731",326,81,3.99950008629738,245
"52732",326,82,3.81648659905917,244
"52733",326,83,5.3595476026116,243
"52734",326,84,7.53740720175515,242
"52735",326,85,7.91781272732683,241
"52736",326,86,7.04706413430496,240
"52737",326,87,8.57046844424769,239
"52738",326,88,8.05437675718481,238
"52739",326,89,5.0363577648981,237
"52740",326,90,4.4988141156919,236
"52741",326,91,6.13329598533554,235
"52742",326,92,4.97929077941407,234
"52743",326,93,4.83145064355896,233
"52744",326,94,9.22896300250164,232
"52745",326,95,6.07105663400167,231
"52746",326,96,5.78748701501804,230
"52747",326,97,3.19669027736085,229
"52748",326,98,3.98340332125048,228
"52749",326,99,2.18178321294268,227
"52750",326,100,1.15931419936021,226
"52751",326,101,6.87598666672586,225
"52752",326,102,4.79940388206745,224
"52753",326,103,2.756495552181,223
"52754",326,104,3.67222550750987,222
"52755",326,105,3.71647225650305,221
"52756",326,106,3.45351764498596,220
"52757",326,107,6.07526414953611,219
"52758",326,108,4.85323438342678,218
"52759",326,109,3.70451958959593,217
"52760",326,110,6.47877672334604,216
"52761",326,111,6.99133895070653,215
"52762",326,112,4.6482228927139,214
"52763",326,113,2.46224877716755,213
"52764",326,114,4.28516979213821,212
"52765",326,115,4.82989082894517,211
"52766",326,116,7.33315515812665,210
"52767",326,117,6.09630260087948,209
"52768",326,118,7.18164844356756,208
"52769",326,119,6.32138402841768,207
"52770",326,120,5.35135212128762,206
"52771",326,121,1.98017351363998,205
"52772",326,122,4.37882249256815,204
"52773",326,123,7.54581945654827,203
"52774",326,124,4.55217983008085,202
"52775",326,125,6.140819184861,201
"52776",326,126,4.85927168658688,200
"52777",326,127,4.98945879236227,199
"52778",326,128,4.52621371566264,198
"52779",326,129,5.09668552920554,197
"52780",326,130,5.01787951842835,196
"52781",326,131,4.13583263431445,195
"52782",326,132,4.17370406970833,194
"52783",326,133,2.74924819421397,193
"52784",326,134,1.8816047168358,192
"52785",326,135,3.11714765433494,191
"52786",326,136,3.56768842013416,190
"52787",326,137,4.97573503643332,189
"52788",326,138,3.57136474501817,188
"52789",326,139,2.61341953769919,187
"52790",326,140,3.62143541497584,186
"52791",326,141,4.95222927635561,185
"52792",326,142,4.52654244737014,184
"52793",326,143,5.51735723779732,183
"52794",326,144,5.8924143823092,182
"52795",326,145,5.69532362346045,181
"52796",326,146,7.10752547410586,180
"52797",326,147,7.4867537150412,179
"52798",326,148,6.40161440205552,178
"52799",326,149,5.64840086333557,177
"52800",326,150,6.45877977907909,176
"52801",326,151,7.68376716271979,175
"52802",326,152,8.38491669009023,174
"52803",326,153,10.6257866586389,173
"52804",326,154,8.77643654470193,172
"52805",326,155,6.53407019421342,171
"52806",326,156,5.80975772271027,170
"52807",326,157,6.03407490517972,169
"52808",326,158,7.51107509643176,168
"52809",326,159,7.95286928481142,167
"52810",326,160,9.02255295626292,166
"52811",326,161,7.69010000506018,165
"52812",326,162,7.09395063863215,164
"52813",326,163,5.96303212736097,163
"52814",326,164,8.76971368237056,162
"52815",326,165,8.03699791399896,161
"52816",326,166,6.88933106926769,160
"52817",326,167,6.0690764382022,159
"52818",326,168,5.01413744415159,158
"52819",326,169,5.92092500648444,157
"52820",326,170,6.19013278798449,156
"52821",326,171,5.01647044866241,155
"52822",326,172,5.80785224134848,154
"52823",326,173,7.24523139649837,153
"52824",326,174,8.13873396622597,152
"52825",326,175,8.13261173024133,151
"52826",326,176,8.33991523554946,150
"52827",326,177,7.17209403100647,149
"52828",326,178,6.01637534414467,148
"52829",326,179,7.35177922708547,147
"52830",326,180,9.12352856621488,146
"52831",326,181,8.24292202372295,145
"52832",326,182,8.1124558718609,144
"52833",326,183,7.89466934882091,143
"52834",326,184,7.7006364137825,142
"52835",326,185,6.99805527181289,141
"52836",326,186,7.47864923942048,140
"52837",326,187,6.56764296512539,139
"52838",326,188,7.32988404810666,138
"52839",326,189,7.17901589241021,137
"52840",326,190,7.32252893472472,136
"52841",326,191,8.19180317832749,135
"52842",326,192,9.79786586562838,134
"52843",326,193,9.41403985243532,133
"52844",326,194,7.33660424551905,132
"52845",326,195,8.64609148091802,131
"52846",326,196,6.93007440211437,130
"52847",326,197,7.55069583284651,129
"52848",326,198,8.45998438676255,128
"52849",326,199,8.36908014801442,127
"52850",326,200,8.04045438033346,126
"52851",326,201,7.55944743153921,125
"52852",326,202,10.3567320041092,124
"52853",326,203,10.2034806379156,123
"52854",326,204,10.0691866650684,122
"52855",326,205,10.0529429175871,121
"52856",326,206,7.06247178209887,120
"52857",326,207,8.78580280424919,119
"52858",326,208,9.38242160072932,118
"52859",326,209,8.97948188101088,117
"52860",326,210,10.0160972107732,116
"52861",326,211,9.43822185639812,115
"52862",326,212,9.31131556364038,114
"52863",326,213,8.26447172600172,113
"52864",326,214,9.37119696032266,112
"52865",326,215,6.85750425558703,111
"52866",326,216,6.71674327028914,110
"52867",326,217,7.26027209729332,109
"52868",326,218,7.33998385317897,108
"52869",326,219,7.70135366460518,107
"52870",326,220,8.44814131690346,106
"52871",326,221,8.4301357468194,105
"52872",326,222,9.35698961807856,104
"52873",326,223,8.30401088687049,103
"52874",326,224,7.8981384926994,102
"52875",326,225,6.75409711447619,101
"52876",326,226,5.9269284087659,100
"52877",326,227,6.31166248727924,99
"52878",326,228,8.09408547110261,98
"52879",326,229,7.27876163644129,97
"52880",326,230,7.83265025097509,96
"52881",326,231,5.63606828938615,95
"52882",326,232,6.16359745047674,94
"52883",326,233,7.49462917629196,93
"52884",326,234,9.21336174067092,92
"52885",326,235,7.04892375583334,91
"52886",326,236,7.86391680013572,90
"52887",326,237,6.46302048933024,89
"52888",326,238,6.03559790625259,88
"52889",326,239,7.89651854438561,87
"52890",326,240,9.13184769803868,86
"52891",326,241,6.58571416173368,85
"52892",326,242,5.93941033283874,84
"52893",326,243,6.27808701501007,83
"52894",326,244,5.90630567198028,82
"52895",326,245,5.11127287354915,81
"52896",326,246,6.27642215171566,80
"52897",326,247,6.9529538744223,79
"52898",326,248,6.00212308047599,78
"52899",326,249,5.09754160738945,77
"52900",326,250,2.76574419595736,76
"52901",326,251,3.49109380685541,75
"52902",326,252,3.30098999131442,74
"52903",326,253,5.16593761917643,73
"52904",326,254,5.05318185284516,72
"52905",326,255,5.41207468435575,71
"52906",326,256,5.21141722879542,70
"52907",326,257,6.06148490836555,69
"52908",326,258,6.02963234803811,68
"52909",326,259,3.79865934127497,67
"52910",326,260,3.57294967600239,66
"52911",326,261,3.79792758003902,65
"52912",326,262,4.17919439118066,64
"52913",326,263,2.72025874059287,63
"52914",326,264,3.00062609207823,62
"52915",326,265,2.8955526396328,61
"52916",326,266,2.37748350817301,60
"52917",326,267,3.73372201848789,59
"52918",326,268,4.3617313563613,58
"52919",326,269,3.84631373796205,57
"52920",326,270,3.24188559587347,56
"52921",326,271,3.87961489038949,55
"52922",326,272,5.18921412918542,54
"52923",326,273,5.44602224175333,53
"52924",326,274,3.81688877147945,52
"52925",326,275,3.84811273539846,51
"52926",326,276,2.34364153735584,50
"52927",326,277,3.73892467642938,49
"52928",326,278,4.74878357672154,48
"52929",326,279,3.55075199857274,47
"52930",326,280,4.59458245394881,46
"52931",326,281,4.33748371335098,45
"52932",326,282,4.11716434161168,44
"52933",326,283,4.68673512068915,43
"52934",326,284,3.55947523249516,42
"52935",326,285,3.7667165459674,41
"52936",326,286,3.053514810436,40
"52937",326,287,4.9409517924703,39
"52938",326,288,6.40169093604802,38
"52939",326,289,6.76534820027778,37
"52940",326,290,4.89221816188383,36
"52941",326,291,3.66187344325839,35
"52942",326,292,3.70957379107725,34
"52943",326,293,6.93689280212349,33
"52944",326,294,3.97893218601989,32
"52945",326,295,2.6482095139314,31
"52946",326,296,1.74951478241786,30
"52947",326,297,1.9086651687029,29
"52948",326,298,3.64611256688288,28
"52949",326,299,2.92460345763268,27
"52950",326,300,2.66082983497201,26
"52951",326,301,5.79998750741434,25
"52952",326,302,7.0059455951991,24
"52953",326,303,4.81284834486967,23
"52954",326,304,3.07040256287773,22
"52955",326,305,2.52949975067551,21
"52956",326,306,2.67686584779535,20
"52957",326,307,2.26550112004169,19
"52958",326,308,4.6007300379597,18
"52959",326,309,5.63294399947322,17
"52960",326,310,2.93438072217662,16
"52961",326,311,2.54055208392469,15
"52962",326,312,2.43411155709401,14
"52963",326,313,2.33286139793055,13
"52964",326,314,2.76926731375174,12
"52965",326,315,8.05955784158111,11
"52966",326,316,5.09947048952916,10
"52967",326,317,5.66580492298945,9
"52968",326,318,6.79510327005248,8
"52969",326,319,4.41782933404061,7
"52970",326,320,0.991329310365964,6
"52971",326,321,6.77577660085581,5
"52972",326,322,7.00844848966505,4
"52973",326,323,6.19746202397433,3
"52974",326,324,3.37019268276069,2
"52975",326,325,1.01865386638366,1
"52976",327,1,3.79198583325352,326
"52977",327,2,2.91549111289469,325
"52978",327,3,7.57849162789349,324
"52979",327,4,7.28979596646659,323
"52980",327,5,7.67092342768729,322
"52981",327,6,8.32022359199152,321
"52982",327,7,7.85525155787299,320
"52983",327,8,7.15777833877106,319
"52984",327,9,8.10215486496842,318
"52985",327,10,8.28171404673311,317
"52986",327,11,7.50828099997797,316
"52987",327,12,6.26918139594298,315
"52988",327,13,7.35487760550335,314
"52989",327,14,8.50367607064061,313
"52990",327,15,7.29703466373723,312
"52991",327,16,7.24849627263227,311
"52992",327,17,7.83525867625193,310
"52993",327,18,6.67805200563627,309
"52994",327,19,4.11459967633503,308
"52995",327,20,6.41419549447844,307
"52996",327,21,7.09462758989926,306
"52997",327,22,10.7824332682458,305
"52998",327,23,9.21501161751678,304
"52999",327,24,9.6525701304513,303
"53000",327,25,7.11006811678547,302
"53001",327,26,5.28140743916952,301
"53002",327,27,7.10680600402961,300
"53003",327,28,6.6822046048595,299
"53004",327,29,7.0717667213944,298
"53005",327,30,6.8479081794023,297
"53006",327,31,7.31019539967847,296
"53007",327,32,7.64002105914262,295
"53008",327,33,4.17720698940658,294
"53009",327,34,7.39667130581203,293
"53010",327,35,7.45443552259266,292
"53011",327,36,6.75525009348755,291
"53012",327,37,6.26545017620357,290
"53013",327,38,6.16318198966148,289
"53014",327,39,5.94634705931225,288
"53015",327,40,8.76705801620724,287
"53016",327,41,8.62891714153756,286
"53017",327,42,8.50334317521175,285
"53018",327,43,6.67053185115893,284
"53019",327,44,4.88611173005319,283
"53020",327,45,4.20819570996367,282
"53021",327,46,6.69218430076209,281
"53022",327,47,5.37295845090487,280
"53023",327,48,3.10870093690628,279
"53024",327,49,3.99120466417393,278
"53025",327,50,6.75968370077204,277
"53026",327,51,6.54024544692471,276
"53027",327,52,3.99438736484637,275
"53028",327,53,7.37822963391764,274
"53029",327,54,8.6789719796915,273
"53030",327,55,4.02821093843835,272
"53031",327,56,1.86972203828243,271
"53032",327,57,6.05609335275134,270
"53033",327,58,4.67384549198981,269
"53034",327,59,1.93688691383827,268
"53035",327,60,6.0128352778594,267
"53036",327,61,4.3998142645349,266
"53037",327,62,8.4808379788883,265
"53038",327,63,5.82161353912726,264
"53039",327,64,2.22163842837079,263
"53040",327,65,2.51898816216162,262
"53041",327,66,4.87388693531881,261
"53042",327,67,7.34151369138073,260
"53043",327,68,4.17951270374125,259
"53044",327,69,6.85444946917806,258
"53045",327,70,4.29677249888708,257
"53046",327,71,4.45631536635048,256
"53047",327,72,3.29441714882068,255
"53048",327,73,6.09210073662354,254
"53049",327,74,4.65455724771616,253
"53050",327,75,2.98124248933085,252
"53051",327,76,3.04296086414669,251
"53052",327,77,4.64170987392,250
"53053",327,78,3.60641018283055,249
"53054",327,79,5.43844567172157,248
"53055",327,80,1.1194296408005,247
"53056",327,81,2.50754125832403,246
"53057",327,82,3.51516688474364,245
"53058",327,83,4.35688785186071,244
"53059",327,84,6.23023027709197,243
"53060",327,85,7.1608756346258,242
"53061",327,86,6.94745477127754,241
"53062",327,87,7.74504399797021,240
"53063",327,88,6.84419540467758,239
"53064",327,89,5.23358762671478,238
"53065",327,90,5.6887780068449,237
"53066",327,91,4.09824909670352,236
"53067",327,92,4.54554220482449,235
"53068",327,93,4.78612654711493,234
"53069",327,94,4.87382702111836,233
"53070",327,95,2.03010801891483,232
"53071",327,96,3.63916157536989,231
"53072",327,97,3.35482667771383,230
"53073",327,98,3.8265854131292,229
"53074",327,99,5.02229051234818,228
"53075",327,100,3.19582178202308,227
"53076",327,101,2.816103230138,226
"53077",327,102,2.02954334734982,225
"53078",327,103,1.75546758082158,224
"53079",327,104,4.96236708357396,223
"53080",327,105,2.20825646081786,222
"53081",327,106,1.03123188857031,221
"53082",327,107,2.56104258280274,220
"53083",327,108,4.97872679261437,219
"53084",327,109,3.97557038488829,218
"53085",327,110,4.56608757099018,217
"53086",327,111,2.91106277382093,216
"53087",327,112,3.63247487404031,215
"53088",327,113,2.58885433254392,214
"53089",327,114,4.37803967263524,213
"53090",327,115,4.64133561891641,212
"53091",327,116,3.22057313500408,211
"53092",327,117,3.39773894585805,210
"53093",327,118,3.21452076195639,209
"53094",327,119,4.45712763426894,208
"53095",327,120,3.61683933505357,207
"53096",327,121,3.32633080031819,206
"53097",327,122,3.98703119473904,205
"53098",327,123,3.19068347516499,204
"53099",327,124,0.688861347000691,203
"53100",327,125,2.83739196426649,202
"53101",327,126,3.30238903235952,201
"53102",327,127,5.19602795092237,200
"53103",327,128,5.81635529172673,199
"53104",327,129,4.89878133109497,198
"53105",327,130,6.30802109449244,197
"53106",327,131,5.37785358595148,196
"53107",327,132,3.62030550724932,195
"53108",327,133,3.87186777101277,194
"53109",327,134,4.9644283212662,193
"53110",327,135,4.98588361171315,192
"53111",327,136,5.05106358561464,191
"53112",327,137,3.21717066116818,190
"53113",327,138,4.21744361719629,189
"53114",327,139,4.86717655228263,188
"53115",327,140,4.74976163722332,187
"53116",327,141,6.19404213880593,186
"53117",327,142,5.05674231356346,185
"53118",327,143,4.51522014751687,184
"53119",327,144,4.88577156004399,183
"53120",327,145,6.06360409124381,182
"53121",327,146,6.29466570696583,181
"53122",327,147,5.60647445351567,180
"53123",327,148,4.79671516799445,179
"53124",327,149,5.28164148617389,178
"53125",327,150,7.42552474784501,177
"53126",327,151,8.97390873878388,176
"53127",327,152,7.37827386782502,175
"53128",327,153,7.40312405363684,174
"53129",327,154,6.57252657554318,173
"53130",327,155,7.71106327500308,172
"53131",327,156,6.58227744682925,171
"53132",327,157,7.24347787679971,170
"53133",327,158,7.00603125873487,169
"53134",327,159,8.77415991206594,168
"53135",327,160,9.50398191932071,167
"53136",327,161,8.41418697097204,166
"53137",327,162,7.44618222789037,165
"53138",327,163,6.08852453654856,164
"53139",327,164,5.20726744661678,163
"53140",327,165,5.4126957653861,162
"53141",327,166,6.90180503892255,161
"53142",327,167,5.07858653905548,160
"53143",327,168,5.67384681792454,159
"53144",327,169,7.19504371517174,158
"53145",327,170,7.48027436404858,157
"53146",327,171,5.35244507020879,156
"53147",327,172,5.90742752991034,155
"53148",327,173,7.14455687087879,154
"53149",327,174,6.30722560783597,153
"53150",327,175,6.73754442983058,152
"53151",327,176,7.26879077655198,151
"53152",327,177,8.46223560707056,150
"53153",327,178,7.30651692020876,149
"53154",327,179,7.97887062084138,148
"53155",327,180,6.69332160650726,147
"53156",327,181,7.80280201228007,146
"53157",327,182,9.40259744792498,145
"53158",327,183,9.184810924885,144
"53159",327,184,6.1278349367717,143
"53160",327,185,8.28819684787698,142
"53161",327,186,8.57459158198597,141
"53162",327,187,7.04907192818318,140
"53163",327,188,7.56896714209045,139
"53164",327,189,5.70320998755535,138
"53165",327,190,7.33500290437957,137
"53166",327,191,7.79956969097662,136
"53167",327,192,6.83401418659886,135
"53168",327,193,8.58526126251185,134
"53169",327,194,7.9155750148479,133
"53170",327,195,6.76612435317256,132
"53171",327,196,6.55443602740375,131
"53172",327,197,6.51153907515761,130
"53173",327,198,6.46645258536923,129
"53174",327,199,7.13582820142028,128
"53175",327,200,9.02345631681123,127
"53176",327,201,8.8495890076033,126
"53177",327,202,8.96176874829176,125
"53178",327,203,11.121454703546,124
"53179",327,204,11.0360356784276,123
"53180",327,205,10.0326688514832,122
"53181",327,206,8.35261335816296,121
"53182",327,207,7.95692016973237,120
"53183",327,208,8.99039620256517,119
"53184",327,209,8.71709604616805,118
"53185",327,210,9.86662577086977,117
"53186",327,211,9.43443885834113,116
"53187",327,212,9.40439808199765,115
"53188",327,213,8.56814050131113,114
"53189",327,214,8.39685998429442,113
"53190",327,215,7.71089263989181,112
"53191",327,216,5.96870328480977,111
"53192",327,217,6.83617495322724,110
"53193",327,218,5.78299715435825,109
"53194",327,219,6.84050332877978,108
"53195",327,220,7.82950679441037,107
"53196",327,221,8.87936290823357,106
"53197",327,222,8.52810698356173,105
"53198",327,223,8.39753559474952,104
"53199",327,224,9.0106499367568,103
"53200",327,225,5.63399366315647,102
"53201",327,226,5.31719469442843,101
"53202",327,227,5.25658690680691,100
"53203",327,228,6.32695470485152,99
"53204",327,229,7.92187589757399,98
"53205",327,230,6.14670027868985,97
"53206",327,231,6.39256514612833,96
"53207",327,232,7.45373902654083,95
"53208",327,233,5.56677696618539,94
"53209",327,234,6.39483434741111,93
"53210",327,235,7.61150750170865,92
"53211",327,236,5.66034497590537,91
"53212",327,237,5.54395138718379,90
"53213",327,238,7.37055473999236,89
"53214",327,239,4.7795233888497,88
"53215",327,240,5.58737516578712,87
"53216",327,241,6.80854028800563,86
"53217",327,242,7.06786661082791,85
"53218",327,243,7.56822859107416,84
"53219",327,244,6.59808679165516,83
"53220",327,245,5.85161680717285,82
"53221",327,246,5.83596399534438,81
"53222",327,247,5.96256801986893,80
"53223",327,248,5.28670624450331,79
"53224",327,249,2.47746738732307,78
"53225",327,250,6.19601937634387,77
"53226",327,251,5.29997971672751,76
"53227",327,252,6.32823634689372,75
"53228",327,253,5.55047505467162,74
"53229",327,254,6.34332342890925,73
"53230",327,255,6.70221626041984,72
"53231",327,256,5.90299025928359,71
"53232",327,257,6.08987770080384,70
"53233",327,258,3.35687143006978,69
"53234",327,259,3.90812888308577,68
"53235",327,260,3.01934302435667,67
"53236",327,261,3.53543770060283,66
"53237",327,262,4.61226862947634,65
"53238",327,263,5.2483340222656,64
"53239",327,264,6.20120458873431,63
"53240",327,265,5.88137694414851,62
"53241",327,266,6.41843212325986,61
"53242",327,267,6.4300784440855,60
"53243",327,268,6.8227841487983,59
"53244",327,269,6.35218178807472,58
"53245",327,270,6.24638221353634,57
"53246",327,271,5.61499525694308,56
"53247",327,272,5.07238668044736,55
"53248",327,273,4.45542829801325,54
"53249",327,274,0.90817943243877,53
"53250",327,275,3.22134479901683,52
"53251",327,276,3.98717878796187,51
"53252",327,277,2.76448365580778,50
"53253",327,278,4.51836544318728,49
"53254",327,279,4.42050139518271,48
"53255",327,280,5.8847240300129,47
"53256",327,281,5.62762528941506,46
"53257",327,282,5.40730591767577,45
"53258",327,283,5.97687669675324,44
"53259",327,284,4.90234300902277,43
"53260",327,285,3.68658192763664,42
"53261",327,286,5.61115169336224,41
"53262",327,287,3.49755577844577,40
"53263",327,288,4.0687136488314,39
"53264",327,289,3.81762343321841,38
"53265",327,290,4.71046688689174,37
"53266",327,291,4.95201501932247,36
"53267",327,292,3.60622995113883,35
"53268",327,293,2.5817568207402,34
"53269",327,294,2.84689194354985,33
"53270",327,295,4.11763796511884,32
"53271",327,296,3.33120631358838,31
"53272",327,297,3.38928167433003,30
"53273",327,298,3.69120451655478,29
"53274",327,299,3.43831225577911,28
"53275",327,300,2.63637071977994,27
"53276",327,301,4.52522047358149,26
"53277",327,302,4.64013026754363,25
"53278",327,303,4.9130826345304,24
"53279",327,304,4.67473150523826,23
"53280",327,305,3.6973876350568,22
"53281",327,306,4.28119479015588,21
"53282",327,307,3.40097911359264,20
"53283",327,308,2.22569142938926,19
"53284",327,309,5.40946954805572,18
"53285",327,310,4.53870966453715,17
"53286",327,311,4.15608147922367,16
"53287",327,312,4.03844049945454,15
"53288",327,313,3.94278384379936,14
"53289",327,314,3.2907820143199,13
"53290",327,315,4.56874501386306,12
"53291",327,316,4.2777396263158,11
"53292",327,317,2.71797611133672,10
"53293",327,318,3.20024714346837,9
"53294",327,319,3.60520366723563,8
"53295",327,320,4.12612238127916,7
"53296",327,321,3.52720559761841,6
"53297",327,322,7.31895690249786,5
"53298",327,323,5.05230854231447,4
"53299",327,324,2.91347755867757,3
"53300",327,325,3.8526648426838,2
"53301",327,326,4.35513598138328,1
"53302",328,1,1.97193024918267,327
"53303",328,2,2.37708981337727,326
"53304",328,3,5.05863291946053,325
"53305",328,4,3.21779049159538,324
"53306",328,5,3.55374611090774,323
"53307",328,6,3.6933318123619,322
"53308",328,7,3.26534763118136,321
"53309",328,8,5.11899581886699,320
"53310",328,9,7.85868781456702,319
"53311",328,10,5.11048416159616,318
"53312",328,11,4.72612936656189,317
"53313",328,12,5.8915971928839,316
"53314",328,13,6.20557231419802,315
"53315",328,14,3.87678429101099,314
"53316",328,15,2.67014288410761,313
"53317",328,16,3.17119404625633,312
"53318",328,17,3.90320270220068,311
"53319",328,18,4.85799642156542,310
"53320",328,19,3.14381119467398,309
"53321",328,20,2.5312225573428,308
"53322",328,21,6.85116053949787,307
"53323",328,22,6.27690950676572,306
"53324",328,23,6.65069985657255,305
"53325",328,24,5.02567835082168,304
"53326",328,25,3.3946753824106,303
"53327",328,26,6.75295863279946,302
"53328",328,27,4.33992893788613,301
"53329",328,28,4.86214902078865,300
"53330",328,29,3.82405004236767,299
"53331",328,30,4.54725500904232,298
"53332",328,31,3.9345320930028,297
"53333",328,32,5.81996547507176,296
"53334",328,33,4.88033683880726,295
"53335",328,34,5.64265883792278,294
"53336",328,35,3.31226922727391,293
"53337",328,36,4.9351945094167,292
"53338",328,37,1.89626293561145,291
"53339",328,38,4.07980147120106,290
"53340",328,39,5.70288000891086,289
"53341",328,40,4.70031631605692,288
"53342",328,41,5.42304040681312,287
"53343",328,42,3.87645139558213,286
"53344",328,43,2.98168011407687,285
"53345",328,44,2.69331720083418,284
"53346",328,45,4.88440458450126,283
"53347",328,46,5.29249569554602,282
"53348",328,47,2.94367056098814,281
"53349",328,48,2.11205687505505,280
"53350",328,49,3.96706983101322,279
"53351",328,50,7.18904884198816,278
"53352",328,51,3.36818320504092,277
"53353",328,52,3.77388055222701,276
"53354",328,53,3.87420950433385,275
"53355",328,54,4.05208020006188,274
"53356",328,55,3.55824693837119,273
"53357",328,56,3.81803437820174,272
"53358",328,57,1.93035836816827,271
"53359",328,58,1.80612401163464,270
"53360",328,59,4.28263397647566,269
"53361",328,60,2.66363711578735,268
"53362",328,61,3.42824314982961,267
"53363",328,62,5.37429781967032,266
"53364",328,63,2.95577828399224,265
"53365",328,64,2.82543841047421,264
"53366",328,65,5.08235730731899,263
"53367",328,66,4.6591538200068,262
"53368",328,67,2.71462191175111,261
"53369",328,68,3.73404226479057,260
"53370",328,69,5.15649889970389,259
"53371",328,70,2.72787245248636,258
"53372",328,71,1.83092568833129,257
"53373",328,72,1.62527302599211,256
"53374",328,73,1.46520895699393,255
"53375",328,74,1.90177403856799,254
"53376",328,75,2.09272416072282,253
"53377",328,76,1.58393091548293,252
"53378",328,77,3.73558902288216,251
"53379",328,78,5.4264657669014,250
"53380",328,79,1.8628464745073,249
"53381",328,80,3.50746213882911,248
"53382",328,81,2.47845733461014,247
"53383",328,82,3.43673976000387,246
"53384",328,83,4.52624292619779,245
"53385",328,84,3.25299153626691,244
"53386",328,85,3.63339706183859,243
"53387",328,86,2.76264846881672,242
"53388",328,87,4.28605277875945,241
"53389",328,88,3.76996109169657,240
"53390",328,89,2.06291948416186,239
"53391",328,90,5.17817565245348,238
"53392",328,91,3.69208763096482,237
"53393",328,92,2.10108996345935,236
"53394",328,93,0.770779312218708,235
"53395",328,94,6.69388260518921,234
"53396",328,95,3.95565817223823,233
"53397",328,96,2.04100304997423,232
"53398",328,97,1.51417583440692,231
"53399",328,98,3.55908325111361,230
"53400",328,99,3.20223492827733,229
"53401",328,100,3.30424619110262,228
"53402",328,101,6.59698405823551,227
"53403",328,102,4.81904864478456,226
"53404",328,103,3.6949869148702,225
"53405",328,104,2.39899793841659,224
"53406",328,105,2.82291034188475,223
"53407",328,106,5.47883679307658,222
"53408",328,107,3.54018375222367,221
"53409",328,108,2.415357647457,220
"53410",328,109,2.98088316352043,219
"53411",328,110,4.81768124920161,218
"53412",328,111,4.4562585533941,217
"53413",328,112,2.78966667181454,216
"53414",328,113,4.48197442174988,215
"53415",328,114,5.26842999337466,214
"53416",328,115,5.35375766272074,213
"53417",328,116,7.21834070189483,212
"53418",328,117,7.41011734597997,211
"53419",328,118,6.68585723636586,210
"53420",328,119,3.78630363110524,209
"53421",328,120,2.81627172397519,208
"53422",328,121,3.56979785071959,207
"53423",328,122,4.27520848927478,206
"53424",328,123,6.99960604224073,205
"53425",328,124,3.93803043262893,204
"53426",328,125,3.60573878754857,203
"53427",328,126,2.87322861800858,202
"53428",328,127,2.632658805765,201
"53429",328,128,4.36227470289797,200
"53430",328,129,3.09383505825863,199
"53431",328,130,3.74465194933506,198
"53432",328,131,3.94058039949134,197
"53433",328,132,4.30539369957557,196
"53434",328,133,4.43841929493227,195
"53435",328,134,5.2078953716676,194
"53436",328,135,5.22935066211455,193
"53437",328,136,5.29453063601604,192
"53438",328,137,6.32316458627105,191
"53439",328,138,5.35017980700972,190
"53440",328,139,5.11064360268403,189
"53441",328,140,4.47779271770591,188
"53442",328,141,4.67273194050271,187
"53443",328,142,5.18815105089283,186
"53444",328,143,6.48941698609534,185
"53445",328,144,5.9344600509032,184
"53446",328,145,5.47790147615288,183
"53447",328,146,6.29800057133064,182
"53448",328,147,6.35788816726229,181
"53449",328,148,6.29239344933197,180
"53450",328,149,6.73811242821389,179
"53451",328,150,6.68855551143655,178
"53452",328,151,7.58705775942959,177
"53453",328,152,7.56978483788484,176
"53454",328,153,8.09070626132648,175
"53455",328,154,6.2413561473895,174
"53456",328,155,5.1476941298457,173
"53457",328,156,5.40831574883679,172
"53458",328,157,5.3636052793254,171
"53459",328,158,5.63148339149533,170
"53460",328,159,7.19121360779653,169
"53461",328,160,7.19831731320084,168
"53462",328,161,6.60154398297219,167
"53463",328,162,6.30022838520497,166
"53464",328,163,6.19753236800104,165
"53465",328,164,6.23463328505812,164
"53466",328,165,5.50191751668653,163
"53467",328,166,4.35425067195526,162
"53468",328,167,5.40521120731435,161
"53469",328,168,5.62037412919914,160
"53470",328,169,6.26199259977006,159
"53471",328,170,6.49680104154106,158
"53472",328,171,5.43903854986248,157
"53473",328,172,6.24768206328097,156
"53474",328,173,6.83908415056992,155
"53475",328,174,7.6765575637615,154
"53476",328,175,5.92246548144086,153
"53477",328,176,5.80483483823702,152
"53478",328,177,5.89886646191318,151
"53479",328,178,6.2109852846292,150
"53480",328,179,6.55840483674986,149
"53481",328,180,6.58844816890244,148
"53482",328,181,5.70784162641051,147
"53483",328,182,6.83922830276761,146
"53484",328,183,6.62144177972763,145
"53485",328,184,6.95834112048175,144
"53486",328,185,6.91815327089131,143
"53487",328,186,6.56586671499291,142
"53488",328,187,7.09644365366947,141
"53489",328,188,6.37819804172937,140
"53490",328,189,7.45077169065654,139
"53491",328,190,5.59420385110582,138
"53492",328,191,6.04888653900148,137
"53493",328,192,8.42808973525868,136
"53494",328,193,7.01341867407181,135
"53495",328,194,6.46149442601915,134
"53496",328,195,6.11101108360559,133
"53497",328,196,4.96083873590469,132
"53498",328,197,5.49742315479375,131
"53499",328,198,6.66442969366919,130
"53500",328,199,7.20659979549828,129
"53501",328,200,7.8214867635117,128
"53502",328,201,8.40954606439974,127
"53503",328,202,9.73208852738871,126
"53504",328,203,8.97827061760406,125
"53505",328,204,8.47266653327026,124
"53506",328,205,7.54026342615153,123
"53507",328,206,8.58486650970402,122
"53508",328,207,6.25072240693676,121
"53509",328,208,6.84734120341689,120
"53510",328,209,6.90379485115933,119
"53511",328,210,7.48101681346078,118
"53512",328,211,6.90314145908569,117
"53513",328,212,6.84102893684028,116
"53514",328,213,6.02717226203065,115
"53515",328,214,6.83611656301022,114
"53516",328,215,6.60416055137381,113
"53517",328,216,6.9828921191053,112
"53518",328,217,5.82326635744916,111
"53519",328,218,7.57251789725791,110
"53520",328,219,7.90587985337705,109
"53521",328,220,6.49010610363223,108
"53522",328,221,6.60171960334266,107
"53523",328,222,6.82190922076613,106
"53524",328,223,5.83416644959214,105
"53525",328,224,6.44728079159943,104
"53526",328,225,6.64487616175264,103
"53527",328,226,6.9998325712756,102
"53528",328,227,5.96713790139509,101
"53529",328,228,5.95116883177661,100
"53530",328,229,5.71146220215754,99
"53531",328,230,6.71498515613462,98
"53532",328,231,6.1654249302085,97
"53533",328,232,6.571110118245,96
"53534",328,233,7.92885204879428,95
"53535",328,234,6.67828134335848,94
"53536",328,235,5.04813835655128,93
"53537",328,236,6.0795625599808,92
"53538",328,237,6.91965771363134,91
"53539",328,238,7.61402179039376,90
"53540",328,239,9.40641516847932,89
"53541",328,240,6.7661590247581,88
"53542",328,241,4.31799425583099,87
"53543",328,242,4.50449746567054,86
"53544",328,243,5.66034813829279,85
"53545",328,244,5.24485061703809,84
"53546",328,245,5.68049230186714,83
"53547",328,246,5.99353367179769,82
"53548",328,247,7.01180694538491,81
"53549",328,248,6.71087134030633,80
"53550",328,249,7.10435916695269,79
"53551",328,250,6.43948642674527,78
"53552",328,251,6.20527442546515,77
"53553",328,252,6.57170339729512,76
"53554",328,253,5.73791294853701,75
"53555",328,254,5.99292444697894,74
"53556",328,255,6.06170806768533,73
"53557",328,256,5.53578387498467,72
"53558",328,257,5.51537553865136,71
"53559",328,258,5.64589945390844,70
"53560",328,259,1.89940401609271,69
"53561",328,260,3.31246210196131,68
"53562",328,261,3.22370631042442,67
"53563",328,262,3.94252900254233,66
"53564",328,263,5.491801072667,65
"53565",328,264,6.44467163913571,64
"53566",328,265,6.12484399454991,63
"53567",328,266,6.66189917366126,62
"53568",328,267,6.6735454944869,61
"53569",328,268,7.0662511991997,60
"53570",328,269,6.59564883847612,59
"53571",328,270,6.48984926393773,58
"53572",328,271,5.85846230734447,57
"53573",328,272,4.67102201610683,56
"53574",328,273,4.23311968213134,55
"53575",328,274,3.71871234719085,54
"53576",328,275,2.8243331294216,53
"53577",328,276,2.8627704943845,52
"53578",328,277,3.36639223523816,51
"53579",328,278,3.54148796652972,50
"53580",328,279,2.82074768854469,49
"53581",328,280,5.13655434066599,48
"53582",328,281,5.1091522837986,47
"53583",328,282,5.24178836180023,46
"53584",328,283,5.89539615272077,45
"53585",328,284,5.14581005942417,44
"53586",328,285,6.0329462766488,43
"53587",328,286,5.85461874376363,42
"53588",328,287,4.65245636312216,41
"53589",328,288,3.86661053873559,40
"53590",328,289,4.23026780296534,39
"53591",328,290,2.76610892492644,38
"53592",328,291,4.43914896313618,37
"53593",328,292,5.82745466549231,36
"53594",328,293,5.57272362118396,35
"53595",328,294,1.77999983607977,34
"53596",328,295,2.4506556964295,33
"53597",328,296,3.05902022866118,32
"53598",328,297,3.63274872473143,31
"53599",328,298,2.11947211114572,30
"53600",328,299,3.17755723512204,29
"53601",328,300,3.67211133743742,28
"53602",328,301,2.00858001412422,27
"53603",328,302,7.203499412701,26
"53604",328,303,1.53126987206818,25
"53605",328,304,2.1207437204566,24
"53606",328,305,1.75491591481273,23
"53607",328,306,2.56216676507687,22
"53608",328,307,2.01891454544655,21
"53609",328,308,2.40120035024036,20
"53610",328,309,1.34852833398498,19
"53611",328,310,2.40490693897088,18
"53612",328,311,3.3452919513477,17
"53613",328,312,3.14447578842453,16
"53614",328,313,3.42368642117858,15
"53615",328,314,2.08122897303707,14
"53616",328,315,3.77514217609286,13
"53617",328,316,0.865477031146758,12
"53618",328,317,3.13072452567701,11
"53619",328,318,4.76983844730679,10
"53620",328,319,3.75957105258293,9
"53621",328,320,4.36958943168056,8
"53622",328,321,2.84990988861677,7
"53623",328,322,2.72403282417681,6
"53624",328,323,1.91304635848609,5
"53625",328,324,2.655905244767,4
"53626",328,325,4.0961318930852,3
"53627",328,326,4.28441566548824,2
"53628",328,327,4.62689177962962,1
"53629",329,1,2.19305979996097,328
"53630",329,2,2.77660381946409,327
"53631",329,3,6.72990255613195,326
"53632",329,4,4.15188769594902,325
"53633",329,5,5.22501574757916,324
"53634",329,6,3.58522561123276,323
"53635",329,7,4.93661726785278,322
"53636",329,8,6.79026545553841,321
"53637",329,9,9.52995745123844,320
"53638",329,10,6.78175379826758,319
"53639",329,11,3.95066777988166,318
"53640",329,12,6.88548817633444,317
"53641",329,13,7.87684195086944,316
"53642",329,14,4.48794356598016,315
"53643",329,15,4.0984423841449,314
"53644",329,16,4.84246368292775,313
"53645",329,17,5.5744723388721,312
"53646",329,18,4.72352756340194,311
"53647",329,19,3.5433252007608,310
"53648",329,20,4.20249219401422,309
"53649",329,21,8.52243017616929,308
"53650",329,22,7.94817914343714,307
"53651",329,23,8.32196949324397,306
"53652",329,24,6.46352394229937,305
"53653",329,25,3.17881982192993,304
"53654",329,26,7.15247263888628,303
"53655",329,27,3.3487048757343,302
"53656",329,28,4.11706845536831,301
"53657",329,29,3.65290546504627,300
"53658",329,30,3.16739317732857,299
"53659",329,31,4.87188297488531,298
"53660",329,32,4.44010364335802,297
"53661",329,33,5.27985084489408,296
"53662",329,34,7.31392847459421,295
"53663",329,35,3.4722834104378,294
"53664",329,36,5.17278911709356,293
"53665",329,37,2.64643970600878,292
"53666",329,38,2.69993963948731,291
"53667",329,39,7.37414964558228,290
"53668",329,40,6.37158595272834,289
"53669",329,41,7.09431004348455,288
"53670",329,42,4.01946202274688,287
"53671",329,43,4.6529497507483,286
"53672",329,44,4.36458683750561,285
"53673",329,45,6.26426641621501,284
"53674",329,46,6.96376533221744,283
"53675",329,47,4.61494019765956,282
"53676",329,48,3.4919187067688,281
"53677",329,49,5.34693166272696,280
"53678",329,50,8.56891067370191,279
"53679",329,51,5.03945284171234,278
"53680",329,52,4.69442403174091,277
"53681",329,53,5.16077786967051,276
"53682",329,54,3.94397399893273,275
"53683",329,55,3.95776094445801,274
"53684",329,56,4.21754838428856,273
"53685",329,57,3.60162800483969,272
"53686",329,58,1.11171316317857,271
"53687",329,59,4.39074017760481,270
"53688",329,60,4.33490675245878,269
"53689",329,61,5.09951278650103,268
"53690",329,62,7.04556745634174,267
"53691",329,63,3.8034852046015,266
"53692",329,64,3.00078163196677,265
"53693",329,65,5.48187131340582,264
"53694",329,66,6.30168952158884,263
"53695",329,67,3.17236743381715,262
"53696",329,68,4.13355627087739,261
"53697",329,69,6.53636073141763,260
"53698",329,70,3.12738645857319,259
"53699",329,71,2.89153533622429,258
"53700",329,72,3.02574662927604,257
"53701",329,73,2.34631192942472,256
"53702",329,74,2.30128804465482,255
"53703",329,75,2.49223816680964,254
"53704",329,76,2.24107444534622,253
"53705",329,77,5.11545085459591,252
"53706",329,78,6.80632759861514,251
"53707",329,79,3.53411611117872,250
"53708",329,80,3.61556833995826,249
"53709",329,81,2.84428152069869,248
"53710",329,82,3.8362537660907,247
"53711",329,83,4.92575693228461,246
"53712",329,84,4.92426117293833,245
"53713",329,85,5.30466669851001,244
"53714",329,86,4.43391810548814,243
"53715",329,87,5.95732241543087,242
"53716",329,88,5.44123072836799,241
"53717",329,89,2.46243349024869,240
"53718",329,90,5.5776896585403,239
"53719",329,91,4.09160163705165,238
"53720",329,92,2.50060396954617,237
"53721",329,93,2.21830461474214,236
"53722",329,94,8.07374443690295,235
"53723",329,95,4.08617872516616,234
"53724",329,96,3.42086488168798,233
"53725",329,97,2.04147171176217,232
"53726",329,98,3.95859725720043,231
"53727",329,99,2.71162142705693,230
"53728",329,100,2.87816143879475,229
"53729",329,101,6.70509025936466,228
"53730",329,102,4.92715484591371,227
"53731",329,103,3.80309311599934,226
"53732",329,104,2.3065247295524,225
"53733",329,105,2.9310165430139,224
"53734",329,106,5.58694299420573,223
"53735",329,107,4.92004558393742,222
"53736",329,108,3.69801581782809,221
"53737",329,109,2.84622731720215,220
"53738",329,110,5.32355815774736,219
"53739",329,111,5.83612038510785,218
"53740",329,112,3.18918067790137,217
"53741",329,113,4.59008062287903,216
"53742",329,114,5.37653619450381,215
"53743",329,115,5.46186386384989,214
"53744",329,116,7.32644690302398,213
"53745",329,117,7.51822354710912,212
"53746",329,118,6.79396343749501,211
"53747",329,119,5.16616546281899,210
"53748",329,120,4.19613355568894,209
"53749",329,121,2.09252456058973,208
"53750",329,122,4.38331469040393,207
"53751",329,123,7.10771224336988,206
"53752",329,124,4.04613663375808,205
"53753",329,125,4.98560061926232,204
"53754",329,126,3.7040531209882,203
"53755",329,127,3.83424022676358,202
"53756",329,128,2.85347214048253,201
"53757",329,129,3.94146696360685,200
"53758",329,130,3.7814801588638,199
"53759",329,131,2.98061406871577,198
"53760",329,132,4.41349990070472,197
"53761",329,133,4.54652549606142,196
"53762",329,134,4.47443687943835,195
"53763",329,135,4.96484716328824,194
"53764",329,136,4.35092807635642,193
"53765",329,137,6.4312707874002,192
"53766",329,138,5.45828600813887,191
"53767",329,139,3.68172503731628,190
"53768",329,140,3.48586144443252,189
"53769",329,141,3.79701071075692,188
"53770",329,142,4.7943461336736,187
"53771",329,143,6.59752318722448,186
"53772",329,144,6.04256625203235,185
"53773",329,145,5.24601595734361,184
"53774",329,146,6.40610677245979,183
"53775",329,147,6.46599436839144,182
"53776",329,148,6.40049965046112,181
"53777",329,149,6.84621862934304,180
"53778",329,150,5.85820549164472,179
"53779",329,151,6.33442739706752,178
"53780",329,152,7.67789103901399,177
"53781",329,153,9.47056809304023,176
"53782",329,154,7.62121797910325,175
"53783",329,155,5.37885162861474,174
"53784",329,156,4.7721909736919,173
"53785",329,157,4.87885633958104,172
"53786",329,158,6.35585653083308,171
"53787",329,159,6.79765071921274,170
"53788",329,160,7.86733439066423,169
"53789",329,161,6.5348814394615,168
"53790",329,162,6.08439174492083,167
"53791",329,163,6.20843490778753,166
"53792",329,164,7.61449511677187,165
"53793",329,165,6.88177934840028,164
"53794",329,166,5.734112503669,163
"53795",329,167,5.5133174084435,162
"53796",329,168,5.09705970440027,161
"53797",329,169,5.12426884005685,160
"53798",329,170,4.9062752115434,159
"53799",329,171,5.23945887729019,158
"53800",329,172,6.35578826441012,157
"53801",329,173,6.94719035169907,156
"53802",329,174,7.78466376489065,155
"53803",329,175,6.97739316464265,154
"53804",329,176,7.18469666995077,153
"53805",329,177,5.49935245582636,152
"53806",329,178,4.7658097515496,151
"53807",329,179,6.19656066148679,150
"53808",329,180,7.96831000061619,149
"53809",329,181,7.08770345812426,148
"53810",329,182,6.53627288154464,147
"53811",329,183,6.64242919991794,146
"53812",329,184,7.0664473216109,145
"53813",329,185,5.32531369663279,144
"53814",329,186,6.3234306738218,143
"53815",329,187,6.75140963958577,142
"53816",329,188,6.27550989671967,141
"53817",329,189,7.55887789178569,140
"53818",329,190,6.16731036912603,139
"53819",329,191,7.0365846127288,138
"53820",329,192,8.6426473000297,137
"53821",329,193,8.25882128683664,136
"53822",329,194,6.18138567992037,135
"53823",329,195,7.49087291531933,134
"53824",329,196,5.77485583651568,133
"53825",329,197,6.39547726724783,132
"53826",329,198,7.30476582116386,131
"53827",329,199,7.31470599662743,130
"53828",329,200,6.97487977600802,129
"53829",329,201,7.12639397432346,128
"53830",329,202,9.84019472851786,127
"53831",329,203,9.04826207231697,126
"53832",329,204,8.91396809946966,125
"53833",329,205,8.89772435198839,124
"53834",329,206,6.9135968730326,123
"53835",329,207,7.63058423865051,122
"53836",329,208,8.22720303513064,121
"53837",329,209,7.82426331541219,120
"53838",329,210,8.86087864517453,119
"53839",329,211,8.28300329079944,118
"53840",329,212,8.1560969980417,117
"53841",329,213,7.10925316040304,116
"53842",329,214,8.21597839472397,115
"53843",329,215,5.88716711604312,114
"53844",329,216,7.09099832023445,113
"53845",329,217,6.10505353169464,112
"53846",329,218,7.68062409838706,111
"53847",329,219,8.0139860545062,110
"53848",329,220,7.29292275130478,109
"53849",329,221,7.27491718122072,108
"53850",329,222,8.20177105247988,107
"53851",329,223,7.14879232127181,106
"53852",329,224,6.74291992710072,105
"53853",329,225,6.75298236288179,104
"53854",329,226,7.10793877240475,103
"53855",329,227,6.07524410252424,102
"53856",329,228,6.93886690550393,101
"53857",329,229,6.1235430708426,100
"53858",329,230,6.82309135726377,99
"53859",329,231,5.5453230224404,98
"53860",329,232,5.04475379119953,97
"53861",329,233,8.03695824992342,96
"53862",329,234,8.05814317507223,95
"53863",329,235,5.89370519023465,94
"53864",329,236,6.70869823453703,93
"53865",329,237,7.02776391476049,92
"53866",329,238,5.94275215372233,91
"53867",329,239,9.51452136960847,90
"53868",329,240,7.97662913244,89
"53869",329,241,5.43049559613499,88
"53870",329,242,4.78419176724005,87
"53871",329,243,4.60534543982996,86
"53872",329,244,4.75108710638159,85
"53873",329,245,5.07654331721753,84
"53874",329,246,6.10163987292684,83
"53875",329,247,7.11991314651406,82
"53876",329,248,6.81897754143548,81
"53877",329,249,7.21246536808184,80
"53878",329,250,4.76821679007385,79
"53879",329,251,6.3133806265943,78
"53880",329,252,5.56328105597483,77
"53881",329,253,5.48977046201589,76
"53882",329,254,4.74194814739795,75
"53883",329,255,4.39043843101391,74
"53884",329,256,4.98060579347058,73
"53885",329,257,5.62337769518715,72
"53886",329,258,5.75400565503759,71
"53887",329,259,2.64344077567629,70
"53888",329,260,3.42056830309045,69
"53889",329,261,3.33181251155357,68
"53890",329,262,3.64584971322074,67
"53891",329,263,4.75844662503111,66
"53892",329,264,4.77340200246428,65
"53893",329,265,5.21385941490733,64
"53894",329,266,4.99062953698983,63
"53895",329,267,5.00227585781548,62
"53896",329,268,5.39498156252828,61
"53897",329,269,5.23141999902733,60
"53898",329,270,5.31994971372924,59
"53899",329,271,5.48081031324373,58
"53900",329,272,4.77912821723598,57
"53901",329,273,4.34122588326049,56
"53902",329,274,3.82681854832,55
"53903",329,275,3.22384713550842,54
"53904",329,276,1.19150085771308,53
"53905",329,277,3.47449843636731,52
"53906",329,278,3.64959416765887,51
"53907",329,279,2.39553343297405,50
"53908",329,280,3.46528470399456,49
"53909",329,281,3.43788264712718,48
"53910",329,282,3.57051872512881,47
"53911",329,283,4.22412651604935,46
"53912",329,284,4.62283377955371,45
"53913",329,285,6.14105247777795,44
"53914",329,286,5.29899847272779,43
"53915",329,287,4.76056256425131,42
"53916",329,288,5.24647237044934,41
"53917",329,289,5.61012963467909,40
"53918",329,290,3.73699959628514,39
"53919",329,291,3.05897528975562,38
"53920",329,292,5.93556086662146,37
"53921",329,293,5.7816742365248,36
"53922",329,294,2.82371362042121,35
"53923",329,295,0.975467938751296,34
"53924",329,296,1.40379166717038,33
"53925",329,297,2.47900209764143,32
"53926",329,298,2.4908940012842,31
"53927",329,299,2.8002433859497,30
"53928",329,300,3.78021753856657,29
"53929",329,301,3.18684147859752,28
"53930",329,302,7.60301341878782,27
"53931",329,303,2.19970231605285,26
"53932",329,304,0.934774190691058,25
"53933",329,305,1.03761034570197,24
"53934",329,306,0.890897128405442,23
"53935",329,307,1.33401886716613,22
"53936",329,308,2.79503239163597,21
"53937",329,309,3.0197979706564,20
"53938",329,310,1.02504510725713,19
"53939",329,311,1.67402231467627,18
"53940",329,312,1.4732061517531,17
"53941",329,313,1.75241678450716,16
"53942",329,314,2.43632105763645,15
"53943",329,315,5.44641181276429,14
"53944",329,316,2.48632446071234,13
"53945",329,317,4.51058635739076,12
"53946",329,318,5.6398847044538,11
"53947",329,319,3.86767725371208,10
"53948",329,320,3.6850058871802,9
"53949",329,321,4.16263057203899,8
"53950",329,322,4.39530246084823,7
"53951",329,323,3.58431599515751,6
"53952",329,324,2.76401144589615,5
"53953",329,325,3.44341200530005,4
"53954",329,326,3.13066903839824,3
"53955",329,327,4.73499798075877,2
"53956",329,328,1.67126963667142,1
"53957",330,1,2.41295704464685,329
"53958",330,2,2.99650106414996,328
"53959",330,3,7.45962882130646,327
"53960",330,4,4.88161396112353,326
"53961",330,5,5.95474201275367,325
"53962",330,6,4.07225225571585,324
"53963",330,7,5.66634353302729,323
"53964",330,8,7.51999172071291,322
"53965",330,9,10.2596837164129,321
"53966",330,10,7.51148006344208,320
"53967",330,11,4.17056502456753,319
"53968",330,12,7.61521444150894,318
"53969",330,13,8.60656821604394,317
"53970",330,14,5.21766983115467,316
"53971",330,15,4.82816864931941,315
"53972",330,16,5.57218994810225,314
"53973",330,17,6.30419860404661,313
"53974",330,18,4.94342480808781,312
"53975",330,19,3.76322244544667,311
"53976",330,20,4.93221845918873,310
"53977",330,21,9.25215644134379,309
"53978",330,22,8.67790540861164,308
"53979",330,23,9.05169575841848,307
"53980",330,24,7.19325020747387,306
"53981",330,25,3.90854608710444,305
"53982",330,26,7.37236988357215,304
"53983",330,27,3.56860212042017,303
"53984",330,28,4.33696570005418,302
"53985",330,29,4.27521226020248,301
"53986",330,30,2.73926948121651,300
"53987",330,31,5.60160924005982,299
"53988",330,32,3.86731114241438,298
"53989",330,33,5.49974808957995,297
"53990",330,34,8.04365473976871,296
"53991",330,35,4.2020096756123,295
"53992",330,36,5.39268636177943,294
"53993",330,37,3.37616597118329,293
"53994",330,38,2.12714713854368,292
"53995",330,39,8.10387591075678,291
"53996",330,40,7.10131221790284,290
"53997",330,41,7.82403630865905,289
"53998",330,42,4.74918828792138,288
"53999",330,43,5.3826760159228,287
"54000",330,44,5.09431310268011,286
"54001",330,45,6.83705891715864,285
"54002",330,46,7.69349159739194,284
"54003",330,47,5.34466646283406,283
"54004",330,48,4.06471120771243,282
"54005",330,49,5.9197241636706,281
"54006",330,50,9.14170317464555,280
"54007",330,51,5.76917910688684,279
"54008",330,52,5.42415029691541,278
"54009",330,53,5.89050413484501,277
"54010",330,54,4.54929414383171,276
"54011",330,55,4.17765818914388,275
"54012",330,56,4.43744562897443,274
"54013",330,57,4.3313542700142,273
"54014",330,58,1.35402475966323,272
"54015",330,59,4.45370365805981,271
"54016",330,60,5.06463301763328,270
"54017",330,61,5.82923905167554,269
"54018",330,62,7.77529372151624,268
"54019",330,63,4.53321146977601,267
"54020",330,64,3.22067887665264,266
"54021",330,65,5.70176855809169,265
"54022",330,66,7.03141578676334,264
"54023",330,67,3.90209369899165,263
"54024",330,68,4.35345351556326,262
"54025",330,69,7.10915323236127,261
"54026",330,70,3.77892468792889,260
"54027",330,71,3.62126160139879,259
"54028",330,72,3.75547289445054,258
"54029",330,73,3.07603819459922,257
"54030",330,74,2.87098094743631,256
"54031",330,75,2.71213541149551,255
"54032",330,76,2.81386694628985,254
"54033",330,77,5.68824335553955,253
"54034",330,78,7.37912009955878,252
"54035",330,79,4.26384237635322,251
"54036",330,80,3.67853182041327,250
"54037",330,81,3.41707402164233,249
"54038",330,82,4.05615101077657,248
"54039",330,83,5.14565417697048,247
"54040",330,84,5.65398743811284,246
"54041",330,85,6.03439296368452,245
"54042",330,86,5.16364437066265,244
"54043",330,87,6.68704868060538,243
"54044",330,88,6.1709569935425,242
"54045",330,89,3.15293800125579,241
"54046",330,90,5.79758690322617,240
"54047",330,91,4.31149888173752,239
"54048",330,92,3.09587101577175,238
"54049",330,93,2.94803087991664,237
"54050",330,94,8.64653693784659,236
"54051",330,95,4.6589712261098,235
"54052",330,96,3.99365738263161,234
"54053",330,97,2.6142642127058,233
"54054",330,98,4.1784945018863,232
"54055",330,99,2.93151867174281,231
"54056",330,100,2.94112491924976,230
"54057",330,101,6.76805373981966,229
"54058",330,102,4.99011832636871,228
"54059",330,103,3.86605659645435,227
"54060",330,104,2.87931723049603,226
"54061",330,105,3.134046191848,225
"54062",330,106,5.64990647466073,224
"54063",330,107,5.49283808488106,223
"54064",330,108,4.27080831877173,222
"54065",330,109,3.12209352494088,221
"54066",330,110,5.89635065869099,220
"54067",330,111,6.40891288605148,219
"54068",330,112,3.40907792258724,218
"54069",330,113,4.65304410333403,217
"54070",330,114,5.43949967495882,216
"54071",330,115,5.52482734430489,215
"54072",330,116,7.38941038347899,214
"54073",330,117,7.58118702756412,213
"54074",330,118,6.85692691795001,212
"54075",330,119,5.73895796376263,211
"54076",330,120,4.76892605663257,210
"54077",330,121,2.15548804104473,209
"54078",330,122,4.44627817085893,208
"54079",330,123,7.17067572382488,207
"54080",330,124,4.10910011421308,206
"54081",330,125,5.55839312020595,205
"54082",330,126,4.27684562193183,204
"54083",330,127,4.40703272770722,203
"54084",330,128,2.79527840167541,202
"54085",330,129,4.51425946455049,201
"54086",330,130,4.35427265980743,200
"54087",330,131,3.5534065696594,199
"54088",330,132,4.47646338115972,198
"54089",330,133,4.60948897651642,197
"54090",330,134,4.53740035989335,196
"54091",330,135,5.02781064374324,195
"54092",330,136,4.41389155681142,194
"54093",330,137,6.4942342678552,193
"54094",330,138,5.52124948859387,192
"54095",330,139,3.74468851777128,191
"54096",330,140,3.54882492488752,190
"54097",330,141,4.36980321170056,189
"54098",330,142,4.8573096141286,188
"54099",330,143,6.66048666767949,187
"54100",330,144,6.10552973248735,186
"54101",330,145,5.30897943779862,185
"54102",330,146,6.52509940945081,184
"54103",330,147,6.90432765038615,183
"54104",330,148,6.46346313091613,182
"54105",330,149,6.90918210979804,181
"54106",330,150,5.92116897209972,180
"54107",330,151,6.90721989801116,179
"54108",330,152,7.80249062543518,178
"54109",330,153,10.0433605939839,177
"54110",330,154,8.19401048004688,176
"54111",330,155,5.95164412955837,175
"54112",330,156,5.22733165805522,174
"54113",330,157,5.45164884052467,173
"54114",330,158,6.92864903177671,172
"54115",330,159,7.37044322015637,171
"54116",330,160,8.44012689160787,170
"54117",330,161,7.10767394040513,169
"54118",330,162,6.5115245739771,168
"54119",330,163,6.27139838824253,167
"54120",330,164,8.18728761771551,166
"54121",330,165,7.45457184934391,165
"54122",330,166,6.30690500461264,164
"54123",330,167,5.5762808888985,163
"54124",330,168,5.16002318485527,162
"54125",330,169,5.33849894182939,161
"54126",330,170,5.17092752042179,160
"54127",330,171,5.30242235774519,159
"54128",330,172,6.41875174486513,158
"54129",330,173,7.01015383215407,157
"54130",330,174,7.84762724534566,156
"54131",330,175,7.55018566558628,155
"54132",330,176,7.7574891708944,154
"54133",330,177,5.95867132214133,153
"54134",330,178,5.14252037350002,152
"54135",330,179,6.76935316243042,151
"54136",330,180,8.54110250155983,150
"54137",330,181,7.66049595906789,149
"54138",330,182,7.10906538248828,148
"54139",330,183,7.21522170086157,147
"54140",330,184,7.1294108020659,146
"54141",330,185,5.44508043141627,145
"54142",330,186,6.89622317476543,144
"54143",330,187,6.81437312004077,143
"54144",330,188,6.74745798345161,142
"54145",330,189,7.6218413722407,141
"54146",330,190,6.74010287006967,140
"54147",330,191,7.60937711367244,139
"54148",330,192,9.21543980097333,138
"54149",330,193,8.83161378778027,137
"54150",330,194,6.754178180864,136
"54151",330,195,8.06366541626297,135
"54152",330,196,6.34764833745932,134
"54153",330,197,6.96826976819146,133
"54154",330,198,7.8775583221075,132
"54155",330,199,7.78665408335937,131
"54156",330,200,7.45802831567841,130
"54157",330,201,7.18935745477847,129
"54158",330,202,9.90315820897286,128
"54159",330,203,9.6210545732606,127
"54160",330,204,9.4867606004133,126
"54161",330,205,9.47051685293203,125
"54162",330,206,6.76619519129634,124
"54163",330,207,8.20337673959414,123
"54164",330,208,8.79999553607427,122
"54165",330,209,8.39705581635583,121
"54166",330,210,9.43367114611816,120
"54167",330,211,8.85579579174307,119
"54168",330,212,8.72888949898534,118
"54169",330,213,7.68204566134667,117
"54170",330,214,8.78877089566761,116
"54171",330,215,6.27507819093199,115
"54172",330,216,7.15396180068945,114
"54173",330,217,6.67784603263827,113
"54174",330,218,7.74358757884206,112
"54175",330,219,8.07694953496121,111
"54176",330,220,7.86571525224841,110
"54177",330,221,7.84770968216435,109
"54178",330,222,8.77456355342351,108
"54179",330,223,7.72158482221544,107
"54180",330,224,7.31571242804435,106
"54181",330,225,6.81594584333679,105
"54182",330,226,7.17090225285976,104
"54183",330,227,6.13820758297924,103
"54184",330,228,7.51165940644756,102
"54185",330,229,6.69633557178624,101
"54186",330,230,7.25022418632004,100
"54187",330,231,5.6082865028954,99
"54188",330,232,5.20856168586623,98
"54189",330,233,8.09992173037843,97
"54190",330,234,8.63093567601587,96
"54191",330,235,6.46649769117829,95
"54192",330,236,7.28149073548066,94
"54193",330,237,7.0907273952155,93
"54194",330,238,5.61728335268729,92
"54195",330,239,9.57748485006347,91
"54196",330,240,8.54942163338363,90
"54197",330,241,6.00328809707863,89
"54198",330,242,5.35698426818369,88
"54199",330,243,4.77333944474868,87
"54200",330,244,5.32387960732523,86
"54201",330,245,5.13950679767253,85
"54202",330,246,6.16460335338184,84
"54203",330,247,7.18287662696906,83
"54204",330,248,6.88194102189048,82
"54205",330,249,7.27542884853684,81
"54206",330,250,4.78240936739332,80
"54207",330,251,6.3763441070493,79
"54208",330,252,5.62624453642983,78
"54209",330,253,5.5527339424709,77
"54210",330,254,4.80491162785295,76
"54211",330,255,4.19373781983084,75
"54212",330,256,5.04356927392559,74
"54213",330,257,5.68634117564215,73
"54214",330,258,5.8169691354926,72
"54215",330,259,3.21623327661992,71
"54216",330,260,3.48353178354546,70
"54217",330,261,3.39477599200857,69
"54218",330,262,3.70881319367574,68
"54219",330,263,4.82141010548611,67
"54220",330,264,4.77155610571796,66
"54221",330,265,5.27682289536233,65
"54222",330,266,4.51960755207969,64
"54223",330,267,4.53168565796776,63
"54224",330,268,4.66525529735377,62
"54225",330,269,5.29438347948233,61
"54226",330,270,5.38291319418425,60
"54227",330,271,5.54377379369873,59
"54228",330,272,4.84209169769099,58
"54229",330,273,4.86359617709828,57
"54230",330,274,3.889782028775,56
"54231",330,275,3.4437443801943,55
"54232",330,276,0.849990981497404,54
"54233",330,277,3.53746191682231,53
"54234",330,278,4.16635751206649,52
"54235",330,279,2.96832593391769,51
"54236",330,280,2.73555843882006,50
"54237",330,281,2.70815638195267,49
"54238",330,282,2.8407924599543,48
"54239",330,283,3.49440025087485,47
"54240",330,284,4.68579726000871,46
"54241",330,285,6.20401595823295,45
"54242",330,286,5.36196195318279,44
"54243",330,287,4.82352604470631,43
"54244",330,288,5.81926487139297,42
"54245",330,289,6.18292213562273,41
"54246",330,290,4.30979209722878,40
"54247",330,291,3.12193877021062,39
"54248",330,292,5.99852434707646,38
"54249",330,293,6.35446673746844,37
"54250",330,294,3.39650612136484,36
"54251",330,295,1.38623439557678,35
"54252",330,296,1.46675514762539,34
"54253",330,297,2.54196557809643,33
"54254",330,298,3.06368650222783,32
"54255",330,299,2.86320686640471,31
"54256",330,300,3.84318101902157,30
"54257",330,301,3.91656774377203,29
"54258",330,302,7.82291066347369,28
"54259",330,303,2.92942858122735,27
"54260",330,304,1.15467143537693,26
"54261",330,305,1.10057382615697,25
"54262",330,306,0.516766671057892,24
"54263",330,307,1.39698234762113,23
"54264",330,308,3.36782489257961,22
"54265",330,309,3.74952423583091,21
"54266",330,310,1.06698447946724,20
"54267",330,311,0.944296049501768,19
"54268",330,312,0.75952096175923,18
"54269",330,313,1.02269051933266,17
"54270",330,314,2.65621830232232,16
"54271",330,315,6.17613807793879,15
"54272",330,316,3.21605072588684,14
"54273",330,317,5.0833788583344,13
"54274",330,318,6.21267720539743,12
"54275",330,319,3.93064073416708,11
"54276",330,320,3.74796936763521,10
"54277",330,321,4.8923568372135,9
"54278",330,322,5.12502872602273,8
"54279",330,323,4.31404226033202,7
"54280",330,324,2.82697492635115,6
"54281",330,325,3.50637548575506,5
"54282",330,326,3.19363251885324,4
"54283",330,327,4.79796146121377,3
"54284",330,328,2.40099590184593,2
"54285",330,329,0.729726265174504,1
"54286",331,1,2.99142893890567,330
"54287",331,2,2.34342371535892,329
"54288",331,3,7.00044166623976,328
"54289",331,4,5.68807726193347,327
"54290",331,5,6.06920472315417,326
"54291",331,6,6.7185048874584,325
"54292",331,7,6.25353285333988,324
"54293",331,8,7.06080456564621,323
"54294",331,9,9.80049656134625,322
"54295",331,10,7.05229290837538,321
"54296",331,11,5.90656229544485,320
"54297",331,12,7.15602728644224,319
"54298",331,13,8.14738106097724,318
"54299",331,14,6.90195736610749,317
"54300",331,15,5.69531595920411,316
"54301",331,16,5.64677756809915,315
"54302",331,17,6.23353997171881,314
"54303",331,18,5.87749511128842,313
"54304",331,19,3.09651465757161,312
"54305",331,20,4.81247678994533,311
"54306",331,21,8.79296928627709,310
"54307",331,22,9.18071456371268,309
"54308",331,23,8.59250860335178,308
"54309",331,24,8.05085142591818,307
"54310",331,25,5.50834941225235,306
"54311",331,26,6.68909299420518,305
"54312",331,27,5.50508729949649,304
"54313",331,28,5.88164771051164,303
"54314",331,29,5.47004801686128,302
"54315",331,30,5.56675369876531,301
"54316",331,31,5.70847669514535,300
"54317",331,32,6.83946416479476,299
"54318",331,33,4.81647120021298,298
"54319",331,34,7.58446758470201,297
"54320",331,35,5.85271681805954,296
"54321",331,36,5.9546931991397,295
"54322",331,37,4.66373147167045,294
"54323",331,38,5.09930016092406,293
"54324",331,39,7.64468875569008,292
"54325",331,40,7.16533931167413,291
"54326",331,41,7.36484915359235,290
"54327",331,42,6.90162447067863,289
"54328",331,43,5.06881314662582,288
"54329",331,44,4.63512594761341,287
"54330",331,45,5.9065374063415,286
"54331",331,46,7.23430444232524,285
"54332",331,47,4.88547930776736,284
"54333",331,48,2.05711801974196,283
"54334",331,49,2.94757114129022,282
"54335",331,50,8.45802539714986,281
"54336",331,51,5.30999195182014,280
"54337",331,52,4.96496314184871,279
"54338",331,53,5.77651092938452,278
"54339",331,54,7.07725327515838,277
"54340",331,55,3.5070473582019,276
"54341",331,56,3.75416873960746,275
"54342",331,57,4.45437464821822,274
"54343",331,58,3.07212678745669,273
"54344",331,59,3.23626204719054,272
"54345",331,60,4.60544586256658,271
"54346",331,61,5.37005189660884,270
"54347",331,62,7.31610656644954,269
"54348",331,63,4.21989483459414,268
"54349",331,64,2.53740198728566,267
"54350",331,65,5.01849166872471,266
"54351",331,66,6.57222863169664,265
"54352",331,67,5.73979498684761,264
"54353",331,68,3.67017662619629,263
"54354",331,69,6.6293187681872,262
"54355",331,70,3.31973753286219,261
"54356",331,71,3.16207444633209,260
"54357",331,72,3.29628573938384,259
"54358",331,73,4.49038203209043,258
"54359",331,74,3.05283854318304,257
"54360",331,75,2.18068559498299,256
"54361",331,76,1.45749912732541,255
"54362",331,77,2.71609033315917,254
"54363",331,78,4.4069670771784,253
"54364",331,79,3.83672696718845,252
"54365",331,80,2.11932571438815,251
"54366",331,81,0.983598987987368,250
"54367",331,82,3.37287412140959,249
"54368",331,83,4.46237728760351,248
"54369",331,84,5.19480028304614,247
"54370",331,85,5.57520580861782,246
"54371",331,86,5.34573606674442,245
"54372",331,87,6.22786152553867,244
"54373",331,88,5.7117698384758,243
"54374",331,89,3.63186892218167,242
"54375",331,90,5.1143100138592,241
"54376",331,91,3.79068906662653,240
"54377",331,92,2.94382350029137,239
"54378",331,93,3.18440784258181,238
"54379",331,94,5.67438391546621,237
"54380",331,95,3.72844971529265,236
"54381",331,96,3.44488009630902,235
"54382",331,97,1.64084489319762,234
"54383",331,98,3.49521761251933,233
"54384",331,99,4.22173361800032,232
"54385",331,100,2.39526488767522,231
"54386",331,101,3.57181098313901,230
"54387",331,102,1.79387556968806,229
"54388",331,103,2.0386131597194,228
"54389",331,104,2.46286357701087,227
"54390",331,105,0.6554029484246,226
"54391",331,106,3.5307353951334,225
"54392",331,107,2.87975633826804,224
"54393",331,108,2.47922328605128,223
"54394",331,109,1.4760668783252,222
"54395",331,110,2.92419763631061,221
"54396",331,111,3.50456548462955,220
"54397",331,112,2.72580103322026,219
"54398",331,113,1.65861902035517,218
"54399",331,114,2.67969797625741,217
"54400",331,115,2.94299392253858,216
"54401",331,116,4.19316762679833,215
"54402",331,117,4.38494427088347,214
"54403",331,118,3.66068416126936,213
"54404",331,119,2.76680494138225,212
"54405",331,120,1.79677303425219,211
"54406",331,121,1.89793223643531,210
"54407",331,122,1.91331969682151,209
"54408",331,123,3.99124036951285,208
"54409",331,124,2.73060238479891,207
"54410",331,125,3.0796077266338,206
"54411",331,126,1.30469259955145,205
"54412",331,127,2.69652444435928,204
"54413",331,128,3.31685178516363,203
"54414",331,129,2.39927782453187,202
"54415",331,130,3.80851758792934,201
"54416",331,131,2.87835007938839,200
"54417",331,132,1.7818976424924,199
"54418",331,133,2.17352607463494,198
"54419",331,134,3.26608662488837,197
"54420",331,135,3.28754191533533,196
"54421",331,136,3.35272188923681,195
"54422",331,137,3.29799151117455,194
"54423",331,138,2.51910192081847,193
"54424",331,139,3.16883485590481,192
"54425",331,140,2.53598397092668,191
"54426",331,141,3.69453863224284,190
"54427",331,142,3.2463423041136,189
"54428",331,143,3.46424391099883,188
"54429",331,144,2.95771973401382,187
"54430",331,145,3.56410058468072,186
"54431",331,146,3.79516220040273,185
"54432",331,147,3.93217462800578,184
"54433",331,148,3.26722037423547,183
"54434",331,149,3.71293935311739,182
"54435",331,150,4.92602124128192,181
"54436",331,151,6.47440523222079,180
"54437",331,152,4.87877036126193,179
"54438",331,153,7.07120757160349,178
"54439",331,154,5.22185745766651,177
"54440",331,155,5.21155976843998,176
"54441",331,156,4.08277394026616,175
"54442",331,157,4.74397437023662,174
"54443",331,158,4.50652775217177,173
"54444",331,159,6.27465640550284,172
"54445",331,160,7.00447841275762,171
"54446",331,161,5.91468346440895,170
"54447",331,162,4.94667872132728,169
"54448",331,163,4.25572362122182,168
"54449",331,164,5.21513459533513,167
"54450",331,165,4.48241882696353,166
"54451",331,166,4.40230153235945,165
"54452",331,167,2.57908303249239,164
"54453",331,168,3.67856538241991,163
"54454",331,169,4.69554020860864,162
"54455",331,170,4.98077085748549,161
"54456",331,171,3.49722980308325,160
"54457",331,172,4.20908583353251,159
"54458",331,173,4.76831213032618,158
"54459",331,174,4.651384488665,157
"54460",331,175,4.5780326432059,156
"54461",331,176,4.78533614851403,155
"54462",331,177,5.96273210050747,154
"54463",331,178,4.80701341364566,153
"54464",331,179,5.47936711427829,152
"54465",331,180,5.56894947917945,151
"54466",331,181,5.30329850571698,150
"54467",331,182,6.90309394136189,149
"54468",331,183,6.68530741832191,148
"54469",331,184,4.14605732674708,147
"54470",331,185,5.78869334131389,146
"54471",331,186,6.07508807542288,145
"54472",331,187,5.15463490689024,144
"54473",331,188,5.06946363552736,143
"54474",331,189,4.42559861556004,142
"54475",331,190,4.83549939781648,141
"54476",331,191,5.30006618441353,140
"54477",331,192,6.24328677859295,139
"54478",331,193,6.08575775594876,138
"54479",331,194,5.41607150828481,137
"54480",331,195,5.09151239388259,136
"54481",331,196,4.05493252084066,135
"54482",331,197,4.01203556859452,134
"54483",331,198,4.90540529972712,133
"54484",331,199,4.81450106097899,132
"54485",331,200,6.52395281024813,131
"54486",331,201,6.46773731762052,130
"54487",331,202,6.80215291707373,129
"54488",331,203,8.62195119698295,128
"54489",331,204,8.53653217186454,127
"54490",331,205,7.5331653449201,126
"54491",331,206,6.64305776292479,125
"54492",331,207,5.45741666316927,124
"54493",331,208,6.49089269600207,123
"54494",331,209,6.21759253960496,122
"54495",331,210,7.36712226430667,121
"54496",331,211,6.93493535177804,120
"54497",331,212,6.90489457543456,119
"54498",331,213,6.06863699474804,118
"54499",331,214,5.89735647773133,117
"54500",331,215,5.21138913332872,116
"54501",331,216,4.26475463900177,115
"54502",331,217,4.33667144666415,114
"54503",331,218,4.54734482216141,113
"54504",331,219,5.07493202292749,112
"54505",331,220,5.33000328784728,111
"54506",331,221,6.37985940167048,110
"54507",331,222,6.02860347699864,109
"54508",331,223,5.89803208818642,108
"54509",331,224,6.51114643019371,107
"54510",331,225,3.61970308665614,106
"54511",331,226,3.9746594961791,105
"54512",331,227,2.94196482629859,104
"54513",331,228,4.53950638406718,103
"54514",331,229,5.4223723910109,102
"54515",331,230,4.27807116393966,101
"54516",331,231,4.22361618342928,100
"54517",331,232,4.95423551997774,99
"54518",331,233,4.90367897369778,98
"54519",331,234,5.65878265363549,97
"54520",331,235,5.11200399514556,96
"54521",331,236,4.30933771310029,95
"54522",331,237,3.89448463853484,94
"54523",331,238,5.67221304361453,93
"54524",331,239,6.38124209338282,92
"54525",331,240,5.57726861100325,91
"54526",331,241,4.30903678144253,90
"54527",331,242,4.56836310426482,89
"54528",331,243,5.06872508451106,88
"54529",331,244,4.09858328509206,87
"54530",331,245,3.73868355508792,86
"54531",331,246,3.58297802080224,85
"54532",331,247,4.05132359620738,84
"54533",331,248,3.68569826520983,83
"54534",331,249,4.07918609185618,82
"54535",331,250,4.49767767996605,81
"54536",331,251,3.60163802034968,80
"54537",331,252,4.62989465051589,79
"54538",331,253,3.79610420175778,78
"54539",331,254,4.05111570019972,77
"54540",331,255,4.20271275385674,76
"54541",331,256,3.59397512820544,75
"54542",331,257,3.59037419424075,74
"54543",331,258,2.62072637881194,73
"54544",331,259,1.40862537652268,72
"54545",331,260,0.788757955691425,71
"54546",331,261,1.03593419403974,70
"54547",331,262,2.11276512291325,69
"54548",331,263,3.54999232588777,68
"54549",331,264,4.50286289235648,67
"54550",331,265,4.18303524777069,66
"54551",331,266,4.72009042688203,65
"54552",331,267,4.73173674770767,64
"54553",331,268,5.12444245242047,63
"54554",331,269,4.65384009169689,62
"54555",331,270,4.54804051715851,61
"54556",331,271,3.91665356056525,60
"54557",331,272,2.5840970727446,59
"54558",331,273,1.95592479145016,58
"54559",331,274,2.21941450641969,57
"54560",331,275,2.76046749082732,56
"54561",331,276,3.18662189361402,55
"54562",331,277,0.421853719992401,54
"54563",331,278,2.01886193662419,53
"54564",331,279,1.92099788861962,52
"54565",331,280,3.38522052344981,51
"54566",331,281,3.16734353701937,50
"54567",331,282,3.29997961502101,49
"54568",331,283,3.95358740594155,48
"54569",331,284,3.20400131264494,47
"54570",331,285,3.0077732015523,46
"54571",331,286,3.91280999698441,45
"54572",331,287,1.62728328802566,44
"54573",331,288,2.84711184901259,43
"54574",331,289,3.21076911324235,42
"54575",331,290,2.21096338032865,41
"54576",331,291,2.49734021635695,40
"54577",331,292,2.80228159039581,39
"54578",331,293,3.38231371508806,38
"54579",331,294,1.56880394664995,37
"54580",331,295,2.51591926058572,36
"54581",331,296,2.30654623901836,35
"54582",331,297,1.69093997795221,34
"54583",331,298,1.19170100999169,33
"54584",331,299,1.23574848834282,32
"54585",331,300,0.938029023402112,31
"54586",331,301,3.45738058870533,30
"54587",331,302,7.13963377410672,29
"54588",331,303,3.31136392999728,28
"54589",331,304,3.1402424101796,27
"54590",331,305,2.09566893052368,26
"54591",331,306,2.95400147295078,25
"54592",331,307,1.84968261616537,24
"54593",331,308,2.25812311925068,23
"54594",331,309,3.8077508435226,22
"54595",331,310,3.42440562869387,21
"54596",331,311,3.35552458487581,20
"54597",331,312,2.75046893641684,19
"54598",331,313,3.1422269494515,18
"54599",331,314,2.49022511997204,17
"54600",331,315,5.71695092287209,16
"54601",331,316,2.75686357082014,15
"54602",331,317,3.00854865000052,14
"54603",331,318,3.24052418301705,13
"54604",331,319,1.10570016067254,12
"54605",331,320,2.56324977666946,11
"54606",331,321,4.4331696821468,10
"54607",331,322,5.71723819796474,9
"54608",331,323,3.85485510526531,8
"54609",331,324,0.413974052114474,7
"54610",331,325,2.53592522065177,6
"54611",331,326,3.55457908703543,5
"54612",331,327,2.49950350656309,4
"54613",331,328,3.0251730750965,3
"54614",331,329,3.13327927622565,2
"54615",331,330,3.19624275668065,1
"54616",332,1,2.90814477993083,331
"54617",332,2,4.12305550793051,330
"54618",332,3,8.78007345881134,329
"54619",332,4,6.20205859862842,328
"54620",332,5,7.27518665025856,327
"54621",332,6,6.75975961424128,326
"54622",332,7,6.98678817053218,325
"54623",332,8,8.8404363582178,324
"54624",332,9,11.5801283539178,323
"54625",332,10,8.83192470094697,322
"54626",332,11,5.94781702222773,321
"54627",332,12,8.93565907901383,320
"54628",332,13,9.92701285354883,319
"54629",332,14,6.94321209289037,318
"54630",332,15,6.1486132868243,317
"54631",332,16,6.89263458560714,316
"54632",332,17,7.6246432415515,315
"54633",332,18,5.43861254337179,314
"54634",332,19,4.27594366288159,313
"54635",332,20,6.25266309669362,312
"54636",332,21,10.5726010788487,311
"54637",332,22,9.99835004611653,310
"54638",332,23,10.3721403959234,309
"54639",332,24,8.51369484497876,308
"54640",332,25,5.54960413903522,307
"54641",332,26,7.86755761885613,306
"54642",332,27,5.54634202627936,305
"54643",332,28,5.32173526937388,304
"54644",332,29,5.59565689770737,303
"54645",332,30,5.28744420165206,302
"54646",332,31,6.92205387756471,301
"54647",332,32,6.279551723657,300
"54648",332,33,5.99493582486393,299
"54649",332,34,9.3640993772736,298
"54650",332,35,5.89397154484242,297
"54651",332,36,5.88787409706341,296
"54652",332,37,4.70498619845332,295
"54653",332,38,4.60271801191124,294
"54654",332,39,9.42432054826167,293
"54655",332,40,8.42175685540773,292
"54656",332,41,9.14448094616394,291
"54657",332,42,6.94287919746151,290
"54658",332,43,6.70312065342769,289
"54659",332,44,6.414757740185,288
"54660",332,45,7.68616919891309,287
"54661",332,46,9.01393623489683,286
"54662",332,47,6.66511110033895,285
"54663",332,48,3.83674981231355,284
"54664",332,49,3.50748358242798,283
"54665",332,50,10.2376571897215,282
"54666",332,51,7.08962374439173,281
"54667",332,52,6.7445949344203,280
"54668",332,53,7.2109487723499,279
"54669",332,54,7.11850800194125,278
"54670",332,55,5.28667915077349,277
"54671",332,56,5.34769552723184,276
"54672",332,57,5.65179890751909,275
"54673",332,58,3.11338151423956,274
"54674",332,59,4.4147266718415,273
"54675",332,60,6.38507765513817,272
"54676",332,61,7.14968368918043,271
"54677",332,62,9.09573835902113,270
"54678",332,63,5.8536561072809,269
"54679",332,64,3.71586661193662,268
"54680",332,65,6.19695629337567,267
"54681",332,66,8.35186042426823,266
"54682",332,67,5.78104971363048,265
"54683",332,68,4.84864125084724,264
"54684",332,69,8.40895056075879,263
"54685",332,70,5.09936932543378,262
"54686",332,71,4.94170623890368,261
"54687",332,72,5.07591753195543,260
"54688",332,73,4.5316367588733,259
"54689",332,74,4.1914255849412,258
"54690",332,75,3.20732314677949,257
"54691",332,76,3.237130919897,256
"54692",332,77,3.27600277429693,255
"54693",332,78,5.80545878338766,254
"54694",332,79,5.58428701385811,253
"54695",332,80,3.37378668958903,252
"54696",332,81,2.76323078055896,251
"54697",332,82,4.55133874606055,250
"54698",332,83,5.64084191225446,249
"54699",332,84,6.97443207561773,248
"54700",332,85,7.35483760118941,247
"54701",332,86,6.48408900816754,246
"54702",332,87,8.00749331811027,245
"54703",332,88,7.49140163104739,244
"54704",332,89,4.47338263876068,243
"54705",332,90,6.29277463851015,242
"54706",332,91,5.57032085919812,241
"54707",332,92,4.41631565327664,240
"54708",332,93,4.26847551742153,239
"54709",332,94,6.23429635660398,238
"54710",332,95,5.50808150786424,237
"54711",332,96,5.22451188888061,236
"54712",332,97,2.2072647049439,235
"54713",332,98,4.67368223717028,234
"54714",332,99,3.66182117686256,233
"54715",332,100,1.95617423057188,232
"54716",332,101,3.88132002082819,231
"54717",332,102,1.80473723616979,230
"54718",332,103,3.21707778437036,229
"54719",332,104,2.25741672062103,228
"54720",332,105,2.43503474099619,227
"54721",332,106,4.70920001978436,226
"54722",332,107,4.65938813083963,225
"54723",332,108,1.85856773752911,224
"54724",332,109,0.740557375830391,223
"54725",332,110,3.48411007744838,222
"54726",332,111,5.28419727720114,221
"54727",332,112,4.08524776657647,220
"54728",332,113,2.83708364500612,219
"54729",332,114,2.20200219149529,218
"54730",332,115,2.28732986084136,217
"54731",332,116,4.33848851222899,216
"54732",332,117,4.3436895441006,215
"54733",332,118,4.18698179766989,214
"54734",332,119,3.32671738252001,213
"54735",332,120,3.28425073358512,212
"54736",332,121,1.33801979529754,211
"54737",332,122,1.38415584667049,210
"54738",332,123,4.55115281065061,209
"54739",332,124,3.98920470394342,208
"54740",332,125,4.85923951920539,207
"54741",332,126,2.43338332341453,206
"54742",332,127,1.9947921464646,205
"54743",332,128,2.13838716051268,204
"54744",332,129,2.10201888330787,203
"54745",332,130,2.63005296327839,202
"54746",332,131,1.69988545473744,201
"54747",332,132,1.2389658976962,200
"54748",332,133,1.3719914930529,199
"54749",332,134,1.48645483231678,198
"54750",332,135,1.79031316027972,197
"54751",332,136,1.57309009666522,196
"54752",332,137,3.25673678439167,195
"54753",332,138,2.28375200513035,194
"54754",332,139,1.38920306333322,193
"54755",332,140,1.07179350600927,192
"54756",332,141,2.51607400759188,191
"54757",332,142,1.61981213066507,190
"54758",332,143,3.42298918421596,189
"54759",332,144,2.89774773641154,188
"54760",332,145,2.70065697756279,187
"54761",332,146,4.11285882820819,186
"54762",332,147,4.49208706914354,185
"54763",332,148,3.40694775615785,184
"54764",332,149,3.67168462633452,183
"54765",332,150,3.74755661663097,182
"54766",332,151,5.29594060756983,181
"54767",332,152,5.39025004419257,180
"54768",332,153,7.63112001274125,179
"54769",332,154,5.78176989880427,178
"54770",332,155,4.03309514378903,177
"54771",332,156,2.90430931561521,176
"54772",332,157,3.56550974558566,175
"54773",332,158,4.5164084505341,174
"54774",332,159,5.09619178085189,173
"54775",332,160,6.02788631036525,172
"54776",332,161,4.73621883975799,171
"54777",332,162,4.09928399273448,170
"54778",332,163,3.03390090477901,169
"54779",332,164,5.77504703647289,168
"54780",332,165,5.0423312681013,167
"54781",332,166,3.89466442337002,166
"54782",332,167,3.07440979230454,165
"54783",332,168,2.01947079825392,164
"54784",332,169,3.51707558395769,163
"54785",332,170,3.80230623283454,162
"54786",332,171,2.06492487428167,161
"54787",332,172,3.1812542614016,160
"54788",332,173,4.25056475060071,159
"54789",332,174,5.1440673203283,158
"54790",332,175,5.13794508434367,157
"54791",332,176,5.34524858965179,156
"54792",332,177,4.78426747585651,155
"54793",332,178,3.62854878899471,154
"54794",332,179,4.35711258118781,153
"54795",332,180,6.12886192031721,152
"54796",332,181,5.24825537782528,151
"54797",332,182,5.72462931671094,150
"54798",332,183,5.50684279367095,149
"54799",332,184,4.70596976788484,148
"54800",332,185,4.61022871666294,147
"54801",332,186,4.89662345077192,146
"54802",332,187,3.57687563657724,145
"54803",332,188,4.335217402209,144
"54804",332,189,4.38434388877717,143
"54805",332,190,4.32786228882705,142
"54806",332,191,5.19713653242982,141
"54807",332,192,6.80319921973071,140
"54808",332,193,6.41937320653765,139
"54809",332,194,4.34193759962139,138
"54810",332,195,5.65142483502035,137
"54811",332,196,3.9354077562167,136
"54812",332,197,4.55602918694885,135
"54813",332,198,5.46531774086488,134
"54814",332,199,5.37441350211676,133
"54815",332,200,5.34548818559718,132
"54816",332,201,5.17162087638925,131
"54817",332,202,7.36206535821149,130
"54818",332,203,7.443486572332,129
"54819",332,204,7.35806754721358,128
"54820",332,205,7.05827627168941,127
"54821",332,206,4.8634259703532,126
"54822",332,207,5.79113615835153,125
"54823",332,208,6.38775495483166,124
"54824",332,209,5.98481523511321,123
"54825",332,210,7.02143056487555,122
"54826",332,211,6.44355521050046,121
"54827",332,212,6.31664891774272,120
"54828",332,213,5.26980508010406,119
"54829",332,214,6.37653031442499,118
"54830",332,215,4.03292450867777,117
"54831",332,216,3.91646431722593,116
"54832",332,217,4.26560545139566,115
"54833",332,218,4.50609009537854,114
"54834",332,219,4.83945205149768,113
"54835",332,220,5.4534746710058,112
"54836",332,221,5.43546910092174,111
"54837",332,222,6.3623229721809,110
"54838",332,223,5.30934424097283,109
"54839",332,224,5.33268180554276,108
"54840",332,225,3.75943046857852,107
"54841",332,226,3.93340476939623,106
"54842",332,227,3.31699584138158,105
"54843",332,228,5.09941882520495,104
"54844",332,229,4.28409499054362,103
"54845",332,230,4.83798360507742,102
"54846",332,231,2.71459701491429,101
"54847",332,232,3.77577089532678,100
"54848",332,233,4.8624242469149,99
"54849",332,234,6.21869509477325,98
"54850",332,235,4.05425710993567,97
"54851",332,236,4.86925015423805,96
"54852",332,237,3.85322991175197,95
"54853",332,238,3.89258125104294,94
"54854",332,239,6.33998736659994,93
"54855",332,240,6.13718105214102,92
"54856",332,241,3.59104751583602,91
"54857",332,242,3.38989847961386,90
"54858",332,243,3.89026045986011,89
"54859",332,244,2.92011866044111,88
"54860",332,245,2.17364867595881,87
"54861",332,246,3.28175550581799,86
"54862",332,247,3.95828722852463,85
"54863",332,248,3.64444353842696,84
"54864",332,249,4.03793136507331,83
"54865",332,250,2.71804588739446,82
"54866",332,251,3.13884662358578,81
"54867",332,252,2.8502628579443,80
"54868",332,253,2.31523645900737,79
"54869",332,254,2.66535529769521,78
"54870",332,255,3.02424812920579,77
"54871",332,256,2.22502212806954,76
"54872",332,257,3.06681826246788,75
"54873",332,258,3.03496570214044,74
"54874",332,259,1.82203652325811,73
"54875",332,260,0.990873836880165,72
"54876",332,261,0.803260934141356,71
"54877",332,262,1.18452774528299,70
"54878",332,263,1.77036053331618,69
"54879",332,264,2.72323109978489,68
"54880",332,265,2.4034034551991,67
"54881",332,266,2.94045863431044,66
"54882",332,267,2.95210495513608,65
"54883",332,268,3.34481065984888,64
"54884",332,269,2.8742082991253,63
"54885",332,270,2.76840872458692,62
"54886",332,271,2.30627631023521,61
"54887",332,272,2.19454748328776,60
"54888",332,273,2.45135559585566,59
"54889",332,274,3.39787913107064,58
"54890",332,275,3.93893211547828,57
"54891",332,276,2.62670945247625,56
"54892",332,277,1.35777807257919,55
"54893",332,278,1.75411693082387,54
"54894",332,279,1.08714076209972,53
"54895",332,280,2.20675589879885,52
"54896",332,281,1.94965715820102,51
"54897",332,282,1.72933778646173,50
"54898",332,283,2.29890856553919,49
"54899",332,284,1.44829977654519,48
"54900",332,285,2.96651847476943,47
"54901",332,286,2.13317820441282,46
"54902",332,287,1.94628514657263,45
"54903",332,288,3.40702429015036,44
"54904",332,289,3.77068155438011,43
"54905",332,290,1.89755151598616,42
"54906",332,291,1.27404688810843,41
"54907",332,292,2.76102686361293,40
"54908",332,293,4.78080542129732,39
"54909",332,294,3.34843573922154,38
"54910",332,295,2.55717398736859,37
"54911",332,296,1.77074233583814,36
"54912",332,297,1.08600147719476,35
"54913",332,298,1.60196842820509,34
"54914",332,299,0.543883304228775,33
"54915",332,300,1.78112311565318,32
"54916",332,301,5.23701238127692,31
"54917",332,302,8.31809839875767,30
"54918",332,303,4.24987321873224,29
"54919",332,304,3.11426752748801,28
"54920",332,305,2.13692365730655,27
"54921",332,306,2.72073081240563,26
"54922",332,307,1.84051513584239,25
"54923",332,308,4.03775491182227,24
"54924",332,309,5.0699688733358,23
"54925",332,310,2.9782456867869,22
"54926",332,311,2.79561214373805,21
"54927",332,312,2.47797652170429,20
"54928",332,313,2.58231450831374,19
"54929",332,314,3.1514060376063,18
"54930",332,315,7.49658271544368,17
"54931",332,316,4.53649536339173,16
"54932",332,317,4.78818044257211,15
"54933",332,318,3.80043662415482,14
"54934",332,319,1.42316268814295,13
"54935",332,320,2.0033373355317,12
"54936",332,321,6.21280147471839,11
"54937",332,322,6.44547336352762,10
"54938",332,323,5.6344868978369,9
"54939",332,324,1.55053916651188,8
"54940",332,325,1.976012779514,7
"54941",332,326,2.99466664589767,6
"54942",332,327,3.67796813121405,5
"54943",332,328,3.72144053935082,4
"54944",332,329,3.17453400300852,3
"54945",332,330,3.23749748346352,2
"54946",332,331,1.77963179257159,1
"54947",333,1,2.99722576324824,332
"54948",333,2,2.76500583640507,331
"54949",333,3,7.42800635140387,330
"54950",333,4,7.13931068997696,329
"54951",333,5,7.52043815119767,328
"54952",333,6,8.1697383155019,327
"54953",333,7,7.70476628138337,326
"54954",333,8,7.23390218661038,325
"54955",333,9,9.97359418231041,324
"54956",333,10,8.13122877024349,323
"54957",333,11,7.35779572348835,322
"54958",333,12,7.3291249074064,321
"54959",333,13,8.32047868194141,320
"54960",333,14,8.35319079415099,319
"54961",333,15,7.14654938724761,318
"54962",333,16,7.09801099614265,317
"54963",333,17,7.6847733997623,316
"54964",333,18,5.54714388825868,315
"54965",333,19,3.96411439984541,314
"54966",333,20,6.26371021798882,313
"54967",333,21,8.96606690724126,312
"54968",333,22,10.6319479917562,311
"54969",333,23,9.06452634102716,310
"54970",333,24,9.50208485396168,309
"54971",333,25,6.95958284029585,308
"54972",333,26,5.08060596409611,307
"54973",333,27,6.95632072753998,306
"54974",333,28,6.05941787588989,305
"54975",333,29,6.92128144490478,304
"54976",333,30,6.69742290291268,303
"54977",333,31,7.15971012318885,302
"54978",333,32,6.52616237072775,301
"54979",333,33,3.95310337783126,300
"54980",333,34,7.75756520566617,299
"54981",333,35,7.30395024610304,298
"54982",333,36,5.62434197610996,297
"54983",333,37,6.11496489971394,296
"54984",333,38,6.01269671317186,295
"54985",333,39,7.81778637665425,294
"54986",333,40,8.61657273971762,293
"54987",333,41,8.47843186504793,292
"54988",333,42,8.35285789872213,291
"54989",333,43,6.52004657466931,290
"54990",333,44,4.80822356857757,289
"54991",333,45,6.07963502730566,288
"54992",333,46,7.40740206328941,287
"54993",333,47,5.22247317441525,286
"54994",333,48,2.95821566041666,285
"54995",333,49,3.27792236431996,284
"54996",333,50,8.63112301811403,283
"54997",333,51,6.38976017043509,282
"54998",333,52,5.13806076281287,281
"54999",333,53,7.22774435742801,280
"55000",333,54,8.52848670320188,279
"55001",333,55,3.87772566194873,278
"55002",333,56,3.74116135562442,277
"55003",333,57,5.90560807626171,276
"55004",333,58,4.52336021550019,275
"55005",333,59,1.62777501708147,274
"55006",333,60,5.86235000136978,273
"55007",333,61,5.543149517573,272
"55008",333,62,8.33035270239868,271
"55009",333,63,5.67112826263764,270
"55010",333,64,1.65096809266579,269
"55011",333,65,3.41000463861564,268
"55012",333,66,6.7453262526608,267
"55013",333,67,7.19102841489111,266
"55014",333,68,3.79372379409102,265
"55015",333,69,6.80241638915137,264
"55016",333,70,4.14628722239746,263
"55017",333,71,4.30583008986086,262
"55018",333,72,3.469383360348,261
"55019",333,73,5.94161546013392,260
"55020",333,74,4.50407197122653,259
"55021",333,75,2.58059583598675,258
"55022",333,76,2.89247558765707,257
"55023",333,77,3.75069339746598,256
"55024",333,78,4.73731830020814,255
"55025",333,79,5.28796039523194,254
"55026",333,80,1.7672525179816,253
"55027",333,81,1.99794916852986,252
"55028",333,82,2.38425876736604,251
"55029",333,83,3.56212778185542,250
"55030",333,84,6.07974500060235,249
"55031",333,85,7.01039035813618,248
"55032",333,86,6.79696949478792,247
"55033",333,87,7.59455872148058,246
"55034",333,88,6.69371012818795,245
"55035",333,89,5.08310235022516,244
"55036",333,90,4.5578698894673,243
"55037",333,91,3.96378668759069,242
"55038",333,92,4.39505692833487,241
"55039",333,93,4.63564127062531,240
"55040",333,94,6.00473513849595,239
"55041",333,95,3.90154733625682,238
"55042",333,96,3.61797771727318,237
"55043",333,97,3.09207832124112,236
"55044",333,98,2.69567729575161,235
"55045",333,99,3.89138239497058,234
"55046",333,100,2.06491366464549,233
"55047",333,101,3.65175880272016,232
"55048",333,102,1.57517601806176,231
"55049",333,103,0.781419588269802,230
"55050",333,104,4.07135060711994,229
"55051",333,105,1.65349616125525,228
"55052",333,106,1.92224836502433,227
"55053",333,107,3.0528539592322,226
"55054",333,108,4.08771031616035,225
"55055",333,109,3.08455390843427,224
"55056",333,110,3.67507109453616,223
"55057",333,111,3.76711108670084,222
"55058",333,112,3.48198959755069,221
"55059",333,113,0.761979086838146,220
"55060",333,114,2.77551879319109,219
"55061",333,115,3.49820810693315,218
"55062",333,116,4.10892729412096,217
"55063",333,117,2.93371084283997,216
"55064",333,118,3.95742057956186,215
"55065",333,119,3.56611115781492,214
"55066",333,120,2.72582285859955,213
"55067",333,121,2.49198814367942,212
"55068",333,122,3.09601471828502,211
"55069",333,123,4.32159159254258,210
"55070",333,124,2.38267053233599,209
"55071",333,125,3.25270534759796,208
"55072",333,126,2.4113725559055,207
"55073",333,127,4.30501147446835,206
"55074",333,128,4.92533881527271,205
"55075",333,129,4.00776485464094,204
"55076",333,130,5.41700461803841,203
"55077",333,131,4.48683710949746,202
"55078",333,132,2.7292890307953,201
"55079",333,133,2.00042845367078,200
"55080",333,134,3.09298900392421,199
"55081",333,135,3.11444429437116,198
"55082",333,136,3.75666945231385,197
"55083",333,137,1.84675808313105,196
"55084",333,138,2.3460042998543,195
"55085",333,139,3.01254463730926,194
"55086",333,140,3.85874516076929,193
"55087",333,141,5.30302566235191,192
"55088",333,142,4.16572583710944,191
"55089",333,143,2.92389972101117,190
"55090",333,144,3.99475508358997,189
"55091",333,145,5.17258761478979,188
"55092",333,146,5.40364923051181,187
"55093",333,147,4.71545797706165,186
"55094",333,148,3.90569869154043,185
"55095",333,149,3.57266924308788,184
"55096",333,150,6.53450827139099,183
"55097",333,151,8.08289226232986,182
"55098",333,152,6.487257391371,181
"55099",333,153,7.40155879463322,180
"55100",333,154,5.68151009908916,179
"55101",333,155,6.82004679854905,178
"55102",333,156,5.69126097037523,177
"55103",333,157,6.35246140034569,176
"55104",333,158,6.11501478228084,175
"55105",333,159,7.88314343561191,174
"55106",333,160,8.61296544286669,173
"55107",333,161,7.52317049451802,172
"55108",333,162,6.55516575143635,171
"55109",333,163,5.19750806009454,170
"55110",333,164,5.54548581836487,169
"55111",333,165,4.81277004999327,168
"55112",333,166,6.01078856246852,167
"55113",333,167,4.18757006260146,166
"55114",333,168,4.78283034147052,165
"55115",333,169,6.30402723871771,164
"55116",333,170,6.58925788759456,163
"55117",333,171,4.46142859375477,162
"55118",333,172,4.84833702977016,161
"55119",333,173,6.25354039442477,160
"55120",333,174,5.41620913138195,159
"55121",333,175,5.84652795337656,158
"55122",333,176,6.37777430009796,157
"55123",333,177,7.57121913061654,156
"55124",333,178,6.41550044375474,155
"55125",333,179,7.08785414438736,154
"55126",333,180,5.89930070220918,153
"55127",333,181,6.91178553582605,152
"55128",333,182,8.51158097147096,151
"55129",333,183,8.29379444843098,150
"55130",333,184,5.23681846031768,149
"55131",333,185,7.39718037142296,148
"55132",333,186,7.68357510553195,147
"55133",333,187,6.15805545172916,146
"55134",333,188,6.67795066563643,145
"55135",333,189,4.81219351110133,144
"55136",333,190,6.44398642792555,143
"55137",333,191,6.9085532145226,142
"55138",333,192,6.57363800162269,141
"55139",333,193,7.69424478605783,140
"55140",333,194,7.02455853839388,139
"55141",333,195,5.87510787671853,138
"55142",333,196,5.66341955094973,137
"55143",333,197,5.62052259870359,136
"55144",333,198,5.57543610891521,135
"55145",333,199,6.24481172496625,134
"55146",333,200,8.1324398403572,133
"55147",333,201,7.95857253114928,132
"55148",333,202,8.07075227183774,131
"55149",333,203,10.230438227092,130
"55150",333,204,10.1450192019736,129
"55151",333,205,9.14165237502917,128
"55152",333,206,7.46159688170894,127
"55153",333,207,7.06590369327834,126
"55154",333,208,8.09937972611115,125
"55155",333,209,7.82607956971403,124
"55156",333,210,8.97560929441575,123
"55157",333,211,8.54342238188711,122
"55158",333,212,8.51338160554363,121
"55159",333,213,7.67712402485711,120
"55160",333,214,7.5058435078404,119
"55161",333,215,6.81987616343779,118
"55162",333,216,5.07768680835575,117
"55163",333,217,5.94515847677322,116
"55164",333,218,4.89198067790423,115
"55165",333,219,5.94948685232576,114
"55166",333,220,6.93849031795635,113
"55167",333,221,7.98834643177955,112
"55168",333,222,7.63709050710771,111
"55169",333,223,7.50651911829549,110
"55170",333,224,8.11963346030278,109
"55171",333,225,4.74297718670245,108
"55172",333,226,3.62502985371104,107
"55173",333,227,4.36557043035289,106
"55174",333,228,5.43593822839749,105
"55175",333,229,7.03085942111997,104
"55176",333,230,5.25568380223583,103
"55177",333,231,5.50154866967431,102
"55178",333,232,6.56272255008681,101
"55179",333,233,4.51329341547538,100
"55180",333,234,5.98913387666522,99
"55181",333,235,6.72049102525463,98
"55182",333,236,4.76932849945135,97
"55183",333,237,4.46805348467499,96
"55184",333,238,6.43472300586266,95
"55185",333,239,4.93000866533932,94
"55186",333,240,5.90761983403299,93
"55187",333,241,5.91752381155161,92
"55188",333,242,6.17685013437389,91
"55189",333,243,6.67721211462013,90
"55190",333,244,5.70707031520113,89
"55191",333,245,4.96060033071883,88
"55192",333,246,4.94494751889036,87
"55193",333,247,5.07155154341491,86
"55194",333,248,3.95869730646528,85
"55195",333,249,2.62795266381269,84
"55196",333,250,4.32458005900188,83
"55197",333,251,3.42854039938551,82
"55198",333,252,4.45679702955173,81
"55199",333,253,4.6594585782176,80
"55200",333,254,5.45230695245523,79
"55201",333,255,5.81119978396582,78
"55202",333,256,5.01197378282957,77
"55203",333,257,5.19886122434982,76
"55204",333,258,2.80540448403241,75
"55205",333,259,3.01711240663175,74
"55206",333,260,2.12832654790265,73
"55207",333,261,2.64442122414881,72
"55208",333,262,3.72125215302232,71
"55209",333,263,3.37689470492361,70
"55210",333,264,4.32976527139232,69
"55211",333,265,4.00993762680652,68
"55212",333,266,4.54699280591787,67
"55213",333,267,4.55863912674351,66
"55214",333,268,4.95134483145631,65
"55215",333,269,4.48074247073273,64
"55216",333,270,4.37494289619434,63
"55217",333,271,3.74355593960108,62
"55218",333,272,4.18137020399334,61
"55219",333,273,3.56441182155923,60
"55220",333,274,1.6473794737346,59
"55221",333,275,2.61705965857459,58
"55222",333,276,3.79748520322675,57
"55223",333,277,1.87346717935376,56
"55224",333,278,3.62734896673326,55
"55225",333,279,3.52948491872869,54
"55226",333,280,4.99370755355888,53
"55227",333,281,4.73660881296104,52
"55228",333,282,4.51628944122175,51
"55229",333,283,5.08586022029922,50
"55230",333,284,3.32782998488569,49
"55231",333,285,1.81514261029465,48
"55232",333,286,3.73971237602024,47
"55233",333,287,2.60653930199175,46
"55234",333,288,3.17769717237738,45
"55235",333,289,3.54112033627209,44
"55236",333,290,3.81945041043772,43
"55237",333,291,4.06099854286845,42
"55238",333,292,1.73479063379684,41
"55239",333,293,3.7126649381178,40
"55240",333,294,2.69640666706023,39
"55241",333,295,3.96715268862922,38
"55242",333,296,3.18072103709876,37
"55243",333,297,2.30779026831297,36
"55244",333,298,2.80018804010076,35
"55245",333,299,2.54729577932508,34
"55246",333,300,1.00582853910684,33
"55247",333,301,4.37473519709187,32
"55248",333,302,5.53114674399765,31
"55249",333,303,4.76259735804078,30
"55250",333,304,4.52424622874863,29
"55251",333,305,3.54690235856718,28
"55252",333,306,4.13070951366626,27
"55253",333,307,3.25049383710302,26
"55254",333,308,2.43122074021484,25
"55255",333,309,5.2589842715661,24
"55256",333,310,4.38822438804752,23
"55257",333,311,3.9943957497956,22
"55258",333,312,3.88795522296492,21
"55259",333,313,3.78670506380146,20
"55260",333,314,2.39517753010292,19
"55261",333,315,5.89004854383625,18
"55262",333,316,4.12725434982618,17
"55263",333,317,3.18164627096469,16
"55264",333,318,3.57087540604679,15
"55265",333,319,2.71418719078161,14
"55266",333,320,2.25468306393717,13
"55267",333,321,4.60626730311096,12
"55268",333,322,7.16847162600824,11
"55269",333,323,4.90182326582485,10
"55270",333,324,2.02246108222355,9
"55271",333,325,2.20557399762203,8
"55272",333,326,3.22422786400569,7
"55273",333,327,1.87143931734199,6
"55274",333,328,4.47640650314,5
"55275",333,329,4.58451270426915,4
"55276",333,330,4.64747618472415,3
"55277",333,331,1.60848703010907,2
"55278",333,332,2.78695165476003,1
"55279",334,1,3.66519765928566,333
"55280",334,2,1.60601749550569,332
"55281",334,3,3.64532918377182,331
"55282",334,4,3.35663352234492,330
"55283",334,5,3.73776098356562,329
"55284",334,6,4.38706114786986,328
"55285",334,7,3.92208911375133,327
"55286",334,8,3.2246158946494,326
"55287",334,9,5.85105535048164,325
"55288",334,10,4.34855160261144,324
"55289",334,11,4.55708767776219,323
"55290",334,12,3.20658607557764,322
"55291",334,13,4.19793985011264,321
"55292",334,14,4.57051362651895,320
"55293",334,15,3.36387221961557,319
"55294",334,16,3.3153338285106,318
"55295",334,17,3.90209623213026,317
"55296",334,18,4.68895473276572,316
"55297",334,19,1.90797427904891,315
"55298",334,20,2.48103305035678,314
"55299",334,21,4.84352807541249,313
"55300",334,22,6.84927082412413,312
"55301",334,23,5.28184917339511,311
"55302",334,24,5.71940768632964,310
"55303",334,25,3.22563369361089,309
"55304",334,26,3.88255514440642,308
"55305",334,27,4.17088724908642,307
"55306",334,28,4.69310733198894,306
"55307",334,29,3.65500835356797,305
"55308",334,30,4.37821332024261,304
"55309",334,31,3.3770329555568,303
"55310",334,32,5.65092378627206,302
"55311",334,33,2.18810971653603,301
"55312",334,34,3.63502637383741,300
"55313",334,35,3.521273078471,299
"55314",334,36,4.766152820617,298
"55315",334,37,2.3322877320819,297
"55316",334,38,3.91075978240136,296
"55317",334,39,3.69524754482548,295
"55318",334,40,4.83389557208558,294
"55319",334,41,4.69575469741589,293
"55320",334,42,4.57018073109009,292
"55321",334,43,2.73736940703727,291
"55322",334,44,1.41109921538449,290
"55323",334,45,5.05344627330097,289
"55324",334,46,3.28486323146064,288
"55325",334,47,1.61673740445202,287
"55326",334,48,3.34896024776201,286
"55327",334,49,4.2982390074096,285
"55328",334,50,7.35809053078787,284
"55329",334,51,2.60708300280305,283
"55330",334,52,1.01552193098411,282
"55331",334,53,3.44506718979597,281
"55332",334,54,4.74580953556984,280
"55333",334,55,1.22528579695754,279
"55334",334,56,2.34212384914275,278
"55335",334,57,2.12293090862967,277
"55336",334,58,3.05460360626808,276
"55337",334,59,3.58890464096771,275
"55338",334,60,2.07967283373774,274
"55339",334,61,1.73511788987538,273
"55340",334,62,4.54767553476663,272
"55341",334,63,1.88845109500559,271
"55342",334,64,2.63338609297959,270
"55343",334,65,4.16762002802667,269
"55344",334,66,2.62278742083204,268
"55345",334,67,3.40835124725906,267
"55346",334,68,2.1904154308707,266
"55347",334,69,5.56695005623739,265
"55348",334,70,0.850782696861156,264
"55349",334,71,1.03947780006175,263
"55350",334,72,1.8087248909716,262
"55351",334,73,2.89737277777207,261
"55352",334,74,1.53764741849499,260
"55353",334,75,2.9719058757758,259
"55354",334,76,2.63199480599639,258
"55355",334,77,4.94874421715567,257
"55356",334,78,5.5955074557011,256
"55357",334,79,2.02160810543284,255
"55358",334,80,2.81373280332116,254
"55359",334,81,2.96584222287724,253
"55360",334,82,2.47556153051444,252
"55361",334,83,2.36779057899015,251
"55362",334,84,2.2970678329703,250
"55363",334,85,3.22771319050414,249
"55364",334,86,3.01429232715588,248
"55365",334,87,3.81188155384854,247
"55366",334,88,2.91103296055591,246
"55367",334,89,1.74863154303746,245
"55368",334,90,3.69968073397434,244
"55369",334,91,1.14552293939171,243
"55370",334,92,1.31275735015955,242
"55371",334,93,3.25338259002634,241
"55372",334,94,6.86292429398891,240
"55373",334,95,3.26192883673028,239
"55374",334,96,2.42060498457774,238
"55375",334,97,3.66186102094949,237
"55376",334,98,2.30864480832314,236
"55377",334,99,4.11026491663094,235
"55378",334,100,5.311878655188,234
"55379",334,101,5.90325472272756,233
"55380",334,102,4.1253193092766,232
"55381",334,103,3.53555257739262,231
"55382",334,104,5.26940142680962,230
"55383",334,105,3.29403826244,229
"55384",334,106,4.78510745756862,228
"55385",334,107,3.70922544102338,227
"55386",334,108,5.28576113585004,226
"55387",334,109,4.9885156276058,225
"55388",334,110,4.88433581308619,224
"55389",334,111,4.6253002421938,223
"55390",334,112,1.64382523685972,222
"55391",334,113,4.8399538470307,221
"55392",334,114,6.62913918712201,220
"55393",334,115,6.89243513340318,219
"55394",334,116,6.52461136638688,218
"55395",334,117,6.71638801047202,217
"55396",334,118,5.99212790085791,216
"55397",334,119,4.76416197750461,215
"55398",334,120,3.92387367828923,214
"55399",334,121,5.57743031480497,213
"55400",334,122,5.86276090768611,212
"55401",334,123,6.30587670673278,211
"55402",334,124,3.24430109712098,210
"55403",334,125,3.77478047634828,209
"55404",334,126,3.60942337559518,208
"55405",334,127,5.50306229415804,207
"55406",334,128,6.36990716698335,206
"55407",334,129,5.20581567433063,205
"55408",334,130,6.6150554377281,204
"55409",334,131,5.94821286357672,203
"55410",334,132,5.73133885335701,202
"55411",334,133,6.12296728549955,201
"55412",334,134,7.21552783575297,200
"55413",334,135,7.23698312619993,199
"55414",334,136,7.30216310010142,198
"55415",334,137,5.62943525076309,197
"55416",334,138,6.46854313168307,196
"55417",334,139,7.11827606676941,195
"55418",334,140,6.48542518179129,194
"55419",334,141,6.68036440458809,193
"55420",334,142,7.19578351497821,192
"55421",334,143,6.76631966200365,191
"55422",334,144,6.90716094487843,190
"55423",334,145,7.48553394023826,189
"55424",334,146,7.46448452043105,188
"55425",334,147,6.4569526219772,187
"55426",334,148,6.66683793151135,186
"55427",334,149,7.53274100066066,185
"55428",334,150,8.69618797552193,184
"55429",334,151,9.59469022351496,183
"55430",334,152,8.54248573186007,182
"55431",334,153,8.25974795012619,181
"55432",334,154,6.87956091877885,180
"55433",334,155,8.01809761823874,179
"55434",334,156,7.41594821292217,178
"55435",334,157,7.55051222003538,177
"55436",334,158,7.31306560197053,176
"55437",334,159,9.19884607188191,175
"55438",334,160,9.81101626255638,174
"55439",334,161,8.72122131420771,173
"55440",334,162,8.30786084929034,172
"55441",334,163,8.20516483208642,171
"55442",334,164,6.40367497385783,170
"55443",334,165,5.71973010862177,169
"55444",334,166,7.20883938215821,168
"55445",334,167,6.39406502440807,167
"55446",334,168,7.62800659328451,166
"55447",334,169,8.26962506385543,165
"55448",334,170,8.50443350562644,164
"55449",334,171,7.44667101394786,163
"55450",334,172,8.15852704439712,162
"55451",334,173,8.71775334119078,161
"55452",334,174,7.82439292161194,160
"55453",334,175,7.04457877306624,159
"55454",334,176,7.57582511978765,158
"55455",334,177,8.76926995030622,157
"55456",334,178,8.21861774871457,156
"55457",334,179,8.56603730083524,155
"55458",334,180,7.00035594974293,154
"55459",334,181,8.10983635551573,153
"55460",334,182,9.70963179116065,152
"55461",334,183,9.49184526812066,151
"55462",334,184,7.36488335971139,150
"55463",334,185,8.92578573497668,149
"55464",334,186,8.88162592522163,148
"55465",334,187,9.10407611775485,147
"55466",334,188,8.38583050581475,146
"55467",334,189,7.95430950204213,145
"55468",334,190,7.64203724761524,144
"55469",334,191,8.10660403421229,143
"55470",334,192,7.73436039975073,142
"55471",334,193,8.89229560574752,141
"55472",334,194,8.46912689010452,140
"55473",334,195,7.07315869640822,139
"55474",334,196,6.86147037063941,138
"55475",334,197,6.81857341839328,137
"55476",334,198,6.77348692860489,136
"55477",334,199,7.95269156514457,135
"55478",334,200,9.82911922759708,134
"55479",334,201,10.4171785284851,133
"55480",334,202,10.3164689878118,132
"55481",334,203,11.4284890467817,131
"55482",334,204,11.3430700216633,130
"55483",334,205,10.3397031947189,129
"55484",334,206,10.5924989737894,128
"55485",334,207,8.26395451296803,127
"55486",334,208,9.29743054580083,126
"55487",334,209,9.02413038940371,125
"55488",334,210,10.1736601141054,124
"55489",334,211,9.7414732015768,123
"55490",334,212,9.71143242523331,122
"55491",334,213,8.87517484454679,121
"55492",334,214,8.70389432753009,120
"55493",334,215,8.61179301545919,119
"55494",334,216,8.21419584986637,118
"55495",334,217,7.37851292962352,117
"55496",334,218,7.99487491467763,116
"55497",334,219,9.0243732337921,115
"55498",334,220,8.13654113764604,114
"55499",334,221,9.18639725146924,113
"55500",334,222,8.8351413267974,112
"55501",334,223,8.70456993798518,111
"55502",334,224,9.31768427999247,110
"55503",334,225,7.50411642667337,109
"55504",334,226,7.56829420891521,108
"55505",334,227,6.89140603716319,107
"55506",334,228,6.63398904808718,106
"55507",334,229,8.22891024080966,105
"55508",334,230,7.00837890008983,104
"55509",334,231,8.17305739429388,103
"55510",334,232,8.57874258233037,102
"55511",334,233,7.81787648067216,101
"55512",334,234,6.84732303215819,100
"55513",334,235,7.91854184494432,99
"55514",334,236,5.96737931914104,98
"55515",334,237,7.79505090167056,97
"55516",334,238,9.62165425447913,96
"55517",334,239,8.71268583297136,95
"55518",334,240,6.76580898952595,94
"55519",334,241,7.11557463124129,93
"55520",334,242,7.37490095406358,92
"55521",334,243,7.87526293430982,91
"55522",334,244,7.25248308112347,90
"55523",334,245,7.68812476595252,89
"55524",334,246,7.53241923166684,88
"55525",334,247,8.00076480707198,87
"55526",334,248,7.53780575899008,86
"55527",334,249,6.41062983144473,85
"55528",334,250,8.44711889083065,84
"55529",334,251,7.55107923121428,83
"55530",334,252,8.57933586138049,82
"55531",334,253,7.74554541262239,81
"55532",334,254,8.00055691106432,80
"55533",334,255,8.06934053177071,79
"55534",334,256,7.54341633907004,78
"55535",334,257,7.52300800273674,77
"55536",334,258,4.95248225218056,76
"55537",334,259,4.21516322632144,75
"55538",334,260,4.73819916655603,74
"55539",334,261,4.94056014722867,73
"55540",334,262,5.95016146662771,72
"55541",334,263,7.49943353675238,71
"55542",334,264,8.45230410322108,70
"55543",334,265,8.13247645863529,69
"55544",334,266,8.66953163774663,68
"55545",334,267,8.68117795857228,67
"55546",334,268,9.07388366328508,66
"55547",334,269,8.60328130256149,65
"55548",334,270,8.49748172802311,64
"55549",334,271,7.86609477142985,63
"55550",334,272,6.53353828360921,62
"55551",334,273,5.2218694546317,61
"55552",334,274,3.0249830116829,60
"55553",334,275,2.44393539417516,59
"55554",334,276,4.87040295846988,58
"55555",334,277,4.37129493085701,57
"55556",334,278,5.2904135492359,56
"55557",334,279,4.82838015263007,55
"55558",334,280,7.14418680475136,54
"55559",334,281,7.11678474788398,53
"55560",334,282,7.24942082588561,52
"55561",334,283,7.90302861680615,51
"55562",334,284,7.15344252350955,50
"55563",334,285,5.93768144212341,49
"55564",334,286,7.86225120784901,48
"55565",334,287,5.18840406533807,47
"55566",334,288,4.37574799206707,46
"55567",334,289,4.39930949176505,45
"55568",334,290,5.01750123012741,44
"55569",334,291,6.44678142722156,43
"55570",334,292,5.85732946562561,42
"55571",334,293,4.87899428567601,41
"55572",334,294,2.90726024115,40
"55573",334,295,4.45828816051488,39
"55574",334,296,5.06665269274655,38
"55575",334,297,5.64038118881681,37
"55576",334,298,4.1271045752311,36
"55577",334,299,5.18518969920742,35
"55578",334,300,4.88747023426672,34
"55579",334,301,0.861823474268816,33
"55580",334,302,4.33309592430796,32
"55581",334,303,1.47919978470395,31
"55582",334,304,3.54527627432911,30
"55583",334,305,3.7625483788981,29
"55584",334,306,4.56979922916224,28
"55585",334,307,4.02654700953193,27
"55586",334,308,1.70747101473241,26
"55587",334,309,1.92525281125483,25
"55588",334,310,4.05314828945419,24
"55589",334,311,5.35292441543307,23
"55590",334,312,5.1521082525099,22
"55591",334,313,5.43131888526396,21
"55592",334,314,3.52278081582188,20
"55593",334,315,1.76750971200749,19
"55594",334,316,2.00492645724628,18
"55595",334,317,3.29976621447672,17
"55596",334,318,4.42906456153975,16
"55597",334,319,4.92628910201839,15
"55598",334,320,6.37722189576594,14
"55599",334,321,0.91017891756172,13
"55600",334,322,3.38579445837619,12
"55601",334,323,1.59044491640606,11
"55602",334,324,4.17853383692431,10
"55603",334,325,6.10376435717058,9
"55604",334,326,6.29204812957362,8
"55605",334,327,3.93316244412167,7
"55606",334,328,2.87040348839304,6
"55607",334,329,3.6789021007568,5
"55608",334,330,4.40862836593131,4
"55609",334,331,3.9494412108646,3
"55610",334,332,5.72907300343619,2
"55611",334,333,4.12253883182877,1
"55612",335,1,3.69927177235603,334
"55613",335,2,2.3783140095838,333
"55614",335,3,3.01692634230478,332
"55615",335,4,2.88143169261054,331
"55616",335,5,2.37711830520879,330
"55617",335,6,3.02641846951303,329
"55618",335,7,2.5614464353945,328
"55619",335,8,3.22855586302878,327
"55620",335,9,5.81698123741127,326
"55621",335,10,3.06877758444041,325
"55622",335,11,4.38977056757705,324
"55623",335,12,4.18044515959218,323
"55624",335,13,4.16386573704227,322
"55625",335,14,3.38793529181618,321
"55626",335,15,2.00322954125874,320
"55627",335,16,1.95469115015377,319
"55628",335,17,2.71513452688975,318
"55629",335,18,4.52163762258058,317
"55630",335,19,1.74065716886377,316
"55631",335,20,1.30527179805472,315
"55632",335,21,4.80945396234212,314
"55633",335,22,5.4886281457673,313
"55634",335,23,4.6089932794168,312
"55635",335,24,4.35876500797281,311
"55636",335,25,3.05831658342576,310
"55637",335,26,5.04180659950774,309
"55638",335,27,4.00357013890128,308
"55639",335,28,4.52579022180381,307
"55640",335,29,3.48769124338283,306
"55641",335,30,4.21089621005747,305
"55642",335,31,3.08086357585291,304
"55643",335,32,5.48360667608692,303
"55644",335,33,3.16918480551554,302
"55645",335,34,3.60095226076704,301
"55646",335,35,2.97591042828907,300
"55647",335,36,4.59883571043186,299
"55648",335,37,1.55990413662661,298
"55649",335,38,3.74344267221622,297
"55650",335,39,3.8404613543016,296
"55651",335,40,3.47325289372875,295
"55652",335,41,3.38133382965738,294
"55653",335,42,3.20953805273326,293
"55654",335,43,1.64005166307001,292
"55655",335,44,1.31115177638691,291
"55656",335,45,5.2207633834861,290
"55657",335,46,3.25078911839027,289
"55658",335,47,1.28029660475671,288
"55659",335,48,2.44841567403989,287
"55660",335,49,4.30342862999806,286
"55661",335,50,7.525407640973,285
"55662",335,51,1.32647662788517,284
"55663",335,52,2.06272851893529,283
"55664",335,53,2.79968032663794,282
"55665",335,54,3.38516685721301,281
"55666",335,55,1.84709490507947,280
"55667",335,56,3.70276652749958,279
"55668",335,57,0.941576152819335,278
"55669",335,58,3.08867771933845,277
"55670",335,59,4.94954731932453,276
"55671",335,60,0.85909632376,275
"55672",335,61,1.90243500006052,274
"55673",335,62,3.33259124251457,273
"55674",335,63,1.68192567657495,272
"55675",335,64,3.49235175332309,271
"55676",335,65,5.5282627063835,270
"55677",335,66,2.94800178671508,269
"55678",335,67,2.04770856890223,268
"55679",335,68,2.02309832068556,267
"55680",335,69,5.49285769868873,266
"55681",335,70,1.01672041919465,265
"55682",335,71,0.837489756128017,264
"55683",335,72,1.99938797365782,263
"55684",335,73,1.73812132267075,262
"55685",335,74,1.57172153156536,261
"55686",335,75,3.00597998884617,260
"55687",335,76,2.52601619660956,259
"55688",335,77,4.08047253634837,258
"55689",335,78,5.76282456588624,257
"55690",335,79,0.862356650331514,256
"55691",335,80,4.17437548167799,255
"55692",335,81,3.14537067745902,254
"55693",335,82,2.87647086860903,253
"55694",335,83,2.81509089290607,252
"55695",335,84,1.21128495911116,251
"55696",335,85,1.86707051214731,250
"55697",335,86,1.65364964879905,249
"55698",335,87,2.45123887549171,248
"55699",335,88,1.72825451454082,247
"55700",335,89,1.58131443285232,246
"55701",335,90,3.5323636237892,245
"55702",335,91,1.98093559767311,244
"55703",335,92,1.34683146322993,243
"55704",335,93,2.09413113492502,242
"55705",335,94,7.03024140417405,241
"55706",335,95,4.62257151508711,240
"55707",335,96,2.37736184895907,239
"55708",335,97,3.55588241156267,238
"55709",335,98,2.5204791091419,237
"55710",335,99,4.14433902970131,236
"55711",335,100,5.34595276825837,235
"55712",335,101,7.26389740108439,234
"55713",335,102,5.48596198763343,233
"55714",335,103,4.36190025771907,232
"55715",335,104,4.32305269899203,231
"55716",335,105,3.48982368473363,230
"55717",335,106,6.14575013592545,229
"55718",335,107,3.87654255120852,228
"55719",335,108,4.3674202633395,227
"55720",335,109,5.02258974067617,226
"55721",335,110,5.48459459205049,225
"55722",335,111,4.79261735237894,224
"55723",335,112,1.67789934993009,223
"55724",335,113,5.14888776459876,222
"55725",335,114,6.66321330019238,221
"55726",335,115,6.92650924647355,220
"55727",335,116,7.88525404474371,219
"55728",335,117,8.07703068882885,218
"55729",335,118,7.35277057921474,217
"55730",335,119,4.12266243009009,216
"55731",335,120,3.15263052296003,215
"55732",335,121,5.61150442787534,214
"55733",335,122,5.89683502075648,213
"55734",335,123,7.66651938508961,212
"55735",335,124,4.60494377547781,211
"55736",335,125,3.94209758653341,210
"55737",335,126,3.54014196085746,209
"55738",335,127,4.56791401927888,208
"55739",335,128,6.40398128005372,207
"55740",335,129,4.90934868945887,206
"55741",335,130,5.45580398262678,205
"55742",335,131,5.98228697664709,204
"55743",335,132,5.76541296642738,203
"55744",335,133,6.15704139856992,202
"55745",335,134,7.24960194882334,201
"55746",335,135,7.2710572392703,200
"55747",335,136,7.33623721317179,199
"55748",335,137,6.99007792911992,198
"55749",335,138,6.50261724475344,197
"55750",335,139,7.15235017983978,196
"55751",335,140,6.51949929486166,195
"55752",335,141,6.71443851765846,194
"55753",335,142,7.22985762804858,193
"55754",335,143,7.15633032894421,192
"55755",335,144,6.94123505794879,191
"55756",335,145,7.51960805330863,190
"55757",335,146,7.49855863350142,189
"55758",335,147,7.02480151011117,188
"55759",335,148,6.95930679218085,187
"55760",335,149,7.56681511373104,186
"55761",335,150,8.7302620885923,185
"55762",335,151,9.62876433658534,184
"55763",335,152,8.57655984493044,183
"55764",335,153,8.42706506031132,182
"55765",335,154,6.57771494637434,181
"55766",335,155,6.85884616313742,180
"55767",335,156,7.45002232599254,179
"55768",335,157,7.40531185648115,178
"55769",335,158,7.13985738310924,177
"55770",335,159,9.23292018495228,176
"55771",335,160,9.24002389035659,175
"55772",335,161,8.64325056012794,174
"55773",335,162,8.34193496236072,173
"55774",335,163,8.23923894515679,172
"55775",335,164,6.57099208404297,171
"55776",335,165,5.83827631567137,170
"55777",335,166,6.04958792705689,169
"55778",335,167,6.42813913747844,168
"55779",335,168,7.66208070635489,167
"55780",335,169,8.30369917692581,166
"55781",335,170,8.53850761869681,165
"55782",335,171,7.48074512701823,164
"55783",335,172,8.19260115746749,163
"55784",335,173,8.75182745426116,162
"55785",335,174,8.34347090661038,161
"55786",335,175,6.58937882428974,160
"55787",335,176,6.41657366468633,159
"55788",335,177,7.6100184952049,158
"55789",335,178,8.25269186178495,157
"55790",335,179,8.60011141390561,156
"55791",335,180,6.92480696788729,155
"55792",335,181,6.95058490041441,154
"55793",335,182,8.55038033605933,153
"55794",335,183,8.33259381301934,152
"55795",335,184,7.62525446333062,151
"55796",335,185,8.95985984804705,150
"55797",335,186,8.60757329214865,149
"55798",335,187,9.13815023082522,148
"55799",335,188,8.41990461888512,147
"55800",335,189,8.11768503350542,146
"55801",335,190,7.62009565007149,145
"55802",335,191,7.67007088096143,144
"55803",335,192,9.09500307810756,143
"55804",335,193,8.19805791345915,142
"55805",335,194,8.5032010031749,141
"55806",335,195,6.44736988259043,140
"55807",335,196,6.59861819050488,139
"55808",335,197,6.47168422641566,138
"55809",335,198,7.33134303651807,137
"55810",335,199,7.98676567821494,136
"55811",335,200,9.86319334066745,135
"55812",335,201,10.4512526415555,134
"55813",335,202,10.3990018702376,133
"55814",335,203,11.0199771947598,132
"55815",335,204,10.183818566562,131
"55816",335,205,9.53340718935846,130
"55817",335,206,10.6265730868598,129
"55818",335,207,7.32319928865871,128
"55819",335,208,8.13817909069951,127
"55820",335,209,8.65482684562732,126
"55821",335,210,9.2553192415949,125
"55822",335,211,8.58222174647548,124
"55823",335,212,8.55218097013199,123
"55824",335,213,8.0688788391864,122
"55825",335,214,7.54464287242877,121
"55826",335,215,8.64586712852956,120
"55827",335,216,8.24826996293675,119
"55828",335,217,7.41258704269389,118
"55829",335,218,8.23943124010678,117
"55830",335,219,9.05844734686247,116
"55831",335,220,7.88488941044995,115
"55832",335,221,8.64342618049841,114
"55833",335,222,7.67588987169608,113
"55834",335,223,7.54531848288386,112
"55835",335,224,8.15843282489115,111
"55836",335,225,7.53819053974374,110
"55837",335,226,7.66674591412448,109
"55838",335,227,6.92548015023356,108
"55839",335,228,6.61808217462548,107
"55840",335,229,7.75316877931329,106
"55841",335,230,7.3818984989835,105
"55842",335,231,8.20713150736425,104
"55843",335,232,8.61281669540074,103
"55844",335,233,8.59576539164315,102
"55845",335,234,7.01464014234333,101
"55846",335,235,6.75929038984299,100
"55847",335,236,6.74647590282968,99
"55848",335,237,7.82912501474093,98
"55849",335,238,9.6557283675495,97
"55850",335,239,10.0733285113282,96
"55851",335,240,7.43307236760698,95
"55852",335,241,6.35970083298674,94
"55853",335,242,6.53499014396595,93
"55854",335,243,7.70205471544853,92
"55855",335,244,7.28655719419384,91
"55856",335,245,7.72219887902289,90
"55857",335,246,7.56649334473722,89
"55858",335,247,8.03483892014235,88
"55859",335,248,7.57187987206045,87
"55860",335,249,7.77127250980156,86
"55861",335,250,8.48119300390102,85
"55862",335,251,7.58515334428465,84
"55863",335,252,8.61340997445086,83
"55864",335,253,7.77961952569276,82
"55865",335,254,8.03463102413469,81
"55866",335,255,8.10341464484108,80
"55867",335,256,7.57749045214041,79
"55868",335,257,7.55708211580711,78
"55869",335,258,6.31281279675732,77
"55870",335,259,3.94111059324846,76
"55871",335,260,4.7722732796264,75
"55872",335,261,4.97463426029904,74
"55873",335,262,5.98423557969808,73
"55874",335,263,7.53350764982275,72
"55875",335,264,8.48637821629145,71
"55876",335,265,8.16655057170566,70
"55877",335,266,8.703605750817,69
"55878",335,267,8.71525207164265,68
"55879",335,268,9.10795777635545,67
"55880",335,269,8.63735541563186,66
"55881",335,270,8.53155584109348,65
"55882",335,271,7.90016888450022,64
"55883",335,272,6.56761239667958,63
"55884",335,273,5.25594356770207,62
"55885",335,274,4.38562569003973,61
"55886",335,275,2.52626018741429,60
"55887",335,276,4.90447707154025,59
"55888",335,277,4.40536904392738,58
"55889",335,278,5.32448766230627,57
"55890",335,279,4.86245426570044,56
"55891",335,280,7.17826091782173,55
"55892",335,281,7.15085886095435,54
"55893",335,282,7.28349493895598,53
"55894",335,283,7.93710272987652,52
"55895",335,284,7.18751663657992,51
"55896",335,285,6.69985961949768,50
"55897",335,286,7.89632532091938,49
"55898",335,287,5.31936970597103,48
"55899",335,288,4.20296933772043,47
"55900",335,289,4.56662660195019,46
"55901",335,290,4.59777547924516,45
"55902",335,291,6.48085554029193,44
"55903",335,292,6.49436800834118,43
"55904",335,293,6.23963696403284,42
"55905",335,294,2.44691317892864,41
"55906",335,295,4.49236227358525,40
"55907",335,296,5.10072680581692,39
"55908",335,297,5.67445530188718,38
"55909",335,298,4.16117868830147,37
"55910",335,299,5.21926381227779,36
"55911",335,300,4.92154434733709,35
"55912",335,301,0.768584648897004,34
"55913",335,302,5.49234737940928,33
"55914",335,303,1.51327389777432,32
"55915",335,304,3.57935038739948,31
"55916",335,305,3.79662249196848,30
"55917",335,306,4.60387334223261,29
"55918",335,307,4.0606211226023,28
"55919",335,308,3.06811369308924,27
"55920",335,309,0.766001356153504,26
"55921",335,310,4.08722240252456,25
"55922",335,311,5.38699852850344,24
"55923",335,312,5.18618236558028,23
"55924",335,313,5.46539299833433,22
"55925",335,314,3.55685492889225,21
"55926",335,315,1.77831950840804,20
"55927",335,316,1.22665175311484,19
"55928",335,317,3.46708332466186,18
"55929",335,318,5.43675179015566,17
"55930",335,319,4.96036321508876,16
"55931",335,320,6.41129600883631,15
"55932",335,321,1.76659952486009,14
"55933",335,322,2.02515178001936,13
"55934",335,323,0.544029822799105,12
"55935",335,324,4.21260794999468,11
"55936",335,325,6.13783847024095,10
"55937",335,326,6.32612224264399,9
"55938",335,327,5.2938051224785,8
"55939",335,328,2.04170657715575,7
"55940",335,329,3.71297621382717,6
"55941",335,330,4.44270247900168,5
"55942",335,331,3.98351532393497,4
"55943",335,332,5.76314711650657,3
"55944",335,333,5.14331984598887,2
"55945",335,334,1.36064267835683,1
"55946",336,1,2.55847390247422,335
"55947",336,2,2.79069382931739,334
"55948",336,3,5.7103816788352,333
"55949",336,4,3.13236681865228,332
"55950",336,5,4.20549487028241,331
"55951",336,6,2.61403864977944,330
"55952",336,7,3.91709639055603,329
"55953",336,8,5.77074457824166,328
"55954",336,9,8.51043657394169,327
"55955",336,10,5.76223292097083,326
"55956",336,11,3.1720574851757,325
"55957",336,12,5.86596729903769,324
"55958",336,13,6.85732107357269,323
"55959",336,14,3.46842268868341,322
"55960",336,15,3.07892150684815,321
"55961",336,16,3.822942805631,320
"55962",336,17,4.55495146157535,319
"55963",336,18,3.94491726869597,318
"55964",336,19,2.76471490605484,317
"55965",336,20,3.18297131671747,316
"55966",336,21,7.50290929887254,315
"55967",336,22,6.92865826614039,314
"55968",336,23,7.30244861594723,313
"55969",336,24,5.44400306500262,312
"55970",336,25,2.15929894463318,311
"55971",336,26,6.37386234418031,310
"55972",336,27,2.57009458102834,309
"55973",336,28,3.33845816066235,308
"55974",336,29,2.8742951703403,307
"55975",336,30,2.43711679846604,306
"55976",336,31,3.85236209758856,305
"55977",336,32,3.70982726449549,304
"55978",336,33,4.50124055018811,303
"55979",336,34,6.29440759729746,302
"55980",336,35,2.45276253314105,301
"55981",336,36,4.3941788223876,300
"55982",336,37,1.62691882871203,299
"55983",336,38,1.96966326062479,298
"55984",336,39,6.35462876828553,297
"55985",336,40,5.35206507543159,296
"55986",336,41,6.0747891661878,295
"55987",336,42,2.99994114545013,294
"55988",336,43,3.63342887345155,293
"55989",336,44,3.34506596020886,292
"55990",336,45,6.99454279507754,291
"55991",336,46,5.94424445492069,290
"55992",336,47,3.59541932036281,289
"55993",336,48,4.22219508563132,288
"55994",336,49,6.07720804158949,287
"55995",336,50,9.29918705256444,286
"55996",336,51,4.01993196441559,285
"55997",336,52,3.67490315444416,284
"55998",336,53,4.14125699237376,283
"55999",336,54,2.97278703747942,282
"56000",336,55,3.17915064975205,281
"56001",336,56,4.11514634723317,280
"56002",336,57,2.58210712754294,279
"56003",336,58,1.03233945022227,278
"56004",336,59,5.36192713905812,277
"56005",336,60,3.31538587516203,276
"56006",336,61,4.07999190920428,275
"56007",336,62,6.02604657904499,274
"56008",336,63,2.78396432730475,273
"56009",336,64,3.90473157305667,272
"56010",336,65,5.94064252611709,271
"56011",336,66,5.28216864429209,270
"56012",336,67,2.1528465565204,269
"56013",336,68,3.35494597617143,268
"56014",336,69,7.26663711028016,267
"56015",336,70,2.34877616386722,266
"56016",336,71,1.87201445892754,265
"56017",336,72,3.73541123656839,264
"56018",336,73,1.34694083571468,263
"56019",336,74,1.52267774994885,262
"56020",336,75,2.97510382973571,261
"56021",336,76,2.97135082420875,260
"56022",336,77,5.84572723345844,259
"56023",336,78,7.53660397747767,258
"56024",336,79,2.51459523388197,257
"56025",336,80,4.58675530141158,256
"56026",336,81,3.57455789956122,255
"56027",336,82,3.28885068834262,254
"56028",336,83,4.14714663757864,253
"56029",336,84,3.90474029564158,252
"56030",336,85,4.28514582121326,251
"56031",336,86,3.41439722819139,250
"56032",336,87,4.93780153813412,249
"56033",336,88,4.42170985107124,248
"56034",336,89,1.68382319554272,247
"56035",336,90,4.79907936383434,246
"56036",336,91,3.31299134234568,245
"56037",336,92,1.7219936748402,244
"56038",336,93,2.88091752279498,243
"56039",336,94,8.80402081576548,242
"56040",336,95,5.03495133482069,241
"56041",336,96,4.1511412605505,240
"56042",336,97,2.77174809062469,239
"56043",336,98,3.17998696249447,238
"56044",336,99,2.29179810782081,237
"56045",336,100,3.84934840024807,236
"56046",336,101,7.67627722081797,235
"56047",336,102,5.89834180736702,234
"56048",336,103,4.77428007745266,233
"56049",336,104,3.03680110841493,232
"56050",336,105,3.90220350446721,231
"56051",336,106,6.55812995565904,230
"56052",336,107,5.65032196279995,229
"56053",336,108,4.42829219669062,228
"56054",336,109,3.81741427865547,227
"56055",336,110,6.05383453660988,226
"56056",336,111,6.56639676397037,225
"56057",336,112,2.4105703831954,224
"56058",336,113,5.56126758433234,223
"56059",336,114,6.34772315595713,222
"56060",336,115,6.4330508253032,221
"56061",336,116,8.2976338644773,220
"56062",336,117,8.48941050856243,219
"56063",336,118,7.76515039894832,218
"56064",336,119,5.89644184168152,217
"56065",336,120,4.92640993455146,216
"56066",336,121,3.06371152204304,215
"56067",336,122,5.35450165185724,214
"56068",336,123,8.07889920482319,213
"56069",336,124,5.01732359521139,212
"56070",336,125,5.71587699812485,211
"56071",336,126,4.43432949985072,210
"56072",336,127,4.56451660562611,209
"56073",336,128,3.7105259435233,208
"56074",336,129,4.67174334246938,207
"56075",336,130,4.51175653772632,206
"56076",336,131,3.80614135828171,205
"56077",336,132,5.38468686215804,204
"56078",336,133,5.51771245751473,203
"56079",336,134,5.44562384089166,202
"56080",336,135,5.93603412474155,201
"56081",336,136,5.32211503780973,200
"56082",336,137,7.40245774885351,199
"56083",336,138,6.42947296959218,198
"56084",336,139,4.65291199876959,197
"56085",336,140,4.45704840588583,196
"56086",336,141,4.53850098847979,195
"56087",336,142,5.76553309512691,194
"56088",336,143,7.5687101486778,193
"56089",336,144,7.01375321348566,192
"56090",336,145,6.21720291879693,191
"56091",336,146,7.3772937339131,190
"56092",336,147,7.43718132984475,189
"56093",336,148,7.37168661191444,188
"56094",336,149,7.81740559079635,187
"56095",336,150,6.82939245309803,186
"56096",336,151,7.21037689373931,185
"56097",336,152,8.6490780004673,184
"56098",336,153,10.2008444719028,183
"56099",336,154,8.35149435796578,182
"56100",336,155,6.10912800747726,181
"56101",336,156,5.74337793514521,180
"56102",336,157,5.60913271844357,179
"56103",336,158,7.08613290969561,178
"56104",336,159,7.52792709807527,177
"56105",336,160,8.59761076952676,176
"56106",336,161,7.26515781832402,175
"56107",336,162,7.05557870637414,174
"56108",336,163,7.17962186924085,173
"56109",336,164,8.3447714956344,172
"56110",336,165,7.6120557272628,171
"56111",336,166,6.46438888253153,170
"56112",336,167,6.48450436989681,169
"56113",336,168,6.06824666585358,168
"56114",336,169,6.09545580151016,167
"56115",336,170,5.87746217299672,166
"56116",336,171,6.2106458387435,165
"56117",336,172,7.32697522586344,164
"56118",336,173,7.91837731315238,163
"56119",336,174,8.75585072634397,162
"56120",336,175,7.70766954350517,161
"56121",336,176,7.9149730488133,160
"56122",336,177,6.27796275053233,159
"56123",336,178,5.73699671300291,158
"56124",336,179,7.03889535342135,157
"56125",336,180,8.69858637947872,156
"56126",336,181,7.81797983698679,155
"56127",336,182,7.26654926040717,154
"56128",336,183,7.37270557878047,153
"56129",336,184,8.03763428306421,152
"56130",336,185,6.26640451151663,151
"56131",336,186,7.05370705268432,150
"56132",336,187,7.72259660103908,149
"56133",336,188,7.24669685817298,148
"56134",336,189,8.53006485323901,147
"56135",336,190,6.89758674798856,146
"56136",336,191,7.76686099159133,145
"56137",336,192,9.50738289784115,144
"56138",336,193,8.98909766569916,143
"56139",336,194,6.9901055671177,142
"56140",336,195,8.22114929418186,141
"56141",336,196,6.50513221537821,140
"56142",336,197,7.12575364611035,139
"56143",336,198,8.03504220002639,138
"56144",336,199,8.28589295808074,137
"56145",336,200,7.94606673746133,136
"56146",336,201,8.09758093577678,135
"56147",336,202,10.8113816899712,134
"56148",336,203,9.77853845117949,133
"56149",336,204,9.64424447833219,132
"56150",336,205,9.62800073085092,131
"56151",336,206,7.93311775032935,130
"56152",336,207,8.36086061751303,129
"56153",336,208,8.95747941399317,128
"56154",336,209,8.55453969427472,127
"56155",336,210,9.59115502403705,126
"56156",336,211,9.01327966966196,125
"56157",336,212,8.88637337690422,124
"56158",336,213,7.83952953926557,123
"56159",336,214,8.9462547735865,122
"56160",336,215,6.85835407749643,121
"56161",336,216,8.06218528168777,120
"56162",336,217,6.90255952003163,119
"56163",336,218,8.65181105984037,118
"56164",336,219,8.98517301595952,117
"56165",336,220,8.0231991301673,116
"56166",336,221,8.00519356008324,115
"56167",336,222,8.9320474313424,114
"56168",336,223,7.87906870013433,113
"56169",336,224,7.47319630596324,112
"56170",336,225,7.72416932433511,111
"56171",336,226,8.07912573385807,110
"56172",336,227,7.04643106397755,109
"56173",336,228,7.66914328436646,108
"56174",336,229,6.85381944970513,107
"56175",336,230,7.79427831871708,106
"56176",336,231,6.51650998389372,105
"56177",336,232,6.01594075265285,104
"56178",336,233,9.00814521137674,103
"56179",336,234,8.78841955393476,102
"56180",336,235,6.62398156909718,101
"56181",336,236,7.43897461339956,100
"56182",336,237,7.99895087621381,99
"56183",336,238,6.96227303101908,98
"56184",336,239,10.4857083310618,97
"56185",336,240,8.70690551130252,96
"56186",336,241,6.16077197499752,95
"56187",336,242,5.51446814610258,94
"56188",336,243,5.38395573453593,93
"56189",336,244,5.66065140779062,92
"56190",336,245,6.04773027867085,91
"56191",336,246,7.07282683438015,90
"56192",336,247,8.09110010796737,89
"56193",336,248,7.79016450288879,88
"56194",336,249,8.18365232953515,87
"56195",336,250,5.7877376673706,86
"56196",336,251,7.28456758804761,85
"56197",336,252,6.53446801742814,84
"56198",336,253,6.46095742346921,83
"56199",336,254,5.71313510885126,82
"56200",336,255,5.40995930831066,81
"56201",336,256,5.9517927549239,80
"56202",336,257,6.59456465664046,79
"56203",336,258,6.72519261649091,78
"56204",336,259,3.37371715453881,77
"56205",336,260,4.39175526454377,76
"56206",336,261,4.30299947300688,75
"56207",336,262,4.61703667467405,74
"56208",336,263,5.72963358648443,73
"56209",336,264,5.79292287976103,72
"56210",336,265,6.18504637636064,71
"56211",336,266,6.01015041428658,70
"56212",336,267,6.02179673511223,69
"56213",336,268,6.41450243982503,68
"56214",336,269,6.20260696048064,67
"56215",336,270,6.29113667518256,66
"56216",336,271,6.45199727469704,65
"56217",336,272,5.7503151786893,64
"56218",336,273,5.3124128447138,63
"56219",336,274,4.79800550977331,62
"56220",336,275,2.93864000714787,61
"56221",336,276,2.21102173500983,60
"56222",336,277,4.44568539782062,59
"56223",336,278,4.62078112911218,58
"56224",336,279,3.12580981183658,57
"56225",336,280,4.48480558129131,56
"56226",336,281,4.45740352442393,55
"56227",336,282,4.59003960242556,54
"56228",336,283,5.2436473933461,53
"56229",336,284,5.59402074100702,52
"56230",336,285,7.11223943923126,51
"56231",336,286,6.2701854341811,50
"56232",336,287,5.73174952570462,49
"56233",336,288,5.97674874931186,48
"56234",336,289,6.34040601354162,47
"56235",336,290,4.46727597514767,46
"56236",336,291,4.03016225120893,45
"56237",336,292,6.90674782807477,44
"56238",336,293,6.65201678376642,43
"56239",336,294,3.55398999928373,42
"56240",336,295,1.79890693705483,41
"56241",336,296,2.4072714692865,40
"56242",336,297,3.45018905909474,39
"56243",336,298,3.22117038014673,38
"56244",336,299,3.77143034740302,37
"56245",336,300,4.75140450001988,36
"56246",336,301,2.16732060130077,35
"56247",336,302,6.82440312408186,34
"56248",336,303,1.1801814387561,33
"56249",336,304,1.03145343697383,32
"56250",336,305,2.00879730715528,31
"56251",336,306,1.91041800570219,30
"56252",336,307,2.30520582861944,29
"56253",336,308,3.5253087704985,28
"56254",336,309,2.00027709335965,27
"56255",336,310,1.39376706599414,26
"56256",336,311,2.69354319197302,25
"56257",336,312,2.49272702904985,24
"56258",336,313,2.77193766180391,23
"56259",336,314,3.16052213561954,22
"56260",336,315,4.42689093546754,21
"56261",336,316,2.40886815678425,20
"56262",336,317,5.24086273625329,19
"56263",336,318,6.37016108331632,18
"56264",336,319,4.83886421516539,17
"56265",336,320,4.65619284863352,16
"56266",336,321,3.14310969474224,15
"56267",336,322,3.37578158355148,14
"56268",336,323,2.56479511786076,13
"56269",336,324,3.73519840734946,12
"56270",336,325,4.41459896675337,11
"56271",336,326,4.10185599985155,10
"56272",336,327,5.70618494221208,9
"56273",336,328,2.11013821057628,8
"56274",336,329,1.01952087729675,7
"56275",336,330,1.74924714247125,6
"56276",336,331,4.10446623767896,5
"56277",336,332,4.14572096446184,4
"56278",336,333,5.55569966572246,3
"56279",336,334,2.65938122346005,2
"56280",336,335,2.69345533653042,1
"56281",337,1,3.08006015466049,336
"56282",337,2,3.31228008150366,335
"56283",337,3,5.31808904169735,334
"56284",337,4,2.74007418151443,333
"56285",337,5,3.81320223314456,332
"56286",337,6,2.09245239759317,331
"56287",337,7,3.52480375341819,330
"56288",337,8,5.37845194110381,329
"56289",337,9,8.11814393680385,328
"56290",337,10,5.36994028383298,327
"56291",337,11,2.95343237523227,326
"56292",337,12,5.47367466189984,325
"56293",337,13,6.46502843643484,324
"56294",337,14,3.07613005154556,323
"56295",337,15,2.6866288697103,322
"56296",337,16,3.43065016849315,321
"56297",337,17,4.16265882443751,320
"56298",337,18,3.72629215875255,319
"56299",337,19,2.54608979611142,318
"56300",337,20,2.79067867957962,317
"56301",337,21,7.11061666173469,316
"56302",337,22,6.53636562900254,315
"56303",337,23,6.91015597880938,314
"56304",337,24,5.05171042786477,313
"56305",337,25,1.8213278319507,312
"56306",337,26,6.15523723423689,311
"56307",337,27,2.35146947108491,310
"56308",337,28,3.11983305071892,309
"56309",337,29,2.65567006039688,308
"56310",337,30,2.0891980734742,307
"56311",337,31,3.46006946045071,306
"56312",337,32,3.36190853950365,305
"56313",337,33,4.28261544024469,304
"56314",337,34,5.90211496015961,303
"56315",337,35,2.0604698960032,302
"56316",337,36,4.17555371244418,301
"56317",337,37,1.23462619157419,300
"56318",337,38,1.62174453563295,299
"56319",337,39,5.96233613114768,298
"56320",337,40,4.95977243829374,297
"56321",337,41,5.68249652904995,296
"56322",337,42,2.60764850831228,295
"56323",337,43,3.2411362363137,294
"56324",337,44,3.43284991297019,293
"56325",337,45,7.34246152006938,292
"56326",337,46,5.55195181778284,291
"56327",337,47,3.40199474133998,290
"56328",337,48,4.57011381062316,289
"56329",337,49,6.42512676658133,288
"56330",337,50,9.64710577755628,287
"56331",337,51,3.62763932727774,286
"56332",337,52,3.28261051730631,285
"56333",337,53,3.74896435523591,284
"56334",337,54,2.45120078529315,283
"56335",337,55,2.96052553980863,282
"56336",337,56,4.63673259941944,281
"56337",337,57,2.18981449040509,280
"56338",337,58,1.55392570240854,279
"56339",337,59,5.88351339124439,278
"56340",337,60,2.92309323802418,277
"56341",337,61,4.02413313664379,276
"56342",337,62,5.63375394190714,275
"56343",337,63,2.39167169016691,274
"56344",337,64,4.42631782524294,273
"56345",337,65,6.46222877830336,272
"56346",337,66,4.88987600715424,271
"56347",337,67,1.76055391938255,270
"56348",337,68,3.13632086622801,269
"56349",337,69,7.614555835272,268
"56350",337,70,2.1301510539238,267
"56351",337,71,2.01797336006883,266
"56352",337,72,4.08332996156023,265
"56353",337,73,1.69485956070652,264
"56354",337,74,1.57321394668219,263
"56355",337,75,3.49669008192198,262
"56356",337,76,3.31926954920058,261
"56357",337,77,6.19364595845028,260
"56358",337,78,7.88452270246951,259
"56359",337,79,2.66055413502326,258
"56360",337,80,5.10834155359784,257
"56361",337,81,4.07933674937887,256
"56362",337,82,3.81043694052888,255
"56363",337,83,3.92852152763522,254
"56364",337,84,3.51244765850373,253
"56365",337,85,3.89285318407542,252
"56366",337,86,3.02210459105354,251
"56367",337,87,4.54550890099627,250
"56368",337,88,4.02941721393339,249
"56369",337,89,1.4651980855993,248
"56370",337,90,4.58045425389091,247
"56371",337,91,3.09436623240226,246
"56372",337,92,1.68222898957386,245
"56373",337,93,3.22883624778682,244
"56374",337,94,9.15193954075732,243
"56375",337,95,5.55653758700696,242
"56376",337,96,4.49905998554234,241
"56377",337,97,3.11966681561653,240
"56378",337,98,3.45444518106175,239
"56379",337,99,2.81338436000708,238
"56380",337,100,4.37093465243433,237
"56381",337,101,8.19786347300424,236
"56382",337,102,6.41992805955329,235
"56383",337,103,5.29586632963893,234
"56384",337,104,3.38471983340676,233
"56385",337,105,4.42378975665348,232
"56386",337,106,7.07971620784531,231
"56387",337,107,5.99824068779179,230
"56388",337,108,4.77621092168246,229
"56389",337,109,4.33900053084173,228
"56390",337,110,6.41856066397034,227
"56391",337,111,6.91431548896221,226
"56392",337,112,2.59529632035804,225
"56393",337,113,6.08285383651861,224
"56394",337,114,6.86930940814339,223
"56395",337,115,6.95463707748947,222
"56396",337,116,8.81922011666357,221
"56397",337,117,9.0109967607487,220
"56398",337,118,8.28673665113459,219
"56399",337,119,6.24436056667336,218
"56400",337,120,5.2743286595433,217
"56401",337,121,3.58529777422931,216
"56402",337,122,5.87608790404351,215
"56403",337,123,8.60048545700946,214
"56404",337,124,5.53890984739766,213
"56405",337,125,6.06379572311669,212
"56406",337,126,4.78224822484256,211
"56407",337,127,4.91243533061795,210
"56408",337,128,4.10281858066115,209
"56409",337,129,5.01966206746122,208
"56410",337,130,4.85967526271816,207
"56411",337,131,4.32772761046798,206
"56412",337,132,5.9062731143443,205
"56413",337,133,6.039298709701,204
"56414",337,134,5.96721009307793,203
"56415",337,135,6.45762037692782,202
"56416",337,136,5.843701289996,201
"56417",337,137,7.92404400103978,200
"56418",337,138,6.95105922177845,199
"56419",337,139,5.17449825095586,198
"56420",337,140,4.9786346580721,197
"56421",337,141,5.06008724066606,196
"56422",337,142,6.28711934731318,195
"56423",337,143,8.09029640086406,194
"56424",337,144,7.53533946567193,193
"56425",337,145,6.73878917098319,192
"56426",337,146,7.89887998609937,191
"56427",337,147,7.95876758203102,190
"56428",337,148,7.89327286410071,189
"56429",337,149,8.33899184298262,188
"56430",337,150,7.3509787052843,187
"56431",337,151,7.73196314592558,186
"56432",337,152,9.17066425265357,185
"56433",337,153,10.5487631968946,184
"56434",337,154,8.69941308295762,183
"56435",337,155,6.4570467324691,182
"56436",337,156,6.26496418733148,181
"56437",337,157,5.95705144343541,180
"56438",337,158,7.43405163468745,179
"56439",337,159,7.99909114315569,178
"56440",337,160,8.9455294945186,177
"56441",337,161,7.61307654331586,176
"56442",337,162,7.57716495856041,175
"56443",337,163,7.70120812142711,174
"56444",337,164,8.69269022062624,173
"56445",337,165,7.95997445225464,172
"56446",337,166,6.81230760752337,171
"56447",337,167,7.00609062208308,170
"56448",337,168,6.58983291803985,169
"56449",337,169,6.61704205369643,168
"56450",337,170,6.39904842518299,167
"56451",337,171,6.73223209092977,166
"56452",337,172,7.8485614780497,165
"56453",337,173,8.43996356533865,164
"56454",337,174,9.27743697853023,163
"56455",337,175,8.05558826849701,162
"56456",337,176,8.26289177380514,161
"56457",337,177,6.49658786047575,160
"56458",337,178,6.25858296518918,159
"56459",337,179,7.56048160560762,158
"56460",337,180,9.04650510447056,157
"56461",337,181,8.16589856197863,156
"56462",337,182,7.61446798539901,155
"56463",337,183,7.72062430377231,154
"56464",337,184,8.55922053525048,153
"56465",337,185,6.65869714865448,152
"56466",337,186,7.40162577767617,151
"56467",337,187,8.24418285322535,150
"56468",337,188,7.76828311035925,149
"56469",337,189,9.05165110542527,148
"56470",337,190,7.2455054729804,147
"56471",337,191,8.11477971658317,146
"56472",337,192,10.0289691500274,145
"56473",337,193,9.337016390691,144
"56474",337,194,7.51169181930396,143
"56475",337,195,8.5690680191737,142
"56476",337,196,6.85305094037005,141
"56477",337,197,7.47367237110219,140
"56478",337,198,8.38296092501823,139
"56479",337,199,8.80747921026701,138
"56480",337,200,8.4676529896476,137
"56481",337,201,8.61916718796304,136
"56482",337,202,11.3329679421574,135
"56483",337,203,10.1264571761713,134
"56484",337,204,9.99216320332403,133
"56485",337,205,9.97591945584276,132
"56486",337,206,8.3254103874672,131
"56487",337,207,8.70877934250487,130
"56488",337,208,9.30539813898501,129
"56489",337,209,8.90245841926656,128
"56490",337,210,9.93907374902889,127
"56491",337,211,9.3611983946538,126
"56492",337,212,9.23429210189607,125
"56493",337,213,8.18744826425741,124
"56494",337,214,9.29417349857834,123
"56495",337,215,7.3799403296827,122
"56496",337,216,8.58377153387403,121
"56497",337,217,7.42414577221789,120
"56498",337,218,9.17339731202664,119
"56499",337,219,9.50675926814578,118
"56500",337,220,8.37111785515915,117
"56501",337,221,8.35311228507508,116
"56502",337,222,9.27996615633424,115
"56503",337,223,8.22698742512617,114
"56504",337,224,7.82111503095508,113
"56505",337,225,8.24575557652137,112
"56506",337,226,8.60071198604433,111
"56507",337,227,7.56801731616382,110
"56508",337,228,8.01706200935829,109
"56509",337,229,7.20173817469697,108
"56510",337,230,8.31586457090335,107
"56511",337,231,7.03809623607998,106
"56512",337,232,6.53752700483911,105
"56513",337,233,9.52973146356301,104
"56514",337,234,9.1363382789266,103
"56515",337,235,6.97190029408902,102
"56516",337,236,7.7868933383914,101
"56517",337,237,8.52053712840008,100
"56518",337,238,7.35456566815693,99
"56519",337,239,11.007294583248,98
"56520",337,240,9.05482423629436,97
"56521",337,241,6.50869069998936,96
"56522",337,242,5.86238687109442,95
"56523",337,243,5.60258084447935,94
"56524",337,244,6.18223765997688,93
"56525",337,245,6.56931653085711,92
"56526",337,246,7.59441308656642,91
"56527",337,247,8.61268636015364,90
"56528",337,248,8.31175075507506,89
"56529",337,249,8.70523858172142,88
"56530",337,250,6.2122191005779,87
"56531",337,251,7.80615384023388,86
"56532",337,252,7.05605426961441,85
"56533",337,253,6.98254367565548,84
"56534",337,254,6.23472136103753,83
"56535",337,255,5.80225194544851,82
"56536",337,256,6.47337900711017,81
"56537",337,257,7.11615090882673,80
"56538",337,258,7.24677886867717,79
"56539",337,259,3.72163587953065,78
"56540",337,260,4.91334151673004,77
"56541",337,261,4.82458572519315,76
"56542",337,262,5.13862292686032,75
"56543",337,263,6.25121983867069,74
"56544",337,264,6.20136583890254,73
"56545",337,265,6.70663262854691,72
"56546",337,266,6.40244305142443,71
"56547",337,267,6.41408937225007,70
"56548",337,268,6.80679507696287,69
"56549",337,269,6.72419321266691,68
"56550",337,270,6.81272292736882,67
"56551",337,271,6.97358352688331,66
"56552",337,272,6.27190143087556,65
"56553",337,273,5.83399909690007,64
"56554",337,274,5.31959176195958,63
"56555",337,275,3.46022625933414,62
"56556",337,276,2.60331437214768,61
"56557",337,277,4.96727165000689,60
"56558",337,278,5.14236738129845,59
"56559",337,279,3.58016645454839,58
"56560",337,280,4.87709821842916,57
"56561",337,281,4.84969616156178,56
"56562",337,282,4.98233223956341,55
"56563",337,283,5.63594003048395,54
"56564",337,284,6.11560699319329,53
"56565",337,285,7.63382569141753,52
"56566",337,286,6.79177168636737,51
"56567",337,287,6.25333577789089,50
"56568",337,288,6.3246674743037,49
"56569",337,289,6.68832473853346,48
"56570",337,290,4.81519470013951,47
"56571",337,291,4.5517485033952,46
"56572",337,292,7.42833408026104,45
"56573",337,293,7.17360303595269,44
"56574",337,294,3.90190872427557,43
"56575",337,295,2.19119957419268,42
"56576",337,296,2.89656488080997,41
"56577",337,297,3.97177531128101,40
"56578",337,298,3.70354832408749,39
"56579",337,299,4.29301659958928,38
"56580",337,300,5.27299075220615,37
"56581",337,301,2.06672006941812,36
"56582",337,302,6.60577801413844,35
"56583",337,303,1.31468855986795,34
"56584",337,304,1.55303968916009,33
"56585",337,305,2.53038355934155,32
"56586",337,306,2.30271064284004,31
"56587",337,307,2.82679208080571,30
"56588",337,308,4.00207976500909,29
"56589",337,309,2.07885682398878,28
"56590",337,310,1.78605970313198,27
"56591",337,311,3.08583582911087,26
"56592",337,312,2.8850196661877,25
"56593",337,313,3.16423029894176,24
"56594",337,314,3.6821083878058,23
"56595",337,315,4.03459829832969,22
"56596",337,316,2.75678688177609,21
"56597",337,317,5.58878146124513,20
"56598",337,318,6.71807980830816,19
"56599",337,319,5.36045046735166,18
"56600",337,320,5.17777910081978,17
"56601",337,321,3.19919416433013,16
"56602",337,322,2.98348894641363,15
"56603",337,323,2.66572795938238,14
"56604",337,324,4.25678465953573,13
"56605",337,325,4.93618521893964,12
"56606",337,326,4.62344225203782,11
"56607",337,327,6.22777119439835,10
"56608",337,328,2.45805693556812,9
"56609",337,329,1.49277321363958,8
"56610",337,330,2.1415397796091,7
"56611",337,331,4.62605248986523,6
"56612",337,332,4.6673072166481,5
"56613",337,333,6.07728591790873,4
"56614",337,334,2.29460875027668,3
"56615",337,335,2.30116269939257,2
"56616",337,336,0.521586252186268,1
"56617",338,1,1.45454664766803,337
"56618",338,2,2.75902506194128,336
"56619",338,3,7.2511843777979,335
"56620",338,4,4.67316951761497,334
"56621",338,5,5.74629756924511,333
"56622",338,6,3.86380781220729,332
"56623",338,7,5.45789908951873,331
"56624",338,8,7.31154727720435,330
"56625",338,9,10.0512392729044,329
"56626",338,10,7.30303561993352,328
"56627",338,11,3.89896508591866,327
"56628",338,12,7.40676999800038,326
"56629",338,13,8.39812377253538,325
"56630",338,14,5.00922538764611,324
"56631",338,15,4.61972420581085,323
"56632",338,16,5.36374550459369,322
"56633",338,17,6.09575416053805,321
"56634",338,18,3.46883168342482,320
"56635",338,19,2.74705458186814,319
"56636",338,20,4.72377401568017,318
"56637",338,21,9.04371199783523,317
"56638",338,22,8.46946096510308,316
"56639",338,23,8.84325131490992,315
"56640",338,24,6.98480576396531,314
"56641",338,25,3.70010164359587,313
"56642",338,26,5.89777675890916,312
"56643",338,27,3.2817276144987,311
"56644",338,28,2.86237257539119,310
"56645",338,29,4.06676781669392,309
"56646",338,30,2.24565049199641,308
"56647",338,31,5.39316479655126,307
"56648",338,32,2.79686623506783,306
"56649",338,33,4.03074846842524,305
"56650",338,34,7.83521029626015,304
"56651",338,35,3.99356523210374,303
"56652",338,36,3.91809323711645,302
"56653",338,37,3.16772152767473,301
"56654",338,38,1.56092430225559,300
"56655",338,39,7.89543146724822,299
"56656",338,40,6.89286777439428,298
"56657",338,41,7.61559186515049,297
"56658",338,42,4.54074384441282,296
"56659",338,43,5.17423157241424,295
"56660",338,44,4.88586865917155,294
"56661",338,45,7.9075038245052,293
"56662",338,46,7.48504715388338,292
"56663",338,47,5.1362220193255,291
"56664",338,48,5.13515611505898,290
"56665",338,49,6.99016907101715,289
"56666",338,50,10.2121480819921,288
"56667",338,51,5.56073466337828,287
"56668",338,52,5.21570585340685,286
"56669",338,53,5.68205969133645,285
"56670",338,54,4.34084970032315,284
"56671",338,55,3.75779006976004,283
"56672",338,56,3.86717303433393,282
"56673",338,57,4.12290982650564,281
"56674",338,58,1.2169752283693,280
"56675",338,59,4.25799988425193,279
"56676",338,60,4.85618857412472,278
"56677",338,61,5.62079460816698,277
"56678",338,62,7.56684927800768,276
"56679",338,63,4.32476702626745,275
"56680",338,64,2.80080431825049,274
"56681",338,65,4.8367152713109,273
"56682",338,66,6.82297134325478,272
"56683",338,67,3.69364925548309,271
"56684",338,68,2.88445389440855,270
"56685",338,69,8.17959813970782,269
"56686",338,70,3.57048024442033,268
"56687",338,71,3.41281715789023,267
"56688",338,72,4.64837226599605,266
"56689",338,73,2.86759375109066,265
"56690",338,74,2.66253650392775,264
"56691",338,75,1.87117657492952,263
"56692",338,76,3.8843118536364,262
"56693",338,77,6.7586882628861,261
"56694",338,78,8.44956500690533,260
"56695",338,79,4.05539793284466,259
"56696",338,80,3.99971617608884,258
"56697",338,81,4.48751892898888,257
"56698",338,82,2.58155788611358,256
"56699",338,83,3.67106105230749,255
"56700",338,84,5.44554299460428,254
"56701",338,85,5.82594852017596,253
"56702",338,86,4.95519992715409,252
"56703",338,87,6.47860423709682,251
"56704",338,88,5.96251255003394,250
"56705",338,89,2.94449355774723,249
"56706",338,90,4.32299377856318,248
"56707",338,91,4.04143177818467,247
"56708",338,92,2.88742657226319,246
"56709",338,93,3.79387855222264,245
"56710",338,94,9.71698184519314,244
"56711",338,95,5.72941613345635,243
"56712",338,96,5.06410228997816,242
"56713",338,97,3.68470912005235,241
"56714",338,98,2.70390137722331,240
"56715",338,99,1.45692554707982,239
"56716",338,100,2.74542114544188,238
"56717",338,101,7.36400550941736,237
"56718",338,102,5.28742272475895,236
"56719",338,103,3.67035282264647,235
"56720",338,104,3.94976213784258,234
"56721",338,105,4.20449109919455,233
"56722",338,106,5.45420270085285,232
"56723",338,107,6.56328299222761,231
"56724",338,108,5.34125322611828,230
"56725",338,109,4.19253843228743,229
"56726",338,110,6.96679556603754,228
"56727",338,111,7.47935779339803,227
"56728",338,112,2.55635868556302,226
"56729",338,113,4.45734032952616,225
"56730",338,114,5.24379590115094,224
"56731",338,115,5.32912357049701,223
"56732",338,116,7.82117400081815,222
"56733",338,117,7.38548325375625,221
"56734",338,118,7.66966728625905,220
"56735",338,119,6.80940287110918,219
"56736",338,120,5.83937096397912,218
"56737",338,121,2.14466569329162,217
"56738",338,122,4.86684133525965,216
"56739",338,123,8.03383829923977,215
"56740",338,124,4.43442581383228,214
"56741",338,125,6.6288380275525,213
"56742",338,126,5.34729052927838,212
"56743",338,127,5.47747763505377,211
"56744",338,128,4.10816802045965,210
"56745",338,129,5.58470437189704,209
"56746",338,130,5.42471756715398,208
"56747",338,131,4.62385147700595,207
"56748",338,132,4.66172291239983,206
"56749",338,133,4.41378520270855,205
"56750",338,134,4.34169658608547,204
"56751",338,135,4.83210686993537,203
"56752",338,136,4.21818778300354,202
"56753",338,137,6.29853049404732,201
"56754",338,138,5.32554571478599,200
"56755",338,139,3.5489847439634,199
"56756",338,140,4.10945425766734,198
"56757",338,141,5.44024811904711,197
"56758",338,142,5.01456129006164,196
"56759",338,143,6.46478289387161,195
"56760",338,144,6.3804332250007,194
"56761",338,145,6.18334246615195,193
"56762",338,146,7.59554431679736,192
"56763",338,147,7.9747725577327,191
"56764",338,148,6.88963324474702,190
"56765",338,149,6.71347833599016,189
"56766",338,150,6.94679862177059,188
"56767",338,151,7.97766480535771,187
"56768",338,152,8.87293553278173,186
"56769",338,153,11.1138055013304,185
"56770",338,154,9.26445538739343,184
"56771",338,155,7.02208903690492,183
"56772",338,156,6.29777656540177,182
"56773",338,157,6.52209374787122,181
"56774",338,158,7.99909393912326,180
"56775",338,159,8.44088812750292,179
"56776",338,160,9.51057179895442,178
"56777",338,161,8.17811884775168,177
"56778",338,162,7.58196948132364,176
"56779",338,163,6.45105097005247,175
"56780",338,164,9.25773252506206,174
"56781",338,165,8.52501675669046,173
"56782",338,166,7.37734991195919,172
"56783",338,167,6.5570952808937,171
"56784",338,168,5.50215628684309,170
"56785",338,169,6.40894384917594,169
"56786",338,170,6.24137242776834,168
"56787",338,171,5.50448929135391,167
"56788",338,172,6.29587108403998,166
"56789",338,173,7.73325023918987,165
"56790",338,174,8.62675280891747,164
"56791",338,175,8.62063057293283,163
"56792",338,176,8.82793407824095,162
"56793",338,177,7.02911622948788,161
"56794",338,178,6.21296528084657,160
"56795",338,179,7.83979806977697,159
"56796",338,180,9.61154740890638,158
"56797",338,181,8.73094086641445,157
"56798",338,182,8.17951028983483,156
"56799",338,183,8.28566660820812,155
"56800",338,184,8.18865525647401,154
"56801",338,185,6.58000957660991,153
"56802",338,186,7.96666808211198,152
"56803",338,187,7.05566180781689,151
"56804",338,188,7.81790289079816,150
"56805",338,189,7.66703473510171,149
"56806",338,190,7.81054777741622,148
"56807",338,191,8.67982202101899,147
"56808",338,192,10.2858847083199,146
"56809",338,193,9.90205869512682,145
"56810",338,194,7.82462308821055,144
"56811",338,195,9.13411032360952,143
"56812",338,196,7.41809324480587,142
"56813",338,197,8.03871467553801,141
"56814",338,198,8.94800322945405,140
"56815",338,199,8.85709899070592,139
"56816",338,200,8.52847322302496,138
"56817",338,201,7.91806081124443,137
"56818",338,202,10.8447508468007,136
"56819",338,203,10.6914994806072,135
"56820",338,204,10.5572055077599,134
"56821",338,205,10.5409617602786,133
"56822",338,206,6.82260245301769,132
"56823",338,207,9.27382164694069,131
"56824",338,208,9.87044044342083,130
"56825",338,209,9.46750072370238,129
"56826",338,210,10.5041160534647,128
"56827",338,211,9.92624069908962,127
"56828",338,212,9.79933440633188,126
"56829",338,213,8.75249056869322,125
"56830",338,214,9.85921580301416,124
"56831",338,215,7.34552309827854,123
"56832",338,216,7.20476211298064,122
"56833",338,217,7.74829093998482,121
"56834",338,218,7.82800269587047,120
"56835",338,219,8.18937250729668,119
"56836",338,220,8.93616015959496,118
"56837",338,221,8.9181545895109,117
"56838",338,222,9.84500846077006,116
"56839",338,223,8.79202972956199,115
"56840",338,224,8.3861573353909,114
"56841",338,225,7.24211595716769,113
"56842",338,226,6.97519847905188,112
"56843",338,227,6.79968132997075,111
"56844",338,228,8.58210431379411,110
"56845",338,229,7.76678047913279,109
"56846",338,230,8.32066909366658,108
"56847",338,231,6.12408713207765,107
"56848",338,232,6.27900659321278,106
"56849",338,233,7.98264801898346,105
"56850",338,234,9.70138058336242,104
"56851",338,235,7.53694259852484,103
"56852",338,236,8.35193564282721,102
"56853",338,237,6.95103933202174,101
"56854",338,238,5.61766145787262,100
"56855",338,239,9.38178107625559,99
"56856",338,240,9.61986654073018,98
"56857",338,241,7.07373300442518,97
"56858",338,242,6.42742917553024,96
"56859",338,243,5.86004131980708,95
"56860",338,244,6.39432451467178,94
"56861",338,245,5.59929171624066,93
"56862",338,246,6.76444099440716,92
"56863",338,247,7.4409727171138,91
"56864",338,248,6.6862372480826,90
"56865",338,249,7.07972507472896,89
"56866",338,250,4.58670559358544,88
"56867",338,251,6.18064033324142,87
"56868",338,252,5.43054076262195,86
"56869",338,253,5.65395646186793,85
"56870",338,254,5.44397102304567,84
"56871",338,255,5.12290642582776,83
"56872",338,256,5.69943607148692,82
"56873",338,257,6.54950375105705,81
"56874",338,258,6.51765119072961,80
"56875",338,259,4.28667818396647,79
"56876",338,260,4.06096851869389,78
"56877",338,261,4.28594642273052,77
"56878",338,262,4.66721323387216,76
"56879",338,263,4.62570633167824,75
"56880",338,264,4.57585233191008,74
"56881",338,265,5.08111912155446,73
"56882",338,266,4.46934771532389,72
"56883",338,267,4.48099403614953,71
"56884",338,268,4.87369974086233,70
"56885",338,269,5.09867970567445,69
"56886",338,270,5.18720942037637,68
"56887",338,271,5.34807001989085,67
"56888",338,272,5.67723297187692,66
"56889",338,273,5.93404108444483,65
"56890",338,274,3.99100454817203,64
"56891",338,275,1.96915125553131,63
"56892",338,276,0.871907864470518,62
"56893",338,277,4.22694351912088,61
"56894",338,278,5.23680241941304,60
"56895",338,279,4.03877084126424,59
"56896",338,280,4.17653675874582,58
"56897",338,281,3.91943801814799,57
"56898",338,282,3.69911864640869,56
"56899",338,283,4.26868942548616,55
"56900",338,284,4.49009348620084,54
"56901",338,285,6.00831218442508,53
"56902",338,286,5.16625817937491,52
"56903",338,287,5.4289706351618,51
"56904",338,288,6.88970977873952,50
"56905",338,289,7.25336704296928,49
"56906",338,290,5.38023700457533,48
"56907",338,291,3.92346523965932,47
"56908",338,292,5.80282057326858,46
"56909",338,293,7.42491164481499,45
"56910",338,294,4.46695102871139,44
"56911",338,295,2.45667930292333,43
"56912",338,296,1.73605169070857,42
"56913",338,297,2.3966840113944,41
"56914",338,298,4.13413140957439,40
"56915",338,299,3.41262230032418,39
"56916",338,300,3.6474772452137,38
"56917",338,301,3.70812330026347,37
"56918",338,302,6.34831753881071,36
"56919",338,303,2.72098413771879,35
"56920",338,304,0.90235551954733,34
"56921",338,305,2.14301087819646,33
"56922",338,306,1.13714886626564,32
"56923",338,307,2.19291531356156,31
"56924",338,308,4.43826979992616,30
"56925",338,309,3.54107979232235,29
"56926",338,310,0.618192301033056,28
"56927",338,311,1.38243717674077,27
"56928",338,312,1.6802361354459,26
"56929",338,313,1.46643859600183,25
"56930",338,314,2.05659488081335,24
"56931",338,315,5.96769363443023,23
"56932",338,316,3.32182918621191,22
"56933",338,317,6.15382376568095,21
"56934",338,318,7.28312211274398,20
"56935",338,319,4.90584817673211,19
"56936",338,320,3.55226559382733,18
"56937",338,321,4.68391239370494,17
"56938",338,322,4.91658428251417,16
"56939",338,323,4.10559781682345,15
"56940",338,324,3.85821152545219,14
"56941",338,325,3.31067171194718,13
"56942",338,326,2.99792874504536,12
"56943",338,327,4.84315482407479,11
"56944",338,328,3.02309924000393,10
"56945",338,329,1.64323740829019,9
"56946",338,330,1.47459312466299,8
"56947",338,331,4.04259792972693,7
"56948",338,332,3.48268548858917,6
"56949",338,333,4.45177241091627,5
"56950",338,334,4.20018392242274,4
"56951",338,335,4.23425803549311,3
"56952",338,336,1.54080269896269,2
"56953",338,337,1.93309533610054,1
"56954",339,1,1.95889430214978,338
"56955",339,2,4.01807446592975,337
"56956",339,3,8.67509241681059,336
"56957",339,4,6.09707755662766,335
"56958",339,5,7.1702056082578,334
"56959",339,6,5.28771585121998,333
"56960",339,7,6.88180712853142,332
"56961",339,8,8.73545531621704,331
"56962",339,9,11.4751473119171,330
"56963",339,10,8.72694365894621,329
"56964",339,11,5.32287312493135,328
"56965",339,12,8.83067803701307,327
"56966",339,13,9.82203181154807,326
"56967",339,14,6.4331334266588,325
"56968",339,15,6.04363224482354,324
"56969",339,16,6.78765354360638,323
"56970",339,17,7.51966219955074,322
"56971",339,18,4.20363622532428,321
"56972",339,19,4.17096262088083,320
"56973",339,20,6.14768205469286,319
"56974",339,21,10.4676200368479,318
"56975",339,22,9.89336900411578,317
"56976",339,23,10.2671593539226,316
"56977",339,24,8.408713802978,315
"56978",339,25,5.12400968260857,314
"56979",339,26,6.63258130080862,313
"56980",339,27,4.7056356535114,312
"56981",339,28,4.05487629859278,311
"56982",339,29,5.49067585570661,310
"56983",339,30,3.41007911852423,309
"56984",339,31,6.81707283556395,308
"56985",339,32,2.96592830059512,307
"56986",339,33,5.45465650743793,306
"56987",339,34,9.25911833527284,305
"56988",339,35,5.41747327111643,304
"56989",339,36,4.6528977790159,303
"56990",339,37,4.59162956668742,302
"56991",339,38,2.41908986489611,301
"56992",339,39,9.31933950626091,300
"56993",339,40,8.31677581340697,299
"56994",339,41,9.03949990416318,298
"56995",339,42,5.96465188342551,297
"56996",339,43,6.59813961142693,296
"56997",339,44,6.30977669818424,295
"56998",339,45,7.7384417589779,294
"56999",339,46,8.90895519289607,293
"57000",339,47,6.56013005833819,292
"57001",339,48,4.96609404953169,291
"57002",339,49,6.82110700548986,290
"57003",339,50,10.1326761477207,289
"57004",339,51,6.98464270239097,288
"57005",339,52,6.63961389241954,287
"57006",339,53,7.10596773034914,286
"57007",339,54,5.76475773933583,285
"57008",339,55,5.18169810877273,284
"57009",339,56,5.24271448523108,283
"57010",339,57,5.54681786551833,282
"57011",339,58,2.56948835516736,281
"57012",339,59,3.39983432161141,280
"57013",339,60,6.28009661313741,279
"57014",339,61,7.04470264717967,278
"57015",339,62,8.99075731702037,277
"57016",339,63,5.74867506528014,276
"57017",339,64,2.99070586845585,275
"57018",339,65,4.96197997532816,274
"57019",339,66,8.24687938226747,273
"57020",339,67,5.11755729449578,272
"57021",339,68,4.30836193342124,271
"57022",339,69,8.30396951875803,270
"57023",339,70,4.99438828343302,269
"57024",339,71,4.83672519690292,268
"57025",339,72,4.97093648995467,267
"57026",339,73,4.29150179010335,266
"57027",339,74,4.08644454294044,265
"57028",339,75,2.65218608565963,264
"57029",339,76,3.71524978810911,263
"57030",339,77,6.5896261973588,262
"57031",339,78,8.28050294137804,261
"57032",339,79,5.47930597185735,260
"57033",339,80,3.83065411056155,259
"57034",339,81,4.31845686346158,258
"57035",339,82,3.31636242801304,257
"57036",339,83,4.69159143447341,256
"57037",339,84,6.86945103361697,255
"57038",339,85,7.24985655918865,254
"57039",339,86,6.37910796616678,253
"57040",339,87,7.9025122761095,252
"57041",339,88,7.38642058904663,251
"57042",339,89,4.36840159675992,250
"57043",339,90,5.05779832046264,249
"57044",339,91,5.46533981719736,248
"57045",339,92,4.31133461127588,247
"57046",339,93,4.16349447542077,246
"57047",339,94,9.54791977966585,245
"57048",339,95,5.56035406792906,244
"57049",339,96,5.11953084687985,243
"57050",339,97,3.51564705452506,242
"57051",339,98,3.43870591912277,241
"57052",339,99,2.19173008897927,240
"57053",339,100,1.88725558280135,239
"57054",339,101,7.19494344389007,238
"57055",339,102,5.11836065923166,237
"57056",339,103,2.91862517772591,236
"57057",339,104,3.78070007231529,235
"57058",339,105,4.03542903366725,234
"57059",339,106,4.59603713821233,233
"57060",339,107,6.39422092670032,232
"57061",339,108,5.17219116059098,231
"57062",339,109,4.02347636676014,230
"57063",339,110,6.79773350051025,229
"57064",339,111,7.31029572787074,228
"57065",339,112,3.98026672457571,227
"57066",339,113,3.59917476688563,226
"57067",339,114,4.60412656930241,225
"57068",339,115,5.14884760610938,224
"57069",339,116,7.65211193529086,223
"57070",339,117,6.52731769111572,222
"57071",339,118,7.50060522073176,221
"57072",339,119,6.64034080558188,220
"57073",339,120,5.67030889845183,219
"57074",339,121,1.97560362776433,218
"57075",339,122,4.69777926973236,217
"57076",339,123,7.86477623371248,216
"57077",339,124,4.26536374830499,215
"57078",339,125,6.45977596202521,214
"57079",339,126,5.17822846375109,213
"57080",339,127,5.30841556952648,212
"57081",339,128,3.69666124349467,211
"57082",339,129,5.41564230636975,210
"57083",339,130,5.25565550162669,209
"57084",339,131,4.45478941147866,208
"57085",339,132,4.49266084687254,207
"57086",339,133,3.55561964006802,206
"57087",339,134,3.48353102344495,205
"57088",339,135,3.97394130729484,204
"57089",339,136,3.88664519729837,203
"57090",339,137,5.4403649314068,202
"57091",339,138,4.46738015214547,201
"57092",339,139,2.69081918132288,200
"57093",339,140,3.94039219214004,199
"57094",339,141,5.27118605351982,198
"57095",339,142,4.84549922453435,197
"57096",339,143,5.83631401496153,196
"57097",339,144,6.21137115947341,195
"57098",339,145,6.01428040062466,194
"57099",339,146,7.42648225127007,193
"57100",339,147,7.80571049220541,192
"57101",339,148,6.72057117921973,191
"57102",339,149,5.96735764049978,190
"57103",339,150,6.7777365562433,189
"57104",339,151,7.80860273983041,188
"57105",339,152,8.70387346725444,187
"57106",339,153,10.9447434358031,186
"57107",339,154,9.09539332186614,185
"57108",339,155,6.85302697137763,184
"57109",339,156,6.12871449987448,183
"57110",339,157,6.35303168234393,182
"57111",339,158,7.83003187359597,181
"57112",339,159,8.27182606197563,180
"57113",339,160,9.34150973342713,179
"57114",339,161,8.00905678222439,178
"57115",339,162,7.41290741579635,177
"57116",339,163,6.28198890452518,176
"57117",339,164,9.08867045953477,175
"57118",339,165,8.35595469116317,174
"57119",339,166,7.2082878464319,173
"57120",339,167,6.38803321536641,172
"57121",339,168,5.33309422131579,171
"57122",339,169,6.23988178364865,170
"57123",339,170,6.07231036224105,169
"57124",339,171,5.33542722582662,168
"57125",339,172,6.12680901851269,167
"57126",339,173,7.56418817366258,166
"57127",339,174,8.45769074339018,165
"57128",339,175,8.45156850740554,164
"57129",339,176,8.65887201271366,163
"57130",339,177,6.86005416396059,162
"57131",339,178,6.04390321531928,161
"57132",339,179,7.67073600424968,160
"57133",339,180,9.44248534337908,159
"57134",339,181,8.56187880088715,158
"57135",339,182,8.01044822430753,157
"57136",339,183,8.11660454268083,156
"57137",339,184,8.01959319094671,155
"57138",339,185,6.34646327323552,154
"57139",339,186,7.79760601658469,153
"57140",339,187,6.8865997422896,152
"57141",339,188,7.64884082527087,151
"57142",339,189,7.49797266957442,150
"57143",339,190,7.64148571188893,149
"57144",339,191,8.5107599554917,148
"57145",339,192,10.1168226427926,147
"57146",339,193,9.73299662959953,146
"57147",339,194,7.65556102268326,145
"57148",339,195,8.96504825808223,144
"57149",339,196,7.24903117927857,143
"57150",339,197,7.86965261001072,142
"57151",339,198,8.77894116392676,141
"57152",339,199,8.68803692517863,140
"57153",339,200,8.35941115749767,139
"57154",339,201,7.74899874571714,138
"57155",339,202,10.6756887812734,137
"57156",339,203,10.5224374150799,136
"57157",339,204,10.3881434422326,135
"57158",339,205,10.3718996947513,134
"57159",339,206,6.6535403874904,133
"57160",339,207,9.1047595814134,132
"57161",339,208,9.70137837789353,131
"57162",339,209,9.29843865817509,130
"57163",339,210,10.3350539879374,129
"57164",339,211,9.75717863356233,128
"57165",339,212,9.63027234080459,127
"57166",339,213,8.58342850316593,126
"57167",339,214,9.69015373748687,125
"57168",339,215,7.17646103275125,124
"57169",339,216,7.03570004745335,123
"57170",339,217,7.57922887445753,122
"57171",339,218,7.65894063034318,121
"57172",339,219,8.02031044176939,120
"57173",339,220,8.76709809406767,119
"57174",339,221,8.74909252398361,118
"57175",339,222,9.67594639524277,117
"57176",339,223,8.6229676640347,116
"57177",339,224,8.21709526986361,115
"57178",339,225,7.0730538916404,114
"57179",339,226,6.24588518593011,113
"57180",339,227,6.63061926444345,112
"57181",339,228,8.41304224826682,111
"57182",339,229,7.5977184136055,110
"57183",339,230,8.15160702813929,109
"57184",339,231,5.95502506655035,108
"57185",339,232,6.10994452768549,107
"57186",339,233,7.81358595345616,106
"57187",339,234,9.53231851783512,105
"57188",339,235,7.36788053299754,104
"57189",339,236,8.18287357729992,103
"57190",339,237,6.78197726649445,102
"57191",339,238,5.44859939234533,101
"57192",339,239,8.52361551361507,100
"57193",339,240,9.45080447520289,99
"57194",339,241,6.90467093889789,98
"57195",339,242,6.25836711000295,97
"57196",339,243,5.67472228656794,96
"57197",339,244,6.22526244914449,95
"57198",339,245,5.43022965071336,94
"57199",339,246,6.59537892887987,93
"57200",339,247,7.2719106515865,92
"57201",339,248,6.3210798576402,91
"57202",339,249,6.22155951208843,90
"57203",339,250,3.72854003094492,89
"57204",339,251,5.3224747706009,88
"57205",339,252,4.57237519998143,87
"57206",339,253,5.48489439634063,86
"57207",339,254,5.27490895751838,85
"57208",339,255,4.95384436030047,84
"57209",339,256,5.53037400595963,83
"57210",339,257,6.38044168552975,82
"57211",339,258,6.34858912520231,81
"57212",339,259,4.11761611843918,80
"57213",339,260,3.8919064531666,79
"57214",339,261,4.11688435720323,78
"57215",339,262,4.49815116834487,77
"57216",339,263,3.76754076903771,76
"57217",339,264,3.71768676926956,75
"57218",339,265,4.22295355891393,74
"57219",339,266,3.46573821563129,73
"57220",339,267,3.47781632151936,72
"57221",339,268,3.44979170184964,71
"57222",339,269,4.24051414303393,70
"57223",339,270,4.32904385773584,69
"57224",339,271,4.48990445725033,68
"57225",339,272,5.50817090634963,67
"57226",339,273,5.76497901891754,66
"57227",339,274,3.82194248264474,65
"57228",339,275,3.18015656726027,64
"57229",339,276,0.753689002965557,63
"57230",339,277,4.05788145359358,62
"57231",339,278,5.06774035388575,61
"57232",339,279,3.86970877573695,60
"57233",339,280,3.44173221684636,59
"57234",339,281,3.18463347624853,58
"57235",339,282,2.99661214740171,57
"57236",339,283,3.5338848835867,56
"57237",339,284,3.87843200965937,55
"57238",339,285,5.15014662178455,54
"57239",339,286,4.30809261673439,53
"57240",339,287,5.25990856963451,52
"57241",339,288,6.72064771321223,51
"57242",339,289,7.08430497744199,50
"57243",339,290,5.21117493904803,49
"57244",339,291,3.75440317413203,48
"57245",339,292,4.94465501062806,47
"57246",339,293,7.2558495792877,46
"57247",339,294,4.2978889631841,45
"57248",339,295,2.28761723739603,44
"57249",339,296,1.56698962518128,43
"57250",339,297,2.22762194586711,42
"57251",339,298,3.96506934404709,41
"57252",339,299,3.24356023479689,40
"57253",339,300,2.97978661213622,39
"57254",339,301,5.13203133927616,38
"57255",339,302,7.08312208071016,37
"57256",339,303,4.14489217673148,36
"57257",339,304,2.07881568710632,35
"57258",339,305,1.97394881266917,34
"57259",339,306,1.05429273227319,33
"57260",339,307,2.02385324803427,32
"57261",339,308,4.26920773439887,31
"57262",339,309,4.96498783133504,30
"57263",339,310,1.57094367198125,29
"57264",339,311,0.647632634841316,28
"57265",339,312,1.1230669277828,27
"57266",339,313,0.731634054102373,26
"57267",339,314,2.10131114561356,25
"57268",339,315,7.39160167344292,24
"57269",339,316,4.43151432139097,23
"57270",339,317,5.98476170015366,22
"57271",339,318,7.11406004721669,21
"57272",339,319,4.73678611120482,20
"57273",339,320,2.6941000311868,19
"57274",339,321,6.10782043271763,18
"57275",339,322,6.34049232152686,17
"57276",339,323,5.52950585583615,16
"57277",339,324,3.6891494599249,15
"57278",339,325,2.45250614930665,14
"57279",339,326,2.13976318240484,13
"57280",339,327,4.67409275854749,12
"57281",339,328,3.61645949735006,11
"57282",339,329,1.94518986067863,10
"57283",339,330,1.21546359550413,9
"57284",339,331,3.87353586419964,8
"57285",339,332,3.31362342306187,7
"57286",339,333,3.59360684827575,6
"57287",339,334,5.62409196143543,5
"57288",339,335,5.65816607450581,4
"57289",339,336,2.96471073797538,3
"57290",339,337,3.35700337511323,2
"57291",339,338,1.42390803901269,1
"57292",340,1,3.5531062464581,339
"57293",340,2,3.73592020251122,338
"57294",340,3,8.39293815339206,337
"57295",340,4,7.69519117318683,336
"57296",340,5,8.07631863440754,335
"57297",340,6,8.72561879871177,334
"57298",340,7,8.26064676459324,333
"57299",340,8,8.45330105279852,332
"57300",340,9,11.1929930484986,331
"57301",340,10,8.68710925345335,330
"57302",340,11,7.91367620669822,329
"57303",340,12,8.54852377359455,328
"57304",340,13,9.53987754812955,327
"57305",340,14,8.90907127736086,326
"57306",340,15,7.70242987045748,325
"57307",340,16,7.65389147935251,324
"57308",340,17,8.24065388297217,323
"57309",340,18,5.68843281576144,322
"57310",340,19,4.51999488305527,321
"57311",340,20,6.81959070119869,320
"57312",340,21,10.1854657734294,319
"57313",340,22,11.187828474966,318
"57314",340,23,9.98500509050409,317
"57315",340,24,10.0579653371715,316
"57316",340,25,7.51546332350571,315
"57317",340,26,5.8742128216387,314
"57318",340,27,7.51220121074985,313
"57319",340,28,6.61529835909975,312
"57320",340,29,7.47716192811464,311
"57321",340,30,7.25330338612254,310
"57322",340,31,7.71559060639871,309
"57323",340,32,7.08204285393761,308
"57324",340,33,5.1725022440194,307
"57325",340,34,8.97696407185432,306
"57326",340,35,7.85983072931291,305
"57327",340,36,4.85803117570749,304
"57328",340,37,6.67084538292381,303
"57329",340,38,6.56857719638173,302
"57330",340,39,9.03718524284239,301
"57331",340,40,9.17245322292749,300
"57332",340,41,9.0343123482578,299
"57333",340,42,8.90873838193199,298
"57334",340,43,7.07592705787918,297
"57335",340,44,6.02762243476572,296
"57336",340,45,7.29903389349381,295
"57337",340,46,8.62680092947755,294
"57338",340,47,6.27797579491967,293
"57339",340,48,3.51409614362653,292
"57340",340,49,4.31874510612855,291
"57341",340,50,9.85052188430217,290
"57342",340,51,6.94564065364496,289
"57343",340,52,6.35745962900102,288
"57344",340,53,7.78362484063788,287
"57345",340,54,9.08436718641175,286
"57346",340,55,4.89954384535421,285
"57347",340,56,4.96056022181256,284
"57348",340,57,6.46148855947158,283
"57349",340,58,5.07924069871005,282
"57350",340,59,2.23496761347328,281
"57351",340,60,6.41823048457965,280
"57352",340,61,6.76254838376114,279
"57353",340,62,8.88623318560854,278
"57354",340,63,6.2270087458475,277
"57355",340,64,2.70855160503732,276
"57356",340,65,3.05047578853038,275
"57357",340,66,7.96472511884895,274
"57358",340,67,7.74690889810097,273
"57359",340,68,4.34960427730088,272
"57360",340,69,8.02181525533951,271
"57361",340,70,4.7122340200145,270
"57362",340,71,4.86171057307072,269
"57363",340,72,4.68878222653615,268
"57364",340,73,6.49749594334379,267
"57365",340,74,5.0599524544364,266
"57366",340,75,3.13647631919662,265
"57367",340,76,3.44835607086693,264
"57368",340,77,4.12799775629629,263
"57369",340,78,5.77814104201673,262
"57370",340,79,5.84384087844181,261
"57371",340,80,2.98665138416975,260
"57372",340,81,2.55382965173972,259
"57373",340,82,2.86637616750247,258
"57374",340,83,4.40943717105489,257
"57375",340,84,6.63562548381221,256
"57376",340,85,7.56627084134605,255
"57377",340,86,7.35284997799779,254
"57378",340,87,8.15043920469045,253
"57379",340,88,7.24959061139782,252
"57380",340,89,5.63898283343503,251
"57381",340,90,3.93723220687409,250
"57382",340,91,5.18318555377883,249
"57383",340,92,4.95093741154474,248
"57384",340,93,5.19152175383517,247
"57385",340,94,7.04555788030454,246
"57386",340,95,5.12094620244496,245
"57387",340,96,4.83737658346133,244
"57388",340,97,3.64795880445098,243
"57389",340,98,3.17872122005684,242
"57390",340,99,3.81978204111151,241
"57391",340,100,2.26223174868426,240
"57392",340,101,4.69258154452876,239
"57393",340,102,2.61599875987035,238
"57394",340,103,1.80638512062429,237
"57395",340,104,4.44865496595025,236
"57396",340,105,2.20937664446511,235
"57397",340,106,2.36850672225617,234
"57398",340,107,4.27225282542035,233
"57399",340,108,4.46501467499066,232
"57400",340,109,3.46185826726459,231
"57401",340,110,4.29537160114895,230
"57402",340,111,4.89706197178185,229
"57403",340,112,4.03787008076056,228
"57404",340,113,0.550312564599981,227
"57405",340,114,3.15282315202141,226
"57406",340,115,3.87551246576347,225
"57407",340,116,5.14975003592955,224
"57408",340,117,3.91289747868238,223
"57409",340,118,4.99824332137046,222
"57410",340,119,4.13797890622058,221
"57411",340,120,3.16794699909052,220
"57412",340,121,3.04786862688928,219
"57413",340,122,3.47331907711534,218
"57414",340,123,5.36241433435118,217
"57415",340,124,3.60206939852414,216
"57416",340,125,4.47210421378611,215
"57417",340,126,2.78867691473581,214
"57418",340,127,4.68231583329866,213
"57419",340,128,5.30264317410302,212
"57420",340,129,4.38506921347126,211
"57421",340,130,5.79430897686873,210
"57422",340,131,4.86414146832777,209
"57423",340,132,3.10659338962562,208
"57424",340,133,1.9407403509171,207
"57425",340,134,2.23774604041543,206
"57426",340,135,3.00433398451163,205
"57427",340,136,4.13397381114416,204
"57428",340,137,2.79232991423623,203
"57429",340,138,2.19667223582737,202
"57430",340,139,3.38984899613957,201
"57431",340,140,4.23604951959961,200
"57432",340,141,5.68033002118222,199
"57433",340,142,4.54303019593976,198
"57434",340,143,3.33395211560022,197
"57435",340,144,4.37205944242028,196
"57436",340,145,5.5498919736201,195
"57437",340,146,5.78095358934212,194
"57438",340,147,5.30334859284411,193
"57439",340,148,4.28300305037075,192
"57440",340,149,3.9499736019182,191
"57441",340,150,6.91181263022131,190
"57442",340,151,8.46019662116018,189
"57443",340,152,6.86456175020131,188
"57444",340,153,8.44238153644182,187
"57445",340,154,6.59303142250484,186
"57446",340,155,7.19735115737937,185
"57447",340,156,6.06856532920555,184
"57448",340,157,6.729765759176,183
"57449",340,158,6.49231914111116,182
"57450",340,159,8.26044779444223,181
"57451",340,160,8.990269801697,180
"57452",340,161,7.90047485334833,179
"57453",340,162,6.93247011026666,178
"57454",340,163,5.57481241892486,177
"57455",340,164,6.58630856017346,176
"57456",340,165,5.85359279180186,175
"57457",340,166,6.38809292129884,174
"57458",340,167,4.56487442143177,173
"57459",340,168,5.16013470030083,172
"57460",340,169,6.68133159754803,171
"57461",340,170,6.96656224642488,170
"57462",340,171,4.83873295258508,169
"57463",340,172,5.22564138860048,168
"57464",340,173,6.63084475325509,167
"57465",340,174,5.95532884402887,166
"57466",340,175,6.22383231220687,165
"57467",340,176,6.75507865892828,164
"57468",340,177,7.94852348944685,163
"57469",340,178,6.79280480258505,162
"57470",340,179,7.46515850321768,161
"57471",340,180,6.94012344401778,160
"57472",340,181,7.28908989465636,159
"57473",340,182,8.88888533030128,158
"57474",340,183,8.67109880726129,157
"57475",340,184,5.614122819148,156
"57476",340,185,7.77448473025328,155
"57477",340,186,8.06087946436226,154
"57478",340,187,6.53535981055947,153
"57479",340,188,7.05525502446674,152
"57480",340,189,5.18949786993165,151
"57481",340,190,6.82129078675587,150
"57482",340,191,7.28585757335291,149
"57483",340,192,7.61446074343128,148
"57484",340,193,8.07154914488814,147
"57485",340,194,7.4018628972242,146
"57486",340,195,6.46268635872092,145
"57487",340,196,6.04072390978004,144
"57488",340,197,5.99782695753391,143
"57489",340,198,6.27657926456545,142
"57490",340,199,6.62211608379657,141
"57491",340,200,8.50974419918752,140
"57492",340,201,8.33587688997959,139
"57493",340,202,8.44805663066805,138
"57494",340,203,10.6077425859223,137
"57495",340,204,10.5223235608039,136
"57496",340,205,9.51895673385949,135
"57497",340,206,7.83890124053926,134
"57498",340,207,7.44320805210866,133
"57499",340,208,8.47668408494146,132
"57500",340,209,8.20338392854434,131
"57501",340,210,9.35291365324606,130
"57502",340,211,8.92072674071743,129
"57503",340,212,8.89068596437394,128
"57504",340,213,8.05442838368742,127
"57505",340,214,7.88314786667072,126
"57506",340,215,7.19718052226811,125
"57507",340,216,5.45499116718606,124
"57508",340,217,6.32246283560353,123
"57509",340,218,5.26928503673455,122
"57510",340,219,6.32679121115608,121
"57511",340,220,7.31579467678666,120
"57512",340,221,8.36565079060986,119
"57513",340,222,8.01439486593803,118
"57514",340,223,7.88382347712581,117
"57515",340,224,8.49693781913309,116
"57516",340,225,5.12028154553277,115
"57517",340,226,4.00233421254135,114
"57518",340,227,4.7428747891832,113
"57519",340,228,5.91068034890552,112
"57520",340,229,7.40816377995028,111
"57521",340,230,5.64924512877799,110
"57522",340,231,5.87885302850463,109
"57523",340,232,6.94002690891712,108
"57524",340,233,5.31122405409486,107
"57525",340,234,7.02995661847382,106
"57526",340,235,7.09779538408494,105
"57527",340,236,5.68051167793862,104
"57528",340,237,4.84535784350531,103
"57529",340,238,6.81202736469297,102
"57530",340,239,5.71311342218852,101
"57531",340,240,6.94844257584158,100
"57532",340,241,6.29482817038192,99
"57533",340,242,6.5541544932042,98
"57534",340,243,7.05451647345045,97
"57535",340,244,6.08437467403145,96
"57536",340,245,5.33790468954915,95
"57537",340,246,5.32225187772067,94
"57538",340,247,5.44885590224522,93
"57539",340,248,4.3360016652956,92
"57540",340,249,2.91413648519235,91
"57541",340,250,3.54217365439774,90
"57542",340,251,2.3438427787404,89
"57543",340,252,3.93209516398509,88
"57544",340,253,5.03676293704792,87
"57545",340,254,5.82961131128555,86
"57546",340,255,6.18850414279613,85
"57547",340,256,5.38927814165988,84
"57548",340,257,5.57616558318013,83
"57549",340,258,3.84622722584101,82
"57550",340,259,3.39441676546207,81
"57551",340,260,2.50563090673296,80
"57552",340,261,3.02172558297913,79
"57553",340,262,4.09855651185263,78
"57554",340,263,3.07629601957914,77
"57555",340,264,3.77705555051862,76
"57556",340,265,3.42922005062576,75
"57557",340,266,3.32759393972972,74
"57558",340,267,4.51015147692827,73
"57559",340,268,5.13816081480169,72
"57560",340,269,4.62274319640243,71
"57561",340,270,4.01831505431386,70
"57562",340,271,3.87994971584062,69
"57563",340,272,4.55867456282365,68
"57564",340,273,3.94171618038954,67
"57565",340,274,2.86677833992275,66
"57566",340,275,3.17294014178445,65
"57567",340,276,4.35336568643661,64
"57568",340,277,2.25077153818408,63
"57569",340,278,4.00465332556357,62
"57570",340,279,3.90678927755901,61
"57571",340,280,5.37101191238919,60
"57572",340,281,5.11391317179136,59
"57573",340,282,4.89359380005207,58
"57574",340,283,5.46316457912953,57
"57575",340,284,3.705134343716,56
"57576",340,285,1.58331142377031,55
"57577",340,286,3.23181791282222,54
"57578",340,287,2.98384366082207,53
"57579",340,288,4.21828581385092,52
"57580",340,289,4.58194307808068,51
"57581",340,290,4.19675476926803,50
"57582",340,291,4.43830290169877,49
"57583",340,292,1.52616866888016,48
"57584",340,293,4.75348767992639,47
"57585",340,294,3.2522871502701,46
"57586",340,295,4.52303317183909,45
"57587",340,296,3.73660152030863,44
"57588",340,297,2.68509462714328,43
"57589",340,298,3.17749239893108,42
"57590",340,299,2.9246001381554,41
"57591",340,300,1.38313289793716,40
"57592",340,301,4.93061568030174,39
"57593",340,302,6.05583516364239,38
"57594",340,303,5.31847784125065,37
"57595",340,304,5.0801267119585,36
"57596",340,305,4.10278284177704,35
"57597",340,306,4.68658999687612,34
"57598",340,307,3.80637432031288,33
"57599",340,308,3.65061960640299,32
"57600",340,309,5.81486475477597,31
"57601",340,310,4.94410487125739,30
"57602",340,311,4.55027623300546,29
"57603",340,312,4.44383570617479,28
"57604",340,313,4.34258554701132,27
"57605",340,314,2.95105801331279,26
"57606",340,315,7.1094474100244,25
"57607",340,316,4.68313483303604,24
"57608",340,317,4.40104513715283,23
"57609",340,318,4.61169814785538,22
"57610",340,319,3.09149154961192,21
"57611",340,320,1.45538730029881,20
"57612",340,321,5.82566616929911,19
"57613",340,322,7.7243521092181,18
"57614",340,323,5.45770374903471,17
"57615",340,324,2.39976544105386,16
"57616",340,325,1.69698118217896,15
"57617",340,326,2.1834051221971,14
"57618",340,327,3.09083818353014,13
"57619",340,328,5.03228698634986,12
"57620",340,329,5.14039318747901,11
"57621",340,330,5.20335666793402,10
"57622",340,331,2.00711391125336,9
"57623",340,332,3.16425601359034,8
"57624",340,333,1.21939886618815,7
"57625",340,334,5.34193769801691,6
"57626",340,335,5.69920032919874,5
"57627",340,336,6.11158014893233,4
"57628",340,337,6.63316640111859,3
"57629",340,338,5.00765289412614,2
"57630",340,339,4.14948733148561,1
"57631",341,1,3.13226823065568,340
"57632",341,2,2.90004830381251,339
"57633",341,3,7.56304881881131,338
"57634",341,4,7.27435315738441,337
"57635",341,5,7.65548061860511,336
"57636",341,6,8.30478078290935,335
"57637",341,7,7.83980874879082,334
"57638",341,8,7.15869654199409,333
"57639",341,9,9.89838853769412,332
"57640",341,10,8.26627123765093,331
"57641",341,11,7.49283819089579,330
"57642",341,12,7.25391926279011,329
"57643",341,13,8.24527303732511,328
"57644",341,14,8.48823326155843,327
"57645",341,15,7.28159185465505,326
"57646",341,16,7.23305346355009,325
"57647",341,17,7.81981586716975,324
"57648",341,18,5.26759479995902,323
"57649",341,19,4.09915686725285,322
"57650",341,20,6.39875268539627,321
"57651",341,21,8.89086126262497,320
"57652",341,22,10.7669904591636,319
"57653",341,23,9.1995688084346,318
"57654",341,24,9.63712732136912,317
"57655",341,25,7.09462530770329,316
"57656",341,26,4.57960831083426,315
"57657",341,27,7.09136319494743,314
"57658",341,28,6.19446034329733,313
"57659",341,29,7.05632391231222,312
"57660",341,30,6.83246537032012,311
"57661",341,31,7.29475259059629,310
"57662",341,32,6.66120483813519,309
"57663",341,33,3.92646054716379,308
"57664",341,34,7.68235956104988,307
"57665",341,35,7.43899271351048,306
"57666",341,36,4.43719315990507,305
"57667",341,37,6.25000736712139,304
"57668",341,38,6.1477391805793,303
"57669",341,39,7.74258073203795,302
"57670",341,40,8.75161520712507,301
"57671",341,41,8.61347433245538,300
"57672",341,42,8.48790036612957,299
"57673",341,43,6.65508904207676,298
"57674",341,44,4.87066892097101,297
"57675",341,45,6.00442938268937,296
"57676",341,46,7.33219641867312,295
"57677",341,47,5.3575156418227,294
"57678",341,48,4.10295063446526,293
"57679",341,49,5.05222939411285,292
"57680",341,50,8.55591737349774,291
"57681",341,51,6.52480263784254,290
"57682",341,52,5.06285511819658,289
"57683",341,53,7.36278682483546,288
"57684",341,54,8.66352917060932,287
"57685",341,55,4.01276812935617,286
"57686",341,56,3.66595571100813,285
"57687",341,57,6.04065054366916,284
"57688",341,58,4.65840268290763,283
"57689",341,59,0.940363102668839,282
"57690",341,60,5.99739246877722,281
"57691",341,61,5.46794387295671,280
"57692",341,62,8.46539516980612,279
"57693",341,63,5.80617073004508,278
"57694",341,64,1.78601056007323,277
"57695",341,65,1.75587127772594,276
"57696",341,66,6.67012060804451,275
"57697",341,67,7.32607088229855,274
"57698",341,68,3.92876626149846,273
"57699",341,69,6.83900666009588,272
"57700",341,70,4.28132968980491,271
"57701",341,71,4.4408725572683,270
"57702",341,72,3.39417771573171,269
"57703",341,73,6.07665792754137,268
"57704",341,74,4.63911443863398,267
"57705",341,75,2.7156383033942,266
"57706",341,76,3.38598519269964,265
"57707",341,77,5.70273460385892,264
"57708",341,78,6.47911139457734,263
"57709",341,79,5.42300286263939,262
"57710",341,80,2.02926256376085,261
"57711",341,81,3.56856598826295,260
"57712",341,82,2.40189144478729,259
"57713",341,83,3.69717024926287,258
"57714",341,84,6.21478746800979,257
"57715",341,85,7.14543282554363,256
"57716",341,86,6.93201196219536,255
"57717",341,87,7.72960118888803,254
"57718",341,88,6.8287525955954,253
"57719",341,89,5.21814481763261,252
"57720",341,90,3.51639419107167,251
"57721",341,91,4.08280628762134,250
"57722",341,92,4.53009939574231,249
"57723",341,93,4.77068373803275,248
"57724",341,94,7.74652823286515,247
"57725",341,95,3.82634169164053,246
"57726",341,96,3.62371876628771,245
"57727",341,97,4.41585140765274,244
"57728",341,98,2.75788320425442,243
"57729",341,99,3.39894402530909,242
"57730",341,100,2.78281863058108,241
"57731",341,101,5.39355189708937,240
"57732",341,102,3.31696911243096,239
"57733",341,103,1.52191507678261,238
"57734",341,104,6.02339181351287,237
"57735",341,105,3.26928119075678,236
"57736",341,106,1.97108287534948,235
"57737",341,107,4.59282937989962,234
"57738",341,108,6.03975152255329,233
"57739",341,109,5.03659511482721,232
"57740",341,110,5.6271123009291,231
"57741",341,111,5.50890418107004,230
"57742",341,112,3.61703206495813,229
"57743",341,113,1.90190921614684,228
"57744",341,114,4.72755999958403,227
"57745",341,115,5.45024931332609,226
"57746",341,116,5.85072038849016,225
"57747",341,117,4.61386783124299,224
"57748",341,118,5.69921367393107,223
"57749",341,119,5.51815236420786,222
"57750",341,120,4.67786406499248,221
"57751",341,121,4.33133981964299,220
"57752",341,122,5.04805592467796,219
"57753",341,123,6.06338468691179,218
"57754",341,124,2.46397220150429,217
"57755",341,125,4.65838441522452,216
"57756",341,126,4.36341376229843,215
"57757",341,127,6.25705268086129,214
"57758",341,128,6.87738002166564,213
"57759",341,129,5.95980606103388,212
"57760",341,130,7.36904582443135,211
"57761",341,131,6.4388783158904,210
"57762",341,132,4.68133023718824,209
"57763",341,133,3.51547719847972,208
"57764",341,134,3.81248288797805,207
"57765",341,135,4.57907083207425,206
"57766",341,136,5.70871065870679,205
"57767",341,137,3.49330026679684,204
"57768",341,138,3.77140908338999,203
"57769",341,139,4.9645858437022,202
"57770",341,140,5.81078636716223,201
"57771",341,141,7.25506686874485,200
"57772",341,142,6.11776704350238,199
"57773",341,143,4.87594092740411,198
"57774",341,144,5.94679628998291,197
"57775",341,145,7.12462882118272,196
"57776",341,146,7.35569043690474,195
"57777",341,147,6.66749918345459,194
"57778",341,148,5.85773989793337,193
"57779",341,149,5.52471044948082,192
"57780",341,150,8.48654947778393,191
"57781",341,151,10.0349334687228,190
"57782",341,152,8.43929859776394,189
"57783",341,153,9.14335188900242,188
"57784",341,154,7.6335513054821,187
"57785",341,155,8.77208800494199,186
"57786",341,156,7.64330217676817,185
"57787",341,157,8.30450260673863,184
"57788",341,158,8.06705598867378,183
"57789",341,159,9.83518464200485,182
"57790",341,160,10.5650066492596,181
"57791",341,161,9.47521170091095,180
"57792",341,162,8.50720695782929,179
"57793",341,163,7.14954926648748,178
"57794",341,164,7.28727891273407,177
"57795",341,165,6.55456314436247,176
"57796",341,166,7.96282976886146,175
"57797",341,167,6.1396112689944,174
"57798",341,168,6.73487154786346,173
"57799",341,169,8.25606844511065,172
"57800",341,170,8.5412990939875,171
"57801",341,171,6.41346980014771,170
"57802",341,172,6.8003782361631,169
"57803",341,173,8.20558160081771,168
"57804",341,174,7.36825033777489,167
"57805",341,175,7.79856915976949,166
"57806",341,176,8.3298155064909,165
"57807",341,177,9.52326033700948,164
"57808",341,178,8.36754165014767,163
"57809",341,179,9.0398953507803,162
"57810",341,180,7.75434633644617,161
"57811",341,181,8.86382674221899,160
"57812",341,182,10.4636221778639,159
"57813",341,183,10.2458356548239,158
"57814",341,184,7.18885966671062,157
"57815",341,185,9.3492215778159,156
"57816",341,186,9.63561631192489,155
"57817",341,187,8.1100966581221,154
"57818",341,188,8.62999187202936,153
"57819",341,189,6.76423471749427,152
"57820",341,190,8.39602763431849,151
"57821",341,191,8.86059442091554,150
"57822",341,192,8.31543109599189,149
"57823",341,193,9.64628599245077,148
"57824",341,194,8.97659974478682,147
"57825",341,195,7.82714908311147,146
"57826",341,196,7.61546075734266,145
"57827",341,197,7.57256380509653,144
"57828",341,198,7.52747731530815,143
"57829",341,199,8.19685293135919,142
"57830",341,200,10.0844810467501,141
"57831",341,201,9.91061373754221,140
"57832",341,202,10.0227934782307,139
"57833",341,203,12.182479433485,138
"57834",341,204,12.0970604083665,137
"57835",341,205,11.0936935814221,136
"57836",341,206,9.41363808810188,135
"57837",341,207,9.01794489967128,134
"57838",341,208,10.0514209325041,133
"57839",341,209,9.77812077610696,132
"57840",341,210,10.9276505008087,131
"57841",341,211,10.49546358828,130
"57842",341,212,10.4654228119366,129
"57843",341,213,9.62916523125005,128
"57844",341,214,9.45788471423334,127
"57845",341,215,8.77191736983073,126
"57846",341,216,7.02972801474868,125
"57847",341,217,7.89719968316616,124
"57848",341,218,6.84402188429717,123
"57849",341,219,7.9015280587187,122
"57850",341,220,8.89053152434929,121
"57851",341,221,9.94038763817248,120
"57852",341,222,9.58913171350065,119
"57853",341,223,9.45856032468843,118
"57854",341,224,10.0716746666957,117
"57855",341,225,6.69501839309539,116
"57856",341,226,5.57707106010398,115
"57857",341,227,6.31761163674582,114
"57858",341,228,7.38797943479043,113
"57859",341,229,8.98290062751291,112
"57860",341,230,7.20772500862877,111
"57861",341,231,7.45358987606725,110
"57862",341,232,8.51476375647975,109
"57863",341,233,6.46533462186832,108
"57864",341,234,7.73092697103443,107
"57865",341,235,8.67253223164757,106
"57866",341,236,6.72136970584429,105
"57867",341,237,6.42009469106793,104
"57868",341,238,8.3867642122556,103
"57869",341,239,6.41408377474912,102
"57870",341,240,7.64941292840219,101
"57871",341,241,7.86956501794454,100
"57872",341,242,8.12889134076683,99
"57873",341,243,8.62925332101307,98
"57874",341,244,7.65911152159407,97
"57875",341,245,6.91264153711177,96
"57876",341,246,6.89698872528329,95
"57877",341,247,7.02359274980784,94
"57878",341,248,5.91073851285822,93
"57879",341,249,3.61510683775296,92
"57880",341,250,5.11691050196036,91
"57881",341,251,3.91857962630302,90
"57882",341,252,5.50683201154771,89
"57883",341,253,6.61149978461054,88
"57884",341,254,7.40434815884817,87
"57885",341,255,7.76324099035875,86
"57886",341,256,6.96401498922251,85
"57887",341,257,7.15090243074276,84
"57888",341,258,4.54719757840162,83
"57889",341,259,4.96915361302469,82
"57890",341,260,4.08036775429559,81
"57891",341,261,4.59646243054175,80
"57892",341,262,5.67329335941525,79
"57893",341,263,4.65103286714177,78
"57894",341,264,5.35179239808124,77
"57895",341,265,5.00395689818838,76
"57896",341,266,4.62219845053416,75
"57897",341,267,6.08488832449089,74
"57898",341,268,6.71289766236431,73
"57899",341,269,6.19748004396505,72
"57900",341,270,5.59305190187648,71
"57901",341,271,5.45468656340324,70
"57902",341,272,6.13341141038627,69
"57903",341,273,5.51645302795217,68
"57904",341,274,2.02055093584404,67
"57905",341,275,2.75210212598203,66
"57906",341,276,3.93252767063419,65
"57907",341,277,3.8255083857467,64
"57908",341,278,5.57939017312619,63
"57909",341,279,5.48152612512163,62
"57910",341,280,6.94574875995181,61
"57911",341,281,6.68865001935398,60
"57912",341,282,6.46833064761469,59
"57913",341,283,7.03790142669215,58
"57914",341,284,5.27987119127863,57
"57915",341,285,2.75313272514049,56
"57916",341,286,4.80655476038484,55
"57917",341,287,4.55858050838469,54
"57918",341,288,5.12973837877032,53
"57919",341,289,5.28291343064129,52
"57920",341,290,5.77149161683066,51
"57921",341,291,6.01303974926139,50
"57922",341,292,2.82112960490903,49
"57923",341,293,5.454458032487,48
"57924",341,294,3.66125062785325,47
"57925",341,295,4.99937581993441,46
"57926",341,296,4.10068108842087,45
"57927",341,297,4.25983147470591,44
"57928",341,298,4.7522292464937,43
"57929",341,299,4.49933698571802,42
"57930",341,300,2.95786974549978,41
"57931",341,301,4.50977766449931,40
"57932",341,302,4.76123065283796,39
"57933",341,303,4.89763982544823,38
"57934",341,304,4.65928869615608,37
"57935",341,305,3.68194482597462,36
"57936",341,306,4.2657519810737,35
"57937",341,307,3.58721182806349,34
"57938",341,308,2.46781618759817,33
"57939",341,309,5.39402673897354,32
"57940",341,310,4.52326685545497,31
"57941",341,311,4.15164917794677,30
"57942",341,312,4.44944813665189,29
"57943",341,313,4.23565059720782,28
"57944",341,314,2.53021999751037,27
"57945",341,315,5.81484289921996,26
"57946",341,316,4.26229681723362,25
"57947",341,317,4.18337015335296,24
"57948",341,318,5.31266850041599,23
"57949",341,319,4.66622839717455,22
"57950",341,320,2.87333253377933,21
"57951",341,321,4.53106165849467,20
"57952",341,322,7.30351409341568,19
"57953",341,323,5.03686573323229,18
"57954",341,324,3.97450228861648,17
"57955",341,325,2.86879343308181,16
"57956",341,326,2.35116630600301,15
"57957",341,327,2.8727012117468,14
"57958",341,328,4.61144897054744,13
"57959",341,329,4.71955517167659,12
"57960",341,330,4.78251865213159,11
"57961",341,331,3.56052823650201,10
"57962",341,332,4.73899286115296,9
"57963",341,333,1.95204120639294,8
"57964",341,334,4.04733318721247,7
"57965",341,335,5.27836231339632,6
"57966",341,336,5.6907421331299,5
"57967",341,337,6.21232838531617,4
"57968",341,338,4.58681487832372,3
"57969",341,339,3.72864931568319,2
"57970",341,340,1.57473684756262,1
"57971",342,1,4.44936282551752,341
"57972",342,2,2.61078321080019,340
"57973",342,3,2.26683528914329,339
"57974",342,4,1.90382983774491,338
"57975",342,5,2.14464910399241,337
"57976",342,6,2.79394926829664,336
"57977",342,7,2.32897723417812,335
"57978",342,8,2.32719818854975,334
"57979",342,9,5.06689018424978,333
"57980",342,10,2.75543972303823,332
"57981",342,11,3.41216871271142,331
"57982",342,12,2.68522145278144,330
"57983",342,13,3.41377468388078,329
"57984",342,14,2.97740174694573,328
"57985",342,15,1.77076034004235,327
"57986",342,16,1.72222194893739,326
"57987",342,17,2.30898435255705,325
"57988",342,18,3.54403576771495,324
"57989",342,19,2.23729450678647,323
"57990",342,20,0.887921170783565,322
"57991",342,21,4.05936290918063,321
"57992",342,22,5.25615894455092,320
"57993",342,23,3.85890222625531,319
"57994",342,24,4.12629580675642,318
"57995",342,25,2.08071472856013,317
"57996",342,26,3.546582892697,316
"57997",342,27,3.02596828403565,315
"57998",342,28,3.54818836693818,314
"57999",342,29,2.5100893885172,313
"58000",342,30,3.23329435519184,312
"58001",342,31,2.10326172098728,311
"58002",342,32,4.50600482122129,310
"58003",342,33,1.6739610987048,309
"58004",342,34,2.85086120760554,308
"58005",342,35,1.99830857342344,307
"58006",342,36,3.62123385556623,306
"58007",342,37,1.97350113172759,305
"58008",342,38,4.42615455486555,304
"58009",342,39,2.91108237859362,303
"58010",342,40,3.24078369251237,302
"58011",342,41,3.10264281784268,301
"58012",342,42,2.97706885151687,300
"58013",342,43,1.14425752746405,299
"58014",342,44,2.28875363125254,298
"58015",342,45,6.19836523835173,297
"58016",342,46,2.50069806522878,296
"58017",342,47,2.25789845962234,295
"58018",342,48,3.68493249947143,294
"58019",342,49,5.28103048486369,293
"58020",342,50,8.50300949583863,292
"58021",342,51,1.73865258160751,291
"58022",342,52,1.53188695884851,290
"58023",342,53,1.85195531022276,289
"58024",342,54,3.15269765599662,288
"58025",342,55,1.49806338525653,287
"58026",342,56,3.93523572871597,286
"58027",342,57,1.42728399325172,285
"58028",342,58,3.83876877249994,284
"58029",342,59,5.18201652054092,283
"58030",342,60,0.733226999800039,282
"58031",342,61,2.88003685492615,281
"58032",342,62,2.95456365519342,280
"58033",342,63,0.70432382170932,279
"58034",342,64,3.72482095453947,278
"58035",342,65,5.76073190759989,277
"58036",342,66,1.83862225460017,276
"58037",342,67,3.43084688341584,275
"58038",342,68,2.09989519424606,274
"58039",342,69,6.47045955355436,273
"58040",342,70,1.41386884423427,272
"58041",342,71,1.57153193076438,271
"58042",342,72,2.93923367984259,270
"58043",342,73,3.23334502948149,269
"58044",342,74,2.32181258472686,268
"58045",342,75,3.75607104200766,267
"58046",342,76,3.27610724977105,266
"58047",342,77,5.28471646886508,265
"58048",342,78,6.74042642075187,264
"58049",342,79,2.35758035714225,263
"58050",342,80,4.40684468289437,262
"58051",342,81,3.7500073891091,261
"58052",342,82,3.25972669674631,260
"58053",342,83,1.81366126534983,259
"58054",342,84,0.703955953397091,258
"58055",342,85,1.65709657197217,257
"58056",342,86,1.42118044758266,256
"58057",342,87,2.24137154792814,255
"58058",342,88,2.59620629370558,254
"58059",342,89,2.03985553090738,253
"58060",342,90,2.57739918011358,252
"58061",342,91,1.42802522699136,251
"58062",342,92,2.09692251639142,250
"58063",342,93,3.58935484173575,249
"58064",342,94,8.00784325903968,248
"58065",342,95,4.85504071630349,247
"58066",342,96,3.3549637038247,246
"58067",342,97,4.30597346472416,245
"58068",342,98,3.092809974555,244
"58069",342,99,4.89443008286281,243
"58070",342,100,6.09604382141986,242
"58071",342,101,7.49636660230077,241
"58072",342,102,5.71843118884982,240
"58073",342,103,4.59436945893545,239
"58074",342,104,5.60537367851904,238
"58075",342,105,4.07820342867187,237
"58076",342,106,6.37821933714184,236
"58077",342,107,4.85414440607415,235
"58078",342,108,5.62173338755945,234
"58079",342,109,5.77268079383767,233
"58080",342,110,5.71706379326687,232
"58081",342,111,5.77021920724457,231
"58082",342,112,2.42799040309159,230
"58083",342,113,5.62411901326256,229
"58084",342,114,7.41330435335388,228
"58085",342,115,7.67660029963504,227
"58086",342,116,8.11772324596009,226
"58087",342,117,8.30949989004523,225
"58088",342,118,7.58523978043112,224
"58089",342,119,5.10026428495572,223
"58090",342,120,4.25984592999865,222
"58091",342,121,6.36159548103683,221
"58092",342,122,6.64692607391797,220
"58093",342,123,7.89898858630599,219
"58094",342,124,4.83741297669419,218
"58095",342,125,4.91969944139904,217
"58096",342,126,4.07985484625352,216
"58097",342,127,5.83903454586745,215
"58098",342,128,7.15407233321521,214
"58099",342,129,5.65943974262036,213
"58100",342,130,6.95102768943752,212
"58101",342,131,6.73237802980858,211
"58102",342,132,6.51550401958887,210
"58103",342,133,6.90713245173141,209
"58104",342,134,7.99969300198484,208
"58105",342,135,8.02114829243179,207
"58106",342,136,8.08632826633328,206
"58107",342,137,7.22254713033631,205
"58108",342,138,7.25270829791493,204
"58109",342,139,7.90244123300127,203
"58110",342,140,7.26959034802315,202
"58111",342,141,7.46452957081995,201
"58112",342,142,7.97994868121007,200
"58113",342,143,7.55048482823551,199
"58114",342,144,7.69132611111029,198
"58115",342,145,8.26969910647012,197
"58116",342,146,8.24864968666291,196
"58117",342,147,7.25727071132755,195
"58118",342,148,7.45100309774321,194
"58119",342,149,8.31690616689253,193
"58120",342,150,9.48035314175379,192
"58121",342,151,10.3788553897468,191
"58122",342,152,9.32665089809193,190
"58123",342,153,9.40466691517695,189
"58124",342,154,7.55531680123997,188
"58125",342,155,8.35406986994816,187
"58126",342,156,8.20011337915403,186
"58127",342,157,8.15540290964264,185
"58128",342,158,7.88994843627074,184
"58129",342,159,9.98301123811377,183
"58130",342,160,10.1469885142658,182
"58131",342,161,9.39334161328943,181
"58132",342,162,9.09202601552221,180
"58133",342,163,8.98932999831828,179
"58134",342,164,7.5485939389086,178
"58135",342,165,6.815878170537,177
"58136",342,166,7.54481163386763,176
"58137",342,167,7.17823019063993,175
"58138",342,168,8.41217175951638,174
"58139",342,169,9.0537902300873,173
"58140",342,170,9.2885986718583,172
"58141",342,171,8.23083618017972,171
"58142",342,172,8.94269221062898,170
"58143",342,173,9.50191850742265,169
"58144",342,174,8.60855808784381,168
"58145",342,175,7.38055102477566,167
"58146",342,176,7.91179737149707,166
"58147",342,177,9.10524220201564,165
"58148",342,178,9.00278291494644,164
"58149",342,179,9.3502024670671,163
"58150",342,180,7.90240882275291,162
"58151",342,181,8.44580860722515,161
"58152",342,182,10.0456040428701,160
"58153",342,183,9.82781751983008,159
"58154",342,184,8.14904852594325,158
"58155",342,185,9.70995090120855,157
"58156",342,186,9.35766434531014,156
"58157",342,187,9.88824128398671,155
"58158",342,188,9.16999567204661,154
"58159",342,189,8.73847466827399,153
"58160",342,190,8.37018670323298,152
"58161",342,191,8.4425762859217,151
"58162",342,192,9.32747227932394,150
"58163",342,193,9.22826785745693,149
"58164",342,194,9.25329205633639,148
"58165",342,195,7.42497173745606,147
"58166",342,196,7.34870924366637,146
"58167",342,197,7.22177527957716,145
"58168",342,198,7.56381223773445,144
"58169",342,199,8.73685673137644,143
"58170",342,200,10.6132843938289,142
"58171",342,201,11.201343694717,141
"58172",342,202,11.1006341540436,140
"58173",342,203,11.7700682479213,139
"58174",342,204,11.6790422733727,138
"58175",342,205,10.6756754464283,137
"58176",342,206,11.3766641400213,136
"58177",342,207,8.59992676467745,135
"58178",342,208,9.63340279751025,134
"58179",342,209,9.40491789878881,133
"58180",342,210,10.5096323658148,132
"58181",342,211,10.0774454532862,131
"58182",342,212,10.0474046769427,130
"58183",342,213,9.21114709625621,129
"58184",342,214,9.0398665792395,128
"58185",342,215,9.39595818169105,127
"58186",342,216,8.99836101609824,126
"58187",342,217,8.16267809585538,125
"58188",342,218,8.77904008090949,124
"58189",342,219,9.80853840002396,123
"58190",342,220,8.63498046361144,122
"58191",342,221,9.52236950317865,121
"58192",342,222,9.17111357850682,120
"58193",342,223,9.0405421896946,119
"58194",342,224,9.65365653170188,118
"58195",342,225,8.28828159290523,117
"58196",342,226,8.35245937514707,116
"58197",342,227,7.67557120339505,115
"58198",342,228,6.9699612997966,114
"58199",342,229,8.56488249251907,113
"58200",342,230,7.79254406632169,112
"58201",342,231,8.95722256052574,111
"58202",342,232,9.36290774856224,110
"58203",342,233,8.82823459285953,109
"58204",342,234,7.99224199720896,108
"58205",342,235,8.25451409665373,107
"58206",342,236,6.97894510404606,106
"58207",342,237,8.57921606790242,105
"58208",342,238,10.405819420711,104
"58209",342,239,10.3057977125446,103
"58210",342,240,7.91072795457672,102
"58211",342,241,7.45154688295071,101
"58212",342,242,7.71087320577299,100
"58213",342,243,8.45214576861002,99
"58214",342,244,8.03664824735533,98
"58215",342,245,8.47228993218438,97
"58216",342,246,8.31658439789871,96
"58217",342,247,8.78492997330384,95
"58218",342,248,8.32197092522194,94
"58219",342,249,8.00374171101794,93
"58220",342,250,9.23128405706251,92
"58221",342,251,8.33524439744614,91
"58222",342,252,9.36350102761236,90
"58223",342,253,8.52971057885425,89
"58224",342,254,8.78472207729618,88
"58225",342,255,8.85350569800257,87
"58226",342,256,8.32758150530191,86
"58227",342,257,8.3071731689686,85
"58228",342,258,6.5452819979737,84
"58229",342,259,4.69120164640995,83
"58230",342,260,5.52236433278789,82
"58231",342,261,5.72472531346053,81
"58232",342,262,6.73432663285958,80
"58233",342,263,8.28359870298424,79
"58234",342,264,9.23646926945295,78
"58235",342,265,8.91664162486715,77
"58236",342,266,9.4536968039785,76
"58237",342,267,9.46534312480414,75
"58238",342,268,9.85804882951694,74
"58239",342,269,9.38744646879336,73
"58240",342,270,9.28164689425497,72
"58241",342,271,8.65025993766171,71
"58242",342,272,7.31770344984107,70
"58243",342,273,6.00603462086356,69
"58244",342,274,4.61809489125611,68
"58245",342,275,3.22810056040703,67
"58246",342,276,5.65456812470174,66
"58247",342,277,5.15546009708887,65
"58248",342,278,6.07457871546776,64
"58249",342,279,5.61254531886193,63
"58250",342,280,7.92835197098323,62
"58251",342,281,7.90094991411584,61
"58252",342,282,8.03358599211747,60
"58253",342,283,8.68719378303801,59
"58254",342,284,7.93760768974141,58
"58255",342,285,6.93232882071406,57
"58256",342,286,8.64641637408087,56
"58257",342,287,5.97256923156993,55
"58258",342,288,5.18057119258606,54
"58259",342,289,5.54422845681582,53
"58260",342,290,5.35347348183682,52
"58261",342,291,7.23094659345342,51
"58262",342,292,6.72683720955757,50
"58263",342,293,6.47210616524922,49
"58264",342,294,3.24323249285942,48
"58265",342,295,5.24245332674674,47
"58266",342,296,5.85081785897842,46
"58267",342,297,6.42454635504867,45
"58268",342,298,4.91126974146296,44
"58269",342,299,5.96935486543928,43
"58270",342,300,5.67163540049858,42
"58271",342,301,1.27622578839114,41
"58272",342,302,3.99712367259855,40
"58273",342,303,2.26336495093581,39
"58274",342,304,4.32944144056097,38
"58275",342,305,4.54671354512997,37
"58276",342,306,5.35396439539411,36
"58277",342,307,4.81071217576379,35
"58278",342,308,3.30058289430562,34
"58279",342,309,2.26122506296424,33
"58280",342,310,4.83731345568605,32
"58281",342,311,6.13708958166494,31
"58282",342,312,5.93627341874177,30
"58283",342,313,6.21548405149582,29
"58284",342,314,4.30694598205374,28
"58285",342,315,2.75592136327367,27
"58286",342,316,2.3408987089557,26
"58287",342,317,4.44468517952749,25
"58288",342,318,5.66922099137204,24
"58289",342,319,5.71045426825025,23
"58290",342,320,7.1613870619978,22
"58291",342,321,2.05509788261249,21
"58292",342,322,2.35357152827213,20
"58293",342,323,1.92641716811548,19
"58294",342,324,4.96269900315617,18
"58295",342,325,6.88792952340244,17
"58296",342,326,7.07621329580548,16
"58297",342,327,5.52627432369488,15
"58298",342,328,3.20637574010245,14
"58299",342,329,4.46306726698866,13
"58300",342,330,5.19279353216317,12
"58301",342,331,4.73360637709647,11
"58302",342,332,6.51323816966806,10
"58303",342,333,5.37578904720526,9
"58304",342,334,1.59311187957321,8
"58305",342,335,1.49522370681074,7
"58306",342,336,3.44354638969191,6
"58307",342,337,3.05125375255406,5
"58308",342,338,4.98434908865461,4
"58309",342,339,6.4082571276673,3
"58310",342,340,6.12610286424878,2
"58311",342,341,5.5108315146127,1
"58312",343,1,2.56927804367293,342
"58313",343,2,2.8014979705161,341
"58314",343,3,6.16874842357064,340
"58315",343,4,3.59073356338771,339
"58316",343,5,4.66386161501785,338
"58317",343,6,2.78137185798003,337
"58318",343,7,4.37546313529147,336
"58319",343,8,6.22911132297709,335
"58320",343,9,8.96880331867713,334
"58321",343,10,6.22059966570626,333
"58322",343,11,2.8165291316914,332
"58323",343,12,6.32433404377312,331
"58324",343,13,7.31568781830812,330
"58325",343,14,3.92678943341885,329
"58326",343,15,3.53728825158358,328
"58327",343,16,4.28130955036643,327
"58328",343,17,5.01331820631079,326
"58329",343,18,3.46206948078894,325
"58330",343,19,2.28186711814781,324
"58331",343,20,3.64133806145291,323
"58332",343,21,7.96127604360797,322
"58333",343,22,7.38702501087582,321
"58334",343,23,7.76081536068266,320
"58335",343,24,5.90236980973805,319
"58336",343,25,2.61766568936861,318
"58337",343,26,5.89101455627329,317
"58338",343,27,2.19929166027144,316
"58339",343,28,2.85561037275532,315
"58340",343,29,2.98433186246666,314
"58341",343,30,1.48509812462486,313
"58342",343,31,4.310728842324,312
"58343",343,32,2.75780859065431,311
"58344",343,33,4.01839276228108,310
"58345",343,34,6.75277434203289,309
"58346",343,35,2.91112927787648,308
"58347",343,36,3.91133103448057,307
"58348",343,37,2.08528557344747,306
"58349",343,38,1.01764458678361,305
"58350",343,39,6.81299551302096,304
"58351",343,40,5.81043182016702,303
"58352",343,41,6.53315591092323,302
"58353",343,42,3.45830789018556,301
"58354",343,43,4.09179561818698,300
"58355",343,44,4.03694986181952,299
"58356",343,45,7.94656146891871,298
"58357",343,46,6.40261119965612,297
"58358",343,47,4.05378606509824,296
"58359",343,48,5.1742137594725,295
"58360",343,49,7.02922671543067,294
"58361",343,50,10.2512057264056,293
"58362",343,51,4.47829870915102,292
"58363",343,52,4.13326989917959,291
"58364",343,53,4.59962373710919,290
"58365",343,54,3.25841374609589,289
"58366",343,55,2.69630286184502,288
"58367",343,56,4.12595048843188,287
"58368",343,57,3.04047387227838,286
"58369",343,58,1.25603287278281,285
"58370",343,59,5.37273128025683,284
"58371",343,60,3.77375261989746,283
"58372",343,61,4.62823308549313,282
"58373",343,62,6.48441332378042,281
"58374",343,63,3.24233107204019,280
"58375",343,64,3.91553571425539,279
"58376",343,65,5.9514466673158,278
"58377",343,66,5.74053538902752,277
"58378",343,67,2.61121330125583,276
"58379",343,68,2.8720981882644,275
"58380",343,69,8.21865578412134,274
"58381",343,70,2.48804429019307,273
"58382",343,71,2.62207330891816,272
"58383",343,72,4.68742991040956,271
"58384",343,73,2.29895950955585,270
"58385",343,74,1.60270242335331,269
"58386",343,75,2.98590797093442,268
"58387",343,76,3.92336949804992,267
"58388",343,77,6.79774590729961,266
"58389",343,78,8.48862265131885,265
"58390",343,79,3.2646540838726,264
"58391",343,80,4.59755944261029,263
"58392",343,81,4.52657657340239,262
"58393",343,82,3.29965482954133,261
"58394",343,83,3.66429884967161,260
"58395",343,84,4.36310704037702,259
"58396",343,85,4.7435125659487,258
"58397",343,86,3.87276397292683,257
"58398",343,87,5.39616828286955,256
"58399",343,88,4.88007659580668,255
"58400",343,89,1.86205760351997,254
"58401",343,90,4.31623157592731,253
"58402",343,91,2.95899582395741,252
"58403",343,92,1.80499061803593,251
"58404",343,93,3.83293619663616,250
"58405",343,94,9.75603948960666,249
"58406",343,95,5.76847377786987,248
"58407",343,96,5.10315993439168,247
"58408",343,97,3.72376676446587,246
"58409",343,98,2.94366307007419,245
"58410",343,99,2.30260224901953,244
"58411",343,100,3.86015254144678,243
"58412",343,101,7.68708136201668,242
"58413",343,102,5.90914594856573,241
"58414",343,103,4.78508421865137,240
"58415",343,104,3.9888197822561,239
"58416",343,105,4.24354874360806,238
"58417",343,106,6.56893409685775,237
"58418",343,107,6.60234063664113,236
"58419",343,108,5.38031087053179,235
"58420",343,109,4.23159607670095,234
"58421",343,110,7.00585321045106,233
"58422",343,111,7.51841543781155,232
"58423",343,112,2.08451420937048,231
"58424",343,113,5.57207172553106,230
"58425",343,114,6.35852729715584,229
"58426",343,115,6.44385496650191,228
"58427",343,116,8.30843800567601,227
"58428",343,117,8.50021464976115,226
"58429",343,118,7.77595454014703,225
"58430",343,119,6.84846051552269,224
"58431",343,120,5.87842860839264,223
"58432",343,121,3.07451566324175,222
"58433",343,122,5.36530579305595,221
"58434",343,123,8.0897033460219,220
"58435",343,124,5.0281277364101,219
"58436",343,125,6.66789567196602,218
"58437",343,126,5.3863481736919,217
"58438",343,127,5.51653527946728,216
"58439",343,128,4.11493022309553,215
"58440",343,129,5.62376201631056,214
"58441",343,130,5.4637752115675,213
"58442",343,131,4.66290912141947,212
"58443",343,132,5.39549100335675,211
"58444",343,133,5.52851659871345,210
"58445",343,134,5.45642798209037,209
"58446",343,135,5.94683826594026,208
"58447",343,136,5.33291917900844,207
"58448",343,137,7.41326189005222,206
"58449",343,138,6.44027711079089,205
"58450",343,139,4.6637161399683,204
"58451",343,140,4.46785254708454,203
"58452",343,141,5.47930576346063,202
"58453",343,142,5.77633723632562,201
"58454",343,143,7.57951428987651,200
"58455",343,144,7.02455735468437,199
"58456",343,145,6.22800705999564,198
"58457",343,146,7.63460196121088,197
"58458",343,147,8.01383020214622,196
"58459",343,148,7.38249075311315,195
"58460",343,149,7.82820973199506,194
"58461",343,150,6.98585626618411,193
"58462",343,151,8.01672244977122,192
"58463",343,152,8.91199317719525,191
"58464",343,153,11.1528631457439,190
"58465",343,154,9.30351303180695,189
"58466",343,155,7.06114668131844,188
"58467",343,156,6.33683420981529,187
"58468",343,157,6.56115139228474,186
"58469",343,158,8.03815158353678,185
"58470",343,159,8.47994577191644,184
"58471",343,160,9.54962944336794,183
"58472",343,161,8.2171764921652,182
"58473",343,162,7.62102712573716,181
"58474",343,163,7.19042601043956,180
"58475",343,164,9.29679016947557,179
"58476",343,165,8.56407440110398,178
"58477",343,166,7.41640755637271,177
"58478",343,167,6.59615292530722,176
"58479",343,168,6.07905080705229,175
"58480",343,169,6.44800149358946,174
"58481",343,170,6.28043007218186,173
"58482",343,171,6.22144997994221,172
"58483",343,172,7.33777936706215,171
"58484",343,173,7.9291814543511,170
"58485",343,174,8.76665486754268,169
"58486",343,175,8.65968821734635,168
"58487",343,176,8.86699172265447,167
"58488",343,177,7.0681738739014,166
"58489",343,178,6.25202292526009,165
"58490",343,179,7.87885571419049,164
"58491",343,180,9.65060505331989,163
"58492",343,181,8.76999851082796,162
"58493",343,182,8.21856793424834,161
"58494",343,183,8.32472425262164,160
"58495",343,184,8.22771290088752,159
"58496",343,185,6.58677177924578,158
"58497",343,186,8.0057257265255,157
"58498",343,187,7.73340074223779,156
"58499",343,188,7.85696053521168,155
"58500",343,189,8.54086899443772,154
"58501",343,190,7.84960542182974,153
"58502",343,191,8.7188796654325,152
"58503",343,192,10.3249423527334,151
"58504",343,193,9.94111633954034,150
"58505",343,194,7.86368073262407,149
"58506",343,195,9.17316796802304,148
"58507",343,196,7.45715088921938,147
"58508",343,197,8.07777231995153,146
"58509",343,198,8.98706087386757,145
"58510",343,199,8.89615663511944,144
"58511",343,200,8.56753086743848,143
"58512",343,201,8.10838507697549,142
"58513",343,202,10.8838084912142,141
"58514",343,203,10.7305571250207,140
"58515",343,204,10.5962631521734,139
"58516",343,205,10.5800194046921,138
"58517",343,206,7.68522281349336,137
"58518",343,207,9.31287929135421,136
"58519",343,208,9.90949808783434,135
"58520",343,209,9.5065583681159,134
"58521",343,210,10.5431736978782,133
"58522",343,211,9.96529834350314,132
"58523",343,212,9.8383920507454,131
"58524",343,213,8.79154821310674,130
"58525",343,214,9.89827344742768,129
"58526",343,215,7.38458074269205,128
"58527",343,216,8.07298942288648,127
"58528",343,217,7.78734858439834,126
"58529",343,218,8.66261520103908,125
"58530",343,219,8.99597715715823,124
"58531",343,220,8.97521780400848,123
"58532",343,221,8.95721223392442,122
"58533",343,222,9.88406610518358,121
"58534",343,223,8.83108737397551,120
"58535",343,224,8.42521497980442,119
"58536",343,225,7.73497346553382,118
"58537",343,226,8.08992987505678,117
"58538",343,227,7.05723520517626,116
"58539",343,228,8.62116195820763,115
"58540",343,229,7.8058381235463,114
"58541",343,230,8.3597267380801,113
"58542",343,231,6.52731412509243,112
"58543",343,232,6.3180642376263,111
"58544",343,233,9.01894935257545,110
"58545",343,234,9.74043822777593,109
"58546",343,235,7.57600024293835,108
"58547",343,236,8.39099328724073,107
"58548",343,237,8.00975501741252,106
"58549",343,238,6.53631097488431,105
"58550",343,239,10.4965124722605,104
"58551",343,240,9.6589241851437,103
"58552",343,241,7.1127906488387,102
"58553",343,242,6.46648681994375,101
"58554",343,243,5.88284199650875,100
"58555",343,244,6.43338215908529,99
"58556",343,245,6.05853441986956,98
"58557",343,246,7.08363097557886,97
"58558",343,247,8.10190424916608,96
"58559",343,248,7.8009686440875,95
"58560",343,249,8.19445647073386,94
"58561",343,250,5.70143698959034,93
"58562",343,251,7.29537172924632,92
"58563",343,252,6.54527215862685,91
"58564",343,253,6.47176156466792,90
"58565",343,254,5.72393925004997,89
"58566",343,255,5.16196407024127,88
"58567",343,256,5.96259689612261,87
"58568",343,257,6.60536879783918,86
"58569",343,258,6.73599675768962,85
"58570",343,259,4.32573582837999,84
"58571",343,260,4.40255940574248,83
"58572",343,261,4.32500406714404,82
"58573",343,262,4.70627087828567,81
"58574",343,263,5.74043772768314,80
"58575",343,264,5.69058372791498,79
"58576",343,265,6.19585051755936,78
"58577",343,266,5.55178366955115,77
"58578",343,267,5.56342999037679,76
"58579",343,268,5.95613569508959,75
"58580",343,269,6.21341110167936,74
"58581",343,270,6.30194081638127,73
"58582",343,271,6.46280141589575,72
"58583",343,272,5.76111931988801,71
"58584",343,273,5.97309872885835,70
"58585",343,274,4.80880965097202,69
"58586",343,275,2.94944414834658,68
"58587",343,276,1.76901860369443,67
"58588",343,277,4.45648953901933,66
"58589",343,278,5.27586006382656,65
"58590",343,279,4.07782848567776,64
"58591",343,280,4.1832989613817,63
"58592",343,281,3.99903677968849,62
"58593",343,282,4.13167285769013,61
"58594",343,283,4.78528064861067,60
"58595",343,284,5.60482488220573,59
"58596",343,285,7.12304358042998,58
"58597",343,286,6.28098957537982,57
"58598",343,287,5.74255366690333,56
"58599",343,288,6.92876742315304,55
"58600",343,289,7.2924246873828,54
"58601",343,290,5.41929464898884,53
"58602",343,291,4.04096639240764,52
"58603",343,292,6.91755196927348,51
"58604",343,293,7.4639692892285,50
"58605",343,294,4.50600867312491,49
"58606",343,295,2.49573694733684,48
"58607",343,296,2.38578276982241,47
"58608",343,297,3.46099320029346,46
"58609",343,298,4.1731890539879,45
"58610",343,299,3.78223448860173,44
"58611",343,300,4.7622086412186,43
"58612",343,301,2.67082001826746,42
"58613",343,302,6.34155533617483,41
"58614",343,303,1.77312883682991,40
"58615",343,304,1.04225757817254,39
"58616",343,305,2.18206852260998,38
"58617",343,306,1.45205126096676,37
"58618",343,307,2.31600996981815,36
"58619",343,308,4.47732744433968,35
"58620",343,309,2.68295677283812,34
"58621",343,310,1.17827941887365,33
"58622",343,311,2.23517644723759,32
"58623",343,312,2.03436028431442,31
"58624",343,313,2.31357091706848,30
"58625",343,314,3.17132627681825,29
"58626",343,315,4.88525768020297,28
"58627",343,316,3.36088683062542,27
"58628",343,317,6.19288141009446,26
"58629",343,318,7.3221797571575,25
"58630",343,319,4.94490582114563,24
"58631",343,320,4.66699698983223,23
"58632",343,321,3.80329411317947,22
"58633",343,322,3.83414832828691,21
"58634",343,323,3.26982790823171,20
"58635",343,324,3.89726916986571,19
"58636",343,325,4.42540310795208,18
"58637",343,326,4.11266014105026,17
"58638",343,327,5.71698908341079,16
"58639",343,328,3.06215688441745,15
"58640",343,329,1.6822950527037,14
"58641",343,330,1.48135532729887,13
"58642",343,331,4.11527037887767,12
"58643",343,332,4.15652510566055,11
"58644",343,333,5.56650380692117,10
"58645",343,334,3.11774796819548,9
"58646",343,335,3.15182208126585,8
"58647",343,336,0.952018673841176,7
"58648",343,337,0.850659381873282,6
"58649",343,338,1.1147313960049,5
"58650",343,339,2.50634399323995,4
"58651",343,340,6.12238429013104,3
"58652",343,341,5.70154627432862,2
"58653",343,342,3.90191313442735,1
"58654",344,1,4.67951706994182,343
"58655",344,2,3.01877567641789,342
"58656",344,3,2.03668104471899,341
"58657",344,4,2.4706667095069,340
"58658",344,5,1.73665663837471,339
"58659",344,6,2.53064836818988,338
"58660",344,7,1.92098476856041,337
"58661",344,8,2.47800724917343,336
"58662",344,9,4.83673593982548,335
"58663",344,10,2.34744725742052,334
"58664",344,11,3.97900558447341,333
"58665",344,12,3.42989654573683,332
"58666",344,13,3.18362043945647,331
"58667",344,14,2.97717030871253,330
"58668",344,15,1.36276787442465,329
"58669",344,16,1.31422948331969,328
"58670",344,17,2.30436954378611,327
"58671",344,18,4.11087263947694,326
"58672",344,19,2.46744875121077,325
"58673",344,20,0.894506814951075,324
"58674",344,21,3.82920866475633,323
"58675",344,22,4.84816647893321,322
"58676",344,23,3.62874798183101,321
"58677",344,24,3.71830334113872,320
"58678",344,25,2.64755160032212,319
"58679",344,26,4.29125798565239,318
"58680",344,27,3.59280515579764,317
"58681",344,28,4.11502523870016,316
"58682",344,29,3.07692626027919,315
"58683",344,30,3.80013122695383,314
"58684",344,31,2.67009859274927,313
"58685",344,32,5.07284169298328,312
"58686",344,33,2.41863619166019,311
"58687",344,34,2.62070696318124,310
"58688",344,35,2.56514544518542,309
"58689",344,36,4.18807072732822,308
"58690",344,37,2.04678180540418,307
"58691",344,38,4.65630879928985,306
"58692",344,39,3.08991274044625,305
"58693",344,40,2.83279122689466,304
"58694",344,41,2.69465035222497,303
"58695",344,42,2.56907638589917,302
"58696",344,43,1.22928667996637,301
"58697",344,44,1.72191675949056,300
"58698",344,45,5.63152836658975,299
"58699",344,46,2.27054382080447,298
"58700",344,47,1.69106158786035,297
"58701",344,48,2.94025740651604,296
"58702",344,49,4.83745237911218,295
"58703",344,50,7.93617262407665,294
"58704",344,51,0.993977488652121,293
"58705",344,52,1.93987942446622,292
"58706",344,53,2.3889153435343,291
"58707",344,54,2.74470519037892,290
"58708",344,55,1.90605585087424,289
"58709",344,56,4.34322819433367,288
"58710",344,57,1.09159350657327,287
"58711",344,58,4.06892301692424,286
"58712",344,59,5.59000898615862,285
"58713",344,60,0.448331340656359,284
"58714",344,61,2.31319998316416,283
"58715",344,62,2.54657118957571,282
"58716",344,63,1.27116069347131,281
"58717",344,64,4.13281342015718,280
"58718",344,65,6.16872437321759,279
"58719",344,66,2.19745317285974,278
"58720",344,67,2.68617179046045,277
"58721",344,68,2.33004943867036,276
"58722",344,69,5.90362268179237,275
"58723",344,70,1.64402308865858,274
"58724",344,71,1.80168617518868,273
"58725",344,72,2.6398496404919,272
"58726",344,73,2.4886699365261,271
"58727",344,74,2.55196682915116,270
"58728",344,75,3.98622528643197,269
"58729",344,76,3.50626149419536,268
"58730",344,77,4.7782627741215,267
"58731",344,78,6.17358954898988,266
"58732",344,79,1.61290526418686,265
"58733",344,80,4.81483714851208,264
"58734",344,81,3.9801616335334,263
"58735",344,82,3.51693253544312,262
"58736",344,83,2.22165373096754,261
"58737",344,84,0.295963487779386,260
"58738",344,85,1.22660884531322,259
"58739",344,86,1.01318798196496,258
"58740",344,87,1.81077720865762,257
"58741",344,88,1.85153120075019,256
"58742",344,89,2.27000977533168,255
"58743",344,90,3.12159864068556,254
"58744",344,91,1.83601769260907,253
"58745",344,92,2.32707676081572,252
"58746",344,93,2.84467974878036,251
"58747",344,94,7.44100638727769,250
"58748",344,95,5.26303318192119,249
"58749",344,96,2.78812683206271,248
"58750",344,97,4.53612770914846,247
"58751",344,98,3.32296421897931,246
"58752",344,99,5.12458432728711,245
"58753",344,100,6.32619806584417,244
"58754",344,101,7.90435906791847,243
"58755",344,102,6.12642365446752,242
"58756",344,103,5.00236192455316,241
"58757",344,104,5.30329799657782,240
"58758",344,105,4.30835767309617,239
"58759",344,106,6.78621180275954,238
"58760",344,107,4.28730753431216,237
"58761",344,108,5.34766556092529,236
"58762",344,109,6.00283503826197,235
"58763",344,110,6.12505625888457,234
"58764",344,111,5.20338233548258,233
"58765",344,112,2.65814464751589,232
"58766",344,113,5.85427325768686,231
"58767",344,114,7.64345859777818,230
"58768",344,115,7.90675454405935,229
"58769",344,116,8.5257157115778,228
"58770",344,117,8.71749235566293,227
"58771",344,118,7.99323224604882,226
"58772",344,119,4.53342741319373,225
"58773",344,120,3.56339550606367,224
"58774",344,121,6.59174972546113,223
"58775",344,122,6.87708031834228,222
"58776",344,123,8.30698105192369,221
"58777",344,124,5.24540544231189,220
"58778",344,125,4.35286256963706,219
"58779",344,126,4.31000909067783,218
"58780",344,127,5.54815931686468,217
"58781",344,128,7.38422657763951,216
"58782",344,129,5.88959398704466,215
"58783",344,130,6.20635259648213,214
"58784",344,131,6.96253227423288,213
"58785",344,132,6.74565826401317,212
"58786",344,133,7.13728669615571,211
"58787",344,134,8.22984724640914,210
"58788",344,135,8.25130253685609,209
"58789",344,136,8.31648251075758,208
"58790",344,137,7.63053959595401,207
"58791",344,138,7.48286254233923,206
"58792",344,139,8.13259547742557,205
"58793",344,140,7.49974459244745,204
"58794",344,141,7.69468381524425,203
"58795",344,142,8.21010292563437,202
"58796",344,143,7.7967919957783,201
"58797",344,144,7.92148035553459,200
"58798",344,145,8.49985335089442,199
"58799",344,146,8.47880393108721,198
"58800",344,147,7.66526317694526,197
"58801",344,148,7.68115734216751,196
"58802",344,149,8.54706041131683,195
"58803",344,150,9.71050738617809,194
"58804",344,151,10.6090096341711,193
"58805",344,152,9.55680514251623,192
"58806",344,153,8.83783004341497,191
"58807",344,154,6.98847992947799,190
"58808",344,155,7.60939477699277,189
"58809",344,156,8.43026762357833,188
"58810",344,157,8.38555715406694,187
"58811",344,158,8.12010268069504,186
"58812",344,159,10.2131654825381,185
"58813",344,160,10.2202691879424,184
"58814",344,161,9.62349585771373,183
"58815",344,162,9.32218025994651,182
"58816",344,163,9.21948424274258,181
"58817",344,164,6.98175706714661,180
"58818",344,165,6.24904129877501,179
"58819",344,166,6.80013654091224,178
"58820",344,167,7.40838443506423,177
"58821",344,168,8.64232600394068,176
"58822",344,169,9.2839444745116,175
"58823",344,170,9.5187529162826,174
"58824",344,171,8.46099042460402,173
"58825",344,172,9.17284645505328,172
"58826",344,173,9.73207275184695,171
"58827",344,174,8.98393257344447,170
"58828",344,175,7.52106130792672,169
"58829",344,176,7.16712227854168,168
"58830",344,177,8.43899717147316,167
"58831",344,178,9.23293715937074,166
"58832",344,179,9.5803567114914,165
"58833",344,180,7.33557195099093,164
"58834",344,181,7.70113351426976,163
"58835",344,182,9.30092894991468,162
"58836",344,183,9.08314242687469,161
"58837",344,184,8.37920277036755,160
"58838",344,185,9.94010514563285,159
"58839",344,186,9.58781858973445,158
"58840",344,187,10.118395528411,157
"58841",344,188,9.40014991647091,156
"58842",344,189,8.96862891269829,155
"58843",344,190,8.60034094765728,154
"58844",344,191,8.65031617854722,153
"58845",344,192,9.73546474494165,152
"58846",344,193,9.17830321104494,151
"58847",344,194,9.48344630076069,150
"58848",344,195,6.85813486569407,149
"58849",344,196,7.57886348809067,148
"58850",344,197,7.45192952400146,147
"58851",344,198,7.97180470335216,146
"58852",344,199,8.96701097580074,145
"58853",344,200,10.8434386382532,144
"58854",344,201,11.4314979391413,143
"58855",344,202,11.3307883984679,142
"58856",344,203,12.0002224923456,141
"58857",344,204,10.9343671804173,140
"58858",344,205,10.5136524869443,139
"58859",344,206,11.6068183844456,138
"58860",344,207,8.3034445862445,137
"58861",344,208,8.88872770455486,136
"58862",344,209,9.63507214321311,135
"58863",344,210,10.2355645391807,134
"58864",344,211,9.33277036033083,133
"58865",344,212,9.30272958398734,132
"58866",344,213,9.04912413677219,131
"58867",344,214,8.29519148628411,130
"58868",344,215,9.62611242611535,129
"58869",344,216,9.22851526052254,128
"58870",344,217,8.39283234027969,127
"58871",344,218,9.00919432533379,126
"58872",344,219,10.0386926444483,125
"58873",344,220,8.86513470803574,124
"58874",344,221,9.6236714780842,123
"58875",344,222,8.42643848555143,122
"58876",344,223,8.29586709673921,121
"58877",344,224,8.90898143874649,120
"58878",344,225,8.51843583732954,119
"58879",344,226,8.58261361957137,118
"58880",344,227,7.90572544781936,117
"58881",344,228,7.25854384145957,116
"58882",344,229,8.73341407689908,115
"58883",344,230,8.02269831074599,114
"58884",344,231,9.18737680495004,113
"58885",344,232,9.59306199298654,112
"58886",344,233,9.23622705847724,111
"58887",344,234,7.42540512544697,110
"58888",344,235,7.50983900369834,109
"58889",344,236,7.38693756966377,108
"58890",344,237,8.80937031232672,107
"58891",344,238,10.6359736651353,106
"58892",344,239,10.7137901781623,105
"58893",344,240,8.07353403444106,104
"58894",344,241,7.33994613057254,103
"58895",344,242,7.51523544155174,102
"58896",344,243,8.68230001303433,101
"58897",344,244,8.26680249177964,100
"58898",344,245,8.70244417660869,99
"58899",344,246,8.54673864232301,98
"58900",344,247,9.01508421772814,97
"58901",344,248,8.55212516964625,96
"58902",344,249,8.41173417663565,95
"58903",344,250,9.46143830148682,94
"58904",344,251,8.56539864187044,93
"58905",344,252,9.59365527203666,92
"58906",344,253,8.75986482327855,91
"58907",344,254,9.01487632172049,90
"58908",344,255,9.08365994242687,89
"58909",344,256,8.55773574972621,88
"58910",344,257,8.5373274133929,87
"58911",344,258,6.95327446359141,86
"58912",344,259,4.92135589083425,85
"58913",344,260,5.75251857721219,84
"58914",344,261,5.95487955788484,83
"58915",344,262,6.96448087728388,82
"58916",344,263,8.51375294740854,81
"58917",344,264,9.46662351387725,80
"58918",344,265,9.14679586929145,79
"58919",344,266,9.6838510484028,78
"58920",344,267,9.69549736922844,77
"58921",344,268,10.0882030739412,76
"58922",344,269,9.61760071321766,75
"58923",344,270,9.51180113867928,74
"58924",344,271,8.88041418208602,73
"58925",344,272,7.54785769426537,72
"58926",344,273,6.23618886528787,71
"58927",344,274,5.02608735687381,70
"58928",344,275,3.45825480483133,69
"58929",344,276,5.88472236912604,68
"58930",344,277,5.38561434151317,67
"58931",344,278,6.30473295989207,66
"58932",344,279,5.84269956328624,65
"58933",344,280,8.15850621540753,64
"58934",344,281,8.13110415854014,63
"58935",344,282,8.26374023654177,62
"58936",344,283,8.91734802746232,61
"58937",344,284,8.16776193416571,60
"58938",344,285,7.34032128633177,59
"58939",344,286,8.87657061850518,58
"58940",344,287,6.20272347599424,57
"58941",344,288,4.61373432082407,56
"58942",344,289,4.97739158505383,55
"58943",344,290,5.57802077683096,54
"58944",344,291,7.46110083787772,53
"58945",344,292,7.13482967517527,52
"58946",344,293,6.88009863086693,51
"58947",344,294,3.39495667487082,50
"58948",344,295,5.47260757117105,49
"58949",344,296,6.08097210340272,48
"58950",344,297,6.65470059947298,47
"58951",344,298,5.14142398588726,46
"58952",344,299,6.19950910986358,45
"58953",344,300,5.90178964492288,44
"58954",344,301,1.50638003281544,43
"58955",344,302,4.74179876555394,42
"58956",344,303,2.49351919536012,41
"58957",344,304,4.55959568498528,40
"58958",344,305,4.77686778955427,39
"58959",344,306,5.58411863981841,38
"58960",344,307,5.0408664201881,37
"58961",344,308,3.70857535992333,36
"58962",344,309,1.67342354075656,35
"58963",344,310,5.06746770011035,34
"58964",344,311,6.36724382608924,33
"58965",344,312,6.16642766316607,32
"58966",344,313,6.44563829592013,31
"58967",344,314,4.53710022647804,30
"58968",344,315,2.18908449151168,29
"58969",344,316,2.20689705070063,28
"58970",344,317,3.8778483077655,27
"58971",344,318,6.07721345698975,26
"58972",344,319,5.94060851267455,25
"58973",344,320,7.3915413064221,24
"58974",344,321,2.40706119169418,23
"58975",344,322,1.60889643531674,22
"58976",344,323,1.18174207516009,21
"58977",344,324,5.19285324758048,20
"58978",344,325,7.11808376782674,19
"58979",344,326,7.30636754022978,18
"58980",344,327,5.93426678931258,17
"58981",344,328,3.02195187474154,16
"58982",344,329,4.69322151141296,15
"58983",344,330,5.42294777658747,14
"58984",344,331,4.96376062152077,13
"58985",344,332,6.74339241409236,12
"58986",344,333,5.78378151282296,11
"58987",344,334,2.00110434519092,10
"58988",344,335,0.980245297585794,9
"58989",344,336,3.67370063411621,8
"58990",344,337,3.28140799697837,7
"58991",344,338,5.21450333307891,6
"58992",344,339,6.6384113720916,5
"58993",344,340,6.35625710867308,4
"58994",344,341,5.91882398023041,3
"58995",344,342,0.74467509295539,2
"58996",344,343,4.13206737885165,1
"58997",345,1,5.30754589885347,344
"58998",345,2,5.53976582569664,343
"58999",345,3,3.85121089277262,342
"59000",345,4,2.6236371981032,341
"59001",345,5,2.34632408421983,340
"59002",345,6,0.843829525853567,339
"59003",345,7,2.17485134129144,338
"59004",345,8,4.52784073038768,337
"59005",345,9,6.65126578787911,336
"59006",345,10,3.90306213490825,335
"59007",345,11,3.13928660786202,334
"59008",345,12,5.47973002695108,333
"59009",345,13,4.99815028751011,332
"59010",345,14,2.25231656316595,331
"59011",345,15,1.33740253736588,330
"59012",345,16,1.96377201956842,329
"59013",345,17,3.33446196552016,328
"59014",345,18,3.9121463913823,327
"59015",345,19,4.3406572622563,326
"59016",345,20,2.04106144411288,325
"59017",345,21,5.64373851280996,324
"59018",345,22,5.06948748007781,323
"59019",345,23,5.44327782988464,322
"59020",345,24,3.60821473711525,321
"59021",345,25,2.00718206458044,320
"59022",345,26,6.34109146686664,319
"59023",345,27,2.53732370371466,318
"59024",345,28,3.30568728334867,317
"59025",345,29,2.84152429302663,316
"59026",345,30,1.707991064511,315
"59027",345,31,3.52266492706998,314
"59028",345,32,2.78715517686515,313
"59029",345,33,4.51335358234536,312
"59030",345,34,4.43523681123487,311
"59031",345,35,1.87387209214443,310
"59032",345,36,4.36140794507392,309
"59033",345,37,2.18980676238776,308
"59034",345,38,2.84177895123622,307
"59035",345,39,5.1397462216605,306
"59036",345,40,3.55720613379228,305
"59037",345,41,4.21561838012521,304
"59038",345,42,1.36079942527556,303
"59039",345,43,2.5025833386696,302
"59040",345,44,4.00760327560869,301
"59041",345,45,7.91721488270788,300
"59042",345,46,4.12487571051086,299
"59043",345,47,3.97674810397848,298
"59044",345,48,5.34655600168505,297
"59045",345,49,7.35844252839092,296
"59046",345,50,10.2218591401948,295
"59047",345,51,3.01991667745749,294
"59048",345,52,4.46086957374496,293
"59049",345,53,3.46234233840103,292
"59050",345,54,0.94087621529787,291
"59051",345,55,4.42704600015298,290
"59052",345,56,6.86421834361242,289
"59053",345,57,2.39916358583999,288
"59054",345,58,3.78141144660152,287
"59055",345,59,8.11099913543737,286
"59056",345,60,2.44242166073193,285
"59057",345,61,4.59888649928229,284
"59058",345,62,4.16687579298241,283
"59059",345,63,2.63364339946407,282
"59060",345,64,6.65380356943592,281
"59061",345,65,8.68971452249634,280
"59062",345,66,4.24728665407399,279
"59063",345,67,2.04375732691462,278
"59064",345,68,4.51104786801069,277
"59065",345,69,8.1893091979105,276
"59066",345,70,4.15848443970424,275
"59067",345,71,3.99894157224085,274
"59068",345,72,5.16083978977065,273
"59069",345,73,2.36315620196778,272
"59070",345,74,3.80069969087517,271
"59071",345,75,5.72417582611495,270
"59072",345,76,5.41229607444464,269
"59073",345,77,7.2419243524612,268
"59074",345,78,8.45927606510801,267
"59075",345,79,3.23530749766176,266
"59076",345,80,7.33582729779082,265
"59077",345,81,6.30682249357185,264
"59078",345,82,6.03792268472186,263
"59079",345,83,4.74264388024628,262
"59080",345,84,2.22502666149936,261
"59081",345,85,2.58294433691874,260
"59082",345,86,1.60784033450352,259
"59083",345,87,3.23570666645117,258
"59084",345,88,3.97529831845835,257
"59085",345,89,3.22166931187654,256
"59086",345,90,4.92341993843748,255
"59087",345,91,4.35700784188781,254
"59088",345,92,3.90971473376684,253
"59089",345,93,3.80358961042532,252
"59090",345,94,9.72669290339582,251
"59091",345,95,7.78402333119994,250
"59092",345,96,5.07381334818084,249
"59093",345,97,5.21269334086059,248
"59094",345,98,5.68193092525473,247
"59095",345,99,5.04087010420006,246
"59096",345,100,6.59842039662731,245
"59097",345,101,10.4253492171972,244
"59098",345,102,8.64741380374627,243
"59099",345,103,7.5233520738319,242
"59100",345,104,4.63737624022005,241
"59101",345,105,6.65127550084646,240
"59102",345,106,9.30720195203829,239
"59103",345,107,6.57299405043029,238
"59104",345,108,6.0568751838028,237
"59105",345,109,6.56648627503471,236
"59106",345,110,8.64604640816332,235
"59107",345,111,7.48906885160071,234
"59108",345,112,4.82278206455102,233
"59109",345,113,8.31033958071159,232
"59110",345,114,9.09679515233637,231
"59111",345,115,9.18212282168245,230
"59112",345,116,11.0467058608565,229
"59113",345,117,11.2384825049417,228
"59114",345,118,10.5142223953276,227
"59115",345,119,6.81911392931186,226
"59116",345,120,6.0283564988064,225
"59117",345,121,5.81278351842229,224
"59118",345,122,8.10357364823649,223
"59119",345,123,10.8279712012024,222
"59120",345,124,7.76639559159064,221
"59121",345,125,6.63854908575519,220
"59122",345,126,6.70159377697029,219
"59123",345,127,6.17629219036968,218
"59124",345,128,5.78027778430835,217
"59125",345,129,6.92220021722034,216
"59126",345,130,5.43442862535666,215
"59127",345,131,6.55521335466096,214
"59128",345,132,8.13375885853728,213
"59129",345,133,8.26678445389398,212
"59130",345,134,8.19469583727091,211
"59131",345,135,8.6851061211208,210
"59132",345,136,8.07118703418897,209
"59133",345,137,10.1515297452328,208
"59134",345,138,9.17854496597143,207
"59135",345,139,7.40198399514883,206
"59136",345,140,7.20612040226508,205
"59137",345,141,7.28757298485904,204
"59138",345,142,8.51460509150616,203
"59139",345,143,10.317782145057,202
"59140",345,144,9.76282520986491,201
"59141",345,145,8.96627491517617,200
"59142",345,146,10.1263657302923,199
"59143",345,147,10.186253326224,198
"59144",345,148,10.1207586082937,197
"59145",345,149,10.5664775871756,196
"59146",345,150,9.57846444947728,195
"59147",345,151,9.95944889011856,194
"59148",345,152,11.3981499968466,193
"59149",345,153,11.1235165595331,192
"59150",345,154,9.27416644559611,191
"59151",345,155,7.0318000951076,190
"59152",345,156,8.49244993152446,189
"59153",345,157,8.01085621451206,188
"59154",345,158,9.45984855045704,187
"59155",345,159,10.2265768873487,186
"59156",345,160,10.5735422569497,185
"59157",345,161,9.73411092386698,184
"59158",345,162,9.80465070275339,183
"59159",345,163,9.92869386562009,182
"59160",345,164,9.32906624330903,181
"59161",345,165,8.76442449862359,180
"59162",345,166,7.38706097016187,179
"59163",345,167,9.23357636627606,178
"59164",345,168,8.81731866223283,177
"59165",345,169,8.84452779788941,176
"59166",345,170,8.62653416937597,175
"59167",345,171,8.95971783512275,174
"59168",345,172,10.0760472222427,173
"59169",345,173,10.6674493095316,172
"59170",345,174,11.5049227227232,171
"59171",345,175,9.75083064040257,170
"59172",345,176,8.83764513644364,169
"59173",345,177,7.35256098326408,168
"59174",345,178,8.48606870938216,167
"59175",345,179,9.7879673498006,166
"59176",345,180,9.72770983075092,165
"59177",345,181,8.74065192461713,164
"59178",345,182,8.18922134803751,163
"59179",345,183,8.29537766641081,162
"59180",345,184,10.7867062794435,161
"59181",345,185,8.51411682589228,160
"59182",345,186,9.32657827923406,159
"59183",345,187,10.4716685974183,158
"59184",345,188,9.99576885455223,157
"59185",345,189,11.2791368496183,156
"59186",345,190,9.42256901006753,155
"59187",345,191,9.87725169796319,154
"59188",345,192,12.2564548942204,153
"59189",345,193,10.8417838330335,152
"59190",345,194,9.73917756349694,151
"59191",345,195,9.1438213818122,150
"59192",345,196,8.78920389486639,149
"59193",345,197,9.32578831375546,148
"59194",345,198,10.4927948526309,147
"59195",345,199,11.03496495446,146
"59196",345,200,10.6951387338406,145
"59197",345,201,10.846652932156,144
"59198",345,202,13.5604536863504,143
"59199",345,203,11.9169504587803,142
"59200",345,204,10.7013757849115,141
"59201",345,205,11.3686285851132,140
"59202",345,206,10.4234906686739,139
"59203",345,207,9.96702925282643,138
"59204",345,208,9.88015150162351,137
"59205",345,209,10.732160010121,136
"59206",345,210,11.2197380111492,135
"59207",345,211,9.9359517572923,134
"59208",345,212,9.80904546453456,133
"59209",345,213,9.58015739352789,132
"59210",345,214,9.88573426358546,131
"59211",345,215,9.60742607387568,130
"59212",345,216,10.811257278067,129
"59213",345,217,9.65163151641087,128
"59214",345,218,11.4008830562196,127
"59215",345,219,11.7342450123388,126
"59216",345,220,10.3184712625939,125
"59217",345,221,10.0091463487351,124
"59218",345,222,9.85471951897274,123
"59219",345,223,8.80174078776467,122
"59220",345,224,8.39586839359358,121
"59221",345,225,10.4732413207144,120
"59222",345,226,10.8281977302373,119
"59223",345,227,9.7955030603568,118
"59224",345,228,9.77953399073832,117
"59225",345,229,8.92500184783148,116
"59226",345,230,10.5433503150963,115
"59227",345,231,9.26558198027296,114
"59228",345,232,8.76501274903209,113
"59229",345,233,11.757217207756,112
"59230",345,234,9.7110916415651,111
"59231",345,235,7.54665365672752,110
"59232",345,236,9.90792771894251,109
"59233",345,237,10.7480228725931,108
"59234",345,238,9.27457883006485,107
"59235",345,239,13.234780327441,106
"59236",345,240,10.5945241837198,105
"59237",345,241,7.95182203636569,104
"59238",345,242,7.22148119562767,103
"59239",345,243,7.30453896342901,102
"59240",345,244,8.40972340416986,101
"59241",345,245,8.79680227505009,100
"59242",345,246,9.8218988307594,99
"59243",345,247,10.8401721043466,98
"59244",345,248,10.539236499268,97
"59245",345,249,10.9327243259144,96
"59246",345,250,8.43970484477088,95
"59247",345,251,10.0336395844269,94
"59248",345,252,9.28354001380739,93
"59249",345,253,9.21002941984846,92
"59250",345,254,8.46220710523051,91
"59251",345,255,7.8510332972084,90
"59252",345,256,8.70086475130315,89
"59253",345,257,9.34363665301971,88
"59254",345,258,9.47426461287015,87
"59255",345,259,5.64658838108855,86
"59256",345,260,7.14082726092301,85
"59257",345,261,7.05207146938613,84
"59258",345,262,7.3661086710533,83
"59259",345,263,8.47870558286367,82
"59260",345,264,8.42885158309551,81
"59261",345,265,8.93411837273989,80
"59262",345,266,8.17690302945725,79
"59263",345,267,8.18898113534532,78
"59264",345,268,8.27367322588761,77
"59265",345,269,8.95167895685989,76
"59266",345,270,9.0402086715618,75
"59267",345,271,9.20106927107629,74
"59268",345,272,8.49938717506854,73
"59269",345,273,8.06148484109305,72
"59270",345,274,7.54707750615256,71
"59271",345,275,5.68771200352712,70
"59272",345,276,4.50728645887496,69
"59273",345,277,7.19475739419987,68
"59274",345,278,7.36985312549143,67
"59275",345,279,5.80765219874137,66
"59276",345,280,6.3439763673539,65
"59277",345,281,6.31657431048651,64
"59278",345,282,6.44921038848814,63
"59279",345,283,7.10281817940868,62
"59280",345,284,8.34309273738627,61
"59281",345,285,9.86131143561051,60
"59282",345,286,9.01925743056035,59
"59283",345,287,8.48082152208386,58
"59284",345,288,6.8994208369422,57
"59285",345,289,7.26307810117196,56
"59286",345,290,6.59447408388814,55
"59287",345,291,6.77923424758818,54
"59288",345,292,9.65581982445402,53
"59289",345,293,9.40108878014567,52
"59290",345,294,5.60836499504147,51
"59291",345,295,4.33761897347249,50
"59292",345,296,5.12405062500294,49
"59293",345,297,6.19926105547399,48
"59294",345,298,5.93103406828047,47
"59295",345,299,6.52050234378226,46
"59296",345,300,7.50047649639913,45
"59297",345,301,3.93003646500984,44
"59298",345,302,6.79163224676818,43
"59299",345,303,3.54217430406092,42
"59300",345,304,3.78052543335307,41
"59301",345,305,4.75786930353453,40
"59302",345,306,4.17406214843545,39
"59303",345,307,5.05427782499869,38
"59304",345,308,6.22956550920207,37
"59305",345,309,3.04578739053561,36
"59306",345,310,3.91654727405418,35
"59307",345,311,4.5527139780356,34
"59308",345,312,4.41681643913679,33
"59309",345,313,4.63110844786649,32
"59310",345,314,5.90959413199878,31
"59311",345,315,4.47477100762981,30
"59312",345,316,4.17751731227553,29
"59313",345,317,6.16353482388363,28
"59314",345,318,8.59820360626849,27
"59315",345,319,7.58793621154464,26
"59316",345,320,7.40526484501276,25
"59317",345,321,4.92805134097292,24
"59318",345,322,2.21197378768486,23
"59319",345,323,3.40294839627686,22
"59320",345,324,6.48427040372871,21
"59321",345,325,7.16367096313261,20
"59322",345,326,6.8509279962308,19
"59323",345,327,8.45525693859133,18
"59324",345,328,3.82836515896171,17
"59325",345,329,3.72025895783256,16
"59326",345,330,3.65729547737756,15
"59327",345,331,6.85353823405821,14
"59328",345,332,6.89479296084108,13
"59329",345,333,8.30477166210171,12
"59330",345,334,4.52209449446966,11
"59331",345,335,3.16145181611283,10
"59332",345,336,2.74907199637925,9
"59333",345,337,2.22748574419298,8
"59334",345,338,3.85299925118543,7
"59335",345,339,4.82388152403797,6
"59336",345,340,8.86065214531157,5
"59337",345,341,8.43981412950915,4
"59338",345,342,2.92898261489645,3
"59339",345,343,2.73826785518053,2
"59340",345,344,2.52099014927874,1
"59341",346,1,3.82920668110805,345
"59342",346,2,4.06142660795122,344
"59343",346,3,5.40996877783757,343
"59344",346,4,2.83195391765464,342
"59345",346,5,3.90508196928478,341
"59346",346,6,2.02259221224697,340
"59347",346,7,3.6166834895584,339
"59348",346,8,5.47033167724403,338
"59349",346,9,8.21002367294406,337
"59350",346,10,5.4618200199732,336
"59351",346,11,2.26657809890791,335
"59352",346,12,5.56555439804006,334
"59353",346,13,6.55690817257506,333
"59354",346,14,3.16800978768578,332
"59355",346,15,2.77850860585052,331
"59356",346,16,3.52252990463337,330
"59357",346,17,4.25453856057772,329
"59358",346,18,3.03943788242819,328
"59359",346,19,2.86231804451088,327
"59360",346,20,2.88255841571984,326
"59361",346,21,7.20249639787491,325
"59362",346,22,6.62824536514276,324
"59363",346,23,7.0020357149496,323
"59364",346,24,5.14359016400499,322
"59365",346,25,1.85888604363555,321
"59366",346,26,5.46838295791253,320
"59367",346,27,1.66461519476055,319
"59368",346,28,2.43297877439456,318
"59369",346,29,2.22555221673359,317
"59370",346,30,0.835282555556883,316
"59371",346,31,3.55194919659093,315
"59372",346,32,1.83402800059151,314
"59373",346,33,3.59576116392033,313
"59374",346,34,5.99399469629983,312
"59375",346,35,2.15234963214342,311
"59376",346,36,3.48869943611981,310
"59377",346,37,2.08967453886881,309
"59378",346,38,1.28302106617126,308
"59379",346,39,6.0542158672879,307
"59380",346,40,5.05165217443396,306
"59381",346,41,5.77437626519017,305
"59382",346,42,2.6995282444525,304
"59383",346,43,3.33301597245392,303
"59384",346,44,4.96073045188233,302
"59385",346,45,8.87034205898152,301
"59386",346,46,5.64383155392306,300
"59387",346,47,4.92987528025212,299
"59388",346,48,6.09799434953531,298
"59389",346,49,7.95300730549347,297
"59390",346,50,11.1749863164684,296
"59391",346,51,3.97304385373114,295
"59392",346,52,3.86771573210599,294
"59393",346,53,3.84084409137613,293
"59394",346,54,2.49963410036282,292
"59395",346,55,2.94870678240756,291
"59396",346,56,5.385879125867,290
"59397",346,57,2.70800252267608,289
"59398",346,58,2.3030722288561,288
"59399",346,59,6.63265991769195,287
"59400",346,60,3.0149729741644,286
"59401",346,61,5.55201367555594,285
"59402",346,62,5.72563367804736,284
"59403",346,63,2.48355142630712,283
"59404",346,64,5.1754643516905,282
"59405",346,65,7.21137530475092,281
"59406",346,66,4.98175574329446,280
"59407",346,67,2.99688450318826,279
"59408",346,68,3.03270865026527,278
"59409",346,69,9.14243637418414,277
"59410",346,70,2.9661130888194,276
"59411",346,71,3.54585389898097,275
"59412",346,72,5.61121050047237,274
"59413",346,73,3.22274009961866,273
"59414",346,74,2.52648301341611,272
"59415",346,75,4.24583660836953,271
"59416",346,76,4.84715008811273,270
"59417",346,77,7.72152649736242,269
"59418",346,78,9.41240324138166,268
"59419",346,79,4.18843467393541,267
"59420",346,80,5.8574880800454,266
"59421",346,81,5.4503571634652,265
"59422",346,82,4.55958346697644,264
"59423",346,83,3.26430466250086,263
"59424",346,84,3.60432739464395,262
"59425",346,85,3.98473292021563,261
"59426",346,86,3.11398432719376,260
"59427",346,87,4.63738863713649,259
"59428",346,88,4.928425494732,258
"59429",346,89,2.06826424264309,257
"59430",346,90,3.89359997756655,256
"59431",346,91,2.87866862414239,255
"59432",346,92,2.66107219975186,254
"59433",346,93,4.75671678669897,253
"59434",346,94,10.6798200796695,252
"59435",346,95,6.69225436793267,251
"59436",346,96,6.02694052445449,250
"59437",346,97,4.64754735452868,249
"59438",346,98,4.20359170750931,248
"59439",346,99,3.56253088645464,247
"59440",346,100,5.12008117888189,246
"59441",346,101,8.9470099994518,245
"59442",346,102,7.16907458600085,244
"59443",346,103,6.04501285608648,243
"59444",346,104,4.91260037231891,242
"59445",346,105,5.17293628310104,241
"59446",346,106,7.82886273429287,240
"59447",346,107,7.52612122670393,239
"59448",346,108,6.3040914605946,238
"59449",346,109,5.15537666676376,237
"59450",346,110,7.92963380051387,236
"59451",346,111,8.44219602787436,235
"59452",346,112,3.3444428468056,234
"59453",346,113,6.83200036296617,233
"59454",346,114,7.61845593459095,232
"59455",346,115,7.70378360393703,231
"59456",346,116,9.56836664311112,230
"59457",346,117,9.76014328719626,229
"59458",346,118,9.03588317758215,228
"59459",346,119,7.7722411055855,227
"59460",346,120,6.80220919845545,226
"59461",346,121,4.33444430067687,225
"59462",346,122,6.62523443049107,224
"59463",346,123,9.34963198345702,223
"59464",346,124,6.28805637384522,222
"59465",346,125,7.59167626202883,221
"59466",346,126,6.31012876375471,220
"59467",346,127,6.44031586953009,219
"59468",346,128,4.82856154349829,218
"59469",346,129,6.54754260637336,217
"59470",346,130,6.38755580163031,216
"59471",346,131,5.58668971148227,215
"59472",346,132,6.65541964079186,214
"59473",346,133,6.78844523614856,213
"59474",346,134,6.71635661952549,212
"59475",346,135,7.20676690337538,211
"59476",346,136,6.59284781644356,210
"59477",346,137,8.67319052748734,209
"59478",346,138,7.70020574822601,208
"59479",346,139,5.92364477740342,207
"59480",346,140,5.72778118451966,206
"59481",346,141,6.40308635352343,205
"59482",346,142,7.03626587376074,204
"59483",346,143,8.83944292731162,203
"59484",346,144,8.28448599211949,202
"59485",346,145,7.48793569743075,201
"59486",346,146,8.64802651254693,200
"59487",346,147,8.93761079220903,199
"59488",346,148,8.64241939054826,198
"59489",346,149,9.08813836943018,197
"59490",346,150,8.10012523173186,196
"59491",346,151,8.94050303983403,195
"59492",346,152,9.91981077910113,194
"59493",346,153,12.0766437358067,193
"59494",346,154,10.2272936218698,192
"59495",346,155,7.98492727138125,191
"59496",346,156,7.2606147998781,190
"59497",346,157,7.48493198234755,189
"59498",346,158,8.96193217359959,188
"59499",346,159,9.40372636197925,187
"59500",346,160,10.4734100334307,186
"59501",346,161,9.14095708222801,185
"59502",346,162,8.54480771579997,184
"59503",346,163,8.45035464787467,183
"59504",346,164,10.2205707595384,182
"59505",346,165,9.48785499116679,181
"59506",346,166,8.34018814643551,180
"59507",346,167,7.75523714853064,179
"59508",346,168,7.33897944448741,178
"59509",346,169,7.37178208365226,177
"59510",346,170,7.20421066224467,176
"59511",346,171,7.48137861737733,175
"59512",346,172,8.59770800449726,174
"59513",346,173,9.18911009178621,173
"59514",346,174,10.0265835049778,172
"59515",346,175,9.58346880740915,171
"59516",346,176,9.79077231271728,170
"59517",346,177,7.9919544639642,169
"59518",346,178,7.1758035153229,168
"59519",346,179,8.8026363042533,167
"59520",346,180,10.5743856433827,166
"59521",346,181,9.69377910089077,165
"59522",346,182,9.14234852431115,164
"59523",346,183,9.24850484268445,163
"59524",346,184,9.30836706169804,162
"59525",346,185,7.47836357323914,161
"59526",346,186,8.92950631658831,160
"59527",346,187,8.99332937967291,159
"59528",346,188,8.78074112527448,158
"59529",346,189,9.80079763187283,157
"59530",346,190,8.77338601189254,156
"59531",346,191,9.64266025549531,155
"59532",346,192,11.2487229427962,154
"59533",346,193,10.8648969296031,153
"59534",346,194,8.78746132268688,152
"59535",346,195,10.0969485580858,151
"59536",346,196,8.38093147928219,150
"59537",346,197,9.00155291001434,149
"59538",346,198,9.91084146393037,148
"59539",346,199,9.81993722518225,147
"59540",346,200,9.49131145750128,146
"59541",346,201,9.36831371441061,145
"59542",346,202,12.082114468605,144
"59543",346,203,11.6543377150835,143
"59544",346,204,11.5200437422362,142
"59545",346,205,11.5037999947549,141
"59546",346,206,8.94515145092848,140
"59547",346,207,10.236659881417,139
"59548",346,208,10.8332786778971,138
"59549",346,209,10.4303389581787,137
"59550",346,210,11.466954287941,136
"59551",346,211,10.8890789335659,135
"59552",346,212,10.7621726408082,134
"59553",346,213,9.71532880316955,133
"59554",346,214,10.8220540374905,132
"59555",346,215,8.30836133275486,131
"59556",346,216,9.33291806032159,130
"59557",346,217,8.71112917446115,129
"59558",346,218,9.9225438384742,128
"59559",346,219,10.2559057945933,127
"59560",346,220,9.89899839407129,126
"59561",346,221,9.88099282398723,125
"59562",346,222,10.8078466952464,124
"59563",346,223,9.75486796403831,123
"59564",346,224,9.34899556986723,122
"59565",346,225,8.99490210296893,121
"59566",346,226,9.34985851249189,120
"59567",346,227,8.31716384261138,119
"59568",346,228,9.54494254827044,118
"59569",346,229,8.72961871360911,117
"59570",346,230,9.28350732814291,116
"59571",346,231,7.78724276252754,115
"59572",346,232,7.28667353128667,114
"59573",346,233,10.2788779900106,113
"59574",346,234,10.6642188178387,112
"59575",346,235,8.49978083300116,111
"59576",346,236,9.31477387730354,110
"59577",346,237,9.26968365484763,109
"59578",346,238,7.79623961231943,108
"59579",346,239,11.7564411096956,107
"59580",346,240,10.5827047752065,106
"59581",346,241,8.03657123890151,105
"59582",346,242,7.39026741000656,104
"59583",346,243,6.80662258657156,103
"59584",346,244,7.3571627491481,102
"59585",346,245,7.31846305730467,101
"59586",346,246,8.34355961301398,100
"59587",346,247,9.3618328866012,99
"59588",346,248,9.06089728152262,98
"59589",346,249,9.45438510816897,97
"59590",346,250,6.96136562702546,96
"59591",346,251,8.55530036668144,95
"59592",346,252,7.80520079606197,94
"59593",346,253,7.73169020210304,93
"59594",346,254,6.98386788748509,92
"59595",346,255,6.37269407946298,91
"59596",346,256,7.22252553355773,90
"59597",346,257,7.86529743527429,89
"59598",346,258,7.99592539512473,88
"59599",346,259,5.2495164184428,87
"59600",346,260,5.6624880431776,86
"59601",346,261,5.57373225164071,85
"59602",346,262,5.88776945330788,84
"59603",346,263,7.00036636511825,83
"59604",346,264,6.95051236535009,82
"59605",346,265,7.45577915499447,81
"59606",346,266,6.69856381171183,80
"59607",346,267,6.7106419175999,79
"59608",346,268,6.71491534082266,78
"59609",346,269,7.47333973911447,77
"59610",346,270,7.56186945381638,76
"59611",346,271,7.72273005333087,75
"59612",346,272,7.02104795732312,74
"59613",346,273,6.89687931892115,73
"59614",346,274,6.06873828840714,72
"59615",346,275,4.2093727857817,71
"59616",346,276,3.02894724112954,70
"59617",346,277,5.71641817645445,69
"59618",346,278,6.19964065388936,68
"59619",346,279,5.00160907574056,67
"59620",346,280,4.78521848228894,66
"59621",346,281,4.75781642542156,65
"59622",346,282,4.89045250342319,64
"59623",346,283,5.54406029434373,63
"59624",346,284,6.86475351964085,62
"59625",346,285,8.38297221786509,61
"59626",346,286,7.54091821281493,60
"59627",346,287,7.00248230433845,59
"59628",346,288,7.85254801321585,58
"59629",346,289,8.2162052774456,57
"59630",346,290,6.34307523905165,56
"59631",346,291,5.30089502984276,55
"59632",346,292,8.1774806067086,54
"59633",346,293,8.38774987929131,53
"59634",346,294,5.42978926318772,52
"59635",346,295,3.41951753739965,51
"59636",346,296,3.64571140725752,50
"59637",346,297,4.72092183772857,49
"59638",346,298,5.09696964405071,48
"59639",346,299,5.04216312603684,47
"59640",346,300,6.02213727865371,46
"59641",346,301,3.59460060833026,45
"59642",346,302,5.91892373781407,44
"59643",346,303,2.69690942689272,43
"59644",346,304,2.30218621560765,42
"59645",346,305,3.27953008578911,41
"59646",346,306,2.69572293069003,40
"59647",346,307,3.57593860725327,39
"59648",346,308,5.40110803440248,38
"59649",346,309,3.60673736290092,37
"59650",346,310,2.43820805630876,36
"59651",346,311,2.99395609297065,35
"59652",346,312,2.93847722139137,34
"59653",346,313,3.07235056280154,33
"59654",346,314,4.43125491425336,32
"59655",346,315,5.42789818390345,31
"59656",346,316,4.28466742068823,30
"59657",346,317,7.11666200015727,29
"59658",346,318,8.24596034722031,28
"59659",346,319,6.10959699379922,27
"59660",346,320,5.92692562726734,26
"59661",346,321,4.72707470324227,25
"59662",346,322,3.1651009639585,24
"59663",346,323,4.19360849829452,23
"59664",346,324,5.00593118598329,22
"59665",346,325,5.6853317453872,21
"59666",346,326,5.37258877848538,20
"59667",346,327,6.97691772084591,19
"59668",346,328,3.98593747448026,18
"59669",346,329,2.60607564276651,17
"59670",346,330,2.17895625963214,16
"59671",346,331,5.37519901631279,15
"59672",346,332,5.41645374309566,14
"59673",346,333,6.82643244435629,13
"59674",346,334,3.81689578568055,12
"59675",346,335,3.64957867549542,11
"59676",346,336,1.87579926390398,10
"59677",346,337,1.52788053891214,9
"59678",346,338,2.37466003344002,8
"59679",346,339,3.26512363897301,7
"59680",346,340,7.38231292756615,6
"59681",346,341,6.96147491176373,5
"59682",346,342,3.14313348869428,4
"59683",346,343,1.25992863743512,3
"59684",346,344,3.37328773311858,2
"59685",346,345,1.55875788506495,1
"59686",347,1,2.82011277704055,346
"59687",347,2,3.05233270388372,345
"59688",347,3,4.41360314497201,344
"59689",347,4,1.84143726081336,343
"59690",347,5,2.90871633641922,342
"59691",347,6,2.35239977521311,341
"59692",347,7,2.62031785669284,340
"59693",347,8,4.47396604437847,339
"59694",347,9,7.2136580400785,338
"59695",347,10,4.46545438710763,337
"59696",347,11,2.83616000067896,336
"59697",347,12,4.69753008966124,335
"59698",347,13,5.56054253970949,334
"59699",347,14,2.5358522538622,333
"59700",347,15,1.78214297298496,332
"59701",347,16,2.52616427176781,331
"59702",347,17,3.25817292771216,330
"59703",347,18,3.12994645409245,329
"59704",347,19,1.94974409145132,328
"59705",347,20,1.88619278285428,327
"59706",347,21,6.20613076500934,326
"59707",347,22,5.63187973227719,325
"59708",347,23,6.00567008208403,324
"59709",347,24,4.14722453113942,323
"59710",347,25,1.50470601652767,322
"59711",347,26,5.5588915295768,321
"59712",347,27,2.44995957200319,320
"59713",347,28,2.97217965490572,319
"59714",347,29,2.05932435573678,318
"59715",347,30,2.65728564315938,317
"59716",347,31,2.74046498978014,316
"59717",347,32,3.92999610918883,315
"59718",347,33,3.6862697355846,314
"59719",347,34,4.99762906343426,313
"59720",347,35,1.48661170581425,312
"59721",347,36,3.57920800778408,311
"59722",347,37,0.330140294848839,310
"59723",347,38,2.27938669903683,309
"59724",347,39,5.05785023442233,308
"59725",347,40,4.05528654156839,307
"59726",347,41,4.7780106323246,306
"59727",347,42,2.53551935843334,305
"59728",347,43,2.33665033958835,304
"59729",347,44,2.864762343285,303
"59730",347,45,6.7743739503842,302
"59731",347,46,4.64746592105749,301
"59732",347,47,2.8339071716548,300
"59733",347,48,4.00202624093798,299
"59734",347,49,5.85703919689615,298
"59735",347,50,9.07901820787109,297
"59736",347,51,2.72315343055239,296
"59737",347,52,2.57981344900435,295
"59738",347,53,2.84447845851056,294
"59739",347,54,2.71114816291309,293
"59740",347,55,2.36417983514853,292
"59741",347,56,4.3767852217995,291
"59742",347,57,1.28532859367975,290
"59743",347,58,1.69200091667122,289
"59744",347,59,5.62356601362445,288
"59745",347,60,2.01860734129883,287
"59746",347,61,3.45604556695861,286
"59747",347,62,4.72926804518179,285
"59748",347,63,1.76171118076957,284
"59749",347,64,4.16637044762301,283
"59750",347,65,6.20228140068342,282
"59751",347,66,3.98539011042889,281
"59752",347,67,1.41853824653604,280
"59753",347,68,2.53997516156791,279
"59754",347,69,7.04646826558682,278
"59755",347,70,1.67105131789133,277
"59756",347,71,1.51150845042794,276
"59757",347,72,3.51524239187505,275
"59758",347,73,1.22103639260169,274
"59759",347,74,1.31326656906226,273
"59760",347,75,3.23674270430204,272
"59761",347,76,2.92486295263173,271
"59762",347,77,5.6255583887651,270
"59763",347,78,7.31643513278433,269
"59764",347,79,2.09246656533808,268
"59765",347,80,4.84839417597791,267
"59766",347,81,3.81938937175894,266
"59767",347,82,3.55048956290895,265
"59768",347,83,3.33217582297512,264
"59769",347,84,2.60796176177839,263
"59770",347,85,2.98836728735007,262
"59771",347,86,2.1176186943282,261
"59772",347,87,3.64102300427093,260
"59773",347,88,3.12493131720805,259
"59774",347,89,0.868852380939203,258
"59775",347,90,3.98410854923082,257
"59776",347,91,2.49802052774216,256
"59777",347,92,1.42228161195392,255
"59778",347,93,2.66074867810164,254
"59779",347,94,8.58385197107214,253
"59780",347,95,5.29659020938703,252
"59781",347,96,3.93097241585716,251
"59782",347,97,2.72526021904768,250
"59783",347,98,3.19449780344182,249
"59784",347,99,2.74766222703409,248
"59785",347,100,4.1109872748144,247
"59786",347,101,7.93791609538431,246
"59787",347,102,6.15998068193335,245
"59788",347,103,5.03591895201899,244
"59789",347,104,3.59306504163925,243
"59790",347,105,4.16384237903355,242
"59791",347,106,6.81976883022537,241
"59792",347,107,5.43015311810661,240
"59793",347,108,4.20812335199728,239
"59794",347,109,4.0790531532218,238
"59795",347,110,6.1586132863504,237
"59796",347,111,6.34622791927703,236
"59797",347,112,2.3353489427381,235
"59798",347,113,5.82290645889868,234
"59799",347,114,6.60936203052346,233
"59800",347,115,6.69468969986953,232
"59801",347,116,8.55927273904363,231
"59802",347,117,8.75104938312877,230
"59803",347,118,8.02678927351466,229
"59804",347,119,5.67627299698818,228
"59805",347,120,4.70624108985812,227
"59806",347,121,4.21482762520812,226
"59807",347,122,5.61614052642358,225
"59808",347,123,8.34053807938952,224
"59809",347,124,5.27896246977772,223
"59810",347,125,5.4957081534315,222
"59811",347,126,4.21416065515738,221
"59812",347,127,4.34434776093277,220
"59813",347,128,5.00730447738649,219
"59814",347,129,4.45157449777604,218
"59815",347,130,4.93871905255772,217
"59816",347,131,4.58561017397986,216
"59817",347,132,5.64632573672437,215
"59818",347,133,5.77935133208107,214
"59819",347,134,5.85292514615612,213
"59820",347,135,6.19767299930789,212
"59821",347,136,5.93956041050456,211
"59822",347,137,7.66409662341984,210
"59823",347,138,6.69111184415852,209
"59824",347,139,5.75567337717255,208
"59825",347,140,5.12282249219443,207
"59826",347,141,5.31776171499123,206
"59827",347,142,6.02717196969324,205
"59828",347,143,7.83034902324413,204
"59829",347,144,7.27539208805199,203
"59830",347,145,6.47884179336326,202
"59831",347,146,7.63893260847944,201
"59832",347,147,7.69882020441109,200
"59833",347,148,7.63332548648077,199
"59834",347,149,8.07904446536268,198
"59835",347,150,7.33358528592507,197
"59836",347,151,8.23208753391811,196
"59837",347,152,8.91071687503364,195
"59838",347,153,9.98067562720941,194
"59839",347,154,8.13132551327243,193
"59840",347,155,6.34176123306837,192
"59841",347,156,6.05334552332531,191
"59842",347,157,6.00863505381392,190
"59843",347,158,6.97241542864413,189
"59844",347,159,7.83624338228506,188
"59845",347,160,8.37744192483342,187
"59846",347,161,7.24667780205407,186
"59847",347,162,7.31721758094048,185
"59848",347,163,7.44126074380718,184
"59849",347,164,8.12460265094106,183
"59850",347,165,7.39188688256946,182
"59851",347,166,6.24422003783819,181
"59852",347,167,6.74614324446315,180
"59853",347,168,6.32988554041992,179
"59854",347,169,6.90702237425858,178
"59855",347,170,7.14183081602958,177
"59856",347,171,6.47228471330983,176
"59857",347,172,7.58861410042977,175
"59858",347,173,8.18001618771872,174
"59859",347,174,9.0174896009103,173
"59860",347,175,7.48750069881183,172
"59861",347,176,7.69480420411995,171
"59862",347,177,7.09293356513585,170
"59863",347,178,6.85601505911772,169
"59864",347,179,7.30053422798768,168
"59865",347,180,8.47841753478538,167
"59866",347,181,7.59781099229344,166
"59867",347,182,8.03329540599027,165
"59868",347,183,7.81550888295029,164
"59869",347,184,8.29927315763054,163
"59870",347,185,7.56318304537983,162
"59871",347,186,7.21089648948143,161
"59872",347,187,7.98423547560541,160
"59873",347,188,7.50833573273931,159
"59874",347,189,8.79170372780534,158
"59875",347,190,6.93513588825462,157
"59876",347,191,7.54669214689799,156
"59877",347,192,9.76902177240748,155
"59878",347,193,8.76892882100582,154
"59879",347,194,7.25174444168403,153
"59880",347,195,8.00098044948852,152
"59881",347,196,6.30177077305348,151
"59882",347,197,6.90558480141701,150
"59883",347,198,8.00536173081799,149
"59884",347,199,8.54753183264707,148
"59885",347,200,8.46651653800022,147
"59886",347,201,9.05457583888827,146
"59887",347,202,11.0730205645375,145
"59888",347,203,9.75215266161133,144
"59889",347,204,9.66673363649292,143
"59890",347,205,9.40783188615758,142
"59891",347,206,9.22989628419254,141
"59892",347,207,8.14069177281969,140
"59893",347,208,8.73731056929982,139
"59894",347,209,8.33437084958138,138
"59895",347,210,9.37098617934371,137
"59896",347,211,8.79311082496862,136
"59897",347,212,8.66620453221088,135
"59898",347,213,7.61936069457222,134
"59899",347,214,8.72608592889316,133
"59900",347,215,7.24919032586233,132
"59901",347,216,8.3238241562541,131
"59902",347,217,7.16419839459796,130
"59903",347,218,8.9134499344067,129
"59904",347,219,9.24681189052585,128
"59905",347,220,7.83103814078102,127
"59906",347,221,7.7850247153899,126
"59907",347,222,8.71187858664906,125
"59908",347,223,7.65889985544099,124
"59909",347,224,7.64134789482209,123
"59910",347,225,7.98580819890144,122
"59911",347,226,8.3407646084244,121
"59912",347,227,7.30806993854388,120
"59913",347,228,7.44897443967311,119
"59914",347,229,6.63365060501179,118
"59915",347,230,8.05591719328342,117
"59916",347,231,6.81045470469702,116
"59917",347,232,7.21613989273352,115
"59918",347,233,9.26978408594307,114
"59919",347,234,8.56825070924142,113
"59920",347,235,6.40381272440383,112
"59921",347,236,7.4204945971296,111
"59922",347,237,8.26058975078014,110
"59923",347,238,8.25905156488228,109
"59924",347,239,10.7473472056281,108
"59925",347,240,8.48673666660918,107
"59926",347,241,5.94060313030418,106
"59927",347,242,5.6985645688932,105
"59928",347,243,6.30537791278131,104
"59929",347,244,5.92229028235695,103
"59930",347,245,6.32552207635567,102
"59931",347,246,7.33446570894648,101
"59932",347,247,8.3527389825337,100
"59933",347,248,8.05180337745513,99
"59934",347,249,8.44529120410148,98
"59935",347,250,7.08451620123379,97
"59936",347,251,7.54620646261395,96
"59937",347,252,7.21673317178364,95
"59938",347,253,6.72259629803554,94
"59939",347,254,6.63795422146747,93
"59940",347,255,6.70673784217385,92
"59941",347,256,6.21343162949023,91
"59942",347,257,6.8562035312068,90
"59943",347,258,6.98683149105724,89
"59944",347,259,3.15915525927564,88
"59945",347,260,4.6533941391101,87
"59946",347,261,4.56463834757321,86
"59947",347,262,4.87867554924039,85
"59948",347,263,6.13683084715552,84
"59949",347,264,7.08970141362423,83
"59950",347,265,6.76987376903844,82
"59951",347,266,7.30692894814978,81
"59952",347,267,7.31857526897542,80
"59953",347,268,7.71128097368822,79
"59954",347,269,7.24067861296464,78
"59955",347,270,7.13487903842626,77
"59956",347,271,6.71363614926338,76
"59957",347,272,6.01195405325563,75
"59958",347,273,5.57405171928014,74
"59959",347,274,5.05964438433965,73
"59960",347,275,3.20027888171421,72
"59961",347,276,3.50780026887302,71
"59962",347,277,4.70732427238695,70
"59963",347,278,4.88242000367852,69
"59964",347,279,3.46577746303322,68
"59965",347,280,5.78158411515451,67
"59966",347,281,5.75418205828712,66
"59967",347,282,5.88681813628875,65
"59968",347,283,6.5404259272093,64
"59969",347,284,5.85565961557336,63
"59970",347,285,7.3738783137976,62
"59971",347,286,6.53182430874744,61
"59972",347,287,5.99338840027095,60
"59973",347,288,5.75657990461852,59
"59974",347,289,6.12023716884828,58
"59975",347,290,4.24710713045433,57
"59976",347,291,5.0841787376247,56
"59977",347,292,7.1683867026411,55
"59978",347,293,6.91365565833276,54
"59979",347,294,3.33382115459039,53
"59980",347,295,3.09568547091803,52
"59981",347,296,3.7040500031497,51
"59982",347,297,4.27777849921996,50
"59983",347,298,3.44360094646755,49
"59984",347,299,4.03306922196935,48
"59985",347,300,5.01304337458622,47
"59986",347,301,1.49863249973294,46
"59987",347,302,6.00943230947834,45
"59988",347,303,1.05474118224801,44
"59989",347,304,2.18267358473225,43
"59990",347,305,2.39994568930125,42
"59991",347,306,3.20719653956539,41
"59992",347,307,2.66394431993508,40
"59993",347,308,3.74213238738916,39
"59994",347,309,1.5107692543036,38
"59995",347,310,2.69054559985733,37
"59996",347,311,3.99032172583622,36
"59997",347,312,3.78950556291305,35
"59998",347,313,4.06871619566711,34
"59999",347,314,3.42216101018587,33
"60000",347,315,3.33193007530613,32
"60001",347,316,2.18869931209091,31
"60002",347,317,5.02069389155995,30
"60003",347,318,6.14999223862298,29
"60004",347,319,5.10050308973173,28
"60005",347,320,5.01461920616908,27
"60006",347,321,2.63110659464495,26
"60007",347,322,2.07900304968828,25
"60008",347,323,2.09764038969719,24
"60009",347,324,3.99683728191579,23
"60010",347,325,4.74116166757372,22
"60011",347,326,4.92944543997676,21
"60012",347,327,5.96782381677842,20
"60013",347,328,1.88996936588293,19
"60014",347,329,2.31629941115995,18
"60015",347,330,3.04602567633445,17
"60016",347,331,4.3661051122453,16
"60017",347,332,4.40735983902817,15
"60018",347,333,5.81733854028879,14
"60019",347,334,2.03466137265675,13
"60020",347,335,1.55361056689809,12
"60021",347,336,1.2967785338632,11
"60022",347,337,0.904485896725347,10
"60023",347,338,2.83758123282589,9
"60024",347,339,4.26148927183858,8
"60025",347,340,6.37321902349866,7
"60026",347,341,5.95238100769624,6
"60027",347,342,2.14676785582872,5
"60028",347,343,1.75514527859863,4
"60029",347,344,2.37692210025302,3
"60030",347,345,2.48743312181291,2
"60031",347,346,2.09596810859732,1
"60032",348,1,2.69800552261147,347
"60033",348,2,2.93022544945463,346
"60034",348,3,6.60598191465032,345
"60035",348,4,4.02796705446739,344
"60036",348,5,5.10109510609753,343
"60037",348,6,3.21860534905971,342
"60038",348,7,4.81269662637115,341
"60039",348,8,6.66634481405677,340
"60040",348,9,9.40603680975681,339
"60041",348,10,6.65783315678594,338
"60042",348,11,3.55782870050218,337
"60043",348,12,6.7615675348528,336
"60044",348,13,7.7529213093878,335
"60045",348,14,4.36402292449853,334
"60046",348,15,3.97452174266327,333
"60047",348,16,4.71854304144611,332
"60048",348,17,5.45055169739047,331
"60049",348,18,4.33068848402246,330
"60050",348,19,3.15048612138132,329
"60051",348,20,4.07857155253259,328
"60052",348,21,8.39850953468765,327
"60053",348,22,7.82425850195551,326
"60054",348,23,8.19804885176234,325
"60055",348,24,6.33960330081773,324
"60056",348,25,3.0548991804483,323
"60057",348,26,6.7596335595068,322
"60058",348,27,2.95586579635482,321
"60059",348,28,3.72422937598883,320
"60060",348,29,3.42156535354634,319
"60061",348,30,2.12653315715115,318
"60062",348,31,4.74796233340368,317
"60063",348,32,3.06046662386961,316
"60064",348,33,4.8870117655146,315
"60065",348,34,7.19000783311257,314
"60066",348,35,3.34836276895616,313
"60067",348,36,4.77995003771408,312
"60068",348,37,2.52251906452715,311
"60069",348,38,1.32030261999891,310
"60070",348,39,7.25022900410064,309
"60071",348,40,6.2476653112467,308
"60072",348,41,6.97038940200291,307
"60073",348,42,3.89554138126524,306
"60074",348,43,4.52902910926666,305
"60075",348,44,4.24066619602397,304
"60076",348,45,7.64390343570341,303
"60077",348,46,6.8398446907358,302
"60078",348,47,4.49101955617792,301
"60079",348,48,4.8715557262572,300
"60080",348,49,6.72656868221537,299
"60081",348,50,9.94854769319031,298
"60082",348,51,4.9155322002307,297
"60083",348,52,4.57050339025927,296
"60084",348,53,5.03685722818887,295
"60085",348,54,3.69564723717557,294
"60086",348,55,3.56492186507853,293
"60087",348,56,4.25467796737041,292
"60088",348,57,3.47770736335806,291
"60089",348,58,1.17187107035952,290
"60090",348,59,5.50145875919537,289
"60091",348,60,4.21098611097714,288
"60092",348,61,4.9755921450194,287
"60093",348,62,6.9216468148601,286
"60094",348,63,3.67956456311987,285
"60095",348,64,4.04426319319392,284
"60096",348,65,6.08017414625434,283
"60097",348,66,6.1777688801072,282
"60098",348,67,3.04844679233551,281
"60099",348,68,3.74071719149791,280
"60100",348,69,7.91599775090604,279
"60101",348,70,2.92527778127275,278
"60102",348,71,2.76761469474265,277
"60103",348,72,4.38477187719427,276
"60104",348,73,2.22239128794308,275
"60105",348,74,2.01733404078017,274
"60106",348,75,3.11463544987295,273
"60107",348,76,3.62071146483462,272
"60108",348,77,6.49508787408432,271
"60109",348,78,8.18596461810355,270
"60110",348,79,3.41019546969708,269
"60111",348,80,4.72628692154882,268
"60112",348,81,4.2239185401871,267
"60113",348,82,3.44341468671121,266
"60114",348,83,4.53291785290513,265
"60115",348,84,4.8003405314567,264
"60116",348,85,5.18074605702838,263
"60117",348,86,4.30999746400651,262
"60118",348,87,5.83340177394924,261
"60119",348,88,5.31731008688636,260
"60120",348,89,2.29929109459965,259
"60121",348,90,5.18485057916082,258
"60122",348,91,3.69876255767216,257
"60123",348,92,2.24222410911561,256
"60124",348,93,3.53027816342086,255
"60125",348,94,9.45338145639136,254
"60126",348,95,5.46581574465457,253
"60127",348,96,4.80050190117638,252
"60128",348,97,3.42110873125057,251
"60129",348,98,3.56575817782095,250
"60130",348,99,2.43132972795806,249
"60131",348,100,3.98888002038531,248
"60132",348,101,7.81580884095522,247
"60133",348,102,6.03787342750427,246
"60134",348,103,4.9138116975899,245
"60135",348,104,3.6861617490408,244
"60136",348,105,4.04173512460446,243
"60137",348,106,6.69766157579629,242
"60138",348,107,6.29968260342583,241
"60139",348,108,5.07765283731649,240
"60140",348,109,3.95694589879271,239
"60141",348,110,6.70319517723576,238
"60142",348,111,7.21575740459625,237
"60143",348,112,2.79634159852189,236
"60144",348,113,5.70079920446959,235
"60145",348,114,6.48725477609437,234
"60146",348,115,6.57258244544045,233
"60147",348,116,8.43716548461454,232
"60148",348,117,8.62894212869968,231
"60149",348,118,7.90468201908557,230
"60150",348,119,6.5458024823074,229
"60151",348,120,5.57577057517734,228
"60152",348,121,3.20324314218029,227
"60153",348,122,5.49403327199449,226
"60154",348,123,8.21843082496044,225
"60155",348,124,5.15685521534864,224
"60156",348,125,6.36523763875072,223
"60157",348,126,5.0836901404766,222
"60158",348,127,5.21387724625199,221
"60159",348,128,3.60212292022018,220
"60160",348,129,5.32110398309526,219
"60161",348,130,5.1611171783522,218
"60162",348,131,4.36025108820417,217
"60163",348,132,5.52421848229528,216
"60164",348,133,5.65724407765198,215
"60165",348,134,5.58515546102891,214
"60166",348,135,6.0755657448788,213
"60167",348,136,5.46164665794697,212
"60168",348,137,7.54198936899075,211
"60169",348,138,6.56900458972943,210
"60170",348,139,4.79244361890683,209
"60171",348,140,4.59658002602308,208
"60172",348,141,5.17664773024533,207
"60173",348,142,5.90506471526415,206
"60174",348,143,7.70824176881504,205
"60175",348,144,7.1532848336229,204
"60176",348,145,6.35673453893417,203
"60177",348,146,7.51682535405035,202
"60178",348,147,7.71117216893092,201
"60179",348,148,7.51121823205168,200
"60180",348,149,7.9569372109336,199
"60181",348,150,6.96892407323527,198
"60182",348,151,7.71406441655592,197
"60183",348,152,8.78860962060455,196
"60184",348,153,10.8502051125286,195
"60185",348,154,9.00085499859165,194
"60186",348,155,6.75848864810314,193
"60187",348,156,6.03417617659999,192
"60188",348,157,6.25849335906944,191
"60189",348,158,7.73549355032148,190
"60190",348,159,8.17728773870114,189
"60191",348,160,9.24697141015264,188
"60192",348,161,7.9145184589499,187
"60193",348,162,7.31836909252186,186
"60194",348,163,7.31915348937809,185
"60195",348,164,8.99413213626028,184
"60196",348,165,8.26141636788868,183
"60197",348,166,7.11374952315741,182
"60198",348,167,6.62403599003406,181
"60199",348,168,6.20777828599083,180
"60200",348,169,6.23498742164741,179
"60201",348,170,6.01699379313396,178
"60202",348,171,6.35017745888075,177
"60203",348,172,7.46650684600068,176
"60204",348,173,8.05790893328963,175
"60205",348,174,8.89538234648121,174
"60206",348,175,8.35703018413105,173
"60207",348,176,8.56433368943917,172
"60208",348,177,6.7655158406861,171
"60209",348,178,5.94936489204479,170
"60210",348,179,7.57619768097519,169
"60211",348,180,9.34794702010459,168
"60212",348,181,8.46734047761266,167
"60213",348,182,7.91590990103304,166
"60214",348,183,8.02206621940634,165
"60215",348,184,8.17716590320146,164
"60216",348,185,6.25192494996103,163
"60217",348,186,7.7030676933102,162
"60218",348,187,7.86212822117632,161
"60219",348,188,7.55430250199638,160
"60220",348,189,8.66959647337625,159
"60221",348,190,7.54694738861444,158
"60222",348,191,8.41622163221721,157
"60223",348,192,10.0222843195181,156
"60224",348,193,9.63845830632504,155
"60225",348,194,7.56102269940877,154
"60226",348,195,8.87050993480774,153
"60227",348,196,7.15449285600409,152
"60228",348,197,7.77511428673623,151
"60229",348,198,8.68440284065227,150
"60230",348,199,8.59349860190414,149
"60231",348,200,8.26487283422318,148
"60232",348,201,8.23711255591402,147
"60233",348,202,10.9509133101084,146
"60234",348,203,10.4278990918054,145
"60235",348,204,10.2936051189581,144
"60236",348,205,10.2773613714768,143
"60237",348,206,7.8139502924319,142
"60238",348,207,9.01022125813891,141
"60239",348,208,9.60684005461904,140
"60240",348,209,9.2039003349006,139
"60241",348,210,10.2405156646629,138
"60242",348,211,9.66264031028784,137
"60243",348,212,9.53573401753011,136
"60244",348,213,8.48889017989145,135
"60245",348,214,9.59561541421238,134
"60246",348,215,7.08192270947676,133
"60247",348,216,8.20171690182501,132
"60248",348,217,7.48469055118304,131
"60249",348,218,8.79134267997762,130
"60250",348,219,9.12470463609676,129
"60251",348,220,8.67255977079318,128
"60252",348,221,8.65455420070912,127
"60253",348,222,9.58140807196828,126
"60254",348,223,8.52842934076021,125
"60255",348,224,8.12255694658912,124
"60256",348,225,7.86370094447235,123
"60257",348,226,8.21865735399531,122
"60258",348,227,7.1859626841148,121
"60259",348,228,8.31850392499233,120
"60260",348,229,7.50318009033101,119
"60261",348,230,8.0570687048648,118
"60262",348,231,6.65604160403096,117
"60263",348,232,6.15547237279009,116
"60264",348,233,9.14767683151399,115
"60265",348,234,9.43778019456063,114
"60266",348,235,7.27334220972306,113
"60267",348,236,8.08833525402543,112
"60268",348,237,8.13848249635105,111
"60269",348,238,6.66503845382285,110
"60270",348,239,10.625239951199,109
"60271",348,240,9.3562661519284,108
"60272",348,241,6.8101326156234,107
"60273",348,242,6.16382878672846,106
"60274",348,243,5.58018396329345,105
"60275",348,244,6.13072412587,104
"60276",348,245,6.18726189880809,103
"60277",348,246,7.2123584545174,102
"60278",348,247,8.23063172810462,101
"60279",348,248,7.92969612302604,100
"60280",348,249,8.32318394967239,99
"60281",348,250,5.83016446852888,98
"60282",348,251,7.42409920818486,97
"60283",348,252,6.67399963756539,96
"60284",348,253,6.60048904360645,95
"60285",348,254,5.8526667289885,94
"60286",348,255,5.24149292096639,93
"60287",348,256,6.09132437506114,92
"60288",348,257,6.73409627677771,91
"60289",348,258,6.86472423662815,90
"60290",348,259,4.02307779516469,89
"60291",348,260,4.53128688468101,88
"60292",348,261,4.44253109314413,87
"60293",348,262,4.7565682948113,86
"60294",348,263,5.86916520662167,85
"60295",348,264,5.81931120685351,84
"60296",348,265,6.32457799649789,83
"60297",348,266,5.56736265321525,82
"60298",348,267,5.57944075910332,81
"60299",348,268,5.51890220400991,80
"60300",348,269,6.34213858061789,79
"60301",348,270,6.4306682953198,78
"60302",348,271,6.59152889483429,77
"60303",348,272,5.88984679882654,76
"60304",348,273,5.67044069564305,75
"60305",348,274,4.93753712991056,74
"60306",348,275,3.07817162728512,73
"60307",348,276,1.89774608263296,72
"60308",348,277,4.58521701795786,71
"60309",348,278,4.97320203061126,70
"60310",348,279,3.77517045246246,69
"60311",348,280,3.5892053454762,68
"60312",348,281,3.56180328860881,67
"60313",348,282,3.75925134492661,66
"60314",348,283,4.34804715753099,65
"60315",348,284,5.73355236114427,64
"60316",348,285,7.25177105936851,63
"60317",348,286,6.40971705431835,62
"60318",348,287,5.87128114584186,61
"60319",348,288,6.62610938993774,60
"60320",348,289,6.9897666541675,59
"60321",348,290,5.11663661577354,58
"60322",348,291,4.16969387134618,57
"60323",348,292,7.04627944821201,56
"60324",348,293,7.16131125601321,55
"60325",348,294,4.20335063990961,54
"60326",348,295,2.19307891412155,53
"60327",348,296,2.51451024876094,52
"60328",348,297,3.58972067923199,51
"60329",348,298,3.8705310207726,50
"60330",348,299,3.91096196754026,49
"60331",348,300,4.89093612015713,48
"60332",348,301,3.06292083711589,47
"60333",348,302,7.21017433940834,46
"60334",348,303,2.07578167457121,45
"60335",348,304,1.17098505711107,44
"60336",348,305,2.14832892729253,43
"60337",348,306,1.56452177219345,42
"60338",348,307,2.44473744875669,41
"60339",348,308,4.17466941112438,40
"60340",348,309,2.89587732917477,39
"60341",348,310,1.30700689781218,38
"60342",348,311,1.79794295615791,37
"60343",348,312,1.80727606289479,36
"60344",348,313,1.90852622205825,35
"60345",348,314,3.30005375575678,34
"60346",348,315,5.32249117128265,33
"60347",348,316,3.05822879741013,32
"60348",348,317,5.89022337687917,31
"60349",348,318,7.0195217239422,30
"60350",348,319,4.97839583530264,29
"60351",348,320,4.79572446877076,28
"60352",348,321,4.03870993055736,27
"60353",348,322,4.27138181936659,26
"60354",348,323,3.46039535367587,25
"60355",348,324,3.87473002748671,24
"60356",348,325,4.55413058689061,23
"60357",348,326,4.2413876199888,22
"60358",348,327,5.84571656234933,21
"60359",348,328,2.75949885120215,20
"60360",348,329,1.3796370194884,19
"60361",348,330,1.04775510113556,18
"60362",348,331,4.24399785781621,17
"60363",348,332,4.28525258459908,16
"60364",348,333,5.6952312858597,15
"60365",348,334,3.55498145927516,14
"60366",348,335,3.58905557234554,13
"60367",348,336,0.895600235815114,12
"60368",348,337,1.28789287295296,11
"60369",348,338,1.24345887494343,10
"60370",348,339,2.10162443758396,9
"60371",348,340,6.25111176906957,8
"60372",348,341,5.83027375326715,7
"60373",348,342,4.33914662550703,6
"60374",348,343,0.868619003233512,5
"60375",348,344,4.56930086993133,4
"60376",348,345,2.7547710218777,3
"60377",348,346,1.29125060159427,2
"60378",348,347,2.19237876967831,1
"60379",349,1,3.41722695128232,348
"60380",349,2,1.70937088016229,347
"60381",349,3,5.53979991142936,346
"60382",349,4,5.25110425000246,345
"60383",349,5,5.63223171122316,344
"60384",349,6,6.28153187552739,343
"60385",349,7,5.81655984140887,342
"60386",349,8,5.11908662230693,341
"60387",349,9,7.82657681636335,340
"60388",349,10,6.24302233026898,339
"60389",349,11,6.17142606866154,338
"60390",349,12,5.18210754145934,337
"60391",349,13,6.17346131599435,336
"60392",349,14,6.46498435417648,335
"60393",349,15,5.2583429472731,334
"60394",349,16,5.20980455616814,333
"60395",349,17,5.7965669597878,332
"60396",349,18,6.30329312366507,331
"60397",349,19,3.52231266994826,330
"60398",349,20,4.37550377801432,329
"60399",349,21,6.81904954129419,328
"60400",349,22,8.74374155178167,327
"60401",349,23,7.17631990105265,326
"60402",349,24,7.61387841398717,325
"60403",349,25,5.07137640032134,324
"60404",349,26,5.57794427352994,323
"60405",349,27,5.78522563998577,322
"60406",349,28,6.30744572288829,321
"60407",349,29,5.26934674446732,320
"60408",349,30,5.99255171114196,319
"60409",349,31,5.27150368321434,318
"60410",349,32,7.26526217717141,317
"60411",349,33,3.80244810743538,316
"60412",349,34,5.61054783971911,315
"60413",349,35,5.41574380612853,314
"60414",349,36,6.38049121151635,313
"60415",349,37,4.22675845973944,312
"60416",349,38,5.52509817330071,311
"60417",349,39,5.67076901070718,310
"60418",349,40,6.72836629974312,309
"60419",349,41,6.59022542507343,308
"60420",349,42,6.46465145874762,307
"60421",349,43,4.6318401346948,306
"60422",349,44,2.84742001358906,305
"60423",349,45,3.9326176613586,304
"60424",349,46,5.26038469734234,303
"60425",349,47,3.33426673444075,302
"60426",349,48,1.65357111863849,301
"60427",349,49,2.60284987828608,300
"60428",349,50,6.48410565216697,299
"60429",349,51,4.50155373046059,298
"60430",349,52,2.99104339686581,297
"60431",349,53,5.33953791745351,296
"60432",349,54,6.64028026322737,295
"60433",349,55,2.83962418785689,294
"60434",349,56,2.64302001893222,293
"60435",349,57,4.01740163628721,292
"60436",349,58,3.25142071373428,291
"60437",349,59,2.1251133265153,290
"60438",349,60,3.97414356139527,289
"60439",349,61,3.39613215162594,288
"60440",349,62,6.44214626242417,287
"60441",349,63,3.78292182266313,286
"60442",349,64,1.84687954639959,285
"60443",349,65,3.90734294804947,284
"60444",349,66,4.59830888671374,283
"60445",349,67,5.3028219749166,282
"60446",349,68,3.80475382177005,281
"60447",349,69,4.81575775271393,280
"60448",349,70,2.46512108776051,279
"60449",349,71,2.41762364988635,278
"60450",349,72,1.32236599440094,277
"60451",349,73,4.05340902015942,276
"60452",349,74,2.90475116316379,275
"60453",349,75,2.60648360735964,274
"60454",349,76,1.00426914768256,273
"60455",349,77,3.25335508803215,272
"60456",349,78,3.98116906480175,271
"60457",349,79,3.39975395525744,270
"60458",349,80,1.00817699371291,269
"60459",349,81,1.11918647243618,268
"60460",349,82,3.14040800277243,267
"60461",349,83,3.9821289698895,266
"60462",349,84,4.19153856062784,265
"60463",349,85,5.12218391816168,264
"60464",349,86,4.90876305481341,263
"60465",349,87,5.70635228150608,262
"60466",349,88,4.80550368821345,261
"60467",349,89,3.36296993393681,260
"60468",349,90,5.31401912487369,259
"60469",349,91,2.75986133029106,258
"60470",349,92,2.77016197682804,257
"60471",349,93,2.7474348306508,256
"60472",349,94,5.24858590308956,255
"60473",349,95,1.86096788802972,254
"60474",349,96,1.60046985890576,253
"60475",349,97,1.96647189182598,252
"60476",349,98,3.45182653115799,251
"60477",349,99,4.64753163037697,250
"60478",349,100,3.3363571893063,249
"60479",349,101,4.00878399507002,248
"60480",349,102,2.23084858161907,247
"60481",349,103,1.56003111151091,246
"60482",349,104,3.5740122976861,245
"60483",349,105,1.3185167965583,244
"60484",349,106,2.89063672991109,243
"60485",349,107,2.09488705012403,242
"60486",349,108,3.59037200672652,241
"60487",349,109,3.0129941617241,240
"60488",349,110,3.17773278510233,239
"60489",349,111,3.01096185129445,238
"60490",349,112,2.87673924109923,237
"60491",349,113,2.86443238114899,236
"60492",349,114,4.65361772124031,235
"60493",349,115,4.91691366752148,234
"60494",349,116,4.63014063872934,233
"60495",349,117,4.82191728281448,232
"60496",349,118,4.09765717320037,231
"60497",349,119,3.06877284838109,230
"60498",349,120,2.22848454916572,229
"60499",349,121,3.60190884892326,228
"60500",349,122,3.88723944180441,227
"60501",349,123,4.41140597907524,226
"60502",349,124,1.61945366412367,225
"60503",349,125,2.16044208544893,224
"60504",349,126,1.91403424647167,223
"60505",349,127,3.80767316503452,222
"60506",349,128,4.42800050583887,221
"60507",349,129,3.51042654520711,220
"60508",349,130,4.91966630860458,219
"60509",349,131,3.98949880006363,218
"60510",349,132,3.7558173874753,217
"60511",349,133,4.14744581961784,216
"60512",349,134,5.24000636987127,215
"60513",349,135,5.26146166031822,214
"60514",349,136,5.32664163421971,213
"60515",349,137,3.73496452310556,212
"60516",349,138,4.49302166580136,211
"60517",349,139,5.1427546008877,210
"60518",349,140,4.50990371590958,209
"60519",349,141,4.80568735291808,208
"60520",349,142,5.2202620490965,207
"60521",349,143,4.79079819612194,206
"60522",349,144,4.93163947899672,205
"60523",349,145,5.51001247435655,204
"60524",349,146,5.48896305454934,203
"60525",349,147,4.4814311560955,202
"60526",349,148,4.69131646562964,201
"60527",349,149,5.55721953477896,200
"60528",349,150,6.72066650964022,199
"60529",349,151,7.61916875763326,198
"60530",349,152,6.56696426597836,197
"60531",349,153,6.64540955922684,196
"60532",349,154,5.18417178965533,195
"60533",349,155,6.32270848911523,194
"60534",349,156,5.44042674704046,193
"60535",349,157,5.85512309091186,192
"60536",349,158,5.61767647284701,191
"60537",349,159,7.38580512617808,190
"60538",349,160,8.11562713343286,189
"60539",349,161,7.02583218508419,188
"60540",349,162,6.33233938340864,187
"60541",349,163,6.22964336620471,186
"60542",349,164,4.78933658295848,185
"60543",349,165,4.05662081458688,184
"60544",349,166,5.51345025303469,183
"60545",349,167,4.41854355852636,182
"60546",349,168,5.65248512740281,181
"60547",349,169,6.29410359797373,180
"60548",349,170,6.52891203974473,179
"60549",349,171,5.47114954806615,178
"60550",349,172,6.18300557851541,177
"60551",349,173,6.74223187530908,176
"60552",349,174,5.84887145573024,175
"60553",349,175,5.34918964394272,174
"60554",349,176,5.88043599066413,173
"60555",349,177,7.07388082118271,172
"60556",349,178,6.24309628283287,171
"60557",349,179,6.59051583495353,170
"60558",349,180,5.30496682061941,169
"60559",349,181,6.41444722639222,168
"60560",349,182,8.01424266203713,167
"60561",349,183,7.79645613899715,166
"60562",349,184,5.38936189382968,165
"60563",349,185,6.95026426909498,164
"60564",349,186,7.18623679609812,163
"60565",349,187,7.12855465187314,162
"60566",349,188,6.41030903993304,161
"60567",349,189,5.97878803616042,160
"60568",349,190,5.94664811849172,159
"60569",349,191,6.41121490508877,158
"60570",349,192,5.83988967209319,157
"60571",349,193,7.196906476624,156
"60572",349,194,6.52722022896005,155
"60573",349,195,5.3777695672847,154
"60574",349,196,5.1660812415159,153
"60575",349,197,5.12318428926976,152
"60576",349,198,5.07809779948138,151
"60577",349,199,5.97717009926287,150
"60578",349,200,7.85359776171537,149
"60579",349,201,8.44165706260341,148
"60580",349,202,8.34094752193004,147
"60581",349,203,9.73309991765819,146
"60582",349,204,9.64768089253978,145
"60583",349,205,8.64431406559534,144
"60584",349,206,8.61697750790769,143
"60585",349,207,6.56856538384451,142
"60586",349,208,7.60204141667731,141
"60587",349,209,7.3287412602802,140
"60588",349,210,8.47827098498191,139
"60589",349,211,8.04608407245328,138
"60590",349,212,8.01604329610979,137
"60591",349,213,7.17978571542328,136
"60592",349,214,7.00850519840657,135
"60593",349,215,6.63627154957748,134
"60594",349,216,6.23867438398467,133
"60595",349,217,5.44782016733939,132
"60596",349,218,6.01935344879592,131
"60597",349,219,7.04885176791039,130
"60598",349,220,6.44115200852252,129
"60599",349,221,7.49100812234572,128
"60600",349,222,7.13975219767388,127
"60601",349,223,7.00918080886166,126
"60602",349,224,7.62229515086895,125
"60603",349,225,5.52859496079167,124
"60604",349,226,5.5927727430335,123
"60605",349,227,4.91588457128149,122
"60606",349,228,4.93859991896366,121
"60607",349,229,6.53352111168614,120
"60608",349,230,5.03285743420812,119
"60609",349,231,6.19753592841217,118
"60610",349,232,6.60322111644867,117
"60611",349,233,5.84235501479046,116
"60612",349,234,5.23298464125884,115
"60613",349,235,6.2231527158208,114
"60614",349,236,4.27199019001752,113
"60615",349,237,5.81952943578885,112
"60616",349,238,7.64613278859743,111
"60617",349,239,6.81821510531383,110
"60618",349,240,5.1514705986266,109
"60619",349,241,5.42018550211777,108
"60620",349,242,5.67951182494006,107
"60621",349,243,6.1798738051863,106
"60622",349,244,5.27696161524177,105
"60623",349,245,5.71260330007082,104
"60624",349,246,5.55689776578514,103
"60625",349,247,6.02524334119027,102
"60626",349,248,5.56228429310838,101
"60627",349,249,4.5161591037872,100
"60628",349,250,6.47159742494895,99
"60629",349,251,5.57555776533257,98
"60630",349,252,6.60381439549879,97
"60631",349,253,5.77002394674068,96
"60632",349,254,6.02503544518262,95
"60633",349,255,6.093819065889,94
"60634",349,256,5.56789487318834,93
"60635",349,257,5.54748653685503,92
"60636",349,258,3.05769939074295,91
"60637",349,259,2.51977409719792,90
"60638",349,260,2.76267770067432,89
"60639",349,261,2.96503868134697,88
"60640",349,262,3.97464000074601,87
"60641",349,263,5.52391207087067,86
"60642",349,264,6.47678263733938,85
"60643",349,265,6.15695499275358,84
"60644",349,266,6.69401017186493,83
"60645",349,267,6.70565649269057,82
"60646",349,268,7.09836219740337,81
"60647",349,269,6.62775983667979,80
"60648",349,270,6.52196026214141,79
"60649",349,271,5.89057330554815,78
"60650",349,272,4.5580168177275,77
"60651",349,273,3.24634798875,76
"60652",349,274,1.13051228402536,75
"60653",349,275,2.84658591704562,74
"60654",349,276,3.61241990599067,73
"60655",349,277,2.3957734649753,72
"60656",349,278,3.31489208335419,71
"60657",349,279,3.03214660929486,70
"60658",349,280,5.16866533886966,69
"60659",349,281,5.14126328200227,68
"60660",349,282,5.2738993600039,67
"60661",349,283,5.92750715092444,66
"60662",349,284,5.17792105762784,65
"60663",349,285,3.96215997624171,64
"60664",349,286,5.88672974196731,63
"60665",349,287,3.21288259945637,62
"60666",349,288,2.68035886294355,61
"60667",349,289,2.7849711008657,60
"60668",349,290,3.32211210100389,59
"60669",349,291,4.47125996133985,58
"60670",349,292,3.8818079997439,57
"60671",349,293,2.98452355801847,56
"60672",349,294,1.21187111202649,55
"60673",349,295,2.54999630410764,54
"60674",349,296,3.09113122686485,53
"60675",349,297,3.66485972293511,52
"60676",349,298,2.30284973066693,51
"60677",349,299,3.20966823332571,50
"60678",349,300,2.91194876838501,49
"60679",349,301,2.48652875711736,48
"60680",349,302,6.02848505343148,47
"60681",349,303,2.87439091806627,46
"60682",349,304,3.56604042255625,45
"60683",349,305,2.32538506390711,44
"60684",349,306,3.37979948532743,43
"60685",349,307,2.27548062854202,42
"60686",349,308,0.284203374267783,41
"60687",349,309,3.37077783159159,40
"60688",349,310,3.85020364107052,39
"60689",349,311,3.78132259725246,38
"60690",349,312,3.1765867866282,37
"60691",349,313,3.56802496182815,36
"60692",349,314,2.91602313234869,35
"60693",349,315,3.74303117788919,34
"60694",349,316,2.23904790985167,33
"60695",349,317,1.68542782357737,32
"60696",349,318,2.81472617064041,31
"60697",349,319,2.95076763613668,30
"60698",349,320,4.40170042988423,29
"60699",349,321,2.4592499371639,28
"60700",349,322,5.28026518603373,27
"60701",349,323,3.01361682585034,26
"60702",349,324,2.20301237104261,25
"60703",349,325,4.12824289128887,24
"60704",349,326,4.31652666369191,23
"60705",349,327,2.03869171646413,22
"60706",349,328,2.58820006316549,21
"60707",349,329,2.82515853381339,20
"60708",349,330,3.39795103475703,19
"60709",349,331,1.9739197449829,18
"60710",349,332,3.75355153755449,17
"60711",349,333,2.14701736594706,16
"60712",349,334,1.97552146588171,15
"60713",349,335,3.25511340601437,14
"60714",349,336,3.66749322574795,13
"60715",349,337,4.18907947793422,12
"60716",349,338,4.46839594210358,11
"60717",349,339,4.29933387657629,10
"60718",349,340,3.36641623213521,9
"60719",349,341,2.49794232977559,8
"60720",349,342,3.48758260723075,7
"60721",349,343,4.50745358651709,6
"60722",349,344,3.89557507284845,5
"60723",349,345,6.4165652221272,4
"60724",349,346,5.4312341765799,3
"60725",349,347,3.92913210031429,2
"60726",349,348,4.2047955533018,1
"60727",350,1,3.42305629740151,349
"60728",350,2,1.58015758495964,348
"60729",350,3,3.61219456278486,347
"60730",350,4,4.53387389849237,346
"60731",350,5,3.70462636257866,345
"60732",350,6,4.59385555717535,344
"60733",350,7,3.88895449276436,343
"60734",350,8,3.82970548649526,342
"60735",350,9,6.09319671236579,341
"60736",350,10,4.31541698162448,340
"60737",350,11,6.04221277345888,339
"60738",350,12,4.78159478305867,338
"60739",350,13,4.44008121199678,337
"60740",350,14,5.04037749769801,336
"60741",350,15,3.3307375986286,335
"60742",350,16,3.28219920752364,334
"60743",350,17,4.36757673277159,333
"60744",350,18,6.17407982846241,332
"60745",350,19,3.39309937474561,331
"60746",350,20,2.95771400393655,330
"60747",350,21,5.08566943729664,329
"60748",350,22,6.81613620313717,328
"60749",350,23,5.24871455240815,327
"60750",350,24,5.68627306534267,326
"60751",350,25,4.71075878930759,325
"60752",350,26,5.64295622297422,324
"60753",350,27,5.65601234478312,323
"60754",350,28,6.17823242768564,322
"60755",350,29,5.14013344926466,321
"60756",350,30,5.86333841593931,320
"60757",350,31,4.73330578173475,319
"60758",350,32,7.13604888196876,318
"60759",350,33,3.77033442898202,317
"60760",350,34,3.87716773572155,316
"60761",350,35,4.6283526341709,315
"60762",350,36,6.2512779163137,314
"60763",350,37,3.21234634250844,313
"60764",350,38,5.39588487809805,312
"60765",350,39,4.44161097776809,311
"60766",350,40,4.80076095109862,310
"60767",350,41,4.66262007642893,309
"60768",350,42,4.61700900761205,308
"60769",350,43,3.29249386895184,307
"60770",350,44,0.927826098632952,306
"60771",350,45,3.56832117760427,305
"60772",350,46,3.52700459334478,304
"60773",350,47,1.40666138579625,303
"60774",350,48,1.6501818292385,302
"60775",350,49,2.86948265490822,301
"60776",350,50,5.87296543509117,300
"60777",350,51,2.57394838181609,299
"60778",350,52,2.66387814240177,298
"60779",350,53,4.45212253251977,297
"60780",350,54,4.71267491458287,296
"60781",350,55,2.71041089265424,295
"60782",350,56,2.70803196837651,294
"60783",350,57,2.59401835870117,293
"60784",350,58,3.12220741853163,292
"60785",350,59,3.62203926195467,291
"60786",350,60,2.51153852964183,290
"60787",350,61,1.66275204762838,289
"60788",350,62,4.51454091377967,288
"60789",350,63,3.33436788245678,287
"60790",350,64,2.39124473109544,286
"60791",350,65,4.20075464901364,285
"60792",350,66,3.54915141018157,284
"60793",350,67,3.3752166262721,283
"60794",350,68,3.6755405265674,282
"60795",350,69,3.84041549280689,281
"60796",350,70,2.33590779255785,280
"60797",350,71,1.75616698239628,279
"60798",350,72,0.671879916287949,278
"60799",350,73,2.12580367151492,277
"60800",350,74,2.77553786796113,276
"60801",350,75,2.72976451389166,275
"60802",350,76,2.24980072165505,274
"60803",350,77,3.52180200158119,273
"60804",350,78,4.11038236000441,272
"60805",350,79,1.47214860661294,271
"60806",350,80,2.84686742430812,270
"60807",350,81,2.72370086099309,269
"60808",350,82,3.01119470756978,268
"60809",350,83,3.85291567468685,267
"60810",350,84,2.26393321198334,266
"60811",350,85,3.19457856951718,265
"60812",350,86,2.98115770616891,264
"60813",350,87,3.77874693286158,263
"60814",350,88,2.87789833956895,262
"60815",350,89,3.23375663873416,261
"60816",350,90,5.18480582967104,260
"60817",350,91,2.63064803508841,259
"60818",350,92,2.64094868162539,258
"60819",350,93,1.49298151145853,257
"60820",350,94,5.37779919829222,256
"60821",350,95,3.29506345771724,255
"60822",350,96,0.724919643077238,254
"60823",350,97,3.27966693660815,253
"60824",350,98,3.32261323595534,252
"60825",350,99,4.51831833517432,251
"60826",350,100,5.06973729330386,250
"60827",350,101,5.93638934371452,249
"60828",350,102,4.15845393026357,248
"60829",350,103,3.29341121550847,247
"60830",350,104,4.04683722403751,246
"60831",350,105,3.05189690055586,245
"60832",350,106,4.81824207855559,244
"60833",350,107,2.22410034532668,243
"60834",350,108,4.09120478838498,242
"60835",350,109,4.74637426572166,241
"60836",350,110,4.64219445120204,240
"60837",350,111,3.14017514649711,239
"60838",350,112,2.74752594589657,238
"60839",350,113,4.59781248514656,237
"60840",350,114,6.38699782523787,236
"60841",350,115,6.65029377151904,235
"60842",350,116,6.55774598737384,234
"60843",350,117,6.74952263145898,233
"60844",350,118,6.02526252184487,232
"60845",350,119,3.0037608989368,231
"60846",350,120,2.20268090796693,230
"60847",350,121,5.33528895292083,229
"60848",350,122,5.62061954580197,228
"60849",350,123,6.33901132771974,227
"60850",350,124,3.27743571810794,226
"60851",350,125,2.28965538065158,225
"60852",350,126,3.05354831813752,224
"60853",350,127,4.29169854432437,223
"60854",350,128,6.1277658050992,222
"60855",350,129,4.63313321450435,221
"60856",350,130,4.8546543591603,220
"60857",350,131,5.70607150169257,219
"60858",350,132,5.48919749147286,218
"60859",350,133,5.8808259236154,217
"60860",350,134,6.97338647386883,216
"60861",350,135,6.99484176431578,215
"60862",350,136,7.06002173821727,214
"60863",350,137,5.66256987175006,213
"60864",350,138,6.22640176979892,212
"60865",350,139,6.87613470488526,211
"60866",350,140,6.24328381990714,210
"60867",350,141,6.43822304270395,209
"60868",350,142,6.95364215309406,208
"60869",350,143,6.5241783001195,207
"60870",350,144,6.66501958299428,206
"60871",350,145,7.24339257835411,205
"60872",350,146,7.2223431585469,204
"60873",350,147,6.21481126009305,203
"60874",350,148,6.4246965696272,202
"60875",350,149,7.29059963877652,201
"60876",350,150,8.45404661363778,200
"60877",350,151,9.35254886163082,199
"60878",350,152,8.30034436997593,198
"60879",350,153,6.77462285442949,197
"60880",350,154,5.11915984021104,196
"60881",350,155,6.25769653967094,195
"60882",350,156,7.17380685103802,194
"60883",350,157,7.12909638152663,193
"60884",350,158,6.86364190815473,192
"60885",350,159,8.95670470999777,191
"60886",350,160,8.96380841540207,190
"60887",350,161,8.36703508517342,189
"60888",350,162,8.0657194874062,188
"60889",350,163,7.96302347020227,187
"60890",350,164,4.91854987816113,186
"60891",350,165,4.27546462514089,185
"60892",350,166,5.44843830359041,184
"60893",350,167,6.15192366252392,183
"60894",350,168,7.38586523140037,182
"60895",350,169,8.02748370197129,181
"60896",350,170,8.26229214374229,180
"60897",350,171,7.20452965206371,179
"60898",350,172,7.91638568251297,178
"60899",350,173,8.47561197930664,177
"60900",350,174,7.5822515597278,176
"60901",350,175,6.2646005353864,175
"60902",350,176,5.81542404121984,174
"60903",350,177,7.18253639893285,173
"60904",350,178,7.97647638683043,172
"60905",350,179,8.32389593895109,171
"60906",350,180,5.27236476200545,170
"60907",350,181,6.34943527694793,169
"60908",350,182,7.94923071259284,168
"60909",350,183,7.73144418955286,167
"60910",350,184,7.12274199782724,166
"60911",350,185,8.68364437309254,165
"60912",350,186,8.33135781719414,164
"60913",350,187,8.8619347558707,163
"60914",350,188,8.1436891439306,162
"60915",350,189,7.71216814015798,161
"60916",350,190,7.34388017511697,160
"60917",350,191,7.39385540600691,159
"60918",350,192,7.76749502073769,158
"60919",350,193,7.92184243850463,157
"60920",350,194,8.22698552822038,156
"60921",350,195,5.31275761784042,155
"60922",350,196,6.32240271555036,154
"60923",350,197,6.19546875146115,153
"60924",350,198,6.40810024663217,152
"60925",350,199,7.71055020326043,151
"60926",350,200,9.58697786571293,150
"60927",350,201,10.175037166601,149
"60928",350,202,10.0743276259276,148
"60929",350,203,10.7437617198053,147
"60930",350,204,9.58266894309549,146
"60931",350,205,9.25719171440394,145
"60932",350,206,10.3503576119053,144
"60933",350,207,7.04698381370419,143
"60934",350,208,7.53702946723303,142
"60935",350,209,8.3786113706728,141
"60936",350,210,8.97910376664038,140
"60937",350,211,7.98107212300899,139
"60938",350,212,7.95103134666551,138
"60939",350,213,7.79266336423188,137
"60940",350,214,6.94349324896228,136
"60941",350,215,8.36965165357504,135
"60942",350,216,7.97205448798223,134
"60943",350,217,7.13637156773938,133
"60944",350,218,7.75273355279348,132
"60945",350,219,8.78223187190795,131
"60946",350,220,7.60867393549543,130
"60947",350,221,8.36721070554389,129
"60948",350,222,7.0747402482296,128
"60949",350,223,6.94416885941738,127
"60950",350,224,7.55728320142466,126
"60951",350,225,7.26197506478923,125
"60952",350,226,7.32615284703106,124
"60953",350,227,6.64926467527905,123
"60954",350,228,5.9212404198818,122
"60955",350,229,7.47695330435877,121
"60956",350,230,6.76623753820568,120
"60957",350,231,7.93091603240973,119
"60958",350,232,8.33660122044623,118
"60959",350,233,7.57573511878802,117
"60960",350,234,5.36219793646149,116
"60961",350,235,6.15814076637651,115
"60962",350,236,5.61319309010676,114
"60963",350,237,7.55290953978642,113
"60964",350,238,9.37951289259499,112
"60965",350,239,8.74582045395833,111
"60966",350,240,6.10556431023711,110
"60967",350,241,6.08348535803222,109
"60968",350,242,6.25877466901143,108
"60969",350,243,7.42583924049402,107
"60970",350,244,7.01034171923933,106
"60971",350,245,7.44598340406838,105
"60972",350,246,7.2902778697827,104
"60973",350,247,7.75862344518783,103
"60974",350,248,7.29566439710594,102
"60975",350,249,6.4437644524317,101
"60976",350,250,8.2049775289465,100
"60977",350,251,7.30893786933013,99
"60978",350,252,8.33719449949635,98
"60979",350,253,7.50340405073824,97
"60980",350,254,7.75841554918018,96
"60981",350,255,7.82719916988656,95
"60982",350,256,7.3012749771859,94
"60983",350,257,7.28086664085259,93
"60984",350,258,4.98530473938745,92
"60985",350,259,3.66489511829394,91
"60986",350,260,4.49605780467188,90
"60987",350,261,4.69841878534453,89
"60988",350,262,5.70802010474357,88
"60989",350,263,7.25729217486823,87
"60990",350,264,8.21016274133694,86
"60991",350,265,7.89033509675114,85
"60992",350,266,8.42739027586249,84
"60993",350,267,8.43903659668813,83
"60994",350,268,8.83174230140093,82
"60995",350,269,8.36113994067735,81
"60996",350,270,8.25534036613896,80
"60997",350,271,7.62395340954571,79
"60998",350,272,6.29139692172506,78
"60999",350,273,4.97972809274756,77
"61000",350,274,3.05811763266986,76
"61001",350,275,2.71737262184297,75
"61002",350,276,4.62826159658573,74
"61003",350,277,4.12915356897286,73
"61004",350,278,5.04827218735175,72
"61005",350,279,4.58623879074593,71
"61006",350,280,6.90204544286722,70
"61007",350,281,6.87464338599983,69
"61008",350,282,7.00727946400146,68
"61009",350,283,7.66088725492201,67
"61010",350,284,6.9113011616254,66
"61011",350,285,5.69554008023927,65
"61012",350,286,7.62010984596487,64
"61013",350,287,4.94626270345393,63
"61014",350,288,2.61534691349926,62
"61015",350,289,2.91418439606835,61
"61016",350,290,4.32156000429065,60
"61017",350,291,6.20464006533741,59
"61018",350,292,5.61518810374146,58
"61019",350,293,4.91212890666297,57
"61020",350,294,2.13849590233051,56
"61021",350,295,4.21614679863074,55
"61022",350,296,4.82451133086241,54
"61023",350,297,5.39823982693267,53
"61024",350,298,3.88496321334695,52
"61025",350,299,4.94304833732327,51
"61026",350,300,4.64532887238257,50
"61027",350,301,1.70742027304699,49
"61028",350,302,6.09349700287577,48
"61029",350,303,2.60511145448453,47
"61030",350,304,3.43682712735359,46
"61031",350,305,3.52040701701396,45
"61032",350,306,4.3276578672781,44
"61033",350,307,3.78440564764779,43
"61034",350,308,1.74060563571937,42
"61035",350,309,1.69528351847632,41
"61036",350,310,3.81100692757004,40
"61037",350,311,5.11078305354893,39
"61038",350,312,4.90996689062576,38
"61039",350,313,5.18917752337981,37
"61040",350,314,3.28063945393773,36
"61041",350,315,2.00965107389163,35
"61042",350,316,1.01735346068902,34
"61043",350,317,1.81464111878002,33
"61044",350,318,4.1092437327858,32
"61045",350,319,4.68414774013424,31
"61046",350,320,6.13508053388179,30
"61047",350,321,1.73990747879154,29
"61048",350,322,3.35265983738923,28
"61049",350,323,1.10841238308273,27
"61050",350,324,3.93639247504017,26
"61051",350,325,5.86162299528643,25
"61052",350,326,6.04990676768947,24
"61053",350,327,3.96629706510863,23
"61054",350,328,1.76549110220123,22
"61055",350,329,3.43676073887266,21
"61056",350,330,4.16648700404716,20
"61057",350,331,3.70729984898046,19
"61058",350,332,5.48693164155205,18
"61059",350,333,3.88039746994462,17
"61060",350,334,1.76040107856781,16
"61061",350,335,1.65244220588183,15
"61062",350,336,3.42622161747327,14
"61063",350,337,3.77414034246511,13
"61064",350,338,4.33918264690092,12
"61065",350,339,5.38195059955129,11
"61066",350,340,5.09979633613277,10
"61067",350,341,3.95085425602645,9
"61068",350,342,2.63004406074746,8
"61069",350,343,4.37824029131444,7
"61070",350,344,2.06320718898548,6
"61071",350,345,4.4889598734827,5
"61072",350,346,5.30202088137725,4
"61073",350,347,3.20605277277992,3
"61074",350,348,4.07558225809914,2
"61075",350,349,1.9276053486445,1
"61076",351,1,4.75311242004833,350
"61077",351,2,2.8336641451452,349
"61078",351,3,1.96308569461248,348
"61079",351,4,1.93866688835929,347
"61080",351,5,1.92176816964739,346
"61081",351,6,2.57106833395163,345
"61082",351,7,2.1060962998331,344
"61083",351,8,2.02344859401893,343
"61084",351,9,4.76314058971897,342
"61085",351,10,2.53255878869321,341
"61086",351,11,3.4470057633258,340
"61087",351,12,2.63918984321003,339
"61088",351,13,3.11002508934996,338
"61089",351,14,2.75452081260072,337
"61090",351,15,1.54787940569734,336
"61091",351,16,1.49934101459237,335
"61092",351,17,2.08610341821203,334
"61093",351,18,3.57887281832933,333
"61094",351,19,2.54104410131728,332
"61095",351,20,0.866857910140333,331
"61096",351,21,3.75561331464981,330
"61097",351,22,5.0332780102059,329
"61098",351,23,3.5551526317245,328
"61099",351,24,3.90341487241141,327
"61100",351,25,2.11555177917451,326
"61101",351,26,3.50055128312559,325
"61102",351,27,3.06080533465004,324
"61103",351,28,3.58302541755256,323
"61104",351,29,2.54492643913158,322
"61105",351,30,3.30192760367388,321
"61106",351,31,2.13809877160167,320
"61107",351,32,4.54084187183567,319
"61108",351,33,1.80725190179393,318
"61109",351,34,2.54711161307473,317
"61110",351,35,2.03314562403782,316
"61111",351,36,3.65607090618061,315
"61112",351,37,2.12037715551069,314
"61113",351,38,4.72990414939636,313
"61114",351,39,2.6073327840628,312
"61115",351,40,3.01790275816735,311
"61116",351,41,2.87976188349766,310
"61117",351,42,2.75418791717186,309
"61118",351,43,0.921376593119038,308
"61119",351,44,2.25391658063816,307
"61120",351,45,6.16352818773735,306
"61121",351,46,2.37118901554034,305
"61122",351,47,2.22306140900796,304
"61123",351,48,3.73096410904284,303
"61124",351,49,5.24619343424931,302
"61125",351,50,8.46817244522425,301
"61126",351,51,1.78468419117892,300
"61127",351,52,1.75476789319353,299
"61128",351,53,1.85691552238669,298
"61129",351,54,2.9298167216516,297
"61130",351,55,1.72094431960155,296
"61131",351,56,4.15811666306098,295
"61132",351,57,1.47331560282314,294
"61133",351,58,4.14251836703075,293
"61134",351,59,5.40489745488594,292
"61135",351,60,0.779258609371453,291
"61136",351,61,2.84519980431177,290
"61137",351,62,2.7316827208484,289
"61138",351,63,0.963331656917973,288
"61139",351,64,3.94770188888449,287
"61140",351,65,5.9836128419449,286
"61141",351,66,1.53487266006936,285
"61142",351,67,3.47687849298725,284
"61143",351,68,2.40364478877687,283
"61144",351,69,6.43562250293998,282
"61145",351,70,1.71761843876509,281
"61146",351,71,1.87528152529519,280
"61147",351,72,2.9043966292282,279
"61148",351,73,3.2793766390529,278
"61149",351,74,2.62556217925767,277
"61150",351,75,4.05982063653848,276
"61151",351,76,3.57985684430187,275
"61152",351,77,5.3307480784365,274
"61153",351,78,6.70558937013749,273
"61154",351,79,2.40361196671367,272
"61155",351,80,4.62972561723939,271
"61156",351,81,4.05375698363991,270
"61157",351,82,3.56347629127712,269
"61158",351,83,2.03654219969485,268
"61159",351,84,0.72774106468759,267
"61160",351,85,1.70312818154358,266
"61161",351,86,1.23269984923753,265
"61162",351,87,2.28740315749956,264
"61163",351,88,2.64223790327699,263
"61164",351,89,2.34360512543819,262
"61165",351,90,2.88114877464439,261
"61166",351,91,1.65090616133638,260
"61167",351,92,2.40067211092223,259
"61168",351,93,3.63538645130717,258
"61169",351,94,7.9730062084253,257
"61170",351,95,5.07792165064851,256
"61171",351,96,3.32012665321032,255
"61172",351,97,4.60972305925497,254
"61173",351,98,3.39655956908582,253
"61174",351,99,5.19817967739362,252
"61175",351,100,6.39979341595068,251
"61176",351,101,7.71924753664579,250
"61177",351,102,5.94131212319483,249
"61178",351,103,4.81725039328047,248
"61179",351,104,5.65140528809045,247
"61180",351,105,4.38195302320268,246
"61181",351,106,6.60110027148685,245
"61182",351,107,4.81930735545976,244
"61183",351,108,5.66776499713087,243
"61184",351,109,6.07643038836848,242
"61185",351,110,5.97225057384886,241
"61186",351,111,5.73538215663019,240
"61187",351,112,2.7317399976224,239
"61188",351,113,5.92786860779338,238
"61189",351,114,7.71705394788469,237
"61190",351,115,7.98034989416586,236
"61191",351,116,8.34060418030511,235
"61192",351,117,8.53238082439025,234
"61193",351,118,7.80812071477614,233
"61194",351,119,5.14616583878544,232
"61195",351,120,4.30587753957006,231
"61196",351,121,6.66534507556765,230
"61197",351,122,6.95067566844879,229
"61198",351,123,8.12186952065101,228
"61199",351,124,5.06029391103921,227
"61200",351,125,4.88486239078466,226
"61201",351,126,4.38360444078434,225
"61202",351,127,5.88506615543887,224
"61203",351,128,7.45782192774603,223
"61204",351,129,5.96318933715117,222
"61205",351,130,6.99705929900893,221
"61206",351,131,7.03612762433939,220
"61207",351,132,6.81925361411968,219
"61208",351,133,7.21088204626223,218
"61209",351,134,8.30344259651565,217
"61210",351,135,8.32489788696261,216
"61211",351,136,8.39007786086409,215
"61212",351,137,7.44542806468132,214
"61213",351,138,7.55645789244575,213
"61214",351,139,8.20619082753209,212
"61215",351,140,7.57333994255396,211
"61216",351,141,7.76827916535077,210
"61217",351,142,8.28369827574088,209
"61218",351,143,7.85423442276632,208
"61219",351,144,7.9950757056411,207
"61220",351,145,8.57344870100093,206
"61221",351,146,8.55239928119372,205
"61222",351,147,7.54486738273988,204
"61223",351,148,7.75475269227403,203
"61224",351,149,8.62065576142334,202
"61225",351,150,9.7841027362846,201
"61226",351,151,10.6826049842776,200
"61227",351,152,9.63040049262274,199
"61228",351,153,9.36982986456257,198
"61229",351,154,7.52047975062559,197
"61230",351,155,8.40010147951957,196
"61231",351,156,8.50386297368484,195
"61232",351,157,8.45915250417345,194
"61233",351,158,8.19369803080155,193
"61234",351,159,10.2867608326446,192
"61235",351,160,10.2938645380489,191
"61236",351,161,9.69709120782024,190
"61237",351,162,9.39577561005302,189
"61238",351,163,9.2930795928491,188
"61239",351,164,7.51375688829421,187
"61240",351,165,6.78104111992262,186
"61241",351,166,7.59084324343904,185
"61242",351,167,7.48197978517074,184
"61243",351,168,8.71592135404719,183
"61244",351,169,9.35753982461811,182
"61245",351,170,9.59234826638911,181
"61246",351,171,8.53458577471054,180
"61247",351,172,9.24644180515979,179
"61248",351,173,9.80566810195346,178
"61249",351,174,8.91230768237462,177
"61250",351,175,7.59465665803323,176
"61251",351,176,7.95782898106848,175
"61252",351,177,9.15127381158705,174
"61253",351,178,9.30653250947725,173
"61254",351,179,9.65395206159791,172
"61255",351,180,7.86757177213853,171
"61256",351,181,8.49184021679656,170
"61257",351,182,10.0916356524415,169
"61258",351,183,9.87384912940149,168
"61259",351,184,8.45279812047406,167
"61260",351,185,10.0137004957394,166
"61261",351,186,9.66141393984096,165
"61262",351,187,10.1919908785175,164
"61263",351,188,9.47374526657742,163
"61264",351,189,9.0422242628048,162
"61265",351,190,8.6739362977638,161
"61266",351,191,8.72391152865373,160
"61267",351,192,9.55035321366896,159
"61268",351,193,9.27429946702835,158
"61269",351,194,9.5570416508672,157
"61270",351,195,7.45516255768905,156
"61271",351,196,7.65245883819718,155
"61272",351,197,7.52552487410797,154
"61273",351,198,7.78669317207947,153
"61274",351,199,9.04060632590725,152
"61275",351,200,10.9170339883598,151
"61276",351,201,11.5050932892478,150
"61277",351,202,11.4043837485744,149
"61278",351,203,12.0738178424521,148
"61279",351,204,11.7250738829441,147
"61280",351,205,10.7217070559997,146
"61281",351,206,11.6804137345521,145
"61282",351,207,8.64595837424886,144
"61283",351,208,9.67943440708166,143
"61284",351,209,9.70866749331962,142
"61285",351,210,10.5556639753863,141
"61286",351,211,10.1234770628576,140
"61287",351,212,10.0934362865141,139
"61288",351,213,9.25717870582763,138
"61289",351,214,9.08589818881092,137
"61290",351,215,9.69970777622186,136
"61291",351,216,9.30211061062905,135
"61292",351,217,8.4664276903862,134
"61293",351,218,9.08278967544031,133
"61294",351,219,10.1122879945548,132
"61295",351,220,8.93873005814225,131
"61296",351,221,9.69726682819071,130
"61297",351,222,9.21714518807823,129
"61298",351,223,9.08657379926601,128
"61299",351,224,9.6996881412733,127
"61300",351,225,8.59203118743605,126
"61301",351,226,8.65620896967788,125
"61302",351,227,7.97932079792587,124
"61303",351,228,7.25129654252863,123
"61304",351,229,8.80700942700559,122
"61305",351,230,8.0962936608525,121
"61306",351,231,9.26097215505656,120
"61307",351,232,9.66665734309305,119
"61308",351,233,9.05111552720455,118
"61309",351,234,7.95740494659457,117
"61310",351,235,8.30054570622515,116
"61311",351,236,7.20182603839108,115
"61312",351,237,8.88296566243324,114
"61313",351,238,10.7095690152418,113
"61314",351,239,10.5286786468896,112
"61315",351,240,7.88842250316838,111
"61316",351,241,7.49757849252212,110
"61317",351,242,7.75690481534441,109
"61318",351,243,8.75589536314084,108
"61319",351,244,8.34039784188615,107
"61320",351,245,8.7760395267152,106
"61321",351,246,8.62033399242952,105
"61322",351,247,9.08867956783466,104
"61323",351,248,8.62572051975276,103
"61324",351,249,8.22662264536296,102
"61325",351,250,9.53503365159333,101
"61326",351,251,8.63899399197696,100
"61327",351,252,9.66725062214317,99
"61328",351,253,8.83346017338506,98
"61329",351,254,9.088471671827,97
"61330",351,255,9.15725529253338,96
"61331",351,256,8.63133109983272,95
"61332",351,257,8.61092276349941,94
"61333",351,258,6.76816293231872,93
"61334",351,259,4.99495124094076,92
"61335",351,260,5.8261139273187,91
"61336",351,261,6.02847490799135,90
"61337",351,262,7.03807622739039,89
"61338",351,263,8.58734829751505,88
"61339",351,264,9.54021886398376,87
"61340",351,265,9.22039121939796,86
"61341",351,266,9.75744639850931,85
"61342",351,267,9.76909271933495,84
"61343",351,268,10.1617984240478,83
"61344",351,269,9.69119606332417,82
"61345",351,270,9.58539648878579,81
"61346",351,271,8.95400953219253,80
"61347",351,272,7.62145304437188,79
"61348",351,273,6.30978421539438,78
"61349",351,274,4.84097582560113,77
"61350",351,275,3.53185015493784,76
"61351",351,276,5.95831771923255,75
"61352",351,277,5.45920969161968,74
"61353",351,278,6.37832830999858,73
"61354",351,279,5.91629491339275,72
"61355",351,280,8.23210156551404,71
"61356",351,281,8.20469950864665,70
"61357",351,282,8.33733558664829,69
"61358",351,283,8.99094337756883,68
"61359",351,284,8.24135728427222,67
"61360",351,285,7.15520975505908,66
"61361",351,286,8.95016596861169,65
"61362",351,287,6.27631882610075,64
"61363",351,288,5.14573414197168,63
"61364",351,289,5.50939140620144,62
"61365",351,290,5.65161612693747,61
"61366",351,291,7.53469618798423,60
"61367",351,292,6.94971814390258,59
"61368",351,293,6.69498709959424,58
"61369",351,294,3.46855202497733,57
"61370",351,295,5.54620292127756,56
"61371",351,296,6.15456745350923,55
"61372",351,297,6.72829594957949,54
"61373",351,298,5.21501933599378,53
"61374",351,299,6.2731044599701,52
"61375",351,300,5.97538499502939,51
"61376",351,301,1.57997538292195,50
"61377",351,302,3.95109206302713,49
"61378",351,303,2.56711454546663,48
"61379",351,304,4.63319103509179,47
"61380",351,305,4.85046313966078,46
"61381",351,306,5.65771398992492,45
"61382",351,307,5.11446177029461,44
"61383",351,308,3.52346382865064,43
"61384",351,309,2.30725667253566,42
"61385",351,310,5.14106305021686,41
"61386",351,311,6.44083917619575,40
"61387",351,312,6.24002301327258,39
"61388",351,313,6.51923364602664,38
"61389",351,314,4.61069557658455,37
"61390",351,315,2.72108431265928,36
"61391",351,316,2.38693031852711,35
"61392",351,317,4.4098481289131,34
"61393",351,318,5.89210192571706,33
"61394",351,319,6.01420386278107,32
"61395",351,320,7.46513665652862,31
"61396",351,321,2.22194966042149,30
"61397",351,322,2.39960313784354,29
"61398",351,323,1.97244877768689,28
"61399",351,324,5.26644859768699,27
"61400",351,325,7.19167911793325,26
"61401",351,326,7.3799628903363,25
"61402",351,327,5.7491552580399,24
"61403",351,328,3.25240734967387,23
"61404",351,329,4.76681686151948,22
"61405",351,330,5.49654312669398,21
"61406",351,331,5.03735597162728,20
"61407",351,332,6.81698776419887,19
"61408",351,333,5.59866998155027,18
"61409",351,334,1.81599281391823,17
"61410",351,335,1.54125531638215,16
"61411",351,336,3.74729598422273,15
"61412",351,337,3.35500334708488,14
"61413",351,338,5.28809868318542,13
"61414",351,339,6.71200672219811,12
"61415",351,340,6.42985245877959,11
"61416",351,341,5.73371244895772,10
"61417",351,342,0.303749594530814,9
"61418",351,343,4.20566272895816,8
"61419",351,344,0.790706702526804,7
"61420",351,345,2.84054018374105,6
"61421",351,346,3.4468830832251,5
"61422",351,347,2.45051745035953,4
"61423",351,348,4.64289622003784,3
"61424",351,349,3.71046354157577,2
"61425",351,350,2.59520701013308,1
"61426",352,1,3.69516101500982,351
"61427",352,2,3.68461889440557,350
"61428",352,3,3.02103709965099,349
"61429",352,4,0.745957142296449,348
"61430",352,5,1.5161502910982,347
"61431",352,6,1.72011358469126,346
"61432",352,7,1.25514155057273,345
"61433",352,8,3.08139999905744,344
"61434",352,9,5.82109199475748,343
"61435",352,10,3.07288834178661,342
"61436",352,11,2.25429601726296,341
"61437",352,12,3.35538625144606,340
"61438",352,13,4.16797649438847,339
"61439",352,14,1.90356606334035,338
"61440",352,15,0.786941238139142,337
"61441",352,16,1.13359822644679,336
"61442",352,17,1.86560688239114,335
"61443",352,18,2.38616307226649,334
"61444",352,19,2.48551033096523,333
"61445",352,20,0.830202752259373,332
"61446",352,21,4.81356471968833,331
"61447",352,22,4.23931368695618,330
"61448",352,23,4.61310403676301,329
"61449",352,24,3.05246012315104,328
"61450",352,25,0.922842033111668,327
"61451",352,26,4.21674769136162,326
"61452",352,27,1.86809558858719,325
"61453",352,28,2.39031567148972,324
"61454",352,29,1.35221669306874,323
"61455",352,30,2.24397619863537,322
"61456",352,31,1.39832115156496,321
"61457",352,32,3.34813212577283,320
"61458",352,33,2.65820665105429,319
"61459",352,34,3.60506301811324,318
"61460",352,35,0.854325515292402,317
"61461",352,36,2.46336116011777,316
"61462",352,37,1.30333633306297,315
"61463",352,38,3.67195274435785,314
"61464",352,39,3.66528418910131,313
"61465",352,40,2.66272049624737,312
"61466",352,41,3.38544458700358,311
"61467",352,42,1.90323316791149,310
"61468",352,43,0.944084294267332,309
"61469",352,44,3.446626326701,308
"61470",352,45,7.35623793380019,307
"61471",352,46,3.56389876160318,306
"61472",352,47,3.4157711550708,305
"61473",352,48,4.58389022435398,304
"61474",352,49,6.43890318031215,303
"61475",352,50,9.66088219128709,302
"61476",352,51,2.45893972854981,301
"61477",352,52,2.60572264245389,300
"61478",352,53,1.45191241318954,299
"61479",352,54,2.08376615252345,298
"61480",352,55,2.57189906886191,297
"61481",352,56,5.00907141232135,296
"61482",352,57,1.19389839749475,295
"61483",352,58,3.08456696199224,294
"61484",352,59,6.2558522041463,293
"61485",352,60,1.27637822655409,292
"61486",352,61,4.03790955037461,291
"61487",352,62,3.33670199986077,290
"61488",352,63,0.778496468173001,289
"61489",352,64,4.79865663814485,288
"61490",352,65,6.83456759120527,287
"61491",352,66,2.59282406510787,286
"61492",352,67,2.76068208475122,285
"61493",352,68,2.65590093671962,284
"61494",352,69,7.62833224900282,283
"61495",352,70,2.30333750841318,282
"61496",352,71,2.14379464094978,281
"61497",352,72,4.09710637529105,280
"61498",352,73,2.56318023081687,279
"61499",352,74,1.9455527595841,278
"61500",352,75,3.86902889482389,277
"61501",352,76,3.55714914315357,276
"61502",352,77,6.2074223721811,275
"61503",352,78,7.89829911620033,274
"61504",352,79,2.67433054875408,273
"61505",352,80,5.48068036649976,272
"61506",352,81,4.45167556228078,271
"61507",352,82,4.18277575343079,270
"61508",352,83,2.88749694895521,269
"61509",352,84,1.59682010311721,268
"61510",352,85,2.02196738801106,267
"61511",352,86,0.89421132603139,266
"61512",352,87,2.67472971754348,265
"61513",352,88,3.41432136955067,264
"61514",352,89,1.36652238058548,263
"61515",352,90,3.06827300714641,262
"61516",352,91,2.50186091059674,261
"61517",352,92,2.05456780247577,260
"61518",352,93,3.24261266151764,259
"61519",352,94,9.16571595448814,258
"61520",352,95,5.92887639990887,257
"61521",352,96,4.51283639927316,256
"61522",352,97,3.55177165421646,255
"61523",352,98,3.82678399396366,254
"61524",352,99,4.14022827235511,253
"61525",352,100,5.34184201091217,252
"61526",352,101,8.57020228590615,251
"61527",352,102,6.7922668724552,250
"61528",352,103,5.66820514254084,249
"61529",352,104,4.93520887985442,248
"61530",352,105,4.79612856955539,247
"61531",352,106,7.45205502074722,246
"61532",352,107,6.01201710152261,245
"61533",352,108,4.95156858889483,244
"61534",352,109,5.01847898332997,243
"61535",352,110,6.79089947687225,242
"61536",352,111,6.92809190269303,241
"61537",352,112,2.96763513325995,240
"61538",352,113,6.45519264942052,239
"61539",352,114,7.2416482210453,238
"61540",352,115,7.32697589039138,237
"61541",352,116,9.19155892956547,236
"61542",352,117,9.38333557365061,235
"61543",352,118,8.6590754640365,234
"61544",352,119,6.25813698040418,233
"61545",352,120,5.28810507327412,232
"61546",352,121,5.60739367052913,231
"61547",352,122,6.24842671694542,230
"61548",352,123,8.97282426991137,229
"61549",352,124,5.91124866029957,228
"61550",352,125,6.0775721368475,227
"61551",352,126,4.84644684567922,226
"61552",352,127,5.16886974720283,225
"61553",352,128,6.39987052270751,224
"61554",352,129,5.06705328592927,223
"61555",352,130,6.2808628907729,222
"61556",352,131,5.97817621930088,221
"61557",352,132,6.27861192724621,220
"61558",352,133,6.41163752260291,219
"61559",352,134,7.24549119147714,218
"61560",352,135,7.26694648192409,217
"61561",352,136,7.33212645582558,216
"61562",352,137,8.29638281394169,215
"61563",352,138,7.32339803468036,214
"61564",352,139,7.14823942249357,213
"61565",352,140,6.51538853751545,212
"61566",352,141,6.71032776031225,211
"61567",352,142,7.22574687070237,210
"61568",352,143,8.46263521376597,209
"61569",352,144,7.90767827857384,208
"61570",352,145,7.51549729596242,207
"61571",352,146,8.27121879900128,206
"61572",352,147,8.33110639493293,205
"61573",352,148,8.26561167700262,204
"61574",352,149,8.71133065588453,203
"61575",352,150,8.72615133124609,202
"61576",352,151,9.62465357923913,201
"61577",352,152,9.54300306555548,200
"61578",352,153,10.5625396106254,199
"61579",352,154,8.71318949668843,198
"61580",352,155,7.68390507128354,197
"61581",352,156,7.44591156864633,196
"61582",352,157,7.40120109913494,195
"61583",352,158,7.60470161916597,194
"61584",352,159,9.22880942760608,193
"61585",352,160,9.47682371560117,192
"61586",352,161,8.63913980278173,191
"61587",352,162,8.33782420501451,190
"61588",352,163,8.23512818781058,189
"61589",352,164,8.70646663435706,188
"61590",352,165,7.97375086598546,187
"61591",352,166,6.87464683520301,186
"61592",352,167,7.37842943498499,185
"61593",352,168,7.65796994900868,184
"61594",352,169,8.2995884195796,183
"61595",352,170,8.5343968613506,182
"61596",352,171,7.47663436967202,181
"61597",352,172,8.22090029095161,180
"61598",352,173,8.81230237824056,179
"61599",352,174,9.64977579143214,178
"61600",352,175,8.06936468222783,177
"61601",352,176,8.27666818753595,176
"61602",352,177,8.43507740335102,175
"61603",352,178,8.24858110443874,174
"61604",352,179,8.5960006565594,173
"61605",352,180,9.06028151820137,172
"61606",352,181,8.17967497570944,171
"61607",352,182,9.37543924420545,170
"61608",352,183,9.15765272116546,169
"61609",352,184,8.93155934815239,168
"61610",352,185,8.95574909070085,167
"61611",352,186,8.60346253480245,166
"61612",352,187,9.13403947347901,165
"61613",352,188,8.41579386153891,164
"61614",352,189,9.42398991832719,163
"61615",352,190,7.61598489272528,162
"61616",352,191,8.12855613031399,161
"61617",352,192,10.4013079629293,160
"61618",352,193,9.35079280442182,159
"61619",352,194,8.49909024582869,158
"61620",352,195,8.58284443290452,157
"61621",352,196,6.93405696357533,156
"61622",352,197,7.48744878483301,155
"61623",352,198,8.63764792133983,154
"61624",352,199,9.17981802316892,153
"61625",352,200,9.85908258332124,152
"61626",352,201,10.4471418842093,151
"61627",352,202,11.7053067550593,150
"61628",352,203,11.0942964998265,149
"61629",352,204,11.0088774747081,148
"61630",352,205,10.0055106477637,147
"61631",352,206,10.6224623295136,146
"61632",352,207,8.72255575623569,145
"61633",352,208,9.31917455271582,144
"61634",352,209,8.91623483299738,143
"61635",352,210,9.95285016275971,142
"61636",352,211,9.4072806546216,141
"61637",352,212,9.37723987827811,140
"61638",352,213,8.54098229759159,139
"61639",352,214,9.30794991230916,138
"61640",352,215,8.64175637118335,137
"61641",352,216,8.95611034677594,136
"61642",352,217,7.7964845851198,135
"61643",352,218,9.54573612492855,134
"61644",352,219,9.8790980810477,133
"61645",352,220,8.46332433130287,132
"61646",352,221,8.85220470451403,131
"61647",352,222,9.29374257006506,130
"61648",352,223,8.37037739102998,129
"61649",352,224,8.98349173303727,128
"61650",352,225,8.61809438942328,127
"61651",352,226,8.97305079894624,126
"61652",352,227,7.94035612906573,125
"61653",352,228,8.03083842308911,124
"61654",352,229,7.89471769385445,123
"61655",352,230,8.68820338380526,122
"61656",352,231,8.20302075001804,121
"61657",352,232,8.60870593805454,120
"61658",352,233,9.90207027646492,119
"61659",352,234,9.15011469265741,118
"61660",352,235,7.58434929798911,117
"61661",352,236,8.05278078765144,116
"61662",352,237,8.89287594130199,115
"61663",352,238,9.6516176102033,114
"61664",352,239,11.37963339615,113
"61665",352,240,9.06860065002518,112
"61666",352,241,6.78138208428609,111
"61667",352,242,7.04070840710837,110
"61668",352,243,7.69794395810233,109
"61669",352,244,7.28244643684764,108
"61670",352,245,7.71808812167669,107
"61671",352,246,7.96675189946833,106
"61672",352,247,8.98502517305555,105
"61673",352,248,8.68408956797697,104
"61674",352,249,9.07757739462333,103
"61675",352,250,8.47708224655482,102
"61676",352,251,8.17849265313579,101
"61677",352,252,8.60929921710466,100
"61678",352,253,7.77550876834655,99
"61679",352,254,8.03052026678849,98
"61680",352,255,8.09930388749487,97
"61681",352,256,7.57337969479421,96
"61682",352,257,7.5529713584609,95
"61683",352,258,7.61911768157908,94
"61684",352,259,3.93699983590225,93
"61685",352,260,5.28568032963195,92
"61686",352,261,5.19692453809506,91
"61687",352,262,5.98012482235188,90
"61688",352,263,7.52939689247654,89
"61689",352,264,8.48226745894525,88
"61690",352,265,8.16243981435945,87
"61691",352,266,8.6994949934708,86
"61692",352,267,8.71114131429644,85
"61693",352,268,9.10384701900924,84
"61694",352,269,8.63324465828566,83
"61695",352,270,8.52744508374728,82
"61696",352,271,7.89605812715402,81
"61697",352,272,6.64424024377747,80
"61698",352,273,6.20633790980198,79
"61699",352,274,5.69193057486149,78
"61700",352,275,3.83256507223605,77
"61701",352,276,4.90036631419404,76
"61702",352,277,5.3396104629088,75
"61703",352,278,5.51470619420036,74
"61704",352,279,4.85834350835424,73
"61705",352,280,7.17415016047553,72
"61706",352,281,7.14674810360814,71
"61707",352,282,7.27938418160977,70
"61708",352,283,7.93299197253032,69
"61709",352,284,7.18340587923371,68
"61710",352,285,8.00616450431944,67
"61711",352,286,7.89221456357317,66
"61712",352,287,6.6256745907928,65
"61713",352,288,6.33844388803452,64
"61714",352,289,6.70210115226428,63
"61715",352,290,4.82897111387032,62
"61716",352,291,6.47674478294572,61
"61717",352,292,7.80067289316295,60
"61718",352,293,7.5459418488546,59
"61719",352,294,3.91568513800639,58
"61720",352,295,4.48825151623905,57
"61721",352,296,5.09661604847072,56
"61722",352,297,5.67034454454098,55
"61723",352,298,4.15706793095526,54
"61724",352,299,5.21515305493158,53
"61725",352,300,5.64532956510806,52
"61726",352,301,2.08049648314894,51
"61727",352,302,4.66728847126317,50
"61728",352,303,1.68702737276986,49
"61729",352,304,3.57523963005327,48
"61730",352,305,3.79251173462227,47
"61731",352,306,4.59976258488641,46
"61732",352,307,4.05651036525609,45
"61733",352,308,4.374418577911,44
"61734",352,309,2.0926332377196,43
"61735",352,310,4.08311164517835,42
"61736",352,311,5.38288777115724,41
"61737",352,312,5.18207160823407,40
"61738",352,313,5.46128224098813,39
"61739",352,314,4.05444720070771,38
"61740",352,315,3.91379405872213,37
"61741",352,316,2.77056329550691,36
"61742",352,317,5.60255787497595,35
"61743",352,318,6.74305667497743,34
"61744",352,319,5.73278928025357,33
"61745",352,320,6.4071852514901,32
"61746",352,321,3.21297057806095,31
"61747",352,322,1.68340672960751,30
"61748",352,323,2.67950437311319,29
"61749",352,324,4.62912347243764,28
"61750",352,325,6.13372771289474,27
"61751",352,326,6.32201148529778,26
"61752",352,327,6.60011000730026,25
"61753",352,328,2.53621094143783,24
"61754",352,329,3.70886545648096,23
"61755",352,330,4.43859172165547,22
"61756",352,331,4.99839130276714,21
"61757",352,332,5.75903635916036,20
"61758",352,333,6.44962473081064,19
"61759",352,334,2.66694756317859,18
"61760",352,335,2.13547455031409,17
"61761",352,336,2.68934457918421,16
"61762",352,337,2.29705194204637,15
"61763",352,338,4.23014727814691,14
"61764",352,339,5.6540553171596,13
"61765",352,340,7.0055052140205,12
"61766",352,341,6.58466719821808,11
"61767",352,342,1.15787269544846,10
"61768",352,343,3.14771132391965,9
"61769",352,344,1.72470956721045,8
"61770",352,345,2.12434377550502,7
"61771",352,346,2.38893167818658,6
"61772",352,347,1.39256604532102,5
"61773",352,348,3.58494481499933,4
"61774",352,349,4.56141829083613,3
"61775",352,350,3.78791675619592,2
"61776",352,351,1.19270974606284,1
"61777",353,1,2.76295059623253,352
"61778",353,2,2.67133172625577,351
"61779",353,3,3.95324751842828,350
"61780",353,4,1.70297312731613,349
"61781",353,5,2.44836070987549,348
"61782",353,6,2.73340075284106,347
"61783",353,7,2.26842871872253,346
"61784",353,8,4.01361041783474,345
"61785",353,9,6.75330241353477,344
"61786",353,10,4.00509876056391,343
"61787",353,11,2.57847968829953,342
"61788",353,12,4.10883313863077,341
"61789",353,13,5.10018691316577,340
"61790",353,14,2.91685323149015,339
"61791",353,15,1.71021182458677,338
"61792",353,16,2.06580864522408,337
"61793",353,17,2.79781730116843,336
"61794",353,18,2.71034674330306,335
"61795",353,19,1.47222316281543,334
"61796",353,20,1.42583715631055,333
"61797",353,21,5.74577513846562,332
"61798",353,22,5.19561042909534,331
"61799",353,23,5.5453144555403,330
"61800",353,24,4.06574729130084,329
"61801",353,25,1.52324527763501,328
"61802",353,26,4.45985461302569,327
"61803",353,27,2.19227925962376,326
"61804",353,28,2.71449934252629,325
"61805",353,29,1.67640036410531,324
"61806",353,30,2.39960533077995,323
"61807",353,31,2.09522793718164,322
"61808",353,32,3.6723157968094,321
"61809",353,33,2.58723281903349,320
"61810",353,34,4.53727343689054,319
"61811",353,35,1.8676126834422,318
"61812",353,36,2.78754483115434,317
"61813",353,37,1.0602294113989,316
"61814",353,38,2.73974232558056,315
"61815",353,39,4.59749460787861,314
"61816",353,40,3.59493091502467,313
"61817",353,41,4.31765500578088,312
"61818",353,42,2.91652033606129,311
"61819",353,43,1.87629471304463,310
"61820",353,44,3.12244265566443,309
"61821",353,45,7.03205426276362,308
"61822",353,46,4.18711029451377,307
"61823",353,47,3.09158748403423,306
"61824",353,48,4.25970655331741,305
"61825",353,49,6.11471950927558,304
"61826",353,50,9.33669852025052,303
"61827",353,51,2.26279780400867,302
"61828",353,52,2.02942793588809,301
"61829",353,53,2.38412283196684,300
"61830",353,54,3.09214914054104,299
"61831",353,55,1.55861190071211,298
"61832",353,56,3.99578424417155,297
"61833",353,57,0.869714726458183,296
"61834",353,58,2.15235654321495,295
"61835",353,59,5.2425650359965,294
"61836",353,60,1.55825171475511,293
"61837",353,61,3.71372587933804,292
"61838",353,62,4.26891241863807,291
"61839",353,63,1.02683016689783,290
"61840",353,64,3.78536946999505,289
"61841",353,65,5.82128042305547,288
"61842",353,66,3.52503448388517,287
"61843",353,67,2.51757516308715,286
"61844",353,68,1.64261376856982,285
"61845",353,69,7.30414857796625,284
"61846",353,70,1.29005034026338,283
"61847",353,71,1.70756610276307,282
"61848",353,72,3.77292270425448,281
"61849",353,73,2.3200733091528,280
"61850",353,74,0.932265591434304,279
"61851",353,75,2.85574172667409,278
"61852",353,76,3.00886229189483,277
"61853",353,77,5.88323870114452,276
"61854",353,78,7.57411544516376,275
"61855",353,79,2.35014687771751,274
"61856",353,80,4.46739319834995,273
"61857",353,81,3.6120693672473,272
"61858",353,82,3.16948858528099,271
"61859",353,83,2.23313890642401,270
"61860",353,84,2.14760613523466,269
"61861",353,85,2.52801166080634,268
"61862",353,86,1.65726306778447,267
"61863",353,87,3.1806673777272,266
"61864",353,88,3.0901376985141,265
"61865",353,89,0.353443301622387,264
"61866",353,90,2.88507163267971,263
"61867",353,91,1.48857374244694,262
"61868",353,92,1.04128063432597,261
"61869",353,93,2.91842899048107,260
"61870",353,94,8.84153228345157,259
"61871",353,95,4.91558923175907,258
"61872",353,96,4.18865272823659,257
"61873",353,97,3.08456155233023,256
"61874",353,98,2.81349682581386,255
"61875",353,99,3.20801785357781,254
"61876",353,100,4.40963159213487,253
"61877",353,101,7.55691511775635,252
"61878",353,102,5.7789797043054,251
"61879",353,103,4.65491797439104,250
"61880",353,104,4.69210195819036,249
"61881",353,105,3.78284140140559,248
"61882",353,106,6.43876785259742,247
"61883",353,107,5.68783343048604,246
"61884",353,108,4.70846166723077,245
"61885",353,109,4.08626856455267,244
"61886",353,110,6.09134600429597,243
"61887",353,111,6.60390823165646,242
"61888",353,112,1.95434796511015,241
"61889",353,113,5.44190548127072,240
"61890",353,114,6.2283610528955,239
"61891",353,115,6.31368872224158,238
"61892",353,116,8.17827176141567,237
"61893",353,117,8.37004840550081,236
"61894",353,118,7.6457882958867,235
"61895",353,119,5.93395330936761,234
"61896",353,120,4.96392140223755,233
"61897",353,121,4.67518325175184,232
"61898",353,122,5.23513954879562,231
"61899",353,123,7.95953710176157,230
"61900",353,124,4.89796149214977,229
"61901",353,125,5.75338846581093,228
"61902",353,126,4.47184096753681,227
"61903",353,127,4.92576282553877,226
"61904",353,128,5.54609016634313,225
"61905",353,129,4.70925481015547,224
"61906",353,130,6.03775596910883,223
"61907",353,131,5.10758846056788,222
"61908",353,132,5.26532475909641,221
"61909",353,133,5.39835035445311,220
"61910",353,134,6.31328077269984,219
"61911",353,135,6.3347360631468,218
"61912",353,136,6.39991603704829,217
"61913",353,137,7.28309564579189,216
"61914",353,138,6.31011086653056,215
"61915",353,139,6.21602900371628,214
"61916",353,140,5.58317811873816,213
"61917",353,141,5.92377701342233,212
"61918",353,142,6.29353645192508,211
"61919",353,143,7.44934804561617,210
"61920",353,144,6.89439111042404,209
"61921",353,145,6.58328687718513,208
"61922",353,146,7.25793163085148,207
"61923",353,147,7.31781922678313,206
"61924",353,148,7.25232450885281,205
"61925",353,149,7.69804348773473,204
"61926",353,150,7.7939409124688,203
"61927",353,151,8.70364361340028,202
"61928",353,152,8.52971589740568,201
"61929",353,153,10.2383559395888,200
"61930",353,154,8.38900582565186,199
"61931",353,155,7.44079814961947,198
"61932",353,156,6.51370114986904,197
"61933",353,157,6.97321275141611,196
"61934",353,158,7.12364437738169,195
"61935",353,159,8.50389478668233,194
"61936",353,160,9.23371679393711,193
"61937",353,161,8.14392184558844,192
"61938",353,162,7.40561378623721,191
"61939",353,163,7.30291776903329,190
"61940",353,164,8.38228296332048,189
"61941",353,165,7.64956719494889,188
"61942",353,166,6.63153991353894,187
"61943",353,167,6.36514226683519,186
"61944",353,168,6.72575953023138,185
"61945",353,169,7.36737800080231,184
"61946",353,170,7.60218644257331,183
"61947",353,171,6.54442395089473,182
"61948",353,172,7.25627998134399,181
"61949",353,173,7.81550627813765,180
"61950",353,174,8.63648862328234,179
"61951",353,175,7.74518101119126,178
"61952",353,176,7.95248451649938,177
"61953",353,177,8.19197048168696,176
"61954",353,178,7.31637068566145,175
"61955",353,179,7.70860549545778,174
"61956",353,180,8.7360978471648,173
"61957",353,181,7.85549130467287,172
"61958",353,182,9.13233232254138,171
"61959",353,183,8.9145457995014,170
"61960",353,184,7.91827218000259,169
"61961",353,185,8.02353867192355,168
"61962",353,186,8.30432645660237,167
"61963",353,187,8.20182905470172,166
"61964",353,188,7.48358344276162,165
"61965",353,189,8.41070275017739,164
"61966",353,190,7.06473777899597,163
"61967",353,191,7.80437245927742,162
"61968",353,192,9.41043514657831,161
"61969",353,193,9.02660913338525,160
"61970",353,194,7.6453098894643,159
"61971",353,195,8.25866076186795,158
"61972",353,196,6.54264368306429,157
"61973",353,197,7.16326511379644,156
"61974",353,198,8.07255366771248,155
"61975",353,199,8.16653085501912,154
"61976",353,200,8.92687216454395,153
"61977",353,201,9.51493146543199,152
"61978",353,202,10.6920195869095,151
"61979",353,203,10.8511895781624,150
"61980",353,204,10.765770553044,149
"61981",353,205,9.76240372609959,148
"61982",353,206,9.69025191073627,147
"61983",353,207,8.39837208519912,146
"61984",353,208,8.99499088167925,145
"61985",353,209,8.59205116196081,144
"61986",353,210,9.62866649172314,143
"61987",353,211,9.16417373295753,142
"61988",353,212,9.13413295661405,141
"61989",353,213,8.29787537592753,140
"61990",353,214,8.98376624127259,139
"61991",353,215,7.70954595240606,138
"61992",353,216,7.94282317862614,137
"61993",353,217,6.87284137824325,136
"61994",353,218,8.53244895677875,135
"61995",353,219,8.86581091289789,134
"61996",353,220,8.06071059785339,133
"61997",353,221,8.60909778284997,132
"61998",353,222,8.96955889902849,131
"61999",353,223,8.12727046936591,130
"62000",353,224,8.7403848113732,129
"62001",353,225,7.60480722127348,128
"62002",353,226,7.95976363079644,127
"62003",353,227,6.92706896091593,126
"62004",353,228,7.70665475205254,125
"62005",353,229,7.65161077219039,124
"62006",353,230,7.67491621565546,123
"62007",353,231,7.27081033124075,122
"62008",353,232,7.67649551927724,121
"62009",353,233,8.88878310831512,120
"62010",353,234,8.82593102162084,119
"62011",353,235,7.34124237632505,118
"62012",353,236,7.47648608108564,117
"62013",353,237,7.87958877315218,116
"62014",353,238,8.719407191426,115
"62015",353,239,10.3663462280002,114
"62016",353,240,8.74441697898861,113
"62017",353,241,6.53827516262202,112
"62018",353,242,6.79760148544431,111
"62019",353,243,7.29796346569055,110
"62020",353,244,6.35023601807034,109
"62021",353,245,6.78587770289939,108
"62022",353,246,6.95346473131853,107
"62023",353,247,7.97173800490575,106
"62024",353,248,7.67080239982717,105
"62025",353,249,8.06429022647352,104
"62026",353,250,7.54487182777752,103
"62027",353,251,7.16520548498599,102
"62028",353,252,7.67708879832736,101
"62029",353,253,6.84329834956926,100
"62030",353,254,7.09830984801119,99
"62031",353,255,7.16709346871758,98
"62032",353,256,6.64116927601691,97
"62033",353,257,6.62076093968361,96
"62034",353,258,6.60583051342928,95
"62035",353,259,3.63786375770217,94
"62036",353,260,4.27239316148215,93
"62037",353,261,4.18363736994526,92
"62038",353,262,5.04791440357458,91
"62039",353,263,6.59718647369925,90
"62040",353,264,7.55005704016795,89
"62041",353,265,7.23022939558216,88
"62042",353,266,7.76728457469351,87
"62043",353,267,7.77893089551915,86
"62044",353,268,8.17163660023195,85
"62045",353,269,7.70103423950837,84
"62046",353,270,7.59523466496998,83
"62047",353,271,6.96384770837672,82
"62048",353,272,5.63129122055608,81
"62049",353,273,5.19305074165218,80
"62050",353,274,4.67864340671169,79
"62051",353,275,2.81927790408625,78
"62052",353,276,3.96815589541675,77
"62053",353,277,4.326323294759,76
"62054",353,278,4.50141902605056,75
"62055",353,279,4.15023626979911,74
"62056",353,280,6.24193974169824,73
"62057",353,281,6.21453768483085,72
"62058",353,282,6.34717376283248,71
"62059",353,283,7.00078155375302,70
"62060",353,284,6.25119546045642,69
"62061",353,285,6.99287733616964,68
"62062",353,286,6.96000414479588,67
"62063",353,287,5.612387422643,66
"62064",353,288,6.01426021699795,65
"62065",353,289,6.37791748122771,64
"62066",353,290,4.50478744283375,63
"62067",353,291,5.54453436416843,62
"62068",353,292,6.78738572501315,61
"62069",353,293,6.54946208307342,60
"62070",353,294,3.59150146696982,59
"62071",353,295,3.66808596461189,58
"62072",353,296,4.16440562969342,57
"62073",353,297,4.73813412576368,56
"62074",353,298,3.42093939117118,55
"62075",353,299,4.28294263615429,54
"62076",353,300,4.63204239695826,53
"62077",353,301,1.75631281211237,52
"62078",353,302,4.91039539292723,51
"62079",353,303,0.858621630674824,50
"62080",353,304,2.64302921127598,49
"62081",353,305,2.86030131584498,48
"62082",353,306,3.66755216610911,47
"62083",353,307,3.1242999464788,46
"62084",353,308,3.56282023818459,45
"62085",353,309,1.76844956668303,44
"62086",353,310,3.15090122640106,43
"62087",353,311,4.45067735237994,42
"62088",353,312,4.24986118945677,41
"62089",353,313,4.52907182221083,40
"62090",353,314,3.04116003255791,39
"62091",353,315,3.58961038768556,38
"62092",353,316,2.44637962447033,37
"62093",353,317,5.27837420393938,36
"62094",353,318,6.40767255100241,35
"62095",353,319,4.71950211210377,34
"62096",353,320,5.47497483271281,33
"62097",353,321,2.88878690702437,32
"62098",353,322,1.7321340633474,31
"62099",353,323,2.35532070207662,30
"62100",353,324,3.61583630428784,29
"62101",353,325,5.20151729411745,28
"62102",353,326,5.38980106652049,27
"62103",353,327,5.58682283915046,26
"62104",353,328,2.29310401977377,25
"62105",353,329,2.77665503770367,24
"62106",353,330,3.50638130287818,23
"62107",353,331,3.98510413461734,22
"62108",353,332,4.82682594038307,21
"62109",353,333,5.43633756266084,20
"62110",353,334,1.97860798946266,19
"62111",353,335,1.81129087927752,18
"62112",353,336,1.91400773115463,17
"62113",353,337,1.69538262121121,16
"62114",353,338,3.29793685936961,15
"62115",353,339,4.72184489838231,14
"62116",353,340,5.9922180458707,13
"62117",353,341,5.57138003006828,12
"62118",353,342,1.68641222928499,11
"62119",353,343,2.21550090514235,10
"62120",353,344,1.91656647370929,9
"62121",353,345,2.86843409944087,8
"62122",353,346,1.8382877962179,7
"62123",353,347,1.09903691655111,6
"62124",353,348,2.65273439622204,5
"62125",353,349,3.592946380362,4
"62126",353,350,3.46373308515935,3
"62127",353,351,1.99016182381581,2
"62128",353,352,1.0132871681498,1
"62129",354,1,3.28387820204412,353
"62130",354,2,3.86742222154724,352
"62131",354,3,7.17083921526927,351
"62132",354,4,4.59282435508634,350
"62133",354,5,5.66595240671648,349
"62134",354,6,3.78346264967866,348
"62135",354,7,5.3775539269901,347
"62136",354,8,7.23120211467573,346
"62137",354,9,9.97089411037576,345
"62138",354,10,7.2226904574049,344
"62139",354,11,5.04148618196481,343
"62140",354,12,7.38192960105387,342
"62141",354,13,8.31777861000676,341
"62142",354,14,4.92888022511748,340
"62143",354,15,4.53937904328222,339
"62144",354,16,5.28340034206507,338
"62145",354,17,6.01540899800942,337
"62146",354,18,5.81434596548509,336
"62147",354,19,4.63414360284395,335
"62148",354,20,4.64342885315154,334
"62149",354,21,8.9633668353066,333
"62150",354,22,8.38911580257446,332
"62151",354,23,8.76290615238129,331
"62152",354,24,6.90446060143668,330
"62153",354,25,3.90938163868323,329
"62154",354,26,8.24329104096942,328
"62155",354,27,4.43952327781745,327
"62156",354,28,5.20788685745146,326
"62157",354,29,4.74372386712941,325
"62158",354,30,3.61019063861378,324
"62159",354,31,5.42486450117277,323
"62160",354,32,4.56005593368985,322
"62161",354,33,6.37066924697723,321
"62162",354,34,7.75486513373152,320
"62163",354,35,3.91322006957511,319
"62164",354,36,6.26360751917671,318
"62165",354,37,3.0873763651461,317
"62166",354,38,2.81989192981915,316
"62167",354,39,7.8150863047196,315
"62168",354,40,6.81252261186566,314
"62169",354,41,7.53524670262186,313
"62170",354,42,4.46039868188419,312
"62171",354,43,5.09388640988561,311
"62172",354,44,4.80552349664292,310
"62173",354,45,6.14431412588318,309
"62174",354,46,7.40470199135476,308
"62175",354,47,5.05587685679688,307
"62176",354,48,3.37196641643696,306
"62177",354,49,5.22697937239513,305
"62178",354,50,8.62842294617938,304
"62179",354,51,5.48038950084966,303
"62180",354,52,5.26421296039697,302
"62181",354,53,5.60171452880782,301
"62182",354,54,4.26050453779452,300
"62183",354,55,5.04857934654116,299
"62184",354,56,5.30836678637171,298
"62185",354,57,4.04256466397701,297
"62186",354,58,2.20253156526172,296
"62187",354,59,4.92066963021881,295
"62188",354,60,4.77584341159609,294
"62189",354,61,5.54044944563835,293
"62190",354,62,7.48650411547906,292
"62191",354,63,4.4461106921622,291
"62192",354,64,4.09160003404991,290
"62193",354,65,6.57268971548896,289
"62194",354,66,6.74262618072615,288
"62195",354,67,3.61330409295447,287
"62196",354,68,5.22437467296054,286
"62197",354,69,6.79971631721672,285
"62198",354,70,4.21820486065633,284
"62199",354,71,3.3324719953616,283
"62200",354,72,3.46668328841335,282
"62201",354,73,2.78724858856204,281
"62202",354,74,3.39210644673796,280
"62203",354,75,3.58305656889279,279
"62204",354,76,2.22196656922608,278
"62205",354,77,4.99549856426408,277
"62206",354,78,6.68637530828331,276
"62207",354,79,3.97505277031603,275
"62208",354,80,4.14549779257226,274
"62209",354,81,3.11649298835329,273
"62210",354,82,4.92707216817384,272
"62211",354,83,6.01657533436775,271
"62212",354,84,5.36519783207565,270
"62213",354,85,5.74560335764733,269
"62214",354,86,4.87485476462546,268
"62215",354,87,6.39825907456819,267
"62216",354,88,5.88216738750531,266
"62217",354,89,3.55325189233183,265
"62218",354,90,6.66850806062345,264
"62219",354,91,5.18242003913479,263
"62220",354,92,3.59142237162931,262
"62221",354,93,2.65924127387946,261
"62222",354,94,7.95379214657112,260
"62223",354,95,4.59369382598138,259
"62224",354,96,3.61527764533853,258
"62225",354,97,2.02236383564203,257
"62226",354,98,5.04941565928358,256
"62227",354,99,3.80243982914008,255
"62228",354,100,3.40809089140875,254
"62229",354,101,7.23501971197866,253
"62230",354,102,5.45708429852771,252
"62231",354,103,4.33302256861334,251
"62232",354,104,2.18657243922057,250
"62233",354,105,3.4609459956279,249
"62234",354,106,6.11687244681973,248
"62235",354,107,4.80009329360559,247
"62236",354,108,3.57806352749626,246
"62237",354,109,3.37615676981615,245
"62238",354,110,5.45571690294476,244
"62239",354,111,5.71616809477602,243
"62240",354,112,4.27999907998451,242
"62241",354,113,5.12001007549303,241
"62242",354,114,5.90646564711781,240
"62243",354,115,5.99179331646389,239
"62244",354,116,7.85637635563798,238
"62245",354,117,8.04815299972312,237
"62246",354,118,7.32389289010901,236
"62247",354,119,5.04621317248716,235
"62248",354,120,4.07618126535711,234
"62249",354,121,2.62245401320373,233
"62250",354,122,4.91324414301793,232
"62251",354,123,7.63764169598388,231
"62252",354,124,4.57606608637208,230
"62253",354,125,4.86564832893049,229
"62254",354,126,3.58410083065636,228
"62255",354,127,3.71428793643175,227
"62256",354,128,2.58994827908979,226
"62257",354,129,3.82151467327502,225
"62258",354,130,3.66152786853196,224
"62259",354,131,3.36488384944239,223
"62260",354,132,4.94342935331872,222
"62261",354,133,5.07645494867542,221
"62262",354,134,5.00436633205235,220
"62263",354,135,5.49477661590224,219
"62264",354,136,4.88085752897041,218
"62265",354,137,6.9612002400142,217
"62266",354,138,5.98821546075287,216
"62267",354,139,4.21165448993027,215
"62268",354,140,4.01579089704652,214
"62269",354,141,4.09724347964048,213
"62270",354,142,5.3242755862876,212
"62271",354,143,7.12745263983848,211
"62272",354,144,6.57249570464634,210
"62273",354,145,5.77594540995761,209
"62274",354,146,6.93603622507379,208
"62275",354,147,6.99592382100544,207
"62276",354,148,6.93042910307512,206
"62277",354,149,7.37614808195704,205
"62278",354,150,6.38813494425871,204
"62279",354,151,6.7691193849,203
"62280",354,152,8.20782049162799,202
"62281",354,153,9.3506158027084,201
"62282",354,154,7.50126568877142,200
"62283",354,155,5.2588993382829,199
"62284",354,156,5.3021204263059,198
"62285",354,157,4.8205267092935,197
"62286",354,158,6.26951904523848,196
"62287",354,159,7.03624738213011,195
"62288",354,160,7.7473821003324,194
"62289",354,161,6.54378141864842,193
"62290",354,162,6.61432119753483,192
"62291",354,163,6.73836436040153,191
"62292",354,164,7.49454282644004,190
"62293",354,165,6.76182705806845,189
"62294",354,166,5.61416021333717,188
"62295",354,167,6.0432468610575,187
"62296",354,168,5.62698915701427,186
"62297",354,169,5.65419829267085,185
"62298",354,170,5.43620466415741,184
"62299",354,171,5.76938832990419,183
"62300",354,172,6.88571771702412,182
"62301",354,173,7.47711980431307,181
"62302",354,174,8.31459321750465,180
"62303",354,175,6.85744087431081,179
"62304",354,176,7.06474437961894,178
"62305",354,177,5.26592653086586,177
"62306",354,178,5.2957392041636,176
"62307",354,179,6.59763784458204,175
"62308",354,180,7.84835771028436,174
"62309",354,181,6.96775116779243,173
"62310",354,182,6.41632059121281,172
"62311",354,183,6.52247690958611,171
"62312",354,184,7.5963767742249,170
"62313",354,185,5.32378732067372,169
"62314",354,186,6.20347838348997,168
"62315",354,187,7.28133909219977,167
"62316",354,188,6.80543934933367,166
"62317",354,189,8.08880734439969,165
"62318",354,190,6.23223950484897,164
"62319",354,191,6.91663232239697,163
"62320",354,192,9.06612538900183,162
"62321",354,193,8.1388689965048,161
"62322",354,194,6.54884805827838,160
"62323",354,195,7.3709206249875,159
"62324",354,196,5.65490354618385,158
"62325",354,197,6.275524976916,157
"62326",354,198,7.30246534741234,156
"62327",354,199,7.84463544924143,155
"62328",354,200,7.50480922862202,154
"62329",354,201,7.65632342693746,153
"62330",354,202,10.3701241811319,152
"62331",354,203,8.92830978198513,151
"62332",354,204,8.79401580913783,150
"62333",354,205,8.77777206165656,149
"62334",354,206,7.23316116345534,148
"62335",354,207,7.51063194831868,147
"62336",354,208,8.10725074479881,146
"62337",354,209,7.70431102508036,145
"62338",354,210,8.7409263548427,144
"62339",354,211,8.1630510004676,143
"62340",354,212,8.03614470770987,142
"62341",354,213,6.98930087007121,141
"62342",354,214,8.09602610439214,140
"62343",354,215,6.41709656865712,139
"62344",354,216,7.62092777284845,138
"62345",354,217,6.46130201119231,137
"62346",354,218,8.21055355100106,136
"62347",354,219,8.5439155071202,135
"62348",354,220,7.17297046097295,134
"62349",354,221,7.15496489088888,133
"62350",354,222,8.08181876214804,132
"62351",354,223,7.02884003093997,131
"62352",354,224,6.62296763676889,130
"62353",354,225,7.28291181549579,129
"62354",354,226,7.63786822501875,128
"62355",354,227,6.60517355513824,127
"62356",354,228,6.8189146151721,126
"62357",354,229,6.00359078051077,125
"62358",354,230,7.35302080987777,124
"62359",354,231,6.0752524750544,123
"62360",354,232,5.57468324381353,122
"62361",354,233,8.56688770253743,121
"62362",354,234,7.9381908847404,120
"62363",354,235,5.77375289990282,119
"62364",354,236,6.71759821372395,118
"62365",354,237,7.55769336737449,117
"62366",354,238,6.08424932484629,116
"62367",354,239,10.0444508222225,115
"62368",354,240,7.85667684210816,114
"62369",354,241,5.31054330580316,113
"62370",354,242,4.66423947690822,112
"62371",354,243,4.11420945821045,111
"62372",354,244,5.2193938989513,110
"62373",354,245,5.60647276983153,109
"62374",354,246,6.63156932554084,108
"62375",354,247,7.64984259912806,107
"62376",354,248,7.34890699404948,106
"62377",354,249,7.74239482069583,105
"62378",354,250,5.24937533955232,104
"62379",354,251,6.8433100792083,103
"62380",354,252,6.09321050858883,102
"62381",354,253,6.01969991462989,101
"62382",354,254,5.27187760001194,100
"62383",354,255,4.66070379198984,99
"62384",354,256,5.51053524608458,98
"62385",354,257,6.15330714780115,97
"62386",354,258,6.28393510765159,96
"62387",354,259,2.52348848534446,95
"62388",354,260,3.95049775570445,94
"62389",354,261,3.86174196416757,93
"62390",354,262,4.17577916583474,92
"62391",354,263,5.28837607764511,91
"62392",354,264,5.23852207787695,90
"62393",354,265,5.74378886752133,89
"62394",354,266,4.98657352423869,88
"62395",354,267,4.99865163012676,87
"62396",354,268,4.95404490339096,86
"62397",354,269,5.76134945164133,85
"62398",354,270,5.84987916634324,84
"62399",354,271,6.01073976585773,83
"62400",354,272,5.30905766984998,82
"62401",354,273,4.87115533587449,81
"62402",354,274,4.356748000934,80
"62403",354,275,4.31466553759157,79
"62404",354,276,1.47360641758975,78
"62405",354,277,4.00442788898131,77
"62406",354,278,4.17952362027287,76
"62407",354,279,2.6173226935228,75
"62408",354,280,3.02434804485725,74
"62409",354,281,2.99694598798986,73
"62410",354,282,3.17846221595005,72
"62411",354,283,3.78318985691203,71
"62412",354,284,5.15276323216771,70
"62413",354,285,6.67098193039195,69
"62414",354,286,5.82892792534179,68
"62415",354,287,5.2904920168653,67
"62416",354,288,5.1265200801175,66
"62417",354,289,5.49017734434726,65
"62418",354,290,3.61704730595331,64
"62419",354,291,3.58890474236962,63
"62420",354,292,6.46549031923545,62
"62421",354,293,6.21075927492711,61
"62422",354,294,2.70376133008938,60
"62423",354,295,1.14728946825393,59
"62424",354,296,1.93372111978438,58
"62425",354,297,3.00893155025543,57
"62426",354,298,2.74070456306191,56
"62427",354,299,3.3301728385637,55
"62428",354,300,4.31014699118057,54
"62429",354,301,3.62777813773484,53
"62430",354,302,8.69383182087097,52
"62431",354,303,3.02160228023815,51
"62432",354,304,2.0255925927742,50
"62433",354,305,1.56753979831597,49
"62434",354,306,1.20836541579463,48
"62435",354,307,1.86394831978013,47
"62436",354,308,3.03923600398351,46
"62437",354,309,3.46073462979372,45
"62438",354,310,1.93790563686451,44
"62439",354,311,1.23308565553896,43
"62440",354,312,1.22648693391823,42
"62441",354,313,1.32773709308169,41
"62442",354,314,3.52713945971959,40
"62443",354,315,5.8873484719016,39
"62444",354,316,2.92726111984965,38
"62445",354,317,4.39063406705893,37
"62446",354,318,5.51993241412197,36
"62447",354,319,4.39760670632608,35
"62448",354,320,4.2149353397942,34
"62449",354,321,4.60356723117631,33
"62450",354,322,4.83623911998555,32
"62451",354,323,4.02525265429483,31
"62452",354,324,3.29394089851015,30
"62453",354,325,3.97334145791405,29
"62454",354,326,3.66059849101224,28
"62455",354,327,5.26492743337277,27
"62456",354,328,2.11220629580874,26
"62457",354,329,1.09081840208315,25
"62458",354,330,0.870921157397275,24
"62459",354,331,3.66320872883965,23
"62460",354,332,3.70446345562252,22
"62461",354,333,5.11444215688315,21
"62462",354,334,4.36073589656301,20
"62463",354,335,4.15391287296449,19
"62464",354,336,1.86942869678911,18
"62465",354,337,2.08805380673253,17
"62466",354,338,2.34551428206026,16
"62467",354,339,1.61070974016081,15
"62468",354,340,5.67032264009301,14
"62469",354,341,5.24948462429059,13
"62470",354,342,4.90400392612598,12
"62471",354,343,2.35227648469614,11
"62472",354,344,5.13415817055028,10
"62473",354,345,3.31962832249665,9
"62474",354,346,2.7749080830569,8
"62475",354,347,2.75723607029726,7
"62476",354,348,1.49958930982024,6
"62477",354,349,3.22623571690864,5
"62478",354,350,3.87769739800997,4
"62479",354,351,5.20775352065679,3
"62480",354,352,4.14980211561828,2
"62481",354,353,3.78343642794374,1
"62482",355,1,2.28986376503508,354
"62483",355,2,2.76356039296268,353
"62484",355,3,7.42057834384352,352
"62485",355,4,6.4319486917638,351
"62486",355,5,6.81307615298451,350
"62487",355,6,7.46237631728874,349
"62488",355,7,6.99740428317021,348
"62489",355,8,7.48094124324998,347
"62490",355,9,10.22063323895,346
"62491",355,10,7.47242958597915,345
"62492",355,11,6.65043372527519,344
"62493",355,12,7.576163964046,343
"62494",355,13,8.567517738581,342
"62495",355,14,7.64582879593783,341
"62496",355,15,6.43918738903445,340
"62497",355,16,6.39064899792949,339
"62498",355,17,6.97741140154914,338
"62499",355,18,4.47001903793598,337
"62500",355,19,3.25675240163225,336
"62501",355,20,5.55634821977566,335
"62502",355,21,9.21310596388086,334
"62503",355,22,9.92458599354301,333
"62504",355,23,9.01264528095554,332
"62505",355,24,8.79472285574852,331
"62506",355,25,6.25222084208269,330
"62507",355,26,4.95788216862617,329
"62508",355,27,6.24895872932682,328
"62509",355,28,5.35205587767673,327
"62510",355,29,6.21391944669162,326
"62511",355,30,5.99006090469952,325
"62512",355,31,6.45234812497569,324
"62513",355,32,5.81880037251459,323
"62514",355,33,4.20014243447086,322
"62515",355,34,8.00460426230577,321
"62516",355,35,6.59658824788988,320
"62517",355,36,4.54721712578726,319
"62518",355,37,5.40760290150078,318
"62519",355,38,5.3053347149587,317
"62520",355,39,8.06482543329384,316
"62521",355,40,7.90921074150446,315
"62522",355,41,7.78498583119611,314
"62523",355,42,7.64549590050897,313
"62524",355,43,5.81268457645615,312
"62525",355,44,5.05526262521717,311
"62526",355,45,6.32667408394526,310
"62527",355,46,7.65444111992901,309
"62528",355,47,5.30561598537113,308
"62529",355,48,2.50003425868449,307
"62530",355,49,4.35504721464266,306
"62531",355,50,8.87816207475363,305
"62532",355,51,5.73012862942391,304
"62533",355,52,5.38509981945247,303
"62534",355,53,6.52038235921485,302
"62535",355,54,7.82112470498872,301
"62536",355,55,3.92718403580566,300
"62537",355,56,3.98820041226401,299
"62538",355,57,5.19824607804855,298
"62539",355,58,3.81599821728703,297
"62540",355,59,1.50505122161153,296
"62541",355,60,5.15498800315662,295
"62542",355,61,5.7901885742126,294
"62543",355,62,7.7362432440533,293
"62544",355,63,4.96376626442448,292
"62545",355,64,1.73619179548878,291
"62546",355,65,3.2872808431457,290
"62547",355,66,6.9923653093004,289
"62548",355,67,6.48366641667795,288
"62549",355,68,3.08636179587785,287
"62550",355,69,7.04945544579097,286
"62551",355,70,3.73987421046595,285
"62552",355,71,3.5984680916477,284
"62553",355,72,3.7164224169876,283
"62554",355,73,5.23425346192076,282
"62555",355,74,3.79670997301337,281
"62556",355,75,1.87323383777359,280
"62557",355,76,2.1851135894439,279
"62558",355,77,4.1235664065116,278
"62559",355,78,5.81444315053084,277
"62560",355,79,4.58059839701878,276
"62561",355,80,2.0142915746212,275
"62562",355,81,1.85239707261438,274
"62563",355,82,1.89401635795392,273
"62564",355,83,3.43707736150634,272
"62565",355,84,5.6149369606499,271
"62566",355,85,6.30302835992302,270
"62567",355,86,6.08960749657476,269
"62568",355,87,6.88719672326742,268
"62569",355,88,6.13190651607956,267
"62570",355,89,4.375740352012,266
"62571",355,90,3.48074503914461,265
"62572",355,91,4.21082574423029,264
"62573",355,92,3.68769493012171,263
"62574",355,93,3.92827927241215,262
"62575",355,94,7.08185998881865,261
"62576",355,95,4.14858639289642,260
"62577",355,96,3.86501677391278,259
"62578",355,97,2.58653399672975,258
"62579",355,98,2.06093308014522,257
"62580",355,99,2.81425754464788,256
"62581",355,100,0.998989267261232,255
"62582",355,101,4.72888365304286,254
"62583",355,102,2.65230086838446,253
"62584",355,103,0.834025311075747,252
"62585",355,104,4.19407440258988,251
"62586",355,105,1.56936924282005,250
"62587",355,106,1.79952456955439,249
"62588",355,107,3.92816113585312,248
"62589",355,108,4.21043411163029,247
"62590",355,109,3.20727770390421,246
"62591",355,110,4.33167370966305,245
"62592",355,111,4.84423593702354,244
"62593",355,112,2.77462759933753,243
"62594",355,113,0.712929916823045,242
"62595",355,114,2.89824258866103,241
"62596",355,115,3.62093190240309,240
"62597",355,116,5.18605214444366,239
"62598",355,117,3.94919958719649,238
"62599",355,118,5.03454542988456,237
"62600",355,119,4.17428101473469,236
"62601",355,120,3.20424910760463,235
"62602",355,121,2.50202240871999,234
"62603",355,122,3.21873851375496,233
"62604",355,123,5.39871644286528,232
"62605",355,124,2.62970958897559,231
"62606",355,125,3.99371617117801,230
"62607",355,126,2.71216867290389,229
"62608",355,127,4.42773526993829,228
"62609",355,128,5.04806261074265,227
"62610",355,129,4.13048865011088,226
"62611",355,130,5.53972841350835,225
"62612",355,131,4.6095609049674,224
"62613",355,132,2.85201282626524,223
"62614",355,133,1.75338939703118,222
"62615",355,134,2.84594994728461,221
"62616",355,135,2.86740523773156,220
"62617",355,136,3.87939324778379,219
"62618",355,137,2.82863202275033,218
"62619",355,138,2.0989652432147,217
"62620",355,139,3.1352684327792,216
"62621",355,140,3.98146895623923,215
"62622",355,141,5.42574945782185,214
"62623",355,142,4.28844963257938,213
"62624",355,143,3.37025422411433,212
"62625",355,144,4.11747887905991,211
"62626",355,145,5.29531141025972,210
"62627",355,146,5.52637302598175,209
"62628",355,147,5.33965070135821,208
"62629",355,148,4.25451138837253,207
"62630",355,149,3.69539303855782,206
"62631",355,150,6.65723206686093,205
"62632",355,151,8.2056160577998,204
"62633",355,152,6.60998118684094,203
"62634",355,153,8.47868364495592,202
"62635",355,154,6.62933353101894,201
"62636",355,155,6.942770594019,200
"62637",355,156,5.81398476584517,199
"62638",355,157,6.47518519581563,198
"62639",355,158,6.23773857775078,197
"62640",355,159,8.00586723108185,196
"62641",355,160,8.73568923833663,195
"62642",355,161,7.64589428998796,194
"62643",355,162,6.67788954690629,193
"62644",355,163,5.32023185556448,192
"62645",355,164,6.62261066868757,191
"62646",355,165,5.88989490031597,190
"62647",355,166,6.13351235793846,189
"62648",355,167,4.3102938580714,188
"62649",355,168,4.90555413694046,187
"62650",355,169,6.42675103418765,186
"62651",355,170,6.7119816830645,185
"62652",355,171,4.58415238922471,184
"62653",355,172,4.9710608252401,183
"62654",355,173,6.37626418989471,182
"62655",355,174,5.99163095254298,181
"62656",355,175,5.98550871655834,180
"62657",355,176,6.5004980955679,179
"62658",355,177,7.69394292608648,178
"62659",355,178,6.53822423922468,177
"62660",355,179,7.2105779398573,176
"62661",355,180,6.97642555253188,175
"62662",355,181,7.03450933129599,174
"62663",355,182,8.6343047669409,173
"62664",355,183,8.41651824390092,172
"62665",355,184,5.55353340009951,171
"62666",355,185,7.5199041668929,170
"62667",355,186,7.80629890100189,169
"62668",355,187,6.2807792471991,168
"62669",355,188,6.80067446110637,167
"62670",355,189,5.03191287872722,166
"62671",355,190,6.56671022339549,165
"62672",355,191,7.03127700999254,164
"62673",355,192,7.65076285194539,163
"62674",355,193,7.81696858152777,162
"62675",355,194,7.14728233386382,161
"62676",355,195,6.49898846723503,160
"62677",355,196,5.78614334641967,159
"62678",355,197,5.74324639417353,158
"62679",355,198,6.31288137307956,157
"62680",355,199,6.36753552043619,156
"62681",355,200,8.25516363582714,155
"62682",355,201,8.08129632661922,154
"62683",355,202,8.20962899042617,153
"62684",355,203,10.353162022562,152
"62685",355,204,10.2677429974435,151
"62686",355,205,9.26437617049911,150
"62687",355,206,7.58432067717888,149
"62688",355,207,7.18862748874828,148
"62689",355,208,8.22210352158108,147
"62690",355,209,7.94880336518397,146
"62691",355,210,9.09833308988568,145
"62692",355,211,8.66614617735705,144
"62693",355,212,8.63610540101357,143
"62694",355,213,7.79984782032705,142
"62695",355,214,7.62856730331034,141
"62696",355,215,6.94259995890773,140
"62697",355,216,5.20041060382569,139
"62698",355,217,6.06788227224316,138
"62699",355,218,5.19288083949598,137
"62700",355,219,6.0722106477957,136
"62701",355,220,7.06121411342629,135
"62702",355,221,8.11107022724949,134
"62703",355,222,7.75981430257765,133
"62704",355,223,7.62924291376543,132
"62705",355,224,8.24235725577272,131
"62706",355,225,4.86570098217239,130
"62707",355,226,3.77982539508291,129
"62708",355,227,4.48829422582283,128
"62709",355,228,5.94698245741962,127
"62710",355,229,7.15358321658991,126
"62711",355,230,5.68554723729209,125
"62712",355,231,5.62427246514425,124
"62713",355,232,6.68544634555675,123
"62714",355,233,5.34752616260896,122
"62715",355,234,7.06625872698792,121
"62716",355,235,6.84321482072457,120
"62717",355,236,5.71681378645272,119
"62718",355,237,4.59077728014493,118
"62719",355,238,6.5574468013326,117
"62720",355,239,5.74941553070262,116
"62721",355,240,6.98474468435569,115
"62722",355,241,6.04024760702154,114
"62723",355,242,6.29957392984383,113
"62724",355,243,6.79993591009007,112
"62725",355,244,5.82979411067107,111
"62726",355,245,5.08332412618877,110
"62727",355,246,5.06767131436029,109
"62728",355,247,5.19427533888484,108
"62729",355,248,4.08142110193522,107
"62730",355,249,3.33531466202585,106
"62731",355,250,4.07754100236228,105
"62732",355,251,3.18150134274591,104
"62733",355,252,4.20975797291213,103
"62734",355,253,4.78218237368754,102
"62735",355,254,5.57503074792517,101
"62736",355,255,5.93392357943576,100
"62737",355,256,5.13469757829951,99
"62738",355,257,5.32158501981976,98
"62739",355,258,3.88252933435511,97
"62740",355,259,3.13983620210169,96
"62741",355,260,2.25105034337259,95
"62742",355,261,2.76714501961875,94
"62743",355,262,3.84397594849226,93
"62744",355,263,3.12985564828401,92
"62745",355,264,4.08272621475272,91
"62746",355,265,3.76289857016692,90
"62747",355,266,4.29995374927827,89
"62748",355,267,4.31160007010391,88
"62749",355,268,4.88358025144131,87
"62750",355,269,4.36816263304205,86
"62751",355,270,4.12790383955475,85
"62752",355,271,3.62536915248024,84
"62753",355,272,4.30409399946327,83
"62754",355,273,3.68713561702917,82
"62755",355,274,1.8944185303742,81
"62756",355,275,1.9256424942932,80
"62757",355,276,3.09012320501358,79
"62758",355,277,1.9961909748237,78
"62759",355,278,3.7500727622032,77
"62760",355,279,3.65220871419863,76
"62761",355,280,5.11643134902882,75
"62762",355,281,4.85933260843098,74
"62763",355,282,4.63901323669169,73
"62764",355,283,5.20858401576915,72
"62765",355,284,3.45055378035563,71
"62766",355,285,2.26390177172197,70
"62767",355,286,3.49267331938065,69
"62768",355,287,2.7938487787873,68
"62769",355,288,4.25458792236503,67
"62770",355,289,4.61824518659479,66
"62771",355,290,3.94217420590766,65
"62772",355,291,4.18372233833839,64
"62773",355,292,2.05841016056547,63
"62774",355,293,4.7897897884405,62
"62775",355,294,1.98904466884707,61
"62776",355,295,3.25979069041606,60
"62777",355,296,2.4733590388856,59
"62778",355,297,2.43051406378291,58
"62779",355,298,2.9229118355707,57
"62780",355,299,2.67001957479502,56
"62781",355,300,1.12855233457678,55
"62782",355,301,3.87751726630909,54
"62783",355,302,5.40842294852771,53
"62784",355,303,4.05523535982762,52
"62785",355,304,3.81688423053547,51
"62786",355,305,2.83954036035402,50
"62787",355,306,3.4233475154531,49
"62788",355,307,2.54313183888986,48
"62789",355,308,2.67825979685444,47
"62790",355,309,4.55162227335294,46
"62791",355,310,3.68086238983436,45
"62792",355,311,3.28703375158244,44
"62793",355,312,3.18059322475176,43
"62794",355,313,3.0793430655883,42
"62795",355,314,1.68781553188976,41
"62796",355,315,6.13708760047585,40
"62797",355,316,3.41989235161302,39
"62798",355,317,3.51870190930646,38
"62799",355,318,4.64800025636949,37
"62800",355,319,2.83691098625155,36
"62801",355,320,2.00764400729757,35
"62802",355,321,4.85330635975056,34
"62803",355,322,6.46110962779508,33
"62804",355,323,4.27499178286908,32
"62805",355,324,2.14518487769348,31
"62806",355,325,1.73418646870221,30
"62807",355,326,2.14710301368299,29
"62808",355,327,2.20803296770029,28
"62809",355,328,3.76904450492684,27
"62810",355,329,3.87715070605599,26
"62811",355,330,3.94011418651099,25
"62812",355,331,1.73121082557901,24
"62813",355,332,2.90967545022996,23
"62814",355,333,1.0771248503227,22
"62815",355,334,4.36957788846837,21
"62816",355,335,4.43595784777571,20
"62817",355,336,4.8483376675093,19
"62818",355,337,5.36992391969557,18
"62819",355,338,3.74441041270311,17
"62820",355,339,2.88624485006259,16
"62821",355,340,1.26324248142303,15
"62822",355,341,1.829317410923,14
"62823",355,342,5.15374305470023,13
"62824",355,343,4.85914180870801,12
"62825",355,344,5.38389729912453,11
"62826",355,345,7.59740966388854,10
"62827",355,346,6.11907044614312,9
"62828",355,347,5.10997654207563,8
"62829",355,348,4.98786928764654,7
"62830",355,349,2.39405642258666,6
"62831",355,350,4.12743652658422,5
"62832",355,351,5.45749264923104,4
"62833",355,352,5.74226273259748,3
"62834",355,353,4.72897556444768,2
"62835",355,354,4.40708015866999,1
"62836",356,1,2.90727166791847,355
"62837",356,2,4.31657008875261,354
"62838",356,3,8.97358803963345,353
"62839",356,4,6.39557317945052,352
"62840",356,5,7.46870123108066,351
"62841",356,6,5.58621147404284,350
"62842",356,7,7.18030275135428,349
"62843",356,8,9.0339509390399,348
"62844",356,9,11.7736429347399,347
"62845",356,10,9.02543928176908,346
"62846",356,11,5.62136874775421,345
"62847",356,12,9.12917365983593,344
"62848",356,13,10.1205274343709,343
"62849",356,14,6.73162904948166,342
"62850",356,15,6.3421278676464,341
"62851",356,16,7.08614916642925,340
"62852",356,17,7.8181578223736,339
"62853",356,18,5.43773943135943,338
"62854",356,19,4.46945824370369,337
"62855",356,20,6.44617767751572,336
"62856",356,21,10.7661156596708,335
"62857",356,22,10.1918646269386,334
"62858",356,23,10.5656549767455,333
"62859",356,24,8.70720942580086,332
"62860",356,25,5.42250530543143,331
"62861",356,26,7.86668450684377,330
"62862",356,27,5.00413127633426,329
"62863",356,28,4.8312803233258,328
"62864",356,29,5.78917147852947,327
"62865",356,30,3.70857474134709,326
"62866",356,31,7.11556845838681,325
"62867",356,32,3.96605342397692,324
"62868",356,33,5.99406271285157,323
"62869",356,34,9.5576139580957,322
"62870",356,35,5.71596889393929,321
"62871",356,36,5.88700098505106,320
"62872",356,37,4.89012518951028,319
"62873",356,38,2.32915320622893,318
"62874",356,39,9.61783512908377,317
"62875",356,40,8.61527143622983,316
"62876",356,41,9.33799552698604,315
"62877",356,42,6.26314750624837,314
"62878",356,43,6.89663523424979,313
"62879",356,44,6.6082723210071,312
"62880",356,45,7.87968377973519,311
"62881",356,46,9.20745081571894,310
"62882",356,47,6.85862568116105,309
"62883",356,48,4.12042312498658,308
"62884",356,49,5.97543608094475,307
"62885",356,50,10.4311717705436,306
"62886",356,51,7.28313832521383,305
"62887",356,52,6.9381095152424,304
"62888",356,53,7.404463353172,303
"62889",356,54,6.0632533621587,302
"62890",356,55,5.48019373159559,301
"62891",356,56,5.54121010805395,300
"62892",356,57,5.84531348834119,299
"62893",356,58,2.86798397799022,298
"62894",356,59,4.41385355982914,297
"62895",356,60,6.57859223596027,296
"62896",356,61,7.34319827000253,295
"62897",356,62,9.28925293984323,294
"62898",356,63,6.047170688103,293
"62899",356,64,3.71499349992426,292
"62900",356,65,6.19608318136331,291
"62901",356,66,8.54537500509033,290
"62902",356,67,5.41605291731864,289
"62903",356,68,4.84776813883488,288
"62904",356,69,8.6024651415809,287
"62905",356,70,5.29288390625589,286
"62906",356,71,5.13522081972578,285
"62907",356,72,5.26943211277753,284
"62908",356,73,4.58999741292621,283
"62909",356,74,4.3849401657633,282
"62910",356,75,3.20645003476714,281
"62911",356,76,3.4306455007191,280
"62912",356,77,5.7439552728137,279
"62913",356,78,7.43483201683293,278
"62914",356,79,5.77780159468021,277
"62915",356,80,3.56730127041113,276
"62916",356,81,3.47278593891648,275
"62917",356,82,4.55046563404819,274
"62918",356,83,5.6399688002421,273
"62919",356,84,7.16794665643983,272
"62920",356,85,7.54835218201151,271
"62921",356,86,6.67760358898964,270
"62922",356,87,8.20100789893237,269
"62923",356,88,7.68491621186949,268
"62924",356,89,4.66689721958278,267
"62925",356,90,6.29190152649779,266
"62926",356,91,5.76383544002022,265
"62927",356,92,4.60983023409874,264
"62928",356,93,4.46199009824364,263
"62929",356,94,8.70224885512074,262
"62930",356,95,5.70159608868635,261
"62931",356,96,5.41802646970271,260
"62932",356,97,2.66997612997995,259
"62933",356,98,4.67280912515792,258
"62934",356,99,3.42583329501443,257
"62935",356,100,1.97719224146854,256
"62936",356,101,6.34927251934496,255
"62937",356,102,4.27268973468655,254
"62938",356,103,3.216204672358,253
"62939",356,104,2.93502914777018,252
"62940",356,105,3.18975810912215,251
"62941",356,106,4.708326907772,250
"62942",356,107,5.54855000215521,249
"62943",356,108,4.32652023604587,248
"62944",356,109,3.17780544221503,247
"62945",356,110,5.95206257596514,246
"62946",356,111,6.46462480332563,245
"62947",356,112,4.27876234739857,244
"62948",356,113,3.68911142555282,243
"62949",356,114,4.4755669971776,242
"62950",356,115,4.56089466652367,241
"62951",356,116,6.80644101074575,240
"62952",356,117,6.6172543497829,239
"62953",356,118,6.65493429618665,238
"62954",356,119,5.79466988103678,237
"62955",356,120,4.82463797390672,236
"62956",356,121,1.19155536326351,235
"62957",356,122,3.85210834518725,234
"62958",356,123,7.01910530916737,233
"62959",356,124,4.18271928476552,232
"62960",356,125,5.6141050374801,231
"62961",356,126,4.33255753920598,230
"62962",356,127,4.46274464498137,229
"62963",356,128,2.85099031894956,228
"62964",356,129,4.56997138182464,227
"62965",356,130,4.40998457708158,226
"62966",356,131,3.60911848693355,225
"62967",356,132,3.64698992232743,224
"62968",356,133,3.6455562987352,223
"62969",356,134,3.57346768211213,222
"62970",356,135,4.06387796596202,221
"62971",356,136,3.4499588790302,220
"62972",356,137,5.53030159007398,219
"62973",356,138,4.55731681081265,218
"62974",356,139,2.78075583999006,217
"62975",356,140,3.09472126759494,216
"62976",356,141,4.42551512897471,215
"62977",356,142,3.99982829998924,214
"62978",356,143,5.69655398989827,213
"62979",356,144,5.3657002349283,212
"62980",356,145,5.16860947607955,211
"62981",356,146,6.58081132672496,210
"62982",356,147,6.9600395676603,209
"62983",356,148,5.87490025467462,208
"62984",356,149,5.94524943201682,207
"62985",356,150,5.93206563169819,206
"62986",356,151,6.96293181528531,205
"62987",356,152,7.85820254270933,204
"62988",356,153,10.099072511258,203
"62989",356,154,8.24972239732103,202
"62990",356,155,6.00735604683252,201
"62991",356,156,5.28304357532937,200
"62992",356,157,5.50736075779882,199
"62993",356,158,6.98436094905086,198
"62994",356,159,7.42615513743052,197
"62995",356,160,8.49583880888202,196
"62996",356,161,7.16338585767928,195
"62997",356,162,6.56723649125125,194
"62998",356,163,5.43631797998007,193
"62999",356,164,8.24299953498966,192
"63000",356,165,7.51028376661806,191
"63001",356,166,6.36261692188679,190
"63002",356,167,5.5423622908213,189
"63003",356,168,4.48742329677069,188
"63004",356,169,5.39421085910354,187
"63005",356,170,5.22663943769594,186
"63006",356,171,4.48975630128151,185
"63007",356,172,5.45481906708391,184
"63008",356,173,6.71851724911747,183
"63009",356,174,7.61201981884507,182
"63010",356,175,7.60589758286043,181
"63011",356,176,7.81320108816855,180
"63012",356,177,6.01438323941548,179
"63013",356,178,5.19823229077417,178
"63014",356,179,6.82506507970457,177
"63015",356,180,8.59681441883398,176
"63016",356,181,7.71620787634204,175
"63017",356,182,7.16477729976242,174
"63018",356,183,7.27093361813572,173
"63019",356,184,7.1739222664016,172
"63020",356,185,5.50079234869041,171
"63021",356,186,6.95193509203958,170
"63022",356,187,6.04092881774449,169
"63023",356,188,6.80316990072576,168
"63024",356,189,6.65790869445948,167
"63025",356,190,6.79581478734382,166
"63026",356,191,7.66508903094659,165
"63027",356,192,9.27115171824748,164
"63028",356,193,8.88732570505442,163
"63029",356,194,6.80989009813815,162
"63030",356,195,8.11937733353712,161
"63031",356,196,6.40336025473347,160
"63032",356,197,7.02398168546561,159
"63033",356,198,7.93327023938165,158
"63034",356,199,7.84236600063352,157
"63035",356,200,7.51374023295256,156
"63036",356,201,6.90332782117203,155
"63037",356,202,9.83001785672826,154
"63038",356,203,9.67676649053475,153
"63039",356,204,9.54247251768745,152
"63040",356,205,9.52622877020618,151
"63041",356,206,5.80786946294529,150
"63042",356,207,8.25908865686829,149
"63043",356,208,8.85570745334842,148
"63044",356,209,8.45276773362998,147
"63045",356,210,9.48938306339231,146
"63046",356,211,8.91150770901722,145
"63047",356,212,8.78460141625948,144
"63048",356,213,7.73775757862082,143
"63049",356,214,8.84448281294176,142
"63050",356,215,6.33079010820614,141
"63051",356,216,6.19002912290824,140
"63052",356,217,6.73355794991242,139
"63053",356,218,6.81326970579807,138
"63054",356,219,7.17463951722428,137
"63055",356,220,7.92142716952256,136
"63056",356,221,7.9034215994385,135
"63057",356,222,8.83027547069766,134
"63058",356,223,7.77729673948959,133
"63059",356,224,7.3714243453185,132
"63060",356,225,6.22738296709529,131
"63061",356,226,6.20696957507854,130
"63062",356,227,5.78494833989834,129
"63063",356,228,7.56737132372171,128
"63064",356,229,6.75204748906039,127
"63065",356,230,7.30593610359418,126
"63066",356,231,5.10935414200525,125
"63067",356,232,5.26427360314038,124
"63068",356,233,7.13598905259721,123
"63069",356,234,8.68664759329002,122
"63070",356,235,6.52220960845244,121
"63071",356,236,7.33720265275481,120
"63072",356,237,6.12679471743428,119
"63073",356,238,4.65335067490607,118
"63074",356,239,8.61355217228225,117
"63075",356,240,8.60513355065778,116
"63076",356,241,6.05900001435278,115
"63077",356,242,5.41269618545784,114
"63078",356,243,4.82905136202283,113
"63079",356,244,5.37959152459938,112
"63080",356,245,4.58455872616825,111
"63081",356,246,5.74970800433476,110
"63082",356,247,6.42623972704139,109
"63083",356,248,5.91800834410926,108
"63084",356,249,6.31149617075562,107
"63085",356,250,3.8184766896121,106
"63086",356,251,5.41241142926808,105
"63087",356,252,4.66231185864861,104
"63088",356,253,4.63922347179552,103
"63089",356,254,4.42923803297327,102
"63090",356,255,4.10817343575536,101
"63091",356,256,4.68470308141452,100
"63092",356,257,5.53477076098465,99
"63093",356,258,5.50291820065721,98
"63094",356,259,3.27194519389407,97
"63095",356,260,3.04623552862149,96
"63096",356,261,3.27121343265812,95
"63097",356,262,3.65248024379976,94
"63098",356,263,3.8574774277049,93
"63099",356,264,3.80762342793674,92
"63100",356,265,4.31289021758112,91
"63101",356,266,3.55567487429848,90
"63102",356,267,3.56775298018654,89
"63103",356,268,3.23203988570055,88
"63104",356,269,4.33045080170111,87
"63105",356,270,4.41898051640303,86
"63106",356,271,4.57984111591751,85
"63107",356,272,4.66249998180452,84
"63108",356,273,4.91930809437243,83
"63109",356,274,3.44742822616413,82
"63110",356,275,3.93805900346592,81
"63111",356,276,1.09699988346409,80
"63112",356,277,3.21221052904848,79
"63113",356,278,4.22206942934064,78
"63114",356,279,3.02403785119184,77
"63115",356,280,2.20762901081121,76
"63116",356,281,1.95053027021338,75
"63117",356,282,2.1509412228566,74
"63118",356,283,2.29978167755155,73
"63119",356,284,3.72186458222749,72
"63120",356,285,5.24008328045174,71
"63121",356,286,4.39802927540157,70
"63122",356,287,4.4142376450894,69
"63123",356,288,5.87497678866712,68
"63124",356,289,6.23863405289688,67
"63125",356,290,4.36550401450292,66
"63126",356,291,2.90873224958692,65
"63127",356,292,5.03459166929524,64
"63128",356,293,6.41017865474259,63
"63129",356,294,3.54195032004364,62
"63130",356,295,1.46429942374341,61
"63131",356,296,0.855934891511741,60
"63132",356,297,1.57803290031522,59
"63133",356,298,3.11939841950198,58
"63134",356,299,2.39788931025178,57
"63135",356,300,2.87924834124036,56
"63136",356,301,5.43052696209902,55
"63137",356,302,8.31722528674532,54
"63138",356,303,4.44338779955434,53
"63139",356,304,2.37731130992919,52
"63140",356,305,2.16003920536019,51
"63141",356,306,1.35278835509605,50
"63142",356,307,1.89604057472636,49
"63143",356,308,4.23126949264437,48
"63144",356,309,5.2634834541579,47
"63145",356,310,1.86943929480411,46
"63146",356,311,0.586470571193838,45
"63147",356,312,0.770479331748392,44
"63148",356,313,0.502469151932781,43
"63149",356,314,3.15053292559394,42
"63150",356,315,7.69009729626578,41
"63151",356,316,4.73000994421383,40
"63152",356,317,5.13909077560855,39
"63153",356,318,6.26838912267158,38
"63154",356,319,3.89111518665971,37
"63155",356,320,2.78403668985399,36
"63156",356,321,6.40631605554049,35
"63157",356,322,6.63898794434972,34
"63158",356,323,5.82800147865901,33
"63159",356,324,2.84347853537979,32
"63160",356,325,2.54244280797384,31
"63161",356,326,2.3869534431376,30
"63162",356,327,3.83402878343255,29
"63163",356,328,3.91495512017292,28
"63164",356,329,2.24368548350149,27
"63165",356,330,1.51395921832699,26
"63166",356,331,3.02786493965453,25
"63167",356,332,2.46795249851676,24
"63168",356,333,3.68354350694293,23
"63169",356,334,5.9225875842583,22
"63170",356,335,5.95666169732867,21
"63171",356,336,3.26320636079825,20
"63172",356,337,3.65549899793609,19
"63173",356,338,1.96890774793461,18
"63174",356,339,1.23410320603515,17
"63175",356,340,4.2394239901528,16
"63176",356,341,4.73811974914061,15
"63177",356,342,6.70675275049016,14
"63178",356,343,2.80483961606281,13
"63179",356,344,6.93690699491446,12
"63180",356,345,5.12237714686083,11
"63181",356,346,3.56361926179588,10
"63182",356,347,4.55998489466144,9
"63183",356,348,2.36760612498313,8
"63184",356,349,3.94706611837659,7
"63185",356,350,5.68044622237415,6
"63186",356,351,7.01050234502097,5
"63187",356,352,5.95255093998246,4
"63188",356,353,5.02034052120517,3
"63189",356,354,1.80274882436418,2
"63190",356,355,2.97618150872977,1
"63191",357,1,2.53075883771181,356
"63192",357,2,0.822902766591784,355
"63193",357,3,5.35363574791053,354
"63194",357,4,5.06494008648362,353
"63195",357,5,5.44606754770433,352
"63196",357,6,6.09536771200856,351
"63197",357,7,5.63039567789003,350
"63198",357,8,4.9329224587881,349
"63199",357,9,7.47903948854967,348
"63200",357,10,6.05685816675015,347
"63201",357,11,5.28495795509103,346
"63202",357,12,4.83457021364566,345
"63203",357,13,5.82592398818066,344
"63204",357,14,6.27882019065765,343
"63205",357,15,5.07217878375427,342
"63206",357,16,5.02364039264931,341
"63207",357,17,5.61040279626896,340
"63208",357,18,5.41682501009456,339
"63209",357,19,2.63584455637775,338
"63210",357,20,4.18933961449548,337
"63211",357,21,6.47151221348051,336
"63212",357,22,8.55757738826283,335
"63213",357,23,6.99015573753382,334
"63214",357,24,7.42771425046834,333
"63215",357,25,4.88521223680251,332
"63216",357,26,4.53010299566458,331
"63217",357,27,4.89875752641526,330
"63218",357,28,5.42097760931778,329
"63219",357,29,4.84691084141144,328
"63220",357,30,5.10608359757145,327
"63221",357,31,5.08533951969551,326
"63222",357,32,6.3787940636009,325
"63223",357,33,2.91597999386487,324
"63224",357,34,5.26301051190543,323
"63225",357,35,5.2295796426097,322
"63226",357,36,5.49402309794584,321
"63227",357,37,4.0405942962206,320
"63228",357,38,4.6386300597302,319
"63229",357,39,5.3232316828935,318
"63230",357,40,6.54220213622428,317
"63231",357,41,6.40406126155459,316
"63232",357,42,6.27848729522879,315
"63233",357,43,4.44567597117597,314
"63234",357,44,2.66125585007022,313
"63235",357,45,4.32557599597213,312
"63236",357,46,4.91284736952866,311
"63237",357,47,3.14810257092191,310
"63238",357,48,2.70141239650385,309
"63239",357,49,3.65069115615144,308
"63240",357,50,6.63022025345903,307
"63241",357,51,4.31538956694175,306
"63242",357,52,2.64350606905213,305
"63243",357,53,5.15337375393467,304
"63244",357,54,6.45411609970854,303
"63245",357,55,1.95315607428638,302
"63246",357,56,1.59517874106686,301
"63247",357,57,3.83123747276837,300
"63248",357,58,2.44898961200685,299
"63249",357,59,1.880598076829,298
"63250",357,60,3.78797939787644,297
"63251",357,61,3.04859482381226,296
"63252",357,62,6.25598209890534,295
"63253",357,63,3.5967576591443,294
"63254",357,64,1.00540195491156,293
"63255",357,65,2.85950167018412,292
"63256",357,66,4.25077155890006,291
"63257",357,67,5.11665781139777,290
"63258",357,68,2.91828570819954,289
"63259",357,69,4.91940220497923,288
"63260",357,70,2.07191661890412,287
"63261",357,71,2.23145948636751,286
"63262",357,72,1.16117703971344,285
"63263",357,73,3.86724485664058,284
"63264",357,74,2.42970136773319,283
"63265",357,75,1.72001549378913,282
"63266",357,76,1.98444695473823,281
"63267",357,77,4.30119636589751,280
"63268",357,78,4.86763717837226,279
"63269",357,79,3.2135897917386,278
"63270",357,80,1.10542623918246,277
"63271",357,81,2.16702775030154,276
"63272",357,82,2.25393988920192,275
"63273",357,83,3.09566085631899,274
"63274",357,84,4.00537439710901,273
"63275",357,85,4.93601975464284,272
"63276",357,86,4.72259889129458,271
"63277",357,87,5.52018811798724,270
"63278",357,88,4.61933952469461,269
"63279",357,89,3.00873174673182,268
"63280",357,90,4.42755101130318,267
"63281",357,91,1.87339321672055,266
"63282",357,92,2.32068632484153,265
"63283",357,93,2.60583473876818,264
"63284",357,94,6.13505401666007,263
"63285",357,95,2.14748830492328,262
"63286",357,96,1.77305713331958,261
"63287",357,97,3.01431316969133,260
"63288",357,98,2.56535841758748,259
"63289",357,99,3.76106351680646,258
"63290",357,100,3.68389451711998,257
"63291",357,101,4.19494815858885,256
"63292",357,102,2.4170127451379,255
"63293",357,103,1.90756843932459,254
"63294",357,104,4.62185357555146,253
"63295",357,105,1.86774295279536,252
"63296",357,106,3.07680089342992,251
"63297",357,107,2.98135516369454,250
"63298",357,108,4.63821328459187,249
"63299",357,109,3.6350568768658,248
"63300",357,110,4.22557406296769,247
"63301",357,111,3.89742996486496,246
"63302",357,112,1.99027112752872,245
"63303",357,113,3.21196970896268,244
"63304",357,114,5.00115504905399,243
"63305",357,115,5.26445099533516,242
"63306",357,116,4.81630480224818,241
"63307",357,117,5.00808144633331,240
"63308",357,118,4.2838213367192,239
"63309",357,119,4.11661412624644,238
"63310",357,120,3.27632582703107,237
"63311",357,121,3.94944617673695,236
"63312",357,122,4.23477676961809,235
"63313",357,123,4.59757014259407,234
"63314",357,124,1.53599453298227,233
"63315",357,125,3.04691019901944,232
"63316",357,126,2.96187552433702,231
"63317",357,127,4.85551444289987,230
"63318",357,128,5.47584178370423,229
"63319",357,129,4.55826782307247,228
"63320",357,130,5.96750758646994,227
"63321",357,131,5.03734007792899,226
"63322",357,132,4.10335471528898,225
"63323",357,133,4.49498314743152,224
"63324",357,134,5.58754369768495,223
"63325",357,135,5.60899898813191,222
"63326",357,136,5.67417896203339,221
"63327",357,137,3.92112868662439,220
"63328",357,138,4.84055899361505,219
"63329",357,139,5.49029192870138,218
"63330",357,140,4.85744104372326,217
"63331",357,141,5.85352863078343,216
"63332",357,142,5.56779937691018,215
"63333",357,143,5.13833552393562,214
"63334",357,144,5.2791768068104,213
"63335",357,145,5.85754980217023,212
"63336",357,146,5.95415219894333,211
"63337",357,147,5.26596094549318,210
"63338",357,148,5.03885379344332,209
"63339",357,149,5.90475686259264,208
"63340",357,150,7.08501123982252,207
"63341",357,151,8.63339523076139,206
"63342",357,152,7.03776035980252,205
"63343",357,153,7.53187767279735,204
"63344",357,154,6.23201306752069,203
"63345",357,155,7.37054976698058,202
"63346",357,156,6.24176393880676,201
"63347",357,157,6.90296436877722,200
"63348",357,158,6.66551775071237,199
"63349",357,159,8.43364640404344,198
"63350",357,160,9.16346841129821,197
"63351",357,161,8.07367346294954,196
"63352",357,162,7.10566871986787,195
"63353",357,163,6.57718069401839,194
"63354",357,164,5.67580469652899,193
"63355",357,165,5.0721822573636,192
"63356",357,166,6.56129153090005,191
"63357",357,167,4.76608088634004,190
"63358",357,168,6.00002245521649,189
"63359",357,169,6.85453020714924,188
"63360",357,170,7.13976085602609,187
"63361",357,171,5.81868687587983,186
"63362",357,172,6.53054290632909,185
"63363",357,173,7.08976920312276,184
"63364",357,174,6.19640878354392,183
"63365",357,175,6.39703092180808,182
"63366",357,176,6.92827726852949,181
"63367",357,177,8.12172209904806,180
"63368",357,178,6.96600341218626,179
"63369",357,179,7.63835711281889,178
"63370",357,180,6.35280809848476,177
"63371",357,181,7.46228850425757,176
"63372",357,182,9.06208393990249,175
"63373",357,183,8.8442974168625,174
"63374",357,184,5.78732142874921,173
"63375",357,185,7.94768333985449,172
"63376",357,186,8.23407807396347,171
"63377",357,187,7.47609197968682,170
"63378",357,188,7.22845363406795,169
"63379",357,189,6.3263253639741,168
"63380",357,190,6.99448939635708,167
"63381",357,191,7.45905618295412,166
"63382",357,192,6.70395687978681,165
"63383",357,193,8.24474775448935,164
"63384",357,194,7.57506150682541,163
"63385",357,195,6.42561084515006,162
"63386",357,196,6.21392251938125,161
"63387",357,197,6.17102556713512,160
"63388",357,198,6.12593907734673,159
"63389",357,199,6.79531469339778,158
"63390",357,200,8.68294280878873,157
"63391",357,201,8.78919439041709,156
"63392",357,202,8.68848484974373,155
"63393",357,203,10.7809411955235,154
"63394",357,204,10.6955221704051,153
"63395",357,205,9.6921553434607,152
"63396",357,206,8.96451483572137,151
"63397",357,207,7.61640666170987,150
"63398",357,208,8.64988269454267,149
"63399",357,209,8.37658253814555,148
"63400",357,210,9.52611226284727,147
"63401",357,211,9.09392535031864,146
"63402",357,212,9.06388457397515,145
"63403",357,213,8.22762699328863,144
"63404",357,214,8.05634647627193,143
"63405",357,215,7.37037913186932,142
"63406",357,216,6.58621171179835,141
"63407",357,217,6.49566144520475,140
"63408",357,218,6.3668907766096,139
"63409",357,219,7.39638909572407,138
"63410",357,220,7.48899328638788,137
"63411",357,221,8.53884940021107,136
"63412",357,222,8.18759347553924,135
"63413",357,223,8.05702208672702,134
"63414",357,224,8.6701364287343,133
"63415",357,225,5.87613228860535,132
"63416",357,226,5.94031007084718,131
"63417",357,227,5.26342189909517,130
"63418",357,228,5.98644119682902,129
"63419",357,229,7.58136238955149,128
"63420",357,230,5.80618677066736,127
"63421",357,231,6.54507325622586,126
"63422",357,232,7.11322551851834,125
"63423",357,233,6.18989234260414,124
"63424",357,234,6.11945275482935,123
"63425",357,235,7.27099399368615,122
"63426",357,236,5.31983146788288,121
"63427",357,237,6.16706676360254,120
"63428",357,238,7.99367011641111,119
"63429",357,239,7.00437926883266,118
"63430",357,240,6.03793871219711,117
"63431",357,241,6.46802677998313,116
"63432",357,242,6.72735310280542,115
"63433",357,243,7.22771508305166,114
"63434",357,244,6.25757328363266,113
"63435",357,245,6.0601406278845,112
"63436",357,246,5.90443509359882,111
"63437",357,247,6.37278066900396,110
"63438",357,248,5.90982162092206,109
"63439",357,249,4.70232326730603,108
"63440",357,250,6.81913475276263,107
"63441",357,251,5.92309509314626,106
"63442",357,252,6.95135172331247,105
"63443",357,253,6.11756127455436,104
"63444",357,254,6.3725727729963,103
"63445",357,255,6.44135639370268,102
"63446",357,256,5.91543220100202,101
"63447",357,257,5.89502386466871,100
"63448",357,258,3.32449811411253,99
"63449",357,259,3.56761537506328,98
"63450",357,260,3.110215028488,97
"63451",357,261,3.31257600916065,96
"63452",357,262,4.32217732855969,95
"63453",357,263,5.87144939868435,94
"63454",357,264,6.82431996515306,93
"63455",357,265,6.50449232056727,92
"63456",357,266,7.04154749967861,91
"63457",357,267,7.05319382050425,90
"63458",357,268,7.44589952521705,89
"63459",357,269,6.97529716449347,88
"63460",357,270,6.86949758995509,87
"63461",357,271,6.23811063336183,86
"63462",357,272,4.90555414554118,85
"63463",357,273,4.11491478999075,84
"63464",357,274,1.31667644754419,83
"63465",357,275,1.96011780347511,82
"63466",357,276,3.24241882040185,81
"63467",357,277,2.74331079278898,80
"63468",357,278,4.17785193516478,79
"63469",357,279,4.07998788716022,78
"63470",357,280,5.5442105219904,77
"63471",357,281,5.48880060981595,76
"63472",357,282,5.62143668781759,75
"63473",357,283,6.27504447873813,74
"63474",357,284,5.52545838544152,73
"63475",357,285,4.30969730405539,72
"63476",357,286,6.23426706978099,71
"63477",357,287,3.56041992727005,70
"63478",357,288,3.72820014080891,69
"63479",357,289,3.67143921443621,68
"63480",357,290,4.36995337886924,67
"63481",357,291,4.81879728915353,66
"63482",357,292,4.22934532755758,65
"63483",357,293,3.84298381628192,64
"63484",357,294,2.25971238989184,63
"63485",357,295,3.597837581973,62
"63486",357,296,3.43866855467853,61
"63487",357,297,4.01239705074879,60
"63488",357,298,3.35069100853229,59
"63489",357,299,3.5572055611394,58
"63490",357,300,3.25948609619869,57
"63491",357,301,2.30036459359853,56
"63492",357,302,4.98064377556612,55
"63493",357,303,2.68822675454744,54
"63494",357,304,2.67957230898574,53
"63495",357,305,2.16817904556731,52
"63496",357,306,2.94181509109422,51
"63497",357,307,2.39856287146391,50
"63498",357,308,0.920511474345282,49
"63499",357,309,3.18461366807276,48
"63500",357,310,2.96373552750001,47
"63501",357,311,3.72494027736505,46
"63502",357,312,3.52412411444188,45
"63503",357,313,3.80333474719594,44
"63504",357,314,2.02955501877818,43
"63505",357,315,3.39549385007551,42
"63506",357,316,2.05288374633284,41
"63507",357,317,2.57189593714788,40
"63508",357,318,3.70119428421091,39
"63509",357,319,3.29830496395036,38
"63510",357,320,4.74923775769791,37
"63511",357,321,2.11171260935022,36
"63512",357,322,5.09410102251489,35
"63513",357,323,2.82745266233151,34
"63514",357,324,2.57296405065507,33
"63515",357,325,4.47578021910255,32
"63516",357,326,4.6640639915056,31
"63517",357,327,2.22485587998296,30
"63518",357,328,2.40203589964666,29
"63519",357,329,2.6223696432217,28
"63520",357,330,2.84226688790757,27
"63521",357,331,2.32145707279658,26
"63522",357,332,4.10108886536817,25
"63523",357,333,2.49455469376074,24
"63524",357,334,1.7083065641387,23
"63525",357,335,3.06894924249553,22
"63526",357,336,3.48132906222912,21
"63527",357,337,4.00291531441539,20
"63528",357,338,3.58192782853307,19
"63529",357,339,3.99610782336741,18
"63530",357,340,3.71395355994889,17
"63531",357,341,2.41934904914445,16
"63532",357,342,3.30141844371192,15
"63533",357,343,3.62098547294658,14
"63534",357,344,3.70941090932962,13
"63535",357,345,6.23040105860836,12
"63536",357,346,4.75206184086295,11
"63537",357,347,3.74296793679545,10
"63538",357,348,3.62086068236636,9
"63539",357,349,1.04784127786536,8
"63540",357,350,1.74144118512567,7
"63541",357,351,3.52429937805693,6
"63542",357,352,4.3752541273173,5
"63543",357,353,3.3619669591675,4
"63544",357,354,3.71318804530485,3
"63545",357,355,2.74159375040034,2
"63546",357,356,4.29460344619027,1
"63547",358,1,3.30270453717664,357
"63548",358,2,2.75828359691544,356
"63549",358,3,3.41349357748417,355
"63550",358,4,2.26055152268812,354
"63551",358,5,1.99714871787716,353
"63552",358,6,2.6464488821814,352
"63553",358,7,2.18147684806287,351
"63554",358,8,3.47385647689063,350
"63555",358,9,6.21354847259066,349
"63556",358,10,3.4653448196198,348
"63557",358,11,3.76889039765463,347
"63558",358,12,4.33610181218078,346
"63559",358,13,4.56043297222165,345
"63560",358,14,2.82990136083049,344
"63561",358,15,1.6232599539271,343
"63562",358,16,1.57472156282214,342
"63563",358,17,2.25806336022432,341
"63564",358,18,3.90075745265816,340
"63565",358,19,1.58831581397086,339
"63566",358,20,0.886083215366437,338
"63567",358,21,5.20602119752151,337
"63568",358,22,5.10865855843567,336
"63569",358,23,5.00556051459619,335
"63570",358,24,3.97879542064118,334
"63571",358,25,2.43743641350334,333
"63572",358,26,5.19746325209634,332
"63573",358,27,3.38268996897887,331
"63574",358,28,3.90491005188139,330
"63575",358,29,2.86681107346041,329
"63576",358,30,3.59001604013506,328
"63577",358,31,2.45998340593049,327
"63578",358,32,4.8627265061645,326
"63579",358,33,3.32484145810414,325
"63580",358,34,3.99751949594642,324
"63581",358,35,2.35503025836665,323
"63582",358,36,3.97795554050944,322
"63583",358,37,0.939023966704191,321
"63584",358,38,3.27949626652467,320
"63585",358,39,4.05774066693449,319
"63586",358,40,3.09328330639712,318
"63587",358,41,3.77790106483676,317
"63588",358,42,2.82956846540162,316
"63589",358,43,1.3589551238993,315
"63590",358,44,1.93203194630933,314
"63591",358,45,5.84164355340852,313
"63592",358,46,3.64735635356966,312
"63593",358,47,1.90117677467913,311
"63594",358,48,3.06929584396231,310
"63595",358,49,4.92430879992048,309
"63596",358,50,8.14628781089542,308
"63597",358,51,1.72304386306456,307
"63598",358,52,2.21838517152389,306
"63599",358,53,2.31871412363073,305
"63600",358,54,3.00519726988137,304
"63601",358,55,2.00275155766807,303
"63602",358,56,4.08273611483121,302
"63603",358,57,0.38231864294121,301
"63604",358,58,2.69211048415906,300
"63605",358,59,5.32951690665617,299
"63606",358,60,1.01849777381099,298
"63607",358,61,2.52331516998294,297
"63608",358,62,3.72915847769396,296
"63609",358,63,1.40028290328912,295
"63610",358,64,3.87232134065472,294
"63611",358,65,5.90823229371514,293
"63612",358,66,3.10365843930369,292
"63613",358,67,1.7799665240165,291
"63614",358,68,2.17854688408745,290
"63615",358,69,6.11373786861115,289
"63616",358,70,1.37700221092304,288
"63617",358,71,1.21745934345965,287
"63618",358,72,2.58251199489937,286
"63619",358,73,1.58246467008215,285
"63620",358,74,1.17515429638598,284
"63621",358,75,2.94269359733375,283
"63622",358,76,2.63081384566344,282
"63623",358,77,4.69282799178942,281
"63624",358,78,6.38370473580866,280
"63625",358,79,1.15973616836241,279
"63626",358,80,4.55434506900962,278
"63627",358,81,3.52534026479065,277
"63628",358,82,3.25644045594066,276
"63629",358,83,2.97074754549467,275
"63630",358,84,1.60785219429055,274
"63631",358,85,1.98825771986223,273
"63632",358,86,1.27368006146742,272
"63633",358,87,2.64091343678309,271
"63634",358,88,2.12482174972021,270
"63635",358,89,0.960434262929905,269
"63636",358,90,3.62268027175036,268
"63637",358,91,2.13659225026171,267
"63638",358,92,1.12823250498564,266
"63639",358,93,1.93847448233641,265
"63640",358,94,7.65112157409647,264
"63641",358,95,5.00254110241874,263
"63642",358,96,2.99824201888149,262
"63643",358,97,3.15931517638328,261
"63644",358,98,2.90044869647353,260
"63645",358,99,3.74777179452193,259
"63646",358,100,4.94938553307899,258
"63647",358,101,7.64386698841602,257
"63648",358,102,5.86593157496507,256
"63649",358,103,4.7418698450507,255
"63650",358,104,3.9544933191197,254
"63651",358,105,3.86979327206526,253
"63652",358,106,6.52571972325709,252
"63653",358,107,4.49742272113094,251
"63654",358,108,3.97085302816011,250
"63655",358,109,4.62602250549679,249
"63656",358,110,5.86456417938212,248
"63657",358,111,5.41349752230136,247
"63658",358,112,2.04129983576981,246
"63659",358,113,5.52885735193039,245
"63660",358,114,6.31531292355517,244
"63661",358,115,6.52994201129417,243
"63662",358,116,8.26522363207534,242
"63663",358,117,8.45700027616048,241
"63664",358,118,7.73274016654637,240
"63665",358,119,4.7435426000125,239
"63666",358,120,3.77351069288245,238
"63667",358,121,5.21493719269595,237
"63668",358,122,5.5002677855771,236
"63669",358,123,8.04648897242124,235
"63670",358,124,4.98491336280944,234
"63671",358,125,4.56297775645583,233
"63672",358,126,3.92011154818909,232
"63673",358,127,4.18815418646811,231
"63674",358,128,6.00741404487433,230
"63675",358,129,4.51278145427948,229
"63676",358,130,5.30014733003818,228
"63677",358,131,5.5857197414677,227
"63678",358,132,5.36884573124799,226
"63679",358,133,5.76047416339053,225
"63680",358,134,6.85303471364396,224
"63681",358,135,6.87449000409091,223
"63682",358,136,6.9396699779924,222
"63683",358,137,7.37004751645155,221
"63684",358,138,6.39706273719023,220
"63685",358,139,6.75578294466039,219
"63686",358,140,6.12293205968227,218
"63687",358,141,6.31787128247907,217
"63688",358,142,6.83329039286919,216
"63689",358,143,7.53629991627584,215
"63690",358,144,6.9813429810837,214
"63691",358,145,7.12304081812924,213
"63692",358,146,7.34488350151115,212
"63693",358,147,7.4047710974428,211
"63694",358,148,7.33927637951248,210
"63695",358,149,7.7849953583944,209
"63696",358,150,8.33369485341291,208
"63697",358,151,9.23219710140595,207
"63698",358,152,8.61666776806535,206
"63699",358,153,9.04794523023374,205
"63700",358,154,7.19859511629676,204
"63701",358,155,6.70318951054882,203
"63702",358,156,7.05345509081315,202
"63703",358,157,7.00874462130176,201
"63704",358,158,6.74329014792986,200
"63705",358,159,8.83635294977289,199
"63706",358,160,8.8434566551772,198
"63707",358,161,8.24668332494855,197
"63708",358,162,7.94536772718133,196
"63709",358,163,7.8426717099774,195
"63710",358,164,7.19187225396538,194
"63711",358,165,6.45915648559379,193
"63712",358,166,5.89393127446829,192
"63713",358,167,6.45209413749486,191
"63714",358,168,7.2655134711755,190
"63715",358,169,7.90713194174642,189
"63716",358,170,8.14194038351742,188
"63717",358,171,7.08417789183884,187
"63718",358,172,7.7960339222881,186
"63719",358,173,8.35526021908177,185
"63720",358,174,8.72344049394201,184
"63721",358,175,6.96934841162137,183
"63722",358,176,6.76207380714428,182
"63723",358,177,7.4543618426163,181
"63724",358,178,7.85612462660556,180
"63725",358,179,8.20354417872622,179
"63726",358,180,7.5456871378097,178
"63727",358,181,6.79492824782581,177
"63728",358,182,8.39472368347073,176
"63729",358,183,8.17693716043074,175
"63730",358,184,8.00522405066225,174
"63731",358,185,8.56329261286766,173
"63732",358,186,8.21100605696927,172
"63733",358,187,8.74158299564583,171
"63734",358,188,8.02333738370573,170
"63735",358,189,8.49765462083705,169
"63736",358,190,7.2235284148921,168
"63737",358,191,7.27350364578204,167
"63738",358,192,9.47497266543919,166
"63739",358,193,8.06030160425232,165
"63740",358,194,8.10663376799551,164
"63741",358,195,7.06825005251285,163
"63742",358,196,6.20205095532549,162
"63743",358,197,6.54430608497426,161
"63744",358,198,7.7113126238497,160
"63745",358,199,8.25348272567879,159
"63746",358,200,9.46662610548806,158
"63747",358,201,10.0546854063761,157
"63748",358,202,10.7789714575692,156
"63749",358,203,10.6234099595804,155
"63750",358,204,10.0281619139734,154
"63751",358,205,9.13683995417908,153
"63752",358,206,10.2300058516804,152
"63753",358,207,7.20796137584402,151
"63754",358,208,7.98252243811091,150
"63755",358,209,8.25825961044793,149
"63756",358,210,8.85875200641551,148
"63757",358,211,8.42656509388688,147
"63758",358,212,8.39652431754339,146
"63759",358,213,7.67231160400701,145
"63760",358,214,7.79335553191749,144
"63761",358,215,8.24929989335017,143
"63762",358,216,8.02977504928581,142
"63763",358,217,7.01601980751451,141
"63764",358,218,8.61940082743842,140
"63765",358,219,8.95276278355756,139
"63766",358,220,7.53698903381274,138
"63767",358,221,8.24685894531902,137
"63768",358,222,7.77914818967339,136
"63769",358,223,7.38966183029526,135
"63770",358,224,8.00277617230254,134
"63771",358,225,7.69175909193315,133
"63772",358,226,8.04671550145611,132
"63773",358,227,7.0140208315756,131
"63774",358,228,6.99805176195712,130
"63775",358,229,7.3566015441339,129
"63776",358,230,7.76186808631513,128
"63777",358,231,7.81056427218486,127
"63778",358,232,8.21624946022136,126
"63779",358,233,8.97573497897478,125
"63780",358,234,7.63552031226574,124
"63781",358,235,6.60363373725439,123
"63782",358,236,7.12644549016131,122
"63783",358,237,7.96654064381185,121
"63784",358,238,9.25916113237012,120
"63785",358,239,10.4532980986598,119
"63786",358,240,7.81304195493861,118
"63787",358,241,5.96313359780735,117
"63788",358,242,6.13842290878656,116
"63789",358,243,7.30548748026915,115
"63790",358,244,6.88998995901445,114
"63791",358,245,7.32563164384351,113
"63792",358,246,7.16992610955783,112
"63793",358,247,8.05868987556542,111
"63794",358,248,7.75775427048684,110
"63795",358,249,8.15124209713319,109
"63796",358,250,8.08462576872163,108
"63797",358,251,7.25215735564566,107
"63798",358,252,8.21684273927148,106
"63799",358,253,7.38305229051337,105
"63800",358,254,7.63806378895531,104
"63801",358,255,7.70684740966169,103
"63802",358,256,7.18092321696103,102
"63803",358,257,7.16051488062772,101
"63804",358,258,6.69278238408895,100
"63805",358,259,3.54454335806907,99
"63806",358,260,4.37570604444701,98
"63807",358,261,4.57806702511965,97
"63808",358,262,5.5876683445187,96
"63809",358,263,7.13694041464336,95
"63810",358,264,8.08981098111207,94
"63811",358,265,7.76998333652627,93
"63812",358,266,8.30703851563762,92
"63813",358,267,8.31868483646326,91
"63814",358,268,8.71139054117606,90
"63815",358,269,8.24078818045248,89
"63816",358,270,8.1349886059141,88
"63817",358,271,7.50360164932084,87
"63818",358,272,6.17104516150019,86
"63819",358,273,5.28000261231185,85
"63820",358,274,4.76559527737136,84
"63821",358,275,2.90622977474592,83
"63822",358,276,4.50790983636086,82
"63823",358,277,4.41327516541867,81
"63824",358,278,4.92792042712688,80
"63825",358,279,4.46588703052106,79
"63826",358,280,6.78169368264235,78
"63827",358,281,6.75429162577496,77
"63828",358,282,6.88692770377659,76
"63829",358,283,7.54053549469714,75
"63830",358,284,6.79094940140053,74
"63831",358,285,7.07982920682931,73
"63832",358,286,7.49975808574,72
"63833",358,287,5.69933929330266,71
"63834",358,288,4.82384950764285,70
"63835",358,289,5.1875067718726,69
"63836",358,290,4.20120824406577,68
"63837",358,291,6.08428830511254,67
"63838",358,292,6.87433759567281,66
"63839",358,293,6.61960655136447,65
"63840",358,294,2.82688276626027,64
"63841",358,295,4.09579503840587,63
"63842",358,296,4.70415957063754,62
"63843",358,297,5.27788806670779,61
"63844",358,298,3.76461145312208,60
"63845",358,299,4.8226965770984,59
"63846",358,300,4.71899426761793,58
"63847",358,301,1.14855423622864,57
"63848",358,302,5.64800403199789,56
"63849",358,303,1.11670666259493,55
"63850",358,304,3.18278315222009,54
"63851",358,305,3.40005525678909,53
"63852",358,306,4.20730610705323,52
"63853",358,307,3.66405388742291,51
"63854",358,308,3.44808328042087,50
"63855",358,309,0.610344703564903,49
"63856",358,310,3.69065516734517,48
"63857",358,311,4.99043129332406,47
"63858",358,312,4.78961513040089,46
"63859",358,313,5.06882576315494,45
"63860",358,314,3.16028769371286,44
"63861",358,315,2.39919967833045,43
"63862",358,316,1.39603508349433,42
"63863",358,317,4.08796349458428,41
"63864",358,318,5.81672137748729,40
"63865",358,319,4.80645398276344,39
"63866",358,320,6.01472877365692,38
"63867",358,321,2.14656911219172,37
"63868",358,322,1.64518219268773,36
"63869",358,323,1.16490999272152,35
"63870",358,324,3.8160407148153,34
"63871",358,325,5.74127123506156,33
"63872",358,326,5.9295550074646,32
"63873",358,327,5.67377470981013,31
"63874",358,328,1.64513934197636,30
"63875",358,329,3.31640897864778,29
"63876",358,330,4.04613524382229,28
"63877",358,331,4.07205600527701,27
"63878",358,332,5.36657988132718,26
"63879",358,333,5.52328943332051,25
"63880",358,334,1.74061226568846,24
"63881",358,335,0.620880169922417,23
"63882",358,336,2.29688810135103,22
"63883",358,337,1.90459546421319,21
"63884",358,338,3.83769080031373,20
"63885",358,339,5.26159883932642,19
"63886",358,340,6.07916991653037,18
"63887",358,341,5.65833190072795,17
"63888",358,342,1.65088035939934,16
"63889",358,343,2.75525484608647,15
"63890",358,344,1.37681253276518,14
"63891",358,345,2.7814822287812,13
"63892",358,346,3.028698505573,12
"63893",358,347,1.00010956748784,11
"63894",358,348,3.19248833716615,10
"63895",358,349,3.635082993346,9
"63896",358,350,2.27332237580425,8
"63897",358,351,1.69691196897075,7
"63898",358,352,1.51459438039167,6
"63899",358,353,1.1904107093551,5
"63900",358,354,3.7573456377851,4
"63901",358,355,4.81592743510734,3
"63902",358,356,5.56009446214928,2
"63903",358,357,3.44891882982716,1
"63904",359,1,2.39345470923249,358
"63905",359,2,2.62567463607566,357
"63906",359,3,4.4620331047834,356
"63907",359,4,1.88401824460047,355
"63908",359,5,2.95714629623061,354
"63909",359,6,2.77905784302117,353
"63910",359,7,2.66874781650423,352
"63911",359,8,4.52239600418985,351
"63912",359,9,7.26208799988989,350
"63913",359,10,4.51388434691902,349
"63914",359,11,2.03515161579578,348
"63915",359,12,4.61761872498588,347
"63916",359,13,5.60897249952088,346
"63917",359,14,2.96251032167026,345
"63918",359,15,1.83057293279635,344
"63919",359,16,2.57459423157919,343
"63920",359,17,3.30660288752355,342
"63921",359,18,2.16701867079931,341
"63922",359,19,1.42656607263532,340
"63923",359,20,1.93462274266567,339
"63924",359,21,6.25456072482073,338
"63925",359,22,5.68030969208858,337
"63926",359,23,6.05410004189542,336
"63927",359,24,4.19565449095081,335
"63928",359,25,1.56890236781512,334
"63929",359,26,4.37965503669694,333
"63930",359,27,1.64895118712001,332
"63931",359,28,2.17117127002253,331
"63932",359,29,1.53060097242405,330
"63933",359,30,1.8562772582762,329
"63934",359,31,2.60401352353676,328
"63935",359,32,3.12898772430565,327
"63936",359,33,2.50703324270474,326
"63937",359,34,5.04605902324565,325
"63938",359,35,1.91326977362231,324
"63939",359,36,2.39997151490422,323
"63940",359,37,1.14042898772765,322
"63941",359,38,2.23095673922544,321
"63942",359,39,5.10628019423372,320
"63943",359,40,4.10371650137978,319
"63944",359,41,4.82644059213599,318
"63945",359,42,2.9621774262414,317
"63946",359,43,2.38508029939974,316
"63947",359,44,3.66577072816819,315
"63948",359,45,7.57538233526738,314
"63949",359,46,4.69589588086888,313
"63950",359,47,3.63491555653798,312
"63951",359,48,4.80303462582116,311
"63952",359,49,6.65804758177933,310
"63953",359,50,9.88002659275428,309
"63954",359,51,2.77158339036378,308
"63955",359,52,2.57275600839185,307
"63956",359,53,2.89290841832195,306
"63957",359,54,3.13780623072115,305
"63958",359,55,1.512954810532,304
"63959",359,56,3.95012715399144,303
"63960",359,57,1.41304279896194,302
"63961",359,58,1.66110443901077,301
"63962",359,59,5.19690794581639,300
"63963",359,60,2.06703730111022,299
"63964",359,61,4.25705395184179,298
"63965",359,62,4.77769800499318,297
"63966",359,63,1.53561575325295,296
"63967",359,64,3.73971237981494,295
"63968",359,65,5.77562333287536,294
"63969",359,66,4.03382007024028,293
"63970",359,67,2.5977747394159,292
"63971",359,68,1.59695667838971,291
"63972",359,69,7.84747665047,290
"63973",359,70,1.67115336510526,289
"63974",359,71,2.25089417526683,288
"63975",359,72,4.31625077675823,287
"63976",359,73,2.40027288548155,286
"63977",359,74,1.23152328970197,285
"63978",359,75,2.81008463649398,284
"63979",359,76,3.55219036439859,283
"63980",359,77,6.42656677364828,282
"63981",359,78,8.11744351766751,281
"63982",359,79,2.89347495022126,280
"63983",359,80,4.42173610816985,279
"63984",359,81,4.15539743975106,278
"63985",359,82,3.12383149510088,277
"63986",359,83,2.15293933009527,276
"63987",359,84,2.65639172158978,275
"63988",359,85,3.03679724716146,274
"63989",359,86,2.16604865413959,273
"63990",359,87,3.68945296408232,272
"63991",359,88,3.63346577101786,271
"63992",359,89,0.773304518928952,270
"63993",359,90,2.80487205635096,269
"63994",359,91,1.44291665226683,268
"63995",359,92,1.36611247603772,267
"63996",359,93,3.46175706298483,266
"63997",359,94,9.38486035595533,265
"63998",359,95,5.39729464421853,264
"63999",359,96,4.73198080074035,263
"64000",359,97,3.35258763081454,262
"64001",359,98,2.76783973563375,261
"64002",359,99,2.6992322672227,260
"64003",359,100,3.90084600577976,259
"64004",359,101,7.51125802757624,258
"64005",359,102,5.73332261412529,257
"64006",359,103,4.60926088421093,256
"64007",359,104,4.77230153451911,255
"64008",359,105,3.87236960995673,254
"64009",359,106,6.39311076241731,253
"64010",359,107,6.23116150298979,252
"64011",359,108,5.00913173688046,251
"64012",359,109,3.86041694304962,250
"64013",359,110,6.63467407679973,249
"64014",359,111,7.14723630416022,248
"64015",359,112,1.90869087493004,247
"64016",359,113,5.39624839109061,246
"64017",359,114,6.1827039627154,245
"64018",359,115,6.26803163206147,244
"64019",359,116,8.13261467123557,243
"64020",359,117,8.3243913153207,242
"64021",359,118,7.60013120570659,241
"64022",359,119,6.47728138187136,240
"64023",359,120,5.50724947474131,239
"64024",359,121,4.16639766539673,238
"64025",359,122,5.18948245861551,237
"64026",359,123,7.91388001158146,236
"64027",359,124,4.85230440196966,235
"64028",359,125,6.29671653831469,234
"64029",359,126,5.01516904004056,233
"64030",359,127,5.14535614581595,232
"64031",359,128,5.62628974267188,231
"64032",359,129,5.25258288265922,230
"64033",359,130,6.11795554543758,229
"64034",359,131,5.18778803689663,228
"64035",359,132,5.2196676689163,227
"64036",359,133,5.352693264273,226
"64037",359,134,5.80449518634473,225
"64038",359,135,5.82595047679169,224
"64039",359,136,5.89113045069317,223
"64040",359,137,7.23743855561178,222
"64041",359,138,6.26445377635045,221
"64042",359,139,5.70724341736116,220
"64043",359,140,5.07439253238304,219
"64044",359,141,6.00397658975108,218
"64045",359,142,5.78475086556996,217
"64046",359,143,7.40369095543607,216
"64047",359,144,6.84873402024393,215
"64048",359,145,6.07450129083001,214
"64049",359,146,7.26342282755954,213
"64050",359,147,7.64265106849489,212
"64051",359,148,7.20666741867271,211
"64052",359,149,7.65238639755462,210
"64053",359,150,7.28515532611368,209
"64054",359,151,8.78384318972903,208
"64055",359,152,8.54081404354391,207
"64056",359,153,10.7816840120926,206
"64057",359,154,8.93233389815562,205
"64058",359,155,7.52099772594822,204
"64059",359,156,6.3922118977744,203
"64060",359,157,7.05341232774486,202
"64061",359,158,7.66697244988545,201
"64062",359,159,8.58409436301108,200
"64063",359,160,9.31391637026586,199
"64064",359,161,8.22412142191719,198
"64065",359,162,7.25611667883552,197
"64066",359,163,7.01460267599912,196
"64067",359,164,8.92561103582424,195
"64068",359,165,8.19289526745264,194
"64069",359,166,7.04522842272137,193
"64070",359,167,6.31948517665508,192
"64071",359,168,6.21697394387627,191
"64072",359,169,7.00497816611688,190
"64073",359,170,7.29020881499373,189
"64074",359,171,6.04562664550177,188
"64075",359,172,7.1619560326217,187
"64076",359,173,7.75335811991065,186
"64077",359,174,8.59083153310224,185
"64078",359,175,8.28850908369501,184
"64079",359,176,8.49581258900314,183
"64080",359,177,8.27217005801571,182
"64081",359,178,7.1164513711539,181
"64082",359,179,7.78880507178653,180
"64083",359,180,9.27942591966856,179
"64084",359,181,8.39881937717663,178
"64085",359,182,9.21253189887013,177
"64086",359,183,8.99474537583015,176
"64087",359,184,7.87261508982248,175
"64088",359,185,8.09813129882213,174
"64089",359,186,8.38452603293112,173
"64090",359,187,7.6930434683466,172
"64091",359,188,7.48578140156034,171
"64092",359,189,8.36504565999728,170
"64093",359,190,7.4784262881784,169
"64094",359,191,8.34770053178117,168
"64095",359,192,9.95376321908206,167
"64096",359,193,9.569937205889,166
"64097",359,194,7.72550946579305,165
"64098",359,195,8.8019888343717,164
"64099",359,196,7.08597175556805,163
"64100",359,197,7.7065931863002,162
"64101",359,198,8.61588174021623,161
"64102",359,199,8.52497750146811,160
"64103",359,200,8.83339076775637,159
"64104",359,201,9.00614587907688,158
"64105",359,202,10.6463624967294,157
"64106",359,203,10.9313891544912,156
"64107",359,204,10.8459701293728,155
"64108",359,205,10.2088402710408,154
"64109",359,206,9.18146632438115,153
"64110",359,207,8.94170015770288,152
"64111",359,208,9.53831895418301,151
"64112",359,209,9.13537923446456,150
"64113",359,210,10.1719945642269,149
"64114",359,211,9.5941192098518,148
"64115",359,212,9.46721291709407,147
"64116",359,213,8.42036907945541,146
"64117",359,214,9.52709431377634,145
"64118",359,215,7.52082709083696,144
"64119",359,216,7.89716608844603,143
"64120",359,217,7.41616945074701,142
"64121",359,218,8.48679186659864,141
"64122",359,219,8.82015382271779,140
"64123",359,220,8.60403867035715,139
"64124",359,221,8.68929735917872,138
"64125",359,222,9.51288697153224,137
"64126",359,223,8.45990824032418,136
"64127",359,224,8.82058438770195,135
"64128",359,225,7.55915013109338,134
"64129",359,226,7.91410654061634,133
"64130",359,227,6.88141187073582,132
"64131",359,228,8.2499828245563,131
"64132",359,229,7.73181034851914,130
"64133",359,230,7.98854760442877,129
"64134",359,231,6.76202474488564,128
"64135",359,232,7.26367347748598,127
"64136",359,233,8.84312601813501,126
"64137",359,234,9.3692590941246,125
"64138",359,235,7.4214419526538,124
"64139",359,236,8.0198141535894,123
"64140",359,237,7.83393168297208,122
"64141",359,238,8.21062160507089,121
"64142",359,239,10.3206891378201,120
"64143",359,240,9.28774505149237,119
"64144",359,241,6.74161151518736,118
"64145",359,242,6.87780106177306,117
"64146",359,243,7.3781630420193,116
"64147",359,244,6.4080212426003,115
"64148",359,245,6.27709211654428,114
"64149",359,246,6.90780764113842,113
"64150",359,247,7.92608091472564,112
"64151",359,248,7.62514530964706,111
"64152",359,249,8.01863313629342,110
"64153",359,250,7.03608624142241,109
"64154",359,251,7.11954839480588,108
"64155",359,252,7.16830321197225,107
"64156",359,253,6.33451276321414,106
"64157",359,254,6.58952426165608,105
"64158",359,255,6.65830788236246,104
"64159",359,256,6.1323836896618,103
"64160",359,257,6.42954546339873,102
"64161",359,258,6.56017342324917,101
"64162",359,259,3.95455669472866,100
"64163",359,260,4.22673607130204,99
"64164",359,261,4.13798027976515,98
"64165",359,262,4.53912881721947,97
"64166",359,263,6.08840088734413,96
"64167",359,264,7.04127145381284,95
"64168",359,265,6.72144380922704,94
"64169",359,266,7.25849898833839,93
"64170",359,267,7.27014530916403,92
"64171",359,268,7.66285101387683,91
"64172",359,269,7.19224865315325,90
"64173",359,270,7.08644907861487,89
"64174",359,271,6.45506212202161,88
"64175",359,272,5.58529598544756,87
"64176",359,273,5.60191959520701,86
"64177",359,274,4.63298631653158,85
"64178",359,275,2.77362081390614,84
"64179",359,276,3.45937030906163,83
"64180",359,277,4.28066620457889,82
"64181",359,278,4.90468093017522,81
"64182",359,279,4.23043584612786,80
"64183",359,280,5.73315415534312,79
"64184",359,281,5.70575209847573,78
"64185",359,282,5.83838817647736,77
"64186",359,283,6.49199596739791,76
"64187",359,284,5.7424098741013,75
"64188",359,285,6.94722024598953,74
"64189",359,286,6.45121855844077,73
"64190",359,287,5.56673033246289,72
"64191",359,288,6.55758828950171,71
"64192",359,289,6.92124555373146,70
"64193",359,290,5.04811551533751,69
"64194",359,291,5.03574877781331,68
"64195",359,292,6.74172863483304,67
"64196",359,293,7.09279015557717,66
"64197",359,294,4.13482953947358,65
"64198",359,295,3.74828554094064,64
"64199",359,296,3.65562004333831,63
"64200",359,297,4.22934853940857,62
"64201",359,298,3.80200992033657,61
"64202",359,299,3.77415704979918,60
"64203",359,300,4.58638530677815,59
"64204",359,301,2.29964088461612,58
"64205",359,302,4.83019581659848,57
"64206",359,303,1.40194970317858,56
"64207",359,304,2.13424362492087,55
"64208",359,305,2.35151572948986,54
"64209",359,306,3.158766579754,53
"64210",359,307,2.61551436012369,52
"64211",359,308,4.10614831068834,51
"64212",359,309,2.31177763918678,50
"64213",359,310,2.64211564004594,49
"64214",359,311,3.94189176602483,48
"64215",359,312,3.74107560310166,47
"64216",359,313,4.02028623585572,46
"64217",359,314,2.9955029423778,45
"64218",359,315,4.13293846018931,44
"64219",359,316,2.98970769697409,43
"64220",359,317,5.82170227644313,42
"64221",359,318,6.95100062350617,41
"64222",359,319,4.67384502192366,40
"64223",359,320,4.96618924635769,39
"64224",359,321,3.43211497952813,38
"64225",359,322,2.12743300949967,37
"64226",359,323,2.89864877458038,36
"64227",359,324,3.57017921410773,35
"64228",359,325,4.69273170776233,34
"64229",359,326,4.88101548016537,33
"64230",359,327,5.54116574897035,32
"64231",359,328,2.69097775076612,31
"64232",359,329,2.77281760218934,30
"64233",359,330,2.99759571652306,29
"64234",359,331,3.93944704443723,28
"64235",359,332,4.31804035402795,27
"64236",359,333,5.39068047248073,26
"64237",359,334,2.52193606196641,25
"64238",359,335,2.35461895178128,24
"64239",359,336,1.99420730748338,23
"64240",359,337,1.77558219753996,22
"64241",359,338,2.7891512730145,21
"64242",359,339,4.21305931202719,20
"64243",359,340,5.94656095569059,19
"64244",359,341,5.52572293988817,18
"64245",359,342,2.19519781564011,17
"64246",359,343,1.70671531878724,16
"64247",359,344,2.42535206006441,15
"64248",359,345,2.91409118962098,14
"64249",359,346,1.43575197187556,13
"64250",359,347,1.17923649287986,12
"64251",359,348,2.37997852280986,11
"64252",359,349,4.13627445286576,10
"64253",359,350,4.00706115766311,9
"64254",359,351,2.49894741017092,8
"64255",359,352,1.44099600513241,7
"64256",359,353,0.543328072503757,6
"64257",359,354,3.86363600427249,5
"64258",359,355,4.68331847426757,4
"64259",359,356,4.51155493485005,3
"64260",359,357,3.31630986898739,2
"64261",359,358,1.73373878185886,1
"64262",360,1,3.89151922315927,359
"64263",360,2,2.06836421940694,358
"64264",360,3,2.82467889150154,357
"64265",360,4,3.42837930210678,356
"64266",360,5,2.68706809538566,355
"64267",360,6,3.48836096078976,354
"64268",360,7,2.87139622557137,353
"64269",360,8,3.27330623154491,352
"64270",360,9,5.62473378660803,351
"64271",360,10,3.29785871443148,350
"64272",360,11,4.93671817707329,349
"64273",360,12,4.22519552810831,348
"64274",360,13,3.97161828623902,347
"64275",360,14,3.93488290131242,346
"64276",360,15,2.31317933143561,345
"64277",360,16,2.26464094033064,344
"64278",360,17,3.26208213638599,343
"64279",360,18,5.06858523207682,342
"64280",360,19,2.28760477836001,341
"64281",360,20,1.85221940755096,340
"64282",360,21,4.61720651153888,339
"64283",360,22,5.79857793594417,338
"64284",360,23,4.41674582861356,337
"64285",360,24,4.66871479814967,336
"64286",360,25,3.605264192922,335
"64287",360,26,5.08655696802387,334
"64288",360,27,4.55051774839752,333
"64289",360,28,5.07273783130005,332
"64290",360,29,4.03463885287907,331
"64291",360,30,4.75784381955371,330
"64292",360,31,3.62781118534915,329
"64293",360,32,6.03055428558316,328
"64294",360,33,3.21393517403167,327
"64295",360,34,3.40870480996379,326
"64296",360,35,3.52285803778531,325
"64297",360,36,5.1457833199281,324
"64298",360,37,2.10685174612285,323
"64299",360,38,4.29039028171246,322
"64300",360,39,3.88521172281773,321
"64301",360,40,3.78320268390562,320
"64302",360,41,3.64506180923593,319
"64303",360,42,3.51948784291012,318
"64304",360,43,2.18699927256625,317
"64305",360,44,0.764204166890674,316
"64306",360,45,4.67381577398987,315
"64307",360,46,3.05854166758703,314
"64308",360,47,0.733348995260469,313
"64309",360,48,2.14495842414456,312
"64310",360,49,3.88704092210122,311
"64311",360,50,6.97846003147676,310
"64312",360,51,1.55639011462309,309
"64313",360,52,2.10747888745142,308
"64314",360,53,3.34662793613418,307
"64315",360,54,3.69511664738987,306
"64316",360,55,1.8918452735956,305
"64317",360,56,3.39281673732271,304
"64318",360,57,1.48852376231558,303
"64319",360,58,3.28092517014169,302
"64320",360,59,4.63959752914767,301
"64321",360,60,1.40604393325624,300
"64322",360,61,1.35548739056428,299
"64323",360,62,3.49698264658667,298
"64324",360,63,2.22887328607119,297
"64325",360,64,3.18240196314622,296
"64326",360,65,5.21831291620664,295
"64327",360,66,2.99275215523121,294
"64328",360,67,2.3576583590791,293
"64329",360,68,2.5700459301818,292
"64330",360,69,4.94591008919249,291
"64331",360,70,1.23041319617226,290
"64332",360,71,1.01368832840613,289
"64333",360,72,1.68943818348095,288
"64334",360,73,1.69337095415462,287
"64335",360,74,1.76396898236861,286
"64336",360,75,3.19822743964941,285
"64337",360,76,2.71826364741281,284
"64338",360,77,3.99026492733895,283
"64339",360,78,5.21587695639,282
"64340",360,79,0.817606281815385,281
"64341",360,80,3.86442569150112,280
"64342",360,81,3.19216378675085,279
"64343",360,82,2.70188309438806,278
"64344",360,83,2.8598412614222,277
"64345",360,84,1.24637494479034,276
"64346",360,85,2.17702030232418,275
"64347",360,86,1.96359943897592,274
"64348",360,87,2.76118866566858,273
"64349",360,88,1.86034007237595,272
"64350",360,89,2.12826204234856,271
"64351",360,90,4.07931123328544,270
"64352",360,91,2.02568596618924,269
"64353",360,92,1.53907891403317,268
"64354",360,93,2.04938076640889,267
"64355",360,94,6.48329379467781,266
"64356",360,95,4.31262172491024,265
"64357",360,96,1.83041423946283,264
"64358",360,97,3.74812986236591,263
"64359",360,98,2.53496637219675,262
"64360",360,99,4.33658648050456,261
"64361",360,100,5.53820021906161,260
"64362",360,101,6.95394761090752,259
"64363",360,102,5.17601219745657,258
"64364",360,103,4.0519504675422,257
"64365",360,104,4.51530014979527,256
"64366",360,105,3.52035982631362,255
"64367",360,106,5.83580034574859,254
"64368",360,107,3.32959494171228,253
"64369",360,108,4.55966771414274,252
"64370",360,109,5.21483719147942,251
"64371",360,110,5.17464480187362,250
"64372",360,111,4.2456697428827,249
"64373",360,112,1.87014680073334,248
"64374",360,113,5.06627541090431,247
"64375",360,114,6.85546075099563,246
"64376",360,115,7.1187566972768,245
"64377",360,116,7.57530425456684,244
"64378",360,117,7.76708089865198,243
"64379",360,118,7.04282078903787,242
"64380",360,119,3.57571482059385,241
"64381",360,120,2.71987185467178,240
"64382",360,121,5.80375187867858,239
"64383",360,122,6.08908247155972,238
"64384",360,123,7.35656959491274,237
"64385",360,124,4.29499398530094,236
"64386",360,125,3.39514997703717,235
"64387",360,126,3.52201124389528,234
"64388",360,127,4.76016147008213,233
"64389",360,128,6.59622873085696,232
"64390",360,129,5.10159614026211,231
"64391",360,130,5.41105361411065,230
"64392",360,131,6.17453442745033,229
"64393",360,132,5.95766041723062,228
"64394",360,133,6.34928884937316,227
"64395",360,134,7.44184939962659,226
"64396",360,135,7.46330469007354,225
"64397",360,136,7.52848466397503,224
"64398",360,137,6.68012813894305,223
"64399",360,138,6.69486469555668,222
"64400",360,139,7.34459763064302,221
"64401",360,140,6.7117467456649,220
"64402",360,141,6.9066859684617,219
"64403",360,142,7.42210507885182,218
"64404",360,143,6.99264122587726,217
"64405",360,144,7.13348250875204,216
"64406",360,145,7.71185550411187,215
"64407",360,146,7.69080608430466,214
"64408",360,147,6.7148517199343,213
"64409",360,148,6.89315949538496,212
"64410",360,149,7.75906256453428,211
"64411",360,150,8.92250953939554,210
"64412",360,151,9.82101178738858,209
"64413",360,152,8.76880729573368,208
"64414",360,153,7.88011745081508,207
"64415",360,154,6.0307673368781,206
"64416",360,155,6.81409579462129,205
"64417",360,156,7.64226977679578,204
"64418",360,157,7.59755930728439,203
"64419",360,158,7.33210483391249,202
"64420",360,159,9.42516763575552,201
"64421",360,160,9.43227134115983,200
"64422",360,161,8.83549801093118,199
"64423",360,162,8.53418241316396,198
"64424",360,163,8.43148639596003,197
"64425",360,164,6.02404447454673,196
"64426",360,165,5.29302289233389,195
"64427",360,166,6.00483755854076,194
"64428",360,167,6.62038658828168,193
"64429",360,168,7.85432815715813,192
"64430",360,169,8.49594662772905,191
"64431",360,170,8.73075506950005,190
"64432",360,171,7.67299257782147,189
"64433",360,172,8.38484860827073,188
"64434",360,173,8.9440749050644,187
"64435",360,174,8.05071448548556,186
"64436",360,175,6.73306346114416,185
"64437",360,176,6.3718232961702,184
"64438",360,177,7.65099932469061,183
"64439",360,178,8.44493931258819,182
"64440",360,179,8.79235886470885,181
"64441",360,180,6.37785935839104,180
"64442",360,181,6.90583453189829,179
"64443",360,182,8.5056299675432,178
"64444",360,183,8.28784344450321,177
"64445",360,184,7.591204923585,176
"64446",360,185,9.15210729885029,175
"64447",360,186,8.7998207429519,174
"64448",360,187,9.33039768162846,173
"64449",360,188,8.61215206968836,172
"64450",360,189,8.18063106591574,171
"64451",360,190,7.81234310087473,170
"64452",360,191,7.86231833176467,169
"64453",360,192,8.78505328793069,168
"64454",360,193,8.39030536426239,167
"64455",360,194,8.69544845397814,166
"64456",360,195,5.90042227309419,165
"64457",360,196,6.79086564130812,164
"64458",360,197,6.66393167721891,163
"64459",360,198,7.0213932463412,162
"64460",360,199,8.17901312901819,161
"64461",360,200,10.0554407914707,160
"64462",360,201,10.6435000923587,159
"64463",360,202,10.5427905516854,158
"64464",360,203,11.212224645563,157
"64465",360,204,10.1390681980458,156
"64466",360,205,9.72565464016171,155
"64467",360,206,10.818820537663,154
"64468",360,207,7.51544673946195,153
"64469",360,208,8.09342872218338,152
"64470",360,209,8.84707429643056,151
"64471",360,210,9.44756669239814,150
"64472",360,211,8.53747137795935,149
"64473",360,212,8.50743060161586,148
"64474",360,213,8.26112628998964,147
"64475",360,214,7.49989250391264,146
"64476",360,215,8.8381145793328,145
"64477",360,216,8.44051741373999,144
"64478",360,217,7.60483449349714,143
"64479",360,218,8.22119647855124,142
"64480",360,219,9.25069479766571,141
"64481",360,220,8.07713686125319,140
"64482",360,221,8.83567363130165,139
"64483",360,222,7.63113950317995,138
"64484",360,223,7.50056811436773,137
"64485",360,224,8.11368245637502,136
"64486",360,225,7.73043799054699,135
"64487",360,226,7.79461577278882,134
"64488",360,227,7.11772760103681,133
"64489",360,228,6.38970334563956,132
"64490",360,229,7.94541623011653,131
"64491",360,230,7.23470046396344,130
"64492",360,231,8.39937895816749,129
"64493",360,232,8.80506414620399,128
"64494",360,233,8.28581560146628,127
"64495",360,234,6.46769253284709,126
"64496",360,235,6.71454002132687,125
"64497",360,236,6.43652611265281,124
"64498",360,237,8.02137246554418,123
"64499",360,238,9.84797581835275,122
"64500",360,239,9.76337872115132,121
"64501",360,240,7.12312257743011,120
"64502",360,241,6.55194828378998,119
"64503",360,242,6.72723759476919,118
"64504",360,243,7.89430216625178,117
"64505",360,244,7.47880464499708,116
"64506",360,245,7.91444632982613,115
"64507",360,246,7.75874079554046,114
"64508",360,247,8.22708637094559,113
"64509",360,248,7.7641273228637,112
"64510",360,249,7.46132271962469,111
"64511",360,250,8.67344045470426,110
"64512",360,251,7.7774007950879,109
"64513",360,252,8.80565742525411,108
"64514",360,253,7.971866976496,107
"64515",360,254,8.22687847493794,106
"64516",360,255,8.29566209564432,105
"64517",360,256,7.76973790294366,104
"64518",360,257,7.74932956661035,103
"64519",360,258,6.00286300658045,102
"64520",360,259,4.1333580440517,101
"64521",360,260,4.96452073042964,100
"64522",360,261,5.16688171110228,99
"64523",360,262,6.17648303050133,98
"64524",360,263,7.72575510062599,97
"64525",360,264,8.6786256670947,96
"64526",360,265,8.3587980225089,95
"64527",360,266,8.89585320162025,94
"64528",360,267,8.90749952244589,93
"64529",360,268,9.30020522715869,92
"64530",360,269,8.82960286643511,91
"64531",360,270,8.72380329189673,90
"64532",360,271,8.09241633530347,89
"64533",360,272,6.75985984748282,88
"64534",360,273,5.44819101850532,87
"64535",360,274,4.07567589986286,86
"64536",360,275,2.67025695804878,85
"64537",360,276,5.09672452234349,84
"64538",360,277,4.59761649473062,83
"64539",360,278,5.51673511310951,82
"64540",360,279,5.05470171650369,81
"64541",360,280,7.37050836862498,80
"64542",360,281,7.34310631175759,79
"64543",360,282,7.47574238975922,78
"64544",360,283,8.12935018067977,77
"64545",360,284,7.37976408738316,76
"64546",360,285,6.38990982932081,75
"64547",360,286,8.08857277172262,74
"64548",360,287,5.41472562921169,73
"64549",360,288,3.65602172822419,72
"64550",360,289,4.01967899245395,71
"64551",360,290,4.7900229300484,70
"64552",360,291,6.67310299109517,69
"64553",360,292,6.18441821816431,68
"64554",360,293,5.92968717385597,67
"64555",360,294,2.60695882808826,66
"64556",360,295,4.6846097243885,65
"64557",360,296,5.29297425662017,64
"64558",360,297,5.86670275269042,63
"64559",360,298,4.35342613910471,62
"64560",360,299,5.41151126308103,61
"64561",360,300,5.11379179814033,60
"64562",360,301,0.718382186032892,59
"64563",360,302,5.53709774792541,58
"64564",360,303,1.70552134857756,57
"64565",360,304,3.77159783820272,56
"64566",360,305,3.98886994277172,55
"64567",360,306,4.79612079303586,54
"64568",360,307,4.25286857340554,53
"64569",360,308,2.75816390291237,52
"64570",360,309,0.885425693974011,51
"64571",360,310,4.2794698533278,50
"64572",360,311,5.57924597930669,49
"64573",360,312,5.37842981638352,48
"64574",360,313,5.65764044913757,47
"64575",360,314,3.74910237969549,46
"64576",360,315,1.54118814813387,45
"64577",360,316,1.41889920391808,44
"64578",360,317,2.92013571516562,43
"64579",360,318,5.12680199997879,42
"64580",360,319,5.152610665892,41
"64581",360,320,6.60354345963955,40
"64582",360,321,1.45664973468322,39
"64583",360,322,2.33510157019623,38
"64584",360,323,0.386443092788609,37
"64585",360,324,4.40485540079793,36
"64586",360,325,6.33008592104419,35
"64587",360,326,6.51836969344723,34
"64588",360,327,4.98385533230163,33
"64589",360,328,2.23395402795899,32
"64590",360,329,3.90522366463041,31
"64591",360,330,4.63494992980492,30
"64592",360,331,4.17576277473822,29
"64593",360,332,5.95539456730981,28
"64594",360,333,4.83337005581201,27
"64595",360,334,1.20400182361745,26
"64596",360,335,0.54694760949624,25
"64597",360,336,2.88570278733366,24
"64598",360,337,2.66864574607951,23
"64599",360,338,4.42650548629636,22
"64600",360,339,5.85041352530905,21
"64601",360,340,5.56825926189053,20
"64602",360,341,4.96841252321945,19
"64603",360,342,1.53997407532687,18
"64604",360,343,3.3440695320691,17
"64605",360,344,0.957712592599882,16
"64606",360,345,3.4714016062897,15
"64607",360,346,4.19652628499166,14
"64608",360,347,2.10055817639433,13
"64609",360,348,3.78130302314878,12
"64610",360,349,2.9451636158375,11
"64611",360,350,1.10549459638559,10
"64612",360,351,1.58600568489828,9
"64613",360,352,2.68242215981033,8
"64614",360,353,2.35823848877376,7
"64615",360,354,4.34616032376773,6
"64616",360,355,4.59589945234198,5
"64617",360,356,6.14890914813191,4
"64618",360,357,2.75899945231866,3
"64619",360,358,1.16782777941866,2
"64620",360,359,2.90156656127751,1
"64621",361,1,1.29506768504819,360
"64622",361,2,1.69185542461289,359
"64623",361,3,5.42113042961261,358
"64624",361,4,3.57543343976449,357
"64625",361,5,3.9565609009852,356
"64626",361,6,4.60586106528943,355
"64627",361,7,4.1408890311709,354
"64628",361,8,5.48149332901907,353
"64629",361,9,8.22118532471911,352
"64630",361,10,5.47298167174824,351
"64631",361,11,3.79391847327588,350
"64632",361,12,5.5767160498151,349
"64633",361,13,6.5680698243501,348
"64634",361,14,4.78931354393852,347
"64635",361,15,3.58267213703514,346
"64636",361,16,3.53413374593018,345
"64637",361,17,4.26570021235277,344
"64638",361,18,2.90206681888989,343
"64639",361,19,0.91700063368286,342
"64640",361,20,2.89372006749488,341
"64641",361,21,7.21365804964995,340
"64642",361,22,7.0680707415437,339
"64643",361,23,7.01319736672464,338
"64644",361,24,5.93820760374921,337
"64645",361,25,3.39570559008338,336
"64646",361,26,4.24699728734848,335
"64647",361,27,3.39244347732751,334
"64648",361,28,2.90621941811311,333
"64649",361,29,3.35740419469231,332
"64650",361,30,3.13354565270021,331
"64651",361,31,3.59583287297637,330
"64652",361,32,3.86403587239623,329
"64653",361,33,2.37437549335628,328
"64654",361,34,6.00515634807487,327
"64655",361,35,3.74007299589057,326
"64656",361,36,2.97926490674117,325
"64657",361,37,2.55108764950147,324
"64658",361,38,2.44881946295939,323
"64659",361,39,6.06537751906294,322
"64660",361,40,5.062813826209,321
"64661",361,41,5.78553791696521,320
"64662",361,42,4.78898064850966,319
"64663",361,43,3.34417762422896,318
"64664",361,44,3.05581471098627,317
"64665",361,45,6.8403341871768,316
"64666",361,46,5.6549932056981,315
"64667",361,47,3.30616807114022,314
"64668",361,48,4.06798647773058,313
"64669",361,49,5.92299943368875,312
"64670",361,50,9.1449784446637,311
"64671",361,51,3.730680715193,310
"64672",361,52,3.38565190522157,309
"64673",361,53,3.85200574315117,308
"64674",361,54,4.96460945298941,307
"64675",361,55,1.92773612157476,306
"64676",361,56,2.80000339700553,305
"64677",361,57,2.34173082604924,304
"64678",361,58,1.79376218835923,303
"64679",361,59,3.37010472354813,302
"64680",361,60,3.02613462593944,301
"64681",361,61,3.79074065998169,300
"64682",361,62,5.7367953298224,299
"64683",361,63,2.49471307808217,298
"64684",361,64,1.91290915754669,297
"64685",361,65,3.9488201106071,296
"64686",361,66,4.9929173950695,295
"64687",361,67,3.62715116467863,294
"64688",361,68,1.22808091933959,293
"64689",361,69,7.11242850237942,292
"64690",361,70,1.74042629623505,291
"64691",361,71,1.58276320970495,290
"64692",361,72,3.58120262866765,289
"64693",361,73,2.53293063483001,288
"64694",361,74,0.940194721014061,287
"64695",361,75,0.983281414225721,286
"64696",361,76,2.81714221630801,285
"64697",361,77,5.6915186255577,284
"64698",361,78,7.38239536957693,283
"64699",361,79,2.22534398465938,282
"64700",361,80,2.93254653876044,281
"64701",361,81,3.42034929166048,280
"64702",361,82,1.29702827283263,279
"64703",361,83,2.02028158074681,278
"64704",361,84,3.61548904641899,277
"64705",361,85,3.99589457199068,276
"64706",361,86,3.23309224457545,275
"64707",361,87,4.64855028891153,274
"64708",361,88,4.13245860184865,273
"64709",361,89,1.51922510001269,272
"64710",361,90,2.6722143070025,271
"64711",361,91,2.21137782999938,270
"64712",361,92,1.05737262407791,269
"64713",361,93,2.88894044708428,268
"64714",361,94,8.64981220786474,267
"64715",361,95,4.66224649612795,266
"64716",361,96,3.99693265264977,265
"64717",361,97,3.29741887800743,264
"64718",361,98,1.05312190566263,263
"64719",361,99,1.74013494239348,262
"64720",361,100,2.94174868095054,261
"64721",361,101,6.29683587208896,260
"64722",361,102,4.22025308743055,259
"64723",361,103,2.78245766194267,258
"64724",361,104,4.90495928386756,257
"64725",361,105,3.13732146186615,256
"64726",361,106,4.56630754014905,255
"64727",361,107,5.49611335489921,254
"64728",361,108,4.92131899290798,253
"64729",361,109,3.9181625851819,252
"64730",361,110,5.89962592870915,251
"64731",361,111,6.41218815606963,250
"64732",361,112,0.726304737377739,249
"64733",361,113,3.56944516882236,248
"64734",361,114,4.35590074044714,247
"64735",361,115,4.52230515916572,246
"64736",361,116,6.75400436348975,245
"64737",361,117,6.49758809305245,244
"64738",361,118,6.60249764893066,243
"64739",361,119,5.74223323378078,242
"64740",361,120,4.77220132665073,241
"64741",361,121,3.21290728999768,240
"64742",361,122,3.92962339503265,239
"64743",361,123,6.96666866191138,238
"64744",361,124,3.36725617650388,237
"64745",361,125,5.56166839022411,236
"64746",361,126,4.28012089194998,235
"64747",361,127,5.13862015121598,234
"64748",361,128,5.75894749202033,233
"64749",361,129,4.84137353138857,232
"64750",361,130,6.25061329478604,231
"64751",361,131,5.32044578624509,230
"64752",361,132,3.59455327507143,229
"64753",361,133,3.75283731126209,228
"64754",361,134,4.84539786151551,227
"64755",361,135,4.86685315196247,226
"64756",361,136,4.93203312586395,225
"64757",361,137,5.41063533334352,224
"64758",361,138,4.4376505540822,223
"64759",361,139,4.74814609253195,222
"64760",361,140,4.69235383751692,221
"64761",361,141,6.13663433909954,220
"64762",361,142,4.99933451385707,219
"64763",361,143,5.57688773316781,218
"64764",361,144,5.3132635876723,217
"64765",361,145,6.00619629153741,216
"64766",361,146,6.52837467946896,215
"64767",361,147,6.90760292040431,214
"64768",361,148,5.82246360741862,213
"64769",361,149,5.82558317528636,212
"64770",361,150,7.36811694813862,211
"64771",361,151,8.91650093907749,210
"64772",361,152,7.80576589545333,209
"64773",361,153,10.046635864002,208
"64774",361,154,8.19728575006504,207
"64775",361,155,7.65365547529668,206
"64776",361,156,6.52486964712286,205
"64777",361,157,7.18607007709332,204
"64778",361,158,6.94862345902847,203
"64779",361,159,8.71675211235954,202
"64780",361,160,9.44657411961431,201
"64781",361,161,8.35677917126564,200
"64782",361,162,7.38877442818398,199
"64783",361,163,6.03111673684217,198
"64784",361,164,8.19056288773366,197
"64785",361,165,7.45784711936206,196
"64786",361,166,6.84439723921615,195
"64787",361,167,5.48992564356531,194
"64788",361,168,5.61643901821815,193
"64789",361,169,7.13763591546534,192
"64790",361,170,7.42286656434219,191
"64791",361,171,5.2950372705024,190
"64792",361,172,5.78839707015965,189
"64793",361,173,7.0871490711724,188
"64794",361,174,7.55958317158907,187
"64795",361,175,7.55346093560443,186
"64796",361,176,7.76076444091256,185
"64797",361,177,8.40482780736416,184
"64798",361,178,7.24910912050236,183
"64799",361,179,7.92146282113499,182
"64800",361,180,8.54437777157798,181
"64801",361,181,7.74539421257367,180
"64802",361,182,9.34518964821859,179
"64803",361,183,9.1274031251786,178
"64804",361,184,7.12148561914561,177
"64805",361,185,8.23078904817059,176
"64806",361,186,8.51718378227958,175
"64807",361,187,6.99166412847678,174
"64808",361,188,7.51155934238406,173
"64809",361,189,6.59986509777331,172
"64810",361,190,7.27759510467318,171
"64811",361,191,7.74216189127023,170
"64812",361,192,9.21871507099148,169
"64813",361,193,8.83488905779842,168
"64814",361,194,7.85816721514151,167
"64815",361,195,8.06694068628112,166
"64816",361,196,6.49702822769735,165
"64817",361,197,6.97154503820961,164
"64818",361,198,7.88083359212565,163
"64819",361,199,7.78992935337752,162
"64820",361,200,8.96604851710483,161
"64821",361,201,8.7921812078969,160
"64822",361,202,9.77758120947226,159
"64823",361,203,11.0640469038396,158
"64824",361,204,10.9786278787212,157
"64825",361,205,9.9752610517768,156
"64826",361,206,8.29520555845657,155
"64827",361,207,8.20665200961229,154
"64828",361,208,8.93298840285877,153
"64829",361,209,8.65968824646165,152
"64830",361,210,9.80921797116337,151
"64831",361,211,9.37703105863474,150
"64832",361,212,9.34699028229125,149
"64833",361,213,8.51073270160473,148
"64834",361,214,8.79204616568576,147
"64835",361,215,7.65348484018542,146
"64836",361,216,6.13759247565224,145
"64837",361,217,6.77876715352085,144
"64838",361,218,6.76083305854208,143
"64839",361,219,7.12220286996828,142
"64840",361,220,7.86899052226657,141
"64841",361,221,8.82195510852718,140
"64842",361,222,8.77783882344166,139
"64843",361,223,8.34012779504312,138
"64844",361,224,8.95324213705041,137
"64845",361,225,6.17494631983929,136
"64846",361,226,6.08730331834808,135
"64847",361,227,5.73251169264235,134
"64848",361,228,7.51493467646572,133
"64849",361,229,7.8644680978676,132
"64850",361,230,7.25349945633819,131
"64851",361,231,6.33515734642194,130
"64852",361,232,7.39633122683444,129
"64853",361,233,7.01632279586675,128
"64854",361,234,8.63421094603402,127
"64855",361,235,7.55409970200225,126
"64856",361,236,7.28476600549882,125
"64857",361,237,6.00712846070382,124
"64858",361,238,7.26833168261028,123
"64859",361,239,8.49388591555179,122
"64860",361,240,8.55269690340178,121
"64861",361,241,6.75113248829923,120
"64862",361,242,7.01045881112152,119
"64863",361,243,7.51082079136776,118
"64864",361,244,6.54067899194876,117
"64865",361,245,5.79420900746646,116
"64866",361,246,5.77855619563798,115
"64867",361,247,6.3738030797854,114
"64868",361,248,5.79834208737881,113
"64869",361,249,6.19182991402516,112
"64870",361,250,6.07698891659319,111
"64871",361,251,5.29274517253763,110
"64872",361,252,6.20920588714303,109
"64873",361,253,5.49306725496523,108
"64874",361,254,6.28591562920286,107
"64875",361,255,6.64480846071344,106
"64876",361,256,5.8455824595772,105
"64877",361,257,6.03246990109745,104
"64878",361,258,5.45048155340121,103
"64879",361,259,3.85072108337938,102
"64880",361,260,2.99379888136549,101
"64881",361,261,3.47802990089644,100
"64882",361,262,4.55486082976994,99
"64883",361,263,5.12930356251492,98
"64884",361,264,6.08217412898362,97
"64885",361,265,5.76234648439783,96
"64886",361,266,6.29940166350917,95
"64887",361,267,6.31104798433481,94
"64888",361,268,6.70375368904762,93
"64889",361,269,6.23315132832403,92
"64890",361,270,6.12735175378565,91
"64891",361,271,5.49596479719239,90
"64892",361,272,5.01497888074096,89
"64893",361,273,4.86687144711643,88
"64894",361,274,2.92383491084363,87
"64895",361,275,0.946817591637886,86
"64896",361,276,2.5226873360312,85
"64897",361,277,3.15977388179248,84
"64898",361,278,4.46095764348088,83
"64899",361,279,4.36309359547632,82
"64900",361,280,5.8273162303065,81
"64901",361,281,5.57021748970867,80
"64902",361,282,5.34989811796938,79
"64903",361,283,5.91946889704684,78
"64904",361,284,4.78331254927209,77
"64905",361,285,5.12041702372128,76
"64906",361,286,5.49212123361155,75
"64907",361,287,4.3618009978334,74
"64908",361,288,5.82254014141112,73
"64909",361,289,6.18619740564088,72
"64910",361,290,4.65305908718535,71
"64911",361,291,4.89460721961608,70
"64912",361,292,4.91492541256478,69
"64913",361,293,6.35774200748659,68
"64914",361,294,3.399781391383,67
"64915",361,295,3.8809432902891,66
"64916",361,296,2.98224855877555,65
"64917",361,297,3.27025121457935,64
"64918",361,298,3.63379671684839,63
"64919",361,299,3.38090445607271,62
"64920",361,300,2.7595820845099,61
"64921",361,301,1.87806935207818,60
"64922",361,302,4.69753806725002,59
"64923",361,303,1.19872010782831,58
"64924",361,304,1.97070116084674,57
"64925",361,305,2.45128475388341,56
"64926",361,306,2.78792833782632,55
"64927",361,307,2.46877929841818,54
"64928",361,308,3.37110016259776,53
"64929",361,309,1.71102584413707,52
"64930",361,310,2.05838811675643,51
"64931",361,311,3.03321664830146,50
"64932",361,312,3.33101560700658,49
"64933",361,313,3.11721806756251,48
"64934",361,314,1.16869972010955,47
"64935",361,315,4.13763968624495,46
"64936",361,316,2.25465954888351,45
"64937",361,317,5.08665412835255,44
"64938",361,318,6.21595247541558,43
"64939",361,319,3.83867853940371,42
"64940",361,320,4.00709192152848,41
"64941",361,321,2.85385844551966,40
"64942",361,322,3.60459437579576,39
"64943",361,323,2.27554386863817,38
"64944",361,324,2.85606975897117,37
"64945",361,325,3.73363438293311,36
"64946",361,326,3.92191815533616,35
"64947",361,327,3.77598518674639,34
"64948",361,328,2.50596134545098,33
"64949",361,329,2.9054753515378,32
"64950",361,330,3.12537259622367,31
"64951",361,331,2.97542829239853,30
"64952",361,332,3.62056033150765,29
"64953",361,333,3.56387725021247,28
"64954",361,334,2.37012997423746,27
"64955",361,335,2.40420408730783,26
"64956",361,336,2.12686505683184,25
"64957",361,337,2.51340866769626,24
"64958",361,338,1.83005394818528,23
"64959",361,339,3.25396198719797,22
"64960",361,340,4.11975773342234,21
"64961",361,341,3.69891971761992,20
"64962",361,342,3.15429514046932,19
"64963",361,343,2.0026265567087,18
"64964",361,344,3.38444938489363,17
"64965",361,345,4.74089441188923,16
"64966",361,346,3.26255519414381,15
"64967",361,347,2.25346129007632,14
"64968",361,348,2.51263627215832,13
"64969",361,349,3.40122630477518,12
"64970",361,350,3.27201300957253,11
"64971",361,351,3.45804473500014,10
"64972",361,352,2.88574748059817,9
"64973",361,353,1.87246031244837,8
"64974",361,354,3.99629375362095,7
"64975",361,355,2.85651525199931,6
"64976",361,356,3.61968721949529,5
"64977",361,357,2.51475819120467,4
"64978",361,358,2.00763685212845,3
"64979",361,359,1.82680322226826,2
"64980",361,360,2.59645153811108,1
"64981",362,1,5.2526108662291,361
"64982",362,2,3.19343070244914,360
"64983",362,3,2.65104819240146,359
"64984",362,4,3.52572058516442,358
"64985",362,5,2.74347999219526,357
"64986",362,6,3.5857022438474,356
"64987",362,7,2.92780812238096,355
"64988",362,8,2.65952873016399,354
"64989",362,9,4.2636421435382,353
"64990",362,10,3.35427061124108,352
"64991",362,11,5.03405946013094,351
"64992",362,12,2.90503327128653,350
"64993",362,13,2.61052664316919,349
"64994",362,14,4.03222418437006,348
"64995",362,15,2.3695912282452,347
"64996",362,16,2.32105283714024,346
"64997",362,17,3.35942341944364,345
"64998",362,18,5.16592651513447,344
"64999",362,19,3.04054254749805,343
"65000",362,20,1.9495606906086,342
"65001",362,21,3.25611486846904,341
"65002",362,22,5.85498983275376,340
"65003",362,23,4.28756818202474,339
"65004",362,24,4.72512669495927,338
"65005",362,25,3.70260547597964,337
"65006",362,26,3.76928194866771,336
"65007",362,27,4.64785903145517,335
"65008",362,28,5.17007911435769,334
"65009",362,29,4.13198013593671,333
"65010",362,30,4.85518510261136,332
"65011",362,31,3.7251524684068,331
"65012",362,32,6.12789556864081,330
"65013",362,33,2.66508149890478,329
"65014",362,34,2.46922787032,328
"65015",362,35,3.62019932084295,327
"65016",362,36,5.24312460298575,326
"65017",362,37,2.61987560169146,325
"65018",362,38,5.22940259557713,324
"65019",362,39,2.56504946599595,323
"65020",362,40,3.83961458071521,322
"65021",362,41,3.70147370604552,321
"65022",362,42,3.6088556942841,320
"65023",362,43,2.28434055562389,319
"65024",362,44,1.52725964858882,318
"65025",362,45,4.57647449093222,317
"65026",362,46,1.76474086527006,316
"65027",362,47,1.73289783765635,315
"65028",362,48,3.47973639806609,314
"65029",362,49,4.58588872846138,313
"65030",362,50,6.88111874841912,312
"65031",362,51,1.61280201143268,311
"65032",362,52,0.933056070645667,310
"65033",362,53,3.44396921919182,309
"65034",362,54,3.75152854419947,308
"65035",362,55,2.02980705960615,307
"65036",362,56,3.33640484051312,306
"65037",362,57,1.66468730286055,305
"65038",362,58,4.64201681321152,304
"65039",362,59,4.69438329148708,303
"65040",362,60,1.50338521631389,302
"65041",362,61,1.25814610750663,301
"65042",362,62,3.55339454339627,300
"65043",362,63,2.32621456912883,299
"65044",362,64,4.22079929992304,298
"65045",362,65,5.16190101939704,297
"65046",362,66,1.67258989840943,296
"65047",362,67,3.21103506491075,295
"65048",362,68,2.90314323495764,294
"65049",362,69,5.68311048944172,293
"65050",362,70,2.21711688494586,292
"65051",362,71,2.37477997147596,291
"65052",362,72,2.24056867842421,290
"65053",362,73,3.0135332109764,289
"65054",362,74,3.12506062543844,288
"65055",362,75,4.55931908271925,287
"65056",362,76,4.07935529048264,286
"65057",362,77,5.35135657040878,285
"65058",362,78,5.11853567333235,284
"65059",362,79,2.13776853863717,283
"65060",362,80,3.94269952079061,282
"65061",362,81,4.55325542982068,281
"65062",362,82,4.06297473745789,280
"65063",362,83,2.8447623613589,279
"65064",362,84,1.30278684159994,278
"65065",362,85,2.23343219913377,277
"65066",362,86,2.02001133578551,276
"65067",362,87,2.81760056247817,275
"65068",362,88,2.37639447520049,274
"65069",362,89,2.84310357161896,273
"65070",362,90,4.17665251634309,272
"65071",362,91,1.74616535118153,271
"65072",362,92,2.900170557103,270
"65073",362,93,3.36954302323067,269
"65074",362,94,6.38595251162016,268
"65075",362,95,4.25620982810064,267
"65076",362,96,2.53676541778207,266
"65077",362,97,5.10922150543574,265
"65078",362,98,3.89605801526659,264
"65079",362,99,5.69767812357439,263
"65080",362,100,6.89929186213145,262
"65081",362,101,6.89753571409792,261
"65082",362,102,5.61594503325082,260
"65083",362,103,5.12296578433607,259
"65084",362,104,5.8763917928651,258
"65085",362,105,4.88145146938345,257
"65086",362,106,5.77938844893899,256
"65087",362,107,3.23225365865463,255
"65088",362,108,5.92075935721258,254
"65089",362,109,6.57592883454925,253
"65090",362,110,6.47174902002963,252
"65091",362,111,4.14832845982505,251
"65092",362,112,3.23123844380317,250
"65093",362,113,6.42736705397415,249
"65094",362,114,8.21655239406546,248
"65095",362,115,8.47984834034663,247
"65096",362,116,7.51889235775725,246
"65097",362,117,7.71066900184238,245
"65098",362,118,6.98640889222827,244
"65099",362,119,4.88032241070894,243
"65100",362,120,4.04003411149356,242
"65101",362,121,7.16484352174842,241
"65102",362,122,7.45017411462956,240
"65103",362,123,7.30015769810314,239
"65104",362,124,4.23858208849134,238
"65105",362,125,3.29780869397953,237
"65106",362,126,4.88310288696511,236
"65107",362,127,6.12125311315196,235
"65108",362,128,7.9573203739268,234
"65109",362,129,6.46268778333194,233
"65110",362,130,6.73121587093243,232
"65111",362,131,7.53562607052016,231
"65112",362,132,7.31875206030045,230
"65113",362,133,7.710380492443,229
"65114",362,134,8.80294104269642,228
"65115",362,135,8.82439633314338,227
"65116",362,136,8.88957630704486,226
"65117",362,137,7.0556833825984,225
"65118",362,138,8.05595633862652,224
"65119",362,139,8.70568927371286,223
"65120",362,140,8.07283838873474,222
"65121",362,141,8.26777761153154,221
"65122",362,142,8.78319672192166,220
"65123",362,143,8.35373286894709,219
"65124",362,144,8.49457415182187,218
"65125",362,145,9.07294714718171,217
"65126",362,146,9.0518977273745,216
"65127",362,147,8.04436582892065,215
"65128",362,148,8.2542511384548,214
"65129",362,149,9.12015420760411,213
"65130",362,150,10.2836011824654,212
"65131",362,151,11.1821034304584,211
"65132",362,152,10.1298989388035,210
"65133",362,153,7.82631883007684,209
"65134",362,154,6.99572135198318,208
"65135",362,155,8.13425805144307,207
"65136",362,156,9.00336141986562,206
"65137",362,157,8.95865095035423,205
"65138",362,158,8.69319647698232,204
"65139",362,159,10.7862592788254,203
"65140",362,160,10.7933629842297,202
"65141",362,161,10.196589654001,201
"65142",362,162,9.89527405623379,200
"65143",362,163,9.79257803902987,199
"65144",362,164,5.92670319148908,198
"65145",362,165,5.8785141142329,197
"65146",362,166,7.32499981536254,196
"65147",362,167,7.98147823135151,195
"65148",362,168,9.21541980022796,194
"65149",362,169,9.85703827079888,193
"65150",362,170,10.0918467125699,192
"65151",362,171,9.03408422089131,191
"65152",362,172,9.74594025134056,190
"65153",362,173,10.3051665481342,189
"65154",362,174,9.41180612855539,188
"65155",362,175,8.094155104214,187
"65156",362,176,7.69198555299198,186
"65157",362,177,9.01209096776044,185
"65158",362,178,9.80603095565802,184
"65159",362,179,10.1534505077787,183
"65160",362,180,7.11651638294726,182
"65161",362,181,8.22599678872007,181
"65162",362,182,9.82579222436498,180
"65163",362,183,9.608005701325,179
"65164",362,184,8.95229656665483,178
"65165",362,185,10.5131989419201,177
"65166",362,186,10.1609123860217,176
"65167",362,187,10.6914893246983,175
"65168",362,188,9.97324371275819,174
"65169",362,189,9.54172270898558,173
"65170",362,190,9.17343474394456,172
"65171",362,191,9.2234099748345,171
"65172",362,192,9.03099497941305,170
"65173",362,193,9.75139700733223,169
"65174",362,194,10.056540097048,168
"65175",362,195,7.18931912961255,167
"65176",362,196,8.15195728437795,166
"65177",362,197,8.02502332028874,165
"65178",362,198,8.23765481545976,164
"65179",362,199,9.54010477208802,163
"65180",362,200,11.4165324345405,162
"65181",362,201,12.0045917354286,161
"65182",362,202,11.9038821947552,160
"65183",362,203,12.5733162886329,159
"65184",362,204,11.4592304548676,158
"65185",362,205,11.0867462832315,157
"65186",362,206,12.1799121807328,156
"65187",362,207,8.87653838253179,155
"65188",362,208,9.41359097900516,154
"65189",362,209,10.2081659395004,153
"65190",362,210,10.808658335468,152
"65191",362,211,9.85763363478113,151
"65192",362,212,9.82759285843764,150
"65193",362,213,9.62221793305947,149
"65194",362,214,8.82005476073442,148
"65195",362,215,10.1992062224026,147
"65196",362,216,9.80160905680982,146
"65197",362,217,8.96592613656697,145
"65198",362,218,9.58228812162108,144
"65199",362,219,10.6117864407355,143
"65200",362,220,9.43822850432302,142
"65201",362,221,10.1967652743715,141
"65202",362,222,8.95130176000173,140
"65203",362,223,8.82073037118951,139
"65204",362,224,9.4338447131968,138
"65205",362,225,9.09152963361682,137
"65206",362,226,9.15570741585865,136
"65207",362,227,8.47881924410664,135
"65208",362,228,7.7507949887094,134
"65209",362,229,9.30650787318637,133
"65210",362,230,8.59579210703327,132
"65211",362,231,9.76047060123733,131
"65212",362,232,10.1661557892738,130
"65213",362,233,9.40528968761561,129
"65214",362,234,6.81802912385111,128
"65215",362,235,8.03470227814865,127
"65216",362,236,7.44274765893435,126
"65217",362,237,9.38246410861401,125
"65218",362,238,11.2090674614226,124
"65219",362,239,9.70696682434173,123
"65220",362,240,7.06671068062052,122
"65221",362,241,7.91303992685982,121
"65222",362,242,8.08832923783902,120
"65223",362,243,9.25539380932161,119
"65224",362,244,8.83989628806692,118
"65225",362,245,9.27553797289597,117
"65226",362,246,9.11983243861029,116
"65227",362,247,9.58817801401543,115
"65228",362,248,9.12521896593353,114
"65229",362,249,7.4049108228151,113
"65230",362,250,10.0345320977741,112
"65231",362,251,9.13849243815773,111
"65232",362,252,10.1667490683239,110
"65233",362,253,9.33295861956583,109
"65234",362,254,9.58797011800777,108
"65235",362,255,9.65675373871415,107
"65236",362,256,9.13082954601349,106
"65237",362,257,9.11042120968018,105
"65238",362,258,6.539895459124,104
"65239",362,259,5.49444968712154,103
"65240",362,260,6.32561237349948,102
"65241",362,261,6.52797335417212,101
"65242",362,262,7.53757467357116,100
"65243",362,263,9.08684674369583,99
"65244",362,264,10.0397173101645,98
"65245",362,265,9.71988966557874,97
"65246",362,266,10.2569448446901,96
"65247",362,267,10.2685911655157,95
"65248",362,268,10.6612968702285,94
"65249",362,269,10.1906945095049,93
"65250",362,270,10.0848949349666,92
"65251",362,271,9.4535079783733,91
"65252",362,272,8.12095149055265,90
"65253",362,273,6.80928266157515,89
"65254",362,274,4.06257256503761,88
"65255",362,275,4.03134860111861,87
"65256",362,276,6.45781616541332,86
"65257",362,277,5.95870813780045,85
"65258",362,278,6.87782675617935,84
"65259",362,279,6.41579335957352,83
"65260",362,280,8.73160001169481,82
"65261",362,281,8.70419795482742,81
"65262",362,282,8.83683403282906,80
"65263",362,283,9.4904418237496,79
"65264",362,284,8.740855730453,78
"65265",362,285,7.52509464906686,77
"65266",362,286,9.44966441479246,76
"65267",362,287,6.77581727228152,75
"65268",362,288,4.4919084252714,74
"65269",362,289,4.24081820965841,73
"65270",362,290,6.15111457311824,72
"65271",362,291,8.03419463416501,71
"65272",362,292,7.44474267256906,70
"65273",362,293,5.87327527704637,69
"65274",362,294,3.9680504711581,68
"65275",362,295,6.04570136745833,67
"65276",362,296,6.65406589969,66
"65277",362,297,7.22779439576026,65
"65278",362,298,5.71451778217455,64
"65279",362,299,6.77260290615087,63
"65280",362,300,6.47488344121016,62
"65281",362,301,2.07947382910273,61
"65282",362,302,4.21693549110363,60
"65283",362,303,3.0666129916474,59
"65284",362,304,5.13268948127256,58
"65285",362,305,5.34996158584155,57
"65286",362,306,6.15721243610569,56
"65287",362,307,5.61396021647538,55
"65288",362,308,3.27873129855737,54
"65289",362,309,2.24651733704384,53
"65290",362,310,5.64056149639763,52
"65291",362,311,6.94033762237652,51
"65292",362,312,6.73952145945335,50
"65293",362,313,7.01873209220741,49
"65294",362,314,5.11019402276533,48
"65295",362,315,1.13403061585415,47
"65296",362,316,2.77999084698791,46
"65297",362,317,3.14117088777672,45
"65298",362,318,5.0703901031692,44
"65299",362,319,6.51370230896184,43
"65300",362,320,7.96463510270939,42
"65301",362,321,1.40023783787363,41
"65302",362,322,2.39151346700582,40
"65303",362,323,1.70660534961039,39
"65304",362,324,5.76594704386776,38
"65305",362,325,7.69117756411402,37
"65306",362,326,7.87946133651707,36
"65307",362,327,4.92744343549203,35
"65308",362,328,3.59504567102882,34
"65309",362,329,5.26631530770025,33
"65310",362,330,5.99604157287475,32
"65311",362,331,5.53685441780805,31
"65312",362,332,7.31648621037964,30
"65313",362,333,5.70995203877221,29
"65314",362,334,1.58741320694345,28
"65315",362,335,1.55333909387308,27
"65316",362,336,4.2467944304035,26
"65317",362,337,3.85450179326565,25
"65318",362,338,5.78759712936619,24
"65319",362,339,7.21150516837888,23
"65320",362,340,6.92935090496036,22
"65321",362,341,5.63474639415592,21
"65322",362,342,1.62189074741951,20
"65323",362,343,4.70516117513893,19
"65324",362,344,1.05505387565753,18
"65325",362,345,3.52781350309929,17
"65326",362,346,4.2938675680493,16
"65327",362,347,2.9500158965403,15
"65328",362,348,5.14239466621861,14
"65329",362,349,3.56293467282515,13
"65330",362,350,1.87656151177214,12
"65331",362,351,1.58705369680513,11
"65332",362,352,2.77976344286797,10
"65333",362,353,2.48966026999658,9
"65334",362,354,5.70725196683756,8
"65335",362,355,5.95699109541181,7
"65336",362,356,7.51000079120174,6
"65337",362,357,3.21539734501147,5
"65338",362,358,1.94990632905246,4
"65339",362,359,2.99890784433516,3
"65340",362,360,1.36109164306983,2
"65341",362,361,3.95754318118091,1
"65342",363,1,3.86328479960447,362
"65343",363,2,4.09550472644764,361
"65344",363,3,3.92025477599682,360
"65345",363,4,1.5609781732,359
"65346",363,5,2.41536796744403,358
"65347",363,6,1.30922775264919,357
"65348",363,7,2.12696948771765,356
"65349",363,8,3.98061767540328,355
"65350",363,9,6.72030967110331,354
"65351",363,10,3.97210601813245,353
"65352",363,11,2.07662758295882,352
"65353",363,12,4.41707100204788,351
"65354",363,13,5.06719417073431,350
"65355",363,14,1.67829578584503,349
"65356",363,15,1.28879460400977,348
"65357",363,16,2.03281590279262,347
"65358",363,17,2.76482455873697,346
"65359",363,18,2.8494873664791,345
"65360",363,19,2.8963961630073,344
"65361",363,20,1.39284441387909,343
"65362",363,21,5.71278239603416,342
"65363",363,22,5.13853136330201,341
"65364",363,23,5.51232171310884,340
"65365",363,24,3.65387616216423,339
"65366",363,25,0.944523039677241,338
"65367",363,26,5.27843244196344,337
"65368",363,27,1.61967683080111,336
"65369",363,28,2.24302825844547,335
"65370",363,29,1.77886526812343,334
"65371",363,30,1.8270029019573,333
"65372",363,31,2.46000590216678,332
"65373",363,32,3.09971336798675,331
"65374",363,33,3.40581064797124,330
"65375",363,34,4.50428069445907,329
"65376",363,35,0.811213067241225,328
"65377",363,36,3.29874892017072,327
"65378",363,37,0.823989171473566,326
"65379",363,38,2.77273506801202,325
"65380",363,39,4.56450186544715,324
"65381",363,40,3.56193817259321,323
"65382",363,41,4.28466226334942,322
"65383",363,42,1.49234733586942,321
"65384",363,43,1.84330197061317,320
"65385",363,44,3.69504508448709,319
"65386",363,45,7.60465669158628,318
"65387",363,46,4.15411755208231,317
"65388",363,47,3.66418991285688,316
"65389",363,48,4.83230898214006,315
"65390",363,49,6.68732193809823,314
"65391",363,50,9.90930094907318,313
"65392",363,51,2.7073584863359,312
"65393",363,52,3.01660847449596,311
"65394",363,53,2.39968331349783,310
"65395",363,54,1.66797614034917,309
"65396",363,55,2.98278490090398,308
"65397",363,56,5.41995724436342,307
"65398",363,57,1.44231715528084,306
"65399",363,58,2.33715034735252,305
"65400",363,59,6.66673803618837,304
"65401",363,60,1.52525897232365,303
"65402",363,61,4.28632830816069,302
"65403",363,62,4.23591967620661,301
"65404",363,63,1.48125209315622,300
"65405",363,64,5.20954247018692,299
"65406",363,65,7.24545342324734,298
"65407",363,66,3.49204174145371,297
"65408",363,67,1.73119913579302,296
"65409",363,68,3.06678676876169,295
"65410",363,69,7.8767510067889,294
"65411",363,70,2.71422334045525,293
"65412",363,71,2.55468047299185,292
"65413",363,72,4.34552513307713,291
"65414",363,73,1.95705473222342,290
"65415",363,74,2.35643859162617,289
"65416",363,75,4.27991472686596,288
"65417",363,76,3.96803497519564,287
"65418",363,77,6.45584112996718,286
"65419",363,78,8.14671787398641,285
"65420",363,79,2.92274930654016,284
"65421",363,80,5.89156619854183,283
"65422",363,81,4.86256139432285,282
"65423",363,82,4.59366158547286,281
"65424",363,83,3.29838278099728,280
"65425",363,84,2.1146133928032,279
"65426",363,85,2.49501891837488,278
"65427",363,86,1.62427032535301,277
"65428",363,87,3.14767463529574,276
"65429",363,88,3.66274012733676,275
"65430",363,89,1.77740821262755,274
"65431",363,90,3.70364946161746,273
"65432",363,91,2.91274674263881,272
"65433",363,92,2.46545363451784,271
"65434",363,93,3.49103141930373,270
"65435",363,94,9.41413471227422,269
"65436",363,95,6.33976223195094,268
"65437",363,96,4.76125515705925,267
"65438",363,97,3.76843224161159,266
"65439",363,98,4.23766982600573,265
"65440",363,99,3.59660900495106,264
"65441",363,100,5.15415929737831,263
"65442",363,101,8.98108811794822,262
"65443",363,102,7.20315270449727,261
"65444",363,103,6.0790909745829,260
"65445",363,104,3.8735241292526,259
"65446",363,105,5.20701440159746,258
"65447",363,106,7.86294085278929,257
"65448",363,107,6.26043585930869,256
"65449",363,108,5.03840609319936,255
"65450",363,109,5.12222517578571,254
"65451",363,110,7.20178530891432,253
"65452",363,111,7.17651066047912,252
"65453",363,112,3.37852096530202,251
"65454",363,113,6.86607848146259,250
"65455",363,114,7.65253405308737,249
"65456",363,115,7.73786172243345,248
"65457",363,116,9.60244476160755,247
"65458",363,117,9.79422140569268,246
"65459",363,118,9.06996129607857,245
"65460",363,119,6.50655573819026,244
"65461",363,120,5.53652383106021,243
"65462",363,121,4.7081759941833,242
"65463",363,122,6.65931254898749,241
"65464",363,123,9.38371010195344,240
"65465",363,124,6.32213449234164,239
"65466",363,125,6.32599089463359,238
"65467",363,126,5.25733267772129,237
"65468",363,127,5.17463050213485,236
"65469",363,128,5.50065284636168,235
"65470",363,129,5.47793911797134,234
"65471",363,130,5.21917814017108,233
"65472",363,131,5.11095225541196,232
"65473",363,132,6.68949775928828,231
"65474",363,133,6.82252335464498,230
"65475",363,134,6.75043473802191,229
"65476",363,135,7.2408450218718,228
"65477",363,136,6.62692593493998,227
"65478",363,137,8.70726864598376,226
"65479",363,138,7.73428386672243,225
"65480",363,139,6.24902174614774,224
"65481",363,140,5.76185930301608,223
"65482",363,141,5.84331188561004,222
"65483",363,142,7.07034399225716,221
"65484",363,143,8.87352104580804,220
"65485",363,144,8.31856411061591,219
"65486",363,145,7.52201381592718,218
"65487",363,146,8.68210463104335,217
"65488",363,147,8.741992226975,216
"65489",363,148,8.67649750904468,215
"65490",363,149,9.1222164879266,214
"65491",363,150,8.13420335022828,213
"65492",363,151,8.7254359028933,212
"65493",363,152,9.95388889759755,211
"65494",363,153,10.8109583684115,210
"65495",363,154,8.96160825447452,209
"65496",363,155,6.71924190398601,208
"65497",363,156,7.04818883227546,207
"65498",363,157,6.56659511526306,206
"65499",363,158,8.01558745120804,205
"65500",363,159,8.78231578809967,204
"65501",363,160,9.2077246660355,203
"65502",363,161,8.28984982461798,202
"65503",363,162,8.36038960350439,201
"65504",363,163,8.48443276637109,200
"65505",363,164,8.95488539214314,199
"65506",363,165,8.22216962377155,198
"65507",363,166,7.07450277904027,197
"65508",363,167,7.78931526702706,196
"65509",363,168,7.37305756298383,195
"65510",363,169,7.40037074323376,194
"65511",363,170,7.63517918500477,193
"65512",363,171,7.51545673587375,192
"65513",363,172,8.63178612299368,191
"65514",363,173,9.22318821028263,190
"65515",363,174,10.0606616234742,189
"65516",363,175,8.31778344001392,188
"65517",363,176,8.52508694532204,187
"65518",363,177,7.3733926527492,186
"65519",363,178,7.34936342809291,185
"65520",363,179,8.3437062505516,184
"65521",363,180,9.30870027598746,183
"65522",363,181,8.42809373349553,182
"65523",363,182,8.31375449360363,181
"65524",363,183,8.09596797056364,180
"65525",363,184,9.34244518019446,179
"65526",363,185,8.05653141435501,178
"65527",363,186,7.88231717998507,177
"65528",363,187,9.02740749816933,176
"65529",363,188,8.55150775530323,175
"65530",363,189,9.83487575036925,174
"65531",363,190,7.97830791081853,173
"65532",363,191,8.43299059871419,172
"65533",363,192,10.8121937949714,171
"65534",363,193,9.5992115622079,170
"65535",363,194,8.29491646424795,169
"65536",363,195,8.8312631906906,168
"65537",363,196,7.3449427956174,167
"65538",363,197,7.88152721450646,166
"65539",363,198,9.0485337533819,165
"65540",363,199,9.59070385521099,164
"65541",363,200,9.25087763459158,163
"65542",363,201,9.54792420786345,162
"65543",363,202,12.1161925871014,161
"65544",363,203,10.4726893595313,160
"65545",363,204,10.2543583748409,159
"65546",363,205,10.2381146273597,158
"65547",363,206,9.72324465316773,157
"65548",363,207,8.97097451402178,156
"65549",363,208,9.56759331050191,155
"65550",363,209,9.28789891087205,154
"65551",363,210,10.2012689205458,153
"65552",363,211,9.62339356617071,152
"65553",363,212,9.49648727341297,151
"65554",363,213,8.44964343577431,150
"65555",363,214,9.55636867009524,149
"65556",363,215,8.16316497462668,148
"65557",363,216,9.36699617881801,147
"65558",363,217,8.20737041716187,146
"65559",363,218,9.95662195697062,145
"65560",363,219,10.2899839130898,144
"65561",363,220,8.87421016334494,143
"65562",363,221,8.61530745659199,142
"65563",363,222,9.54216132785115,141
"65564",363,223,8.48918259664308,140
"65565",363,224,8.08331020247199,139
"65566",363,225,9.02898022146535,138
"65567",363,226,9.38393663098831,137
"65568",363,227,8.3512419611078,136
"65569",363,228,8.33527289148932,135
"65570",363,229,7.48074074858249,134
"65571",363,230,9.09908921584733,133
"65572",363,231,7.82132088102396,132
"65573",363,232,7.7094882617087,131
"65574",363,233,10.312956108507,130
"65575",363,234,9.3985334504435,129
"65576",363,235,7.23409546560592,128
"65577",363,236,8.46366661969351,127
"65578",363,237,9.30376177334406,126
"65579",363,238,8.75239993385746,125
"65580",363,239,11.790519228192,124
"65581",363,240,9.31701940781126,123
"65582",363,241,6.77088587150626,122
"65583",363,242,6.12458204261132,121
"65584",363,243,6.79872628175649,120
"65585",363,244,6.96546230492086,119
"65586",363,245,7.35254117580109,118
"65587",363,246,8.3776377315104,117
"65588",363,247,9.39591100509762,116
"65589",363,248,9.09497540001904,115
"65590",363,249,9.4884632266654,114
"65591",363,250,7.57786457020898,113
"65592",363,251,8.58937848517786,112
"65593",363,252,7.83927891455839,111
"65594",363,253,7.76576832059946,110
"65595",363,254,7.13130259044265,109
"65596",363,255,7.20008621114904,108
"65597",363,256,7.25660365205415,107
"65598",363,257,7.89937555377071,106
"65599",363,258,8.03000351362116,105
"65600",363,259,4.20232728183956,104
"65601",363,260,5.69656616167402,103
"65602",363,261,5.60781037013713,102
"65603",363,262,5.9218475718043,101
"65604",363,263,7.03444448361467,100
"65605",363,264,7.58304978259942,99
"65606",363,265,7.48985727349089,98
"65607",363,266,7.80027731712496,97
"65608",363,267,7.81192363795061,96
"65609",363,268,8.20462934266341,95
"65610",363,269,7.73402698193983,94
"65611",363,270,7.62822740740144,93
"65612",363,271,7.75680817182729,92
"65613",363,272,7.05512607581954,91
"65614",363,273,6.61722374184405,90
"65615",363,274,6.10281640690356,89
"65616",363,275,4.24345090427812,88
"65617",363,276,4.00114863784821,87
"65618",363,277,5.75049629495087,86
"65619",363,278,5.92559202624243,85
"65620",363,279,4.36339109949237,84
"65621",363,280,6.2749324841297,83
"65622",363,281,6.24753042726231,82
"65623",363,282,6.38016650526394,81
"65624",363,283,7.03377429618448,80
"65625",363,284,6.89883163813727,79
"65626",363,285,8.41705033636151,78
"65627",363,286,7.57499633131135,77
"65628",363,287,7.03656042283487,76
"65629",363,288,6.58686264582061,75
"65630",363,289,6.95051991005036,74
"65631",363,290,5.15021298463915,73
"65632",363,291,5.57752710659989,72
"65633",363,292,8.21155872520502,71
"65634",363,293,7.95682768089667,70
"65635",363,294,4.16410389579248,69
"65636",363,295,3.58903383989321,68
"65637",363,296,4.19739837212488,67
"65638",363,297,4.77112686819514,66
"65639",363,298,4.48677296903147,65
"65640",363,299,5.07624124453326,64
"65641",363,300,6.05621539715013,63
"65642",363,301,2.48577536576084,62
"65643",363,302,5.72897322186498,61
"65644",363,303,2.09791320481193,60
"65645",363,304,2.67602195370744,59
"65646",363,305,3.31360820428553,58
"65647",363,306,3.70054490854057,57
"65648",363,307,3.61001672574969,56
"65649",363,308,4.78530440995307,55
"65650",363,309,2.34105199550568,54
"65651",363,310,3.18389396883252,53
"65652",363,311,4.4836700948114,52
"65653",363,312,4.28285393188824,51
"65654",363,313,4.56206456464229,50
"65655",363,314,4.46533303274978,49
"65656",363,315,4.16221281650821,48
"65657",363,316,3.01898205329299,47
"65658",363,317,5.85097663276203,46
"65659",363,318,7.1539425070195,45
"65660",363,319,6.14367511229564,44
"65661",363,320,5.96100374576377,43
"65662",363,321,3.48379024172392,42
"65663",363,322,1.89941559656326,41
"65664",363,323,2.92792313089928,40
"65665",363,324,5.04000930447971,39
"65666",363,325,5.71940986388362,38
"65667",363,326,5.42279380895195,37
"65668",363,327,7.01099583934233,36
"65669",363,328,2.72025210708502,35
"65670",363,329,2.80964778013513,34
"65671",363,330,3.53937404530964,33
"65672",363,331,5.40927713480921,32
"65673",363,332,5.45053186159208,31
"65674",363,333,6.86051056285271,30
"65675",363,334,3.07783339522066,29
"65676",363,335,2.38389330810018,28
"65677",363,336,1.79012690283838,27
"65678",363,337,1.39783426570053,26
"65679",363,338,3.33092960180108,25
"65680",363,339,4.75483764081376,24
"65681",363,340,7.41639104606257,23
"65682",363,341,6.99555303026015,22
"65683",363,342,1.73184954926644,21
"65684",363,343,2.24849364757381,20
"65685",363,344,1.97312832499653,19
"65686",363,345,1.444261099249,18
"65687",363,346,1.48971400184075,17
"65688",363,347,1.04317202256391,16
"65689",363,348,2.6857271386535,15
"65690",363,349,4.9723041228782,14
"65691",363,350,4.03633551398201,13
"65692",363,351,1.95716908138435,12
"65693",363,352,1.06168475060182,11
"65694",363,353,1.42417300019187,10
"65695",363,354,3.25058443927245,9
"65696",363,355,6.15314856463955,8
"65697",363,356,5.05333326363663,7
"65698",363,357,4.78613995935937,6
"65699",363,358,1.76301313817776,5
"65700",363,359,1.46983009037198,4
"65701",363,360,2.93084091759641,3
"65702",363,361,3.29663331264024,2
"65703",363,362,3.02818220065406,1
"65704",364,1,2.27313077467335,363
"65705",364,2,2.50535070151652,362
"65706",364,3,5.12219241196911,361
"65707",364,4,2.54417755178618,360
"65708",364,5,3.61730560341632,359
"65709",364,6,2.89938177758031,358
"65710",364,7,3.32890712368994,357
"65711",364,8,5.18255531137556,356
"65712",364,9,7.9222473070756,355
"65713",364,10,5.17404365410473,354
"65714",364,11,2.75566116597722,353
"65715",364,12,5.27777803217159,352
"65716",364,13,6.26913180670659,351
"65717",364,14,3.0828342562294,350
"65718",364,15,2.49073223998206,349
"65719",364,16,3.2347535387649,348
"65720",364,17,3.96676219470926,347
"65721",364,18,3.21105488402061,346
"65722",364,19,2.03085252137948,345
"65723",364,20,2.59478204985138,344
"65724",364,21,6.91472003200644,343
"65725",364,22,6.34046899927429,342
"65726",364,23,6.71425934908113,341
"65727",364,24,4.85581379813652,340
"65728",364,25,1.68922630237426,339
"65729",364,26,5.63999995950496,338
"65730",364,27,2.36946073730146,337
"65731",364,28,2.89168082020398,336
"65732",364,29,2.14043278566494,335
"65733",364,30,2.57678680845765,334
"65734",364,31,3.26417283072247,333
"65735",364,32,3.84949727448709,332
"65736",364,33,3.76737816551276,331
"65737",364,34,5.70621833043136,330
"65738",364,35,2.03359370818145,329
"65739",364,36,3.66031643771224,328
"65740",364,37,1.03872956184594,327
"65741",364,38,2.10933327061639,326
"65742",364,39,5.76643950141943,325
"65743",364,40,4.76387580856549,324
"65744",364,41,5.4865998993217,323
"65745",364,42,3.08250136080054,322
"65746",364,43,3.04523960658545,321
"65747",364,44,2.94526117798674,320
"65748",364,45,6.85487278508593,319
"65749",364,46,5.35605518805459,318
"65750",364,47,3.00723005349671,317
"65751",364,48,4.08252507563972,316
"65752",364,49,5.93753803159789,315
"65753",364,50,9.15951704257283,314
"65754",364,51,3.43174269754949,313
"65755",364,52,3.08671388757806,312
"65756",364,53,3.55306772550766,311
"65757",364,54,3.25813016528029,310
"65758",364,55,2.44528826507669,309
"65759",364,56,3.8298032194323,308
"65760",364,57,1.99391786067685,307
"65761",364,58,0.983411649674122,306
"65762",364,59,5.07658401125725,305
"65763",364,60,2.72719660829593,304
"65764",364,61,3.53654440166035,303
"65765",364,62,5.43785731217889,302
"65766",364,63,2.19577506043866,301
"65767",364,64,3.61938844525581,300
"65768",364,65,5.65529939831622,299
"65769",364,66,4.69397937742599,298
"65770",364,67,1.92067187696952,297
"65771",364,68,2.62108359149607,296
"65772",364,69,7.12696710028856,295
"65773",364,70,1.61491377919186,294
"65774",364,71,1.53038462508538,293
"65775",364,72,3.59574122657678,292
"65776",364,73,1.20727082572307,291
"65777",364,74,0.788815365273492,290
"65778",364,75,2.68976070193484,289
"65779",364,76,2.83168081421714,288
"65780",364,77,5.70605722346683,287
"65781",364,78,7.39693396748607,286
"65782",364,79,2.17296540003982,285
"65783",364,80,4.30141217361071,284
"65784",364,81,3.43488788956961,283
"65785",364,82,3.00350756054175,282
"65786",364,83,3.41328425290328,281
"65787",364,84,3.31655102877549,280
"65788",364,85,3.69695655434717,279
"65789",364,86,2.8262079613253,278
"65790",364,87,4.34961227126803,277
"65791",364,88,3.83352058420515,276
"65792",364,89,0.949960810867363,275
"65793",364,90,4.06521697915898,274
"65794",364,91,2.57912895767032,273
"65795",364,92,0.988131290164846,272
"65796",364,93,2.74124751280338,271
"65797",364,94,8.66435080577388,270
"65798",364,95,4.74960820701982,269
"65799",364,96,4.0114712505589,268
"65800",364,97,2.63207808063309,267
"65801",364,98,2.64751580107461,266
"65802",364,99,2.03907296003699,265
"65803",364,100,3.5640052724472,264
"65804",364,101,7.3909340930171,263
"65805",364,102,5.61299867956615,262
"65806",364,103,4.48893694965179,261
"65807",364,104,3.51195661171109,260
"65808",364,105,3.61686037666634,259
"65809",364,106,6.27278682785817,258
"65810",364,107,5.51065195280835,257
"65811",364,108,4.28862218669901,256
"65812",364,109,3.5320711508546,255
"65813",364,110,5.91416452661828,254
"65814",364,111,6.42672675397877,253
"65815",364,112,1.7883669403709,252
"65816",364,113,5.27592445653148,251
"65817",364,114,6.06238002815626,250
"65818",364,115,6.14770769750233,249
"65819",364,116,8.01229073667643,248
"65820",364,117,8.20406738076156,247
"65821",364,118,7.47980727114745,246
"65822",364,119,5.75677183168991,245
"65823",364,120,4.78673992455986,244
"65824",364,121,3.50623835821102,243
"65825",364,122,5.06915852405637,242
"65826",364,123,7.79355607702232,241
"65827",364,124,4.73198046741052,240
"65828",364,125,5.57620698813324,239
"65829",364,126,4.29465948985912,238
"65830",364,127,4.4248465956345,237
"65831",364,128,4.36594481986386,236
"65832",364,129,4.53207333247778,235
"65833",364,130,4.85761062262956,234
"65834",364,131,3.92744311408861,233
"65835",364,132,5.09934373435717,232
"65836",364,133,5.23236932971387,231
"65837",364,134,5.16028071309079,230
"65838",364,135,5.65069099694069,229
"65839",364,136,5.23097114350746,228
"65840",364,137,7.11711462105264,227
"65841",364,138,6.14412984179131,226
"65842",364,139,5.04708411017546,225
"65843",364,140,4.41423322519733,224
"65844",364,141,4.74363166694306,223
"65845",364,142,5.48018996732604,222
"65846",364,143,7.28336702087693,221
"65847",364,144,6.72841008568479,220
"65848",364,145,5.93185979099606,219
"65849",364,146,7.09195060611224,218
"65850",364,147,7.15183820204389,217
"65851",364,148,7.08634348411357,216
"65852",364,149,7.53206246299548,215
"65853",364,150,6.62499601892797,214
"65854",364,151,7.52349826692101,213
"65855",364,152,8.36373487266643,212
"65856",364,153,10.0611744619112,211
"65857",364,154,8.21182434797417,210
"65858",364,155,6.26065280314021,209
"65859",364,156,5.45803480734434,208
"65860",364,157,5.79306740493684,207
"65861",364,158,6.946462899704,206
"65862",364,159,7.38825708808366,205
"65863",364,160,8.45794075953516,204
"65864",364,161,7.12548780833242,203
"65865",364,162,6.77023557857327,202
"65866",364,163,6.89427874143998,201
"65867",364,164,8.20510148564279,200
"65868",364,165,7.4723857172712,199
"65869",364,166,6.32471887253993,198
"65870",364,167,6.19916124209595,197
"65871",364,168,5.78290353805271,196
"65872",364,169,6.19843310726148,195
"65873",364,170,6.43324154903248,194
"65874",364,171,5.92530271094263,193
"65875",364,172,7.04163209806257,192
"65876",364,173,7.63303418535151,191
"65877",364,174,8.4705075985431,190
"65878",364,175,7.56799953351357,189
"65879",364,176,7.77530303882169,188
"65880",364,177,7.01182513520769,187
"65881",364,178,6.14742579212062,186
"65882",364,179,6.78716703035771,185
"65883",364,180,8.55891636948711,184
"65884",364,181,7.67830982699518,183
"65885",364,182,7.95218697606211,182
"65886",364,183,7.73440045302213,181
"65887",364,184,7.75229115526334,180
"65888",364,185,6.85459377838273,179
"65889",364,186,7.1241811101231,178
"65890",364,187,7.43725347323821,177
"65891",364,188,6.96135373037211,176
"65892",364,189,8.24472172543814,175
"65893",364,190,6.75791673799695,174
"65894",364,191,7.62719098159973,173
"65895",364,192,9.23325366890062,172
"65896",364,193,8.84942765570756,171
"65897",364,194,6.77199204879129,170
"65898",364,195,8.08147928419026,169
"65899",364,196,6.3654622053866,168
"65900",364,197,6.98608363611875,167
"65901",364,198,7.89537219003479,166
"65902",364,199,8.00054983027987,165
"65903",364,200,7.75792727100312,164
"65904",364,201,8.34598657189117,163
"65905",364,202,10.5260385621703,162
"65906",364,203,9.67104423168317,161
"65907",364,204,9.58562520656475,160
"65908",364,205,9.48833072085931,159
"65909",364,206,8.52130701719544,158
"65910",364,207,8.22119060752143,157
"65911",364,208,8.81780940400156,156
"65912",364,209,8.41486968428312,155
"65913",364,210,9.45148501404545,154
"65914",364,211,8.87360965967036,153
"65915",364,212,8.74670336691262,152
"65916",364,213,7.69985952927396,151
"65917",364,214,8.8065847635949,150
"65918",364,215,6.57301094969556,149
"65919",364,216,7.7768421538869,148
"65920",364,217,6.69565990056556,147
"65921",364,218,8.3664679320395,146
"65922",364,219,8.69982988815865,145
"65923",364,220,7.8835291201757,144
"65924",364,221,7.86552355009164,143
"65925",364,222,8.7923774213508,142
"65926",364,223,7.73939869014273,141
"65927",364,224,7.56023946489393,140
"65928",364,225,7.43882619653424,139
"65929",364,226,7.7937826060572,138
"65930",364,227,6.76108793617668,137
"65931",364,228,7.52947327437485,136
"65932",364,229,6.71414943971352,135
"65933",364,230,7.50893519091621,134
"65934",364,231,6.23116685609285,133
"65935",364,232,6.50755062573642,132
"65936",364,233,8.72280208357587,131
"65937",364,234,8.64874954394315,130
"65938",364,235,6.48431155910557,129
"65939",364,236,7.29930460340795,128
"65940",364,237,7.71360774841294,127
"65941",364,238,7.55046229788518,126
"65942",364,239,10.2003652032609,125
"65943",364,240,8.56723550131092,124
"65944",364,241,6.02110196500592,123
"65945",364,242,5.61745613896504,122
"65946",364,243,6.11781811921128,121
"65947",364,244,5.37530827998975,120
"65948",364,245,5.76238715086998,119
"65949",364,246,6.78748370657928,118
"65950",364,247,7.8057569801665,117
"65951",364,248,7.50482137508792,116
"65952",364,249,7.89830920173428,115
"65953",364,250,6.3759269342367,114
"65954",364,251,6.99922446024674,113
"65955",364,252,6.50814390478654,112
"65956",364,253,6.17561429566834,111
"65957",364,254,5.92936495447037,110
"65958",364,255,5.99814857517675,109
"65959",364,256,5.66644962712303,108
"65960",364,257,6.3092215288396,107
"65961",364,258,6.43984948869004,106
"65962",364,259,3.23404714454721,105
"65963",364,260,4.1064121367429,104
"65964",364,261,4.01765634520601,103
"65965",364,262,4.33169354687319,102
"65966",364,263,5.44429045868356,101
"65967",364,264,6.38111214662713,100
"65968",364,265,6.06128450204134,99
"65969",364,266,6.59833968115268,98
"65970",364,267,6.60998600197832,97
"65971",364,268,7.00269170669112,96
"65972",364,269,6.53208934596754,95
"65973",364,270,6.42628977142916,94
"65974",364,271,6.16665414689617,93
"65975",364,272,5.46497205088843,92
"65976",364,273,5.02706971691293,91
"65977",364,274,4.51266238197244,90
"65978",364,275,2.653296879347,89
"65979",364,276,2.79921100187592,88
"65980",364,277,4.16034227001975,87
"65981",364,278,4.33543800131131,86
"65982",364,279,2.98613980184498,85
"65983",364,280,5.07299484815741,84
"65984",364,281,5.04559279129002,83
"65985",364,282,5.17822886929166,82
"65986",364,283,5.8318366602122,81
"65987",364,284,5.30867761320615,80
"65988",364,285,6.8268963114304,79
"65989",364,286,5.98484230638024,78
"65990",364,287,5.44640639790375,77
"65991",364,288,5.83707873932026,76
"65992",364,289,6.20073600355002,75
"65993",364,290,4.32760596515606,74
"65994",364,291,4.3755894706276,73
"65995",364,292,6.6214047002739,72
"65996",364,293,6.37228060539573,71
"65997",364,294,3.41431998929213,70
"65998",364,295,2.48794061813262,69
"65999",364,296,2.9954607361526,68
"66000",364,297,3.56918923222286,67
"66001",364,298,3.08150037015512,66
"66002",364,299,3.48608721960215,65
"66003",364,300,4.46606137221902,64
"66004",364,301,1.57913133443468,63
"66005",364,302,6.0905407394065,62
"66006",364,303,0.681440152997134,61
"66007",364,304,1.47408431773516,60
"66008",364,305,1.72345417935442,59
"66009",364,306,2.49860727256829,58
"66010",364,307,2.01986270081857,57
"66011",364,308,3.3856387605069,56
"66012",364,309,1.59126808900534,55
"66013",364,310,1.98195633286023,54
"66014",364,311,3.28173245883912,53
"66015",364,312,3.08091629591595,52
"66016",364,313,3.36012692867001,51
"66017",364,314,2.87517900781867,50
"66018",364,315,3.83870166860144,49
"66019",364,316,2.26919814679264,48
"66020",364,317,5.10119272626168,47
"66021",364,318,6.23049107332472,46
"66022",364,319,4.55352108736452,45
"66023",364,320,4.37084972083265,44
"66024",364,321,2.71160542934668,43
"66025",364,322,2.78759231668538,42
"66026",364,323,2.17813922439893,41
"66027",364,324,3.44985527954859,40
"66028",364,325,4.1292558389525,39
"66029",364,326,4.22085617297967,38
"66030",364,327,5.42084181441121,37
"66031",364,328,1.97046820058467,36
"66032",364,329,1.60771014416285,35
"66033",364,330,2.33743640933735,34
"66034",364,331,3.81912310987809,33
"66035",364,332,3.86037783666097,32
"66036",364,333,5.27035653792159,31
"66037",364,334,2.07119195659395,30
"66038",364,335,2.10526606966433,29
"66039",364,336,0.73386238467536,28
"66040",364,337,0.806929379987136,27
"66041",364,338,2.12899196582879,26
"66042",364,339,3.55290000484148,25
"66043",364,340,5.82623702113146,24
"66044",364,341,5.40539900532903,23
"66045",364,342,2.85535712282582,22
"66046",364,343,1.09168868383278,21
"66047",364,344,3.08551136725012,20
"66048",364,345,3.03441512418011,19
"66049",364,346,2.01546927389559,18
"66050",364,347,0.708589266997099,17
"66051",364,348,1.48378950268121,16
"66052",364,349,3.41576490268431,15
"66053",364,350,3.28655160748166,14
"66054",364,351,3.15910671735663,13
"66055",364,352,2.10115531231812,12
"66056",364,353,1.18014534647927,11
"66057",364,354,2.60329108146447,10
"66058",364,355,4.56299453970843,9
"66059",364,356,3.85139562766434,8
"66060",364,357,3.19598593442825,7
"66061",364,358,1.70869883448494,6
"66062",364,359,1.26034492280802,5
"66063",364,360,2.29751352046757,4
"66064",364,361,1.70647928770912,3
"66065",364,362,3.6586051635374,2
"66066",364,363,1.59015402493112,1
"66067",365,1,2.95115114149791,364
"66068",365,2,1.98162151597899,363
"66069",365,3,5.55955045110714,362
"66070",365,4,4.5385109081971,361
"66071",365,5,4.9196383694178,360
"66072",365,6,5.56893853372204,359
"66073",365,7,5.10396649960351,358
"66074",365,8,5.6199133505136,357
"66075",365,9,8.35960534621364,356
"66076",365,10,5.61140169324277,355
"66077",365,11,5.70535025887714,354
"66078",365,12,5.71513607130963,353
"66079",365,13,6.70648984584463,352
"66080",365,14,5.75239101237112,351
"66081",365,15,4.54574960546774,350
"66082",365,16,4.49721121436278,349
"66083",365,17,5.08397361798244,348
"66084",365,18,5.83721731388067,347
"66085",365,19,3.05623686016386,346
"66086",365,20,3.66291043620896,345
"66087",365,21,7.35207807114448,344
"66088",365,22,8.03114820997631,343
"66089",365,23,7.15161738821917,342
"66090",365,24,6.90128507218181,341
"66091",365,25,4.37389627472584,340
"66092",365,26,6.35749033540118,339
"66093",365,27,5.31914983020137,338
"66094",365,28,5.84136991310389,337
"66095",365,29,4.80327093468291,336
"66096",365,30,5.52647590135756,335
"66097",365,31,4.55891034140898,334
"66098",365,32,6.79918636738701,333
"66099",365,33,4.48486854140898,332
"66100",365,34,6.1435763695694,331
"66101",365,35,4.70315046432317,330
"66102",365,36,5.91441540173195,329
"66103",365,37,3.51416511793408,328
"66104",365,38,5.0590223635163,327
"66105",365,39,6.20379754055747,326
"66106",365,40,6.01577295793776,325
"66107",365,41,5.92395793845974,324
"66108",365,42,5.75205811694226,323
"66109",365,43,3.91924679288945,322
"66110",365,44,3.1942347324808,321
"66111",365,45,4.46564619120889,320
"66112",365,46,5.79341322719263,319
"66113",365,47,3.44458809263475,318
"66114",365,48,1.1328359827398,317
"66115",365,49,2.98784893869797,316
"66116",365,50,7.01713418201726,315
"66117",365,51,3.86910073668753,314
"66118",365,52,3.5240719267161,313
"66119",365,53,4.62694457564815,312
"66120",365,54,5.92768692142201,311
"66121",365,55,3.16277864097291,310
"66122",365,56,3.42256608080346,309
"66123",365,57,3.30480829448185,308
"66124",365,58,2.78534490394988,307
"66125",365,59,2.90465938838655,306
"66126",365,60,3.26155021958991,305
"66127",365,61,3.92916068147622,304
"66128",365,62,5.87521535131693,303
"66129",365,63,3.07032848085777,302
"66130",365,64,2.20579932848167,301
"66131",365,65,4.68688900992072,300
"66132",365,66,5.13133741656403,299
"66133",365,67,4.59022863311124,298
"66134",365,68,3.33867801198565,297
"66135",365,69,5.18842755305459,296
"66136",365,70,2.33240415508809,295
"66137",365,71,1.72118323119948,294
"66138",365,72,1.85539452425123,293
"66139",365,73,3.34081567835406,292
"66140",365,74,2.43867535337939,291
"66141",365,75,2.14040779757524,290
"66142",365,76,0.291675805877199,289
"66143",365,77,2.75636813056692,288
"66144",365,78,4.44724487458616,287
"66145",365,79,2.68716061345208,286
"66146",365,80,1.78772305558415,285
"66147",365,81,0.602850613250009,284
"66148",365,82,3.0412714626056,283
"66149",365,83,4.13077462879951,282
"66150",365,84,3.75390906791353,281
"66151",365,85,4.40959057635632,280
"66152",365,86,4.19616971300805,279
"66153",365,87,4.99375893970072,278
"66154",365,88,4.27087862334318,277
"66155",365,89,2.89689412415241,276
"66156",365,90,4.84794331508929,275
"66157",365,91,3.29661933356655,274
"66158",365,92,2.30408616704364,273
"66159",365,93,2.03484148884544,272
"66160",365,94,5.71466171287396,271
"66161",365,95,2.64051394990097,270
"66162",365,96,2.00398888117641,269
"66163",365,97,1.18692582995473,268
"66164",365,98,3.16361495371533,267
"66165",365,99,4.18145582059257,266
"66166",365,100,2.80332865945601,265
"66167",365,101,4.72137733687538,264
"66168",365,102,2.94344192342443,263
"66169",365,103,1.81938019351006,262
"66170",365,104,2.79446623581486,261
"66171",365,105,0.947303620524619,260
"66172",365,106,3.60323007171645,259
"66173",365,107,2.56096285990843,258
"66174",365,108,2.81082594485527,257
"66175",365,109,2.47996563187381,256
"66176",365,110,2.96447543371837,255
"66177",365,111,3.47703766107885,254
"66178",365,112,2.41066343131483,253
"66179",365,113,2.60636770038975,252
"66180",365,114,4.12058919139002,251
"66181",365,115,4.38388513767119,250
"66182",365,116,5.3427339805347,249
"66183",365,117,5.53451062461984,248
"66184",365,118,4.81025051500573,247
"66185",365,119,2.80708273879,246
"66186",365,120,1.83705083165995,245
"66187",365,121,3.06888031907298,244
"66188",365,122,3.35421091195412,243
"66189",365,123,5.1239993208806,242
"66190",365,124,2.39899972599491,241
"66191",365,125,2.62651789523333,240
"66192",365,126,1.34497039695921,239
"66193",365,127,3.02812710316327,238
"66194",365,128,3.86135717125136,237
"66195",365,129,2.73088048333587,236
"66196",365,130,4.14012024673334,235
"66197",365,131,3.43966286784473,234
"66198",365,132,3.22278885762501,233
"66199",365,133,3.61441728976756,232
"66200",365,134,4.70697784002098,231
"66201",365,135,4.72843313046794,230
"66202",365,136,4.79361310436942,229
"66203",365,137,4.44755786491091,228
"66204",365,138,3.95999313595108,227
"66205",365,139,4.60972607103742,226
"66206",365,140,3.9768751860593,225
"66207",365,141,4.1718144088561,224
"66208",365,142,4.68723351924621,223
"66209",365,143,4.6138102647352,222
"66210",365,144,4.39861094914643,221
"66211",365,145,4.97698394450627,220
"66212",365,146,4.95593452469905,219
"66213",365,147,4.48228144590216,218
"66214",365,148,4.41678672797184,217
"66215",365,149,5.02419100492867,216
"66216",365,150,6.18763797978993,215
"66217",365,151,7.08614022778297,214
"66218",365,152,6.03393573612808,213
"66219",365,153,7.11148536901124,212
"66220",365,154,5.26213525507426,211
"66221",365,155,5.54316242724398,210
"66222",365,156,4.90739821719017,209
"66223",365,157,5.07557702904061,208
"66224",365,158,4.83813041097577,207
"66225",365,159,6.69029607614992,206
"66226",365,160,7.33608107156161,205
"66227",365,161,6.24628612321294,204
"66228",365,162,5.79931085355835,203
"66229",365,163,5.69661483635443,202
"66230",365,164,5.25541239274288,201
"66231",365,165,4.52269662437129,200
"66232",365,166,4.73390419116345,199
"66233",365,167,3.88551502867607,198
"66234",365,168,5.11945659755252,197
"66235",365,169,5.76107506812344,196
"66236",365,170,5.99588350989444,195
"66237",365,171,4.93812101821587,194
"66238",365,172,5.64997704866512,193
"66239",365,173,6.20920334545879,192
"66240",365,174,5.80095084240137,191
"66241",365,175,4.61831044061366,190
"66242",365,176,5.10088992879289,189
"66243",365,177,6.29433475931146,188
"66244",365,178,5.71006775298258,187
"66245",365,179,6.05748730510324,186
"66246",365,180,5.6092272765872,185
"66247",365,181,5.63490116452097,184
"66248",365,182,7.23469660016589,183
"66249",365,183,7.0169100771259,182
"66250",365,184,5.08273439912162,181
"66251",365,185,6.41723573924469,180
"66252",365,186,6.40669073422687,179
"66253",365,187,6.59552612202285,178
"66254",365,188,5.87728051008275,177
"66255",365,189,5.57516496929641,176
"66256",365,190,5.16710205662048,175
"66257",365,191,5.63166884321752,174
"66258",365,192,6.55248301389855,173
"66259",365,193,6.41736041475275,172
"66260",365,194,5.96057689437253,171
"66261",365,195,5.13179019129034,170
"66262",365,196,4.38653517964465,169
"66263",365,197,4.34363822739852,168
"66264",365,198,4.94568309713487,167
"66265",365,199,5.44414156941258,166
"66266",365,200,7.32056923186508,165
"66267",365,201,7.90862853275313,164
"66268",365,202,7.85648180602858,163
"66269",365,203,8.95355385578694,162
"66270",365,204,8.86813483066853,161
"66271",365,205,7.8647680037241,160
"66272",365,206,8.08394897805741,159
"66273",365,207,5.78901932197327,158
"66274",365,208,6.82249535480607,157
"66275",365,209,6.54919519840895,156
"66276",365,210,7.69872492311067,155
"66277",365,211,7.26653801058204,154
"66278",365,212,7.23649723423855,153
"66279",365,213,6.40023965355203,152
"66280",365,214,6.22895913653533,151
"66281",365,215,6.10324301972719,150
"66282",365,216,5.70564585413438,149
"66283",365,217,4.86996293389153,148
"66284",365,218,5.69691117589778,147
"66285",365,219,6.5158232380601,146
"66286",365,220,5.66160594665127,145
"66287",365,221,6.71146206047447,144
"66288",365,222,6.36020613580264,143
"66289",365,223,6.22963474699042,142
"66290",365,224,6.8427490889977,141
"66291",365,225,4.99556643094138,140
"66292",365,226,5.12422584991547,139
"66293",365,227,4.3828560414312,138
"66294",365,228,4.57978418147494,137
"66295",365,229,5.75397504981489,136
"66296",365,230,4.83937843477449,135
"66297",365,231,5.66450739856189,134
"66298",365,232,6.07019258659838,133
"66299",365,233,6.05324532743414,132
"66300",365,234,5.69906045104324,131
"66301",365,235,5.44360665394955,130
"66302",365,236,4.34961551050804,129
"66303",365,237,5.28650090593857,128
"66304",365,238,7.11310425874714,127
"66305",365,239,7.53080844711919,126
"66306",365,240,5.61754640841101,125
"66307",365,241,4.64063944024653,124
"66308",365,242,4.89996576306881,123
"66309",365,243,5.40032774331506,122
"66310",365,244,4.74393308539148,121
"66311",365,245,5.17957477022053,120
"66312",365,246,5.02386923593485,119
"66313",365,247,5.49221481133999,118
"66314",365,248,5.02925576325809,117
"66315",365,249,5.22875244559255,116
"66316",365,250,5.93856889509866,115
"66317",365,251,5.04252923548229,114
"66318",365,252,6.0707858656485,113
"66319",365,253,5.23699541689039,112
"66320",365,254,5.49200691533233,111
"66321",365,255,5.56079053603871,110
"66322",365,256,5.03486634333805,109
"66323",365,257,5.01445800700474,108
"66324",365,258,3.77029273254831,107
"66325",365,259,1.74022803532668,106
"66326",365,260,2.22964917082404,105
"66327",365,261,2.43201015149668,104
"66328",365,262,3.44161147089572,103
"66329",365,263,4.99088354102039,102
"66330",365,264,5.94375410748909,101
"66331",365,265,5.6239264629033,100
"66332",365,266,6.16098164201464,99
"66333",365,267,6.17262796284028,98
"66334",365,268,6.56533366755309,97
"66335",365,269,6.0947313068295,96
"66336",365,270,5.98893173229112,95
"66337",365,271,5.35754477569786,94
"66338",365,272,4.02498828787721,93
"66339",365,273,2.71331945889971,92
"66340",365,274,1.88781184761569,91
"66341",365,275,2.42886483202333,90
"66342",365,276,3.14634409620626,89
"66343",365,277,1.86274493512501,88
"66344",365,278,2.78186355350391,87
"66345",365,279,2.31983015689808,86
"66346",365,280,4.63563680901937,85
"66347",365,281,4.60823475215199,84
"66348",365,282,4.74087083015362,83
"66349",365,283,5.39447862107416,82
"66350",365,284,4.64489252777755,81
"66351",365,285,4.15733955528867,80
"66352",365,286,5.35370121211702,79
"66353",365,287,2.77684964176202,78
"66354",365,288,2.88738964642035,77
"66355",365,289,3.2510469106501,76
"66356",365,290,2.54256603913264,75
"66357",365,291,3.93823143148957,74
"66358",365,292,3.95184794413217,73
"66359",365,293,3.69711689982383,72
"66360",365,294,0.464630896392217,71
"66361",365,295,1.94973816478289,70
"66362",365,296,2.55810269701456,69
"66363",365,297,3.13183119308482,68
"66364",365,298,1.61855457949911,67
"66365",365,299,2.67663970347543,66
"66366",365,300,2.37892023853472,65
"66367",365,301,2.01648937357271,64
"66368",365,302,6.80803111530273,63
"66369",365,303,2.26824893990278,62
"66370",365,304,3.09996461277185,61
"66371",365,305,1.85930925412271,60
"66372",365,306,2.91372367554302,59
"66373",365,307,1.80940481875762,58
"66374",365,308,0.90687586539132,57
"66375",365,309,2.65818448978623,56
"66376",365,310,3.38412783128612,55
"66377",365,311,3.31524678746806,54
"66378",365,312,2.71019113900909,53
"66379",365,313,3.10194915204375,52
"66380",365,314,2.44994732256429,51
"66381",365,315,4.27605970773948,50
"66382",365,316,1.52645456804631,49
"66383",365,317,2.15150363336177,48
"66384",365,318,3.28080198042481,47
"66385",365,319,2.4177391062864,46
"66386",365,320,3.86867190003395,45
"66387",365,321,2.99227846701419,44
"66388",365,322,4.56767184422837,43
"66389",365,323,2.4139638901327,42
"66390",365,324,1.66998384119232,41
"66391",365,325,3.59521436143858,40
"66392",365,326,3.78349813384163,39
"66393",365,327,2.75128505826949,38
"66394",365,328,1.87560672136013,37
"66395",365,329,2.35908272402899,36
"66396",365,330,2.93187522497263,35
"66397",365,331,1.44089121513261,34
"66398",365,332,3.2205230077042,33
"66399",365,333,2.60079978177987,32
"66400",365,334,2.50854999573199,31
"66401",365,335,2.54262410880236,30
"66402",365,336,3.08935910289152,29
"66403",365,337,3.47648613612886,28
"66404",365,338,4.00232013231918,27
"66405",365,339,3.83325806679188,26
"66406",365,340,3.15668026498973,25
"66407",365,341,3.22892557769801,24
"66408",365,342,3.29271516196386,23
"66409",365,343,4.04137777673269,22
"66410",365,344,3.52286940638816,21
"66411",365,345,5.70397188032184,20
"66412",365,346,4.9651583667955,19
"66413",365,347,3.21653875850893,18
"66414",365,348,3.73871974351739,17
"66415",365,349,0.779546061871245,16
"66416",365,350,2.26640863384785,15
"66417",365,351,3.59646475649467,14
"66418",365,352,3.84882494903077,13
"66419",365,353,3.1268705705776,12
"66420",365,354,2.51364237510328,11
"66421",365,355,1.8934377835667,10
"66422",365,356,3.4140375885263,9
"66423",365,357,1.8273873397366,8
"66424",365,358,2.92248965154064,7
"66425",365,359,3.67019864308136,6
"66426",365,360,2.73487155960561,5
"66427",365,361,2.93515049499078,4
"66428",365,362,4.09596320267544,3
"66429",365,363,4.25971078107284,2
"66430",365,364,2.94968909289991,1
